pcode_district,provisional_licences_male,provisional_licences_female,provisional_total,full_licences_male,full_licences_female,full_total,file_date
AA78,0,0,0,0,1,1,2019-08-01
AB1,74,78,152,202,137,339,2019-08-01
AB2,24,33,57,106,59,165,2019-08-01
AB3,7,9,16,36,41,77,2019-08-01
AB4,3,4,7,28,24,52,2019-08-01
AB5,1,4,5,17,20,37,2019-08-01
AB9,30,18,48,68,11,79,2019-08-01
AB10,1513,1536,3049,7416,6079,13495,2019-08-01
AB11,1891,1976,3867,6371,4315,10686,2019-08-01
AB12,1184,1566,2750,10548,9427,19975,2019-08-01
AB13,103,117,220,1426,1403,2829,2019-08-01
AB14,215,262,477,1931,1796,3727,2019-08-01
AB15,1449,1830,3279,15599,14712,30311,2019-08-01
AB16,2242,2937,5179,8362,6363,14725,2019-08-01
AB18,0,0,0,0,1,1,2019-08-01
AB21,908,1106,2014,9256,8209,17465,2019-08-01
AB22,591,765,1356,6265,5715,11980,2019-08-01
AB23,421,466,887,4763,4353,9116,2019-08-01
AB24,3102,3127,6229,9339,5885,15224,2019-08-01
AB25,1513,1400,2913,5121,3696,8817,2019-08-01
AB28,0,0,0,1,0,1,2019-08-01
AB29,0,1,1,0,0,0,2019-08-01
AB30,199,249,448,3019,2755,5774,2019-08-01
AB31,481,500,981,6456,6175,12631,2019-08-01
AB32,450,526,976,5656,5454,11110,2019-08-01
AB33,121,170,291,2358,2114,4472,2019-08-01
AB34,166,199,365,2218,2136,4354,2019-08-01
AB35,97,116,213,1002,903,1905,2019-08-01
AB36,19,19,38,234,214,448,2019-08-01
AB37,38,48,86,535,464,999,2019-08-01
AB38,125,176,301,1733,1547,3280,2019-08-01
AB39,670,742,1412,6848,6478,13326,2019-08-01
AB41,578,815,1393,8552,8039,16591,2019-08-01
AB42,1510,1783,3293,12499,10973,23472,2019-08-01
AB43,1030,1240,2270,8298,7317,15615,2019-08-01
AB44,190,236,426,1355,1192,2547,2019-08-01
AB45,429,501,930,4090,3676,7766,2019-08-01
AB51,977,1236,2213,14075,13218,27293,2019-08-01
AB52,123,159,282,2118,1930,4048,2019-08-01
AB53,323,422,745,4830,4270,9100,2019-08-01
AB54,393,509,902,4287,3800,8087,2019-08-01
AB55,270,429,699,3434,2957,6391,2019-08-01
AB56,650,726,1376,5142,4704,9846,2019-08-01
AL1,1993,2161,4154,14197,12676,26873,2019-08-01
AL2,889,1073,1962,9664,9108,18772,2019-08-01
AL3,1197,1357,2554,11070,10678,21748,2019-08-01
AL4,985,1182,2167,10763,10550,21313,2019-08-01
AL5,1125,1225,2350,12302,12095,24397,2019-08-01
AL6,352,383,735,5190,5079,10269,2019-08-01
AL7,2064,2422,4486,12277,11126,23403,2019-08-01
AL8,561,690,1251,5056,4865,9921,2019-08-01
AL9,422,486,908,4907,4577,9484,2019-08-01
AL10,3496,3012,6508,11545,8094,19639,2019-08-01
B0,2,0,2,0,0,0,2019-08-01
B1,913,801,1714,2162,1165,3327,2019-08-01
B2,75,59,134,103,45,148,2019-08-01
B3,186,169,355,658,419,1077,2019-08-01
B4,287,149,436,281,96,377,2019-08-01
B5,1297,1393,2690,3034,1825,4859,2019-08-01
B5,0,0,0,1,1,2,2019-08-01
B6,2720,2952,5672,4741,2426,7167,2019-08-01
B7,1060,1413,2473,1838,1078,2916,2019-08-01
B8,5010,5693,10703,10420,5673,16093,2019-08-01
B9,2832,3529,6361,5957,3381,9338,2019-08-01
B9,0,0,0,1,0,1,2019-08-01
B10,3272,3687,6959,6405,3318,9723,2019-08-01
B11,5456,6125,11581,11544,6271,17815,2019-08-01
B12,2793,2797,5590,4670,2418,7088,2019-08-01
B13,2949,3529,6478,12491,9689,22180,2019-08-01
B14,3205,3941,7146,13156,10947,24103,2019-08-01
B15,1580,1661,3241,5067,3841,8908,2019-08-01
B16,2818,3005,5823,6379,3901,10280,2019-08-01
B17,1771,2099,3870,8543,7166,15709,2019-08-01
B18,2032,2565,4597,3739,2357,6096,2019-08-01
B19,3167,3478,6645,4586,2398,6984,2019-08-01
B20,3831,4375,8206,10348,7165,17513,2019-08-01
B21,4668,4824,9492,7396,4159,11555,2019-08-01
B22,0,0,0,1,0,1,2019-08-01
B23,4049,4976,9025,13004,9787,22791,2019-08-01
B24,2230,2754,4984,8985,6900,15885,2019-08-01
B25,1495,1910,3405,4795,3279,8074,2019-08-01
B26,2042,2607,4649,11360,8976,20336,2019-08-01
B27,2177,2643,4820,7699,5533,13232,2019-08-01
B28,1810,2331,4141,11003,9042,20045,2019-08-01
B29,3228,3803,7031,9613,7561,17174,2019-08-01
B30,1921,2326,4247,9079,8180,17259,2019-08-01
B31,4153,5484,9637,17148,14389,31537,2019-08-01
B32,2905,4200,7105,11370,9121,20491,2019-08-01
B33,2971,4012,6983,9956,7208,17164,2019-08-01
B34,1360,1853,3213,5952,4667,10619,2019-08-01
B35,841,1179,2020,2415,2044,4459,2019-08-01
B36,2418,3318,5736,11568,9382,20950,2019-08-01
B37,2905,3700,6605,10725,8569,19294,2019-08-01
B38,1582,2068,3650,6080,5158,11238,2019-08-01
B41,1,0,1,1,0,1,2019-08-01
B42,1628,1996,3624,7930,6591,14521,2019-08-01
B43,1402,1871,3273,10708,9202,19910,2019-08-01
B44,2803,3781,6584,10887,8632,19519,2019-08-01
B45,1938,2511,4449,10695,9199,19894,2019-08-01
B46,424,463,887,5107,4712,9819,2019-08-01
B47,263,316,579,4002,3937,7939,2019-08-01
B48,191,171,362,2373,2258,4631,2019-08-01
B49,328,417,745,4204,3965,8169,2019-08-01
B50,201,223,424,2520,2400,4920,2019-08-01
B60,935,1043,1978,10447,9781,20228,2019-08-01
B61,1060,1281,2341,9431,8791,18222,2019-08-01
B62,1025,1239,2264,9105,8090,17195,2019-08-01
B63,1736,2278,4014,12797,10951,23748,2019-08-01
B64,1007,1385,2392,5503,4401,9904,2019-08-01
B65,1515,2068,3583,7647,6009,13656,2019-08-01
B66,2996,3380,6376,5752,3443,9195,2019-08-01
B67,2930,3554,6484,8919,6145,15064,2019-08-01
B68,2272,3000,5272,10303,7954,18257,2019-08-01
B69,2084,2841,4925,9100,6883,15983,2019-08-01
B70,2848,3522,6370,8402,5159,13561,2019-08-01
B71,2248,2967,5215,9615,7081,16696,2019-08-01
B72,425,444,869,3871,3401,7272,2019-08-01
B73,941,1059,2000,8892,8158,17050,2019-08-01
B74,900,1076,1976,13035,12304,25339,2019-08-01
B75,1107,1389,2496,9977,9499,19476,2019-08-01
B76,927,899,1826,9174,8044,17218,2019-08-01
B77,2766,3926,6692,20122,17062,37184,2019-08-01
B78,981,1187,2168,9226,8156,17382,2019-08-01
B79,1016,1274,2290,8480,7175,15655,2019-08-01
B80,251,290,541,2838,2596,5434,2019-08-01
B90,1699,1985,3684,18357,17109,35466,2019-08-01
B91,1237,1415,2652,13634,12841,26475,2019-08-01
B92,1713,2026,3739,14053,12325,26378,2019-08-01
B93,525,585,1110,7979,7897,15876,2019-08-01
B94,151,172,323,3304,3155,6459,2019-08-01
B95,189,211,400,2595,2544,5139,2019-08-01
B96,103,137,240,2231,2122,4353,2019-08-01
B97,1321,1650,2971,12284,10828,23112,2019-08-01
B98,2914,3840,6754,17416,14294,31710,2019-08-01
BA0,0,0,0,1,1,2,2019-08-01
BA1,2456,2757,5213,14069,12790,26859,2019-08-01
BA2,4033,4401,8434,23934,21743,45677,2019-08-01
BA3,1397,1460,2857,14010,12926,26936,2019-08-01
BA4,650,767,1417,7245,6615,13860,2019-08-01
BA5,715,747,1462,7139,6918,14057,2019-08-01
BA6,668,647,1315,5203,5107,10310,2019-08-01
BA7,114,148,262,1396,1439,2835,2019-08-01
BA8,136,163,299,1766,1665,3431,2019-08-01
BA9,247,325,572,3200,2968,6168,2019-08-01
BA10,143,180,323,1323,1304,2627,2019-08-01
BA11,1397,1727,3124,12483,11909,24392,2019-08-01
BA12,1177,1449,2626,11375,10392,21767,2019-08-01
BA13,799,944,1743,7785,7246,15031,2019-08-01
BA14,2336,2592,4928,18425,16883,35308,2019-08-01
BA15,492,583,1075,5167,5226,10393,2019-08-01
BA16,595,653,1248,4861,4462,9323,2019-08-01
BA20,486,579,1065,4349,3627,7976,2019-08-01
BA21,1671,2163,3834,12394,10646,23040,2019-08-01
BA22,493,523,1016,7374,6951,14325,2019-08-01
BB0,0,0,0,1,0,1,2019-08-01
BB1,4454,5880,10334,21294,15573,36867,2019-08-01
BB2,3812,4767,8579,19147,14984,34131,2019-08-01
BB3,1904,2411,4315,11597,9767,21364,2019-08-01
BB4,1872,2432,4304,15153,13545,28698,2019-08-01
BB5,3704,4656,8360,20049,16220,36269,2019-08-01
BB6,672,784,1456,5408,4804,10212,2019-08-01
BB7,1109,1205,2314,13256,12574,25830,2019-08-01
BB8,1178,1400,2578,8099,7171,15270,2019-08-01
BB9,2747,3458,6205,14640,10972,25612,2019-08-01
BB10,2197,2732,4929,12748,10167,22915,2019-08-01
BB11,1602,1998,3600,7216,5636,12852,2019-08-01
BB12,1763,2080,3843,12376,10609,22985,2019-08-01
BB18,667,839,1506,6306,5590,11896,2019-08-01
BD0,0,0,0,1,0,1,2019-08-01
BD1,638,421,1059,973,396,1369,2019-08-01
BD2,1894,2463,4357,9592,7742,17334,2019-08-01
BD3,3424,3973,7397,8013,4518,12531,2019-08-01
BD4,2420,3276,5696,8341,6302,14643,2019-08-01
BD5,2936,3435,6371,7261,4095,11356,2019-08-01
BD6,1859,2564,4423,9279,7569,16848,2019-08-01
BD7,3441,3654,7095,9237,5494,14731,2019-08-01
BD8,2851,3442,6293,8040,4692,12732,2019-08-01
BD9,2083,2886,4969,8182,5736,13918,2019-08-01
BD10,1430,1856,3286,8791,7791,16582,2019-08-01
BD11,401,535,936,4080,3797,7877,2019-08-01
BD12,883,1170,2053,5834,4939,10773,2019-08-01
BD13,1159,1416,2575,9509,8637,18146,2019-08-01
BD14,396,578,974,2792,2392,5184,2019-08-01
BD15,875,1207,2082,5387,4524,9911,2019-08-01
BD16,1083,1260,2343,9426,8640,18066,2019-08-01
BD17,714,848,1562,6832,6227,13059,2019-08-01
BD18,1702,2201,3903,8667,7093,15760,2019-08-01
BD19,947,1153,2100,7969,7113,15082,2019-08-01
BD20,1244,1593,2837,13882,12864,26746,2019-08-01
BD21,1890,2552,4442,7229,5072,12301,2019-08-01
BD22,1473,1883,3356,10426,9236,19662,2019-08-01
BD23,1029,1248,2277,11770,10921,22691,2019-08-01
BD24,184,215,399,2103,1943,4046,2019-08-01
BD99,0,0,0,0,1,1,2019-08-01
BH0,0,0,0,0,1,1,2019-08-01
BH1,2057,1927,3984,7146,4702,11848,2019-08-01
BH2,861,717,1578,3313,2189,5502,2019-08-01
BH2,0,0,0,1,0,1,2019-08-01
BH3,306,332,638,2199,1851,4050,2019-08-01
BH4,482,509,991,3787,3176,6963,2019-08-01
BH5,729,716,1445,3912,3094,7006,2019-08-01
BH6,1018,1123,2141,8609,8369,16978,2019-08-01
BH7,651,699,1350,4289,3929,8218,2019-08-01
BH8,1951,2000,3951,9749,8233,17982,2019-08-01
BH9,1637,1770,3407,10191,9273,19464,2019-08-01
BH10,822,977,1799,7453,6868,14321,2019-08-01
BH11,1060,1299,2359,7158,6421,13579,2019-08-01
BH12,1887,2121,4008,12648,11256,23904,2019-08-01
BH13,151,216,367,3411,3244,6655,2019-08-01
BH14,993,953,1946,9567,8901,18468,2019-08-01
BH15,1647,1770,3417,12508,11199,23707,2019-08-01
BH16,559,770,1329,6097,5834,11931,2019-08-01
BH17,913,1137,2050,8506,8023,16529,2019-08-01
BH18,261,230,491,5075,4885,9960,2019-08-01
BH19,443,570,1013,4388,3978,8366,2019-08-01
BH20,984,822,1806,8627,7518,16145,2019-08-01
BH21,1022,1184,2206,16675,16680,33355,2019-08-01
BH22,632,702,1334,11440,10948,22388,2019-08-01
BH23,1900,1982,3882,21065,20565,41630,2019-08-01
BH24,713,726,1439,9980,9795,19775,2019-08-01
BH25,849,957,1806,9893,9682,19575,2019-08-01
BH31,295,305,600,5388,5426,10814,2019-08-01
BL0,647,779,1426,6559,6317,12876,2019-08-01
BL1,4222,4909,9131,21461,16728,38189,2019-08-01
BL2,2836,3414,6250,15290,13074,28364,2019-08-01
BL3,4858,5822,10680,20731,14591,35322,2019-08-01
BL4,2274,2969,5243,10781,8286,19067,2019-08-01
BL5,1085,1250,2335,10219,9316,19535,2019-08-01
BL6,1327,1531,2858,11432,10450,21882,2019-08-01
BL7,427,500,927,6235,5983,12218,2019-08-01
BL8,1467,1761,3228,13622,12458,26080,2019-08-01
BL9,3336,4083,7419,16568,13248,29816,2019-08-01
BN1,6917,6567,13484,26229,21903,48132,2019-08-01
BN2,7797,8227,16024,27771,22224,49995,2019-08-01
BN3,6079,6213,12292,28013,23905,51918,2019-08-01
BN4,3,2,5,15,10,25,2019-08-01
BN5,199,241,440,3234,3222,6456,2019-08-01
BN6,668,700,1368,7038,7093,14131,2019-08-01
BN7,1233,1509,2742,6958,6775,13733,2019-08-01
BN8,516,584,1100,6441,6383,12824,2019-08-01
BN9,831,1088,1919,4607,3904,8511,2019-08-01
BN10,1027,1202,2229,7077,6239,13316,2019-08-01
BN11,2091,2301,4392,11102,9554,20656,2019-08-01
BN12,837,976,1813,8360,8094,16454,2019-08-01
BN13,1218,1374,2592,10854,10344,21198,2019-08-01
BN14,1475,1651,3126,11311,10742,22053,2019-08-01
BN15,1345,1548,2893,10130,8979,19109,2019-08-01
BN16,901,1008,1909,11191,11230,22421,2019-08-01
BN17,1646,2057,3703,11102,9772,20874,2019-08-01
BN18,554,517,1071,5345,5118,10463,2019-08-01
BN19,0,0,0,2,0,2,2019-08-01
BN20,826,1063,1889,7883,7695,15578,2019-08-01
BN21,1650,1776,3426,8400,7105,15505,2019-08-01
BN22,2021,2506,4527,10933,9756,20689,2019-08-01
BN23,1326,1718,3044,10254,9190,19444,2019-08-01
BN24,290,323,613,3969,3871,7840,2019-08-01
BN25,938,1201,2139,9058,8560,17618,2019-08-01
BN26,445,520,965,4794,4559,9353,2019-08-01
BN27,1171,1345,2516,11401,10936,22337,2019-08-01
BN32,1,0,1,0,0,0,2019-08-01
BN40,0,0,0,1,0,1,2019-08-01
BN41,1519,1725,3244,6799,6292,13091,2019-08-01
BN42,555,669,1224,3697,3276,6973,2019-08-01
BN43,1213,1271,2484,8525,7965,16490,2019-08-01
BN44,319,376,695,4062,4075,8137,2019-08-01
BN45,27,18,45,259,251,510,2019-08-01
BR0,0,0,0,2,0,2,2019-08-01
BR1,4411,5309,9720,20094,17986,38080,2019-08-01
BR2,2536,2829,5365,17724,16549,34273,2019-08-01
BR3,2739,3228,5967,18325,16948,35273,2019-08-01
BR4,972,869,1841,7607,7300,14907,2019-08-01
BR5,2926,3785,6711,15948,14706,30654,2019-08-01
BR6,2126,2454,4580,18052,17251,35303,2019-08-01
BR7,701,866,1567,7171,6931,14102,2019-08-01
BR8,1093,1414,2507,8472,7633,16105,2019-08-01
BS0,0,0,0,1,0,1,2019-08-01
BS1,1077,963,2040,3633,2150,5783,2019-08-01
BS2,1863,1915,3778,4747,3113,7860,2019-08-01
BS3,2486,2802,5288,12892,10780,23672,2019-08-01
BS4,3199,4060,7259,16765,13706,30471,2019-08-01
BS5,5063,5462,10525,17474,13060,30534,2019-08-01
BS6,2125,2173,4298,10722,9644,20366,2019-08-01
BS7,2786,3011,5797,13728,11277,25005,2019-08-01
BS8,1494,1493,2987,8518,7412,15930,2019-08-01
BS9,1314,1344,2658,12150,11407,23557,2019-08-01
BS10,1897,2524,4421,9514,7903,17417,2019-08-01
BS11,1294,1532,2826,6033,4787,10820,2019-08-01
BS12,18,14,32,110,54,164,2019-08-01
BS13,2052,2780,4832,9407,7608,17015,2019-08-01
BS14,1336,1585,2921,10686,9540,20226,2019-08-01
BS15,2109,2452,4561,17798,15732,33530,2019-08-01
BS16,3839,4289,8128,28754,25600,54354,2019-08-01
BS17,16,17,33,99,68,167,2019-08-01
BS18,15,14,29,84,71,155,2019-08-01
BS19,4,7,11,49,43,92,2019-08-01
BS20,961,1189,2150,12635,11874,24509,2019-08-01
BS21,753,989,1742,9122,8730,17852,2019-08-01
BS22,1425,1853,3278,14566,13050,27616,2019-08-01
BS23,2278,2567,4845,11955,9398,21353,2019-08-01
BS24,731,945,1676,8661,8110,16771,2019-08-01
BS25,190,175,365,2660,2520,5180,2019-08-01
BS26,151,152,303,2049,2015,4064,2019-08-01
BS27,210,225,435,2943,2868,5811,2019-08-01
BS28,74,66,140,1470,1421,2891,2019-08-01
BS29,75,96,171,1144,1018,2162,2019-08-01
BS30,895,1079,1974,11626,11065,22691,2019-08-01
BS31,750,926,1676,8290,7715,16005,2019-08-01
BS32,1019,1054,2073,9324,8512,17836,2019-08-01
BS34,1711,1941,3652,12216,10373,22589,2019-08-01
BS35,718,832,1550,9481,8785,18266,2019-08-01
BS36,474,482,956,6575,6305,12880,2019-08-01
BS37,1438,1778,3216,15268,13938,29206,2019-08-01
BS38,0,0,0,1,0,1,2019-08-01
BS39,449,530,979,6652,6247,12899,2019-08-01
BS40,301,327,628,5490,5377,10867,2019-08-01
BS41,180,188,368,2405,2310,4715,2019-08-01
BS45,0,0,0,2,1,3,2019-08-01
BS48,725,863,1588,9310,8980,18290,2019-08-01
BS49,387,427,814,4689,4564,9253,2019-08-01
BS53,0,0,0,1,0,1,2019-08-01
BS57,0,0,0,1,0,1,2019-08-01
BS67,0,0,0,0,1,1,2019-08-01
BS94,0,1,1,0,0,0,2019-08-01
BS99,1,0,1,0,0,0,2019-08-01
CA0,0,0,0,1,1,2,2019-08-01
CA1,1513,1810,3323,7508,6044,13552,2019-08-01
CA2,2015,2788,4803,13005,10649,23654,2019-08-01
CA3,477,598,1075,5226,4731,9957,2019-08-01
CA4,193,258,451,3946,3822,7768,2019-08-01
CA5,186,208,394,2967,2889,5856,2019-08-01
CA6,268,330,598,3831,3361,7192,2019-08-01
CA7,686,915,1601,8795,8030,16825,2019-08-01
CA8,289,419,708,4128,3791,7919,2019-08-01
CA9,65,101,166,854,761,1615,2019-08-01
CA10,332,427,759,5917,5560,11477,2019-08-01
CA11,843,1042,1885,8312,7472,15784,2019-08-01
CA12,326,336,662,3081,2765,5846,2019-08-01
CA13,464,612,1076,6038,5617,11655,2019-08-01
CA14,1563,2177,3740,12541,10442,22983,2019-08-01
CA15,730,971,1701,5628,4675,10303,2019-08-01
CA16,145,184,329,2570,2401,4971,2019-08-01
CA17,131,172,303,2025,1799,3824,2019-08-01
CA18,8,5,13,120,121,241,2019-08-01
CA19,24,34,58,449,430,879,2019-08-01
CA20,86,95,181,1361,1220,2581,2019-08-01
CA21,24,23,47,326,279,605,2019-08-01
CA22,429,575,1004,3181,2627,5808,2019-08-01
CA23,55,69,124,554,475,1029,2019-08-01
CA24,30,57,87,397,322,719,2019-08-01
CA25,289,413,702,1948,1605,3553,2019-08-01
CA26,146,208,354,1314,1139,2453,2019-08-01
CA27,44,64,108,669,574,1243,2019-08-01
CA28,1385,1733,3118,9745,7980,17725,2019-08-01
CB1,3793,4045,7838,16334,13938,30272,2019-08-01
CB2,1580,1657,3237,7519,6693,14212,2019-08-01
CB3,1140,1309,2449,6573,5915,12488,2019-08-01
CB4,3712,4065,7777,16296,13405,29701,2019-08-01
CB5,1094,1217,2311,4958,4103,9061,2019-08-01
CB6,1331,1604,2935,14637,13346,27983,2019-08-01
CB7,1064,1192,2256,10286,9357,19643,2019-08-01
CB8,1537,1618,3155,12401,11276,23677,2019-08-01
CB9,1531,2076,3607,11427,9798,21225,2019-08-01
CB10,539,643,1182,5679,5386,11065,2019-08-01
CB11,654,775,1429,7283,6866,14149,2019-08-01
CB12,0,0,0,1,1,2,2019-08-01
CB19,0,0,0,1,0,1,2019-08-01
CB21,435,479,914,5276,4932,10208,2019-08-01
CB22,699,707,1406,8126,7498,15624,2019-08-01
CB23,1054,1225,2279,11299,10640,21939,2019-08-01
CB24,1048,1122,2170,11340,10450,21790,2019-08-01
CB25,458,520,978,6021,5530,11551,2019-08-01
CF0,1,0,1,1,0,1,2019-08-01
CF1,88,69,157,154,56,210,2019-08-01
CF2,48,43,91,139,46,185,2019-08-01
CF3,2700,3460,6160,13667,12425,26092,2019-08-01
CF4,46,38,84,167,122,289,2019-08-01
CF5,3977,4847,8824,21090,19179,40269,2019-08-01
CF6,85,73,158,144,66,210,2019-08-01
CF7,13,8,21,71,52,123,2019-08-01
CF8,54,45,99,157,112,269,2019-08-01
CF9,0,0,0,1,0,1,2019-08-01
CF10,1412,1227,2639,4083,2426,6509,2019-08-01
CF11,3424,3278,6702,11258,7988,19246,2019-08-01
CF14,3186,3546,6732,26265,24862,51127,2019-08-01
CF15,559,673,1232,7057,6975,14032,2019-08-01
CF16,0,0,0,0,1,1,2019-08-01
CF18,0,1,1,0,0,0,2019-08-01
CF23,2397,2885,5282,15839,14954,30793,2019-08-01
CF24,5238,4618,9856,12036,8233,20269,2019-08-01
CF31,1942,2379,4321,16020,14570,30590,2019-08-01
CF32,1445,1807,3252,10857,9287,20144,2019-08-01
CF33,751,1002,1753,4999,4296,9295,2019-08-01
CF34,1030,1370,2400,6695,5333,12028,2019-08-01
CF35,470,592,1062,7046,6541,13587,2019-08-01
CF36,538,655,1193,6160,5754,11914,2019-08-01
CF37,2256,2485,4741,12276,9867,22143,2019-08-01
CF38,723,986,1709,8755,8181,16936,2019-08-01
CF39,1390,1970,3360,9695,7921,17616,2019-08-01
CF40,1040,1471,2511,6593,5124,11717,2019-08-01
CF41,509,698,1207,3541,2742,6283,2019-08-01
CF42,702,956,1658,4325,3403,7728,2019-08-01
CF43,696,997,1693,3711,2705,6416,2019-08-01
CF44,1977,2744,4721,13549,11088,24637,2019-08-01
CF45,1157,1528,2685,6143,4718,10861,2019-08-01
CF46,625,862,1487,5193,4546,9739,2019-08-01
CF47,1321,1881,3202,6745,5121,11866,2019-08-01
CF48,1386,1880,3266,9026,7377,16403,2019-08-01
CF61,487,567,1054,3700,3450,7150,2019-08-01
CF62,1948,2371,4319,14748,14046,28794,2019-08-01
CF63,1436,1720,3156,6635,5859,12494,2019-08-01
CF64,1539,1730,3269,13599,13135,26734,2019-08-01
CF71,221,216,437,3919,3846,7765,2019-08-01
CF72,826,1053,1879,10017,9583,19600,2019-08-01
CF81,978,1330,2308,5182,3864,9046,2019-08-01
CF82,928,1162,2090,6998,6053,13051,2019-08-01
CF83,2701,3453,6154,18109,15964,34073,2019-08-01
CH1,2162,2421,4583,9580,7508,17088,2019-08-01
CH2,1623,1975,3598,12705,11353,24058,2019-08-01
CH3,1247,1329,2576,14043,13289,27332,2019-08-01
CH4,1602,2030,3632,12405,11363,23768,2019-08-01
CH5,2181,2676,4857,15089,12870,27959,2019-08-01
CH6,903,1222,2125,5796,4890,10686,2019-08-01
CH6,0,0,0,1,0,1,2019-08-01
CH7,1766,2295,4061,19138,17900,37038,2019-08-01
CH8,918,1209,2127,7728,6708,14436,2019-08-01
CH9,1,0,1,1,0,1,2019-08-01
CH14,0,0,0,1,0,1,2019-08-01
CH22,0,0,0,0,1,1,2019-08-01
CH24,0,0,0,1,0,1,2019-08-01
CH41,1803,2042,3845,4583,3293,7876,2019-08-01
CH42,2605,3008,5613,8699,7067,15766,2019-08-01
CH43,2178,2425,4603,12861,11405,24266,2019-08-01
CH44,2374,2799,5173,8272,6530,14802,2019-08-01
CH45,1738,1954,3692,10627,9554,20181,2019-08-01
CH46,1520,1833,3353,8367,7371,15738,2019-08-01
CH47,437,518,955,4155,4056,8211,2019-08-01
CH48,595,610,1205,5828,5754,11582,2019-08-01
CH49,1412,1761,3173,10184,9602,19786,2019-08-01
CH60,324,330,654,5431,5385,10816,2019-08-01
CH61,586,671,1257,6609,6482,13091,2019-08-01
CH62,1575,1913,3488,10119,9118,19237,2019-08-01
CH63,1201,1382,2583,10971,10589,21560,2019-08-01
CH64,593,696,1289,7579,7294,14873,2019-08-01
CH65,1969,2380,4349,8963,7413,16376,2019-08-01
CH66,1483,1845,3328,13122,12039,25161,2019-08-01
CM0,619,725,1344,6870,6110,12980,2019-08-01
CM1,3296,3761,7057,23910,21463,45373,2019-08-01
CM2,2533,3018,5551,22813,20499,43312,2019-08-01
CM3,1619,1974,3593,22571,21383,43954,2019-08-01
CM4,330,360,690,4384,4291,8675,2019-08-01
CM5,336,377,713,4588,4377,8965,2019-08-01
CM6,755,854,1609,11427,10939,22366,2019-08-01
CM7,2246,2851,5097,18343,15899,34242,2019-08-01
CM8,1553,2059,3612,12063,10685,22748,2019-08-01
CM9,1235,1492,2727,13665,12510,26175,2019-08-01
CM11,674,792,1466,8017,7510,15527,2019-08-01
CM12,687,694,1381,8209,7859,16068,2019-08-01
CM13,963,1081,2044,10161,9410,19571,2019-08-01
CM14,975,1197,2172,7903,7146,15049,2019-08-01
CM15,775,932,1707,9513,9193,18706,2019-08-01
CM16,805,923,1728,9302,8748,18050,2019-08-01
CM17,910,1159,2069,8978,8329,17307,2019-08-01
CM18,1803,2194,3997,8688,7036,15724,2019-08-01
CM19,1401,1648,3049,7821,6237,14058,2019-08-01
CM20,1907,2278,4185,8103,6195,14298,2019-08-01
CM21,367,417,784,4670,4268,8938,2019-08-01
CM22,481,503,984,6444,6034,12478,2019-08-01
CM23,1761,2034,3795,15794,14578,30372,2019-08-01
CM24,294,343,637,3160,2903,6063,2019-08-01
CM77,456,550,1006,6060,5813,11873,2019-08-01
CO0,1,1,2,0,0,0,2019-08-01
CO1,1314,1477,2791,5539,4220,9759,2019-08-01
CO1,0,0,0,0,1,1,2019-08-01
CO2,2227,2848,5075,13003,10998,24001,2019-08-01
CO3,1397,1538,2935,11582,10694,22276,2019-08-01
CO4,2961,3516,6477,16888,14344,31232,2019-08-01
CO5,842,1010,1852,11665,10866,22531,2019-08-01
CO6,836,986,1822,11496,11063,22559,2019-08-01
CO7,1200,1355,2555,13717,12641,26358,2019-08-01
CO8,60,76,136,988,938,1926,2019-08-01
CO9,881,1035,1916,10215,9350,19565,2019-08-01
CO10,1837,2241,4078,18585,16920,35505,2019-08-01
CO11,410,560,970,5247,4965,10212,2019-08-01
CO12,1072,1370,2442,8174,6854,15028,2019-08-01
CO13,390,473,863,4989,4665,9654,2019-08-01
CO14,288,369,657,2395,1982,4377,2019-08-01
CO15,2251,2731,4982,15489,12825,28314,2019-08-01
CO16,1085,1290,2375,9757,8617,18374,2019-08-01
CR0,17265,19468,36733,51705,40463,92168,2019-08-01
CR1,7,6,13,8,2,10,2019-08-01
CR2,3038,3557,6595,18244,16428,34672,2019-08-01
CR3,1304,1543,2847,11245,10821,22066,2019-08-01
CR4,8550,8471,17021,21126,14490,35616,2019-08-01
CR5,1358,1717,3075,11477,10983,22460,2019-08-01
CR6,353,403,756,4044,3855,7899,2019-08-01
CR7,6933,6888,13821,14667,10733,25400,2019-08-01
CR8,1922,2171,4093,12575,11612,24187,2019-08-01
CR9,55,40,95,66,22,88,2019-08-01
CT0,0,0,0,0,1,1,2019-08-01
CT1,2243,2537,4780,8054,6525,14579,2019-08-01
CT2,1871,2002,3873,8624,7505,16129,2019-08-01
CT3,827,971,1798,7255,6740,13995,2019-08-01
CT4,614,660,1274,6959,6822,13781,2019-08-01
CT5,1395,1572,2967,12387,11876,24263,2019-08-01
CT6,1648,1878,3526,14559,13575,28134,2019-08-01
CT7,378,476,854,4576,4230,8806,2019-08-01
CT8,426,483,909,2649,2477,5126,2019-08-01
CT9,3342,3680,7022,13880,11548,25428,2019-08-01
CT10,1316,1410,2726,9119,8577,17696,2019-08-01
CT11,2267,2430,4697,9609,8156,17765,2019-08-01
CT12,1173,1391,2564,6393,5468,11861,2019-08-01
CT13,383,415,798,3401,3112,6513,2019-08-01
CT14,1695,1987,3682,12792,11391,24183,2019-08-01
CT15,480,608,1088,5360,4857,10217,2019-08-01
CT16,1299,1434,2733,6838,5506,12344,2019-08-01
CT17,1526,1747,3273,6701,5377,12078,2019-08-01
CT18,489,523,1012,5813,5466,11279,2019-08-01
CT19,1913,2265,4178,9240,7789,17029,2019-08-01
CT20,1528,1739,3267,7931,6184,14115,2019-08-01
CT21,610,728,1338,6753,6391,13144,2019-08-01
CV0,0,0,0,0,1,1,2019-08-01
CV1,4562,3566,8128,6989,3043,10032,2019-08-01
CV2,5694,7004,12698,20569,15206,35775,2019-08-01
CV3,4437,5508,9945,23755,18891,42646,2019-08-01
CV4,2351,2752,5103,10260,8064,18324,2019-08-01
CV5,2369,2746,5115,17467,14999,32466,2019-08-01
CV6,7751,9220,16971,29147,21121,50268,2019-08-01
CV7,1112,1409,2521,11403,10395,21798,2019-08-01
CV8,1084,1189,2273,12510,11868,24378,2019-08-01
CV9,895,1119,2014,8456,7301,15757,2019-08-01
CV10,2615,3620,6235,18772,15851,34623,2019-08-01
CV11,2001,2423,4424,14671,12061,26732,2019-08-01
CV12,1474,1987,3461,11246,9566,20812,2019-08-01
CV13,253,325,578,4641,4375,9016,2019-08-01
CV18,0,0,0,0,1,1,2019-08-01
CV19,0,0,0,1,0,1,2019-08-01
CV21,2441,2923,5364,13782,10323,24105,2019-08-01
CV22,1564,1863,3427,14060,12462,26522,2019-08-01
CV23,688,807,1495,9653,8925,18578,2019-08-01
CV27,0,0,0,1,0,1,2019-08-01
CV31,2033,2287,4320,10606,8439,19045,2019-08-01
CV32,1569,1745,3314,11978,10391,22369,2019-08-01
CV33,222,244,466,2963,2797,5760,2019-08-01
CV34,1450,1739,3189,12214,11073,23287,2019-08-01
CV35,658,776,1434,10758,10528,21286,2019-08-01
CV36,277,332,609,4011,3850,7861,2019-08-01
CV37,1719,2090,3809,16828,15934,32762,2019-08-01
CV42,0,0,0,1,0,1,2019-08-01
CV47,563,696,1259,7422,6919,14341,2019-08-01
CW1,2489,2931,5420,13926,11617,25543,2019-08-01
CW2,2182,2324,4506,14870,12664,27534,2019-08-01
CW3,260,325,585,3779,3639,7418,2019-08-01
CW4,255,275,530,4177,4190,8367,2019-08-01
CW5,976,1043,2019,11899,11422,23321,2019-08-01
CW6,262,359,621,5575,5471,11046,2019-08-01
CW7,1813,2277,4090,11368,9864,21232,2019-08-01
CW8,1271,1471,2742,15285,14397,29682,2019-08-01
CW9,1341,1452,2793,13292,11939,25231,2019-08-01
CW10,462,589,1051,6120,5635,11755,2019-08-01
CW11,771,840,1611,9994,9658,19652,2019-08-01
CW12,1063,1178,2241,12027,11288,23315,2019-08-01
DA0,1,1,2,0,0,0,2019-08-01
DA1,3818,4748,8566,20980,17373,38353,2019-08-01
DA2,1039,1375,2414,8646,7934,16580,2019-08-01
DA3,563,583,1146,6965,6721,13686,2019-08-01
DA4,337,375,712,3813,3565,7378,2019-08-01
DA5,868,918,1786,8088,7679,15767,2019-08-01
DA6,577,677,1254,3803,3340,7143,2019-08-01
DA7,1700,2070,3770,13014,11727,24741,2019-08-01
DA8,3063,3850,6913,11091,9145,20236,2019-08-01
DA9,723,824,1547,5177,4521,9698,2019-08-01
DA10,467,631,1098,2883,2345,5228,2019-08-01
DA11,2721,3180,5901,13572,10537,24109,2019-08-01
DA12,3198,3715,6913,16852,14009,30861,2019-08-01
DA13,360,421,781,6135,5870,12005,2019-08-01
DA14,1143,1452,2595,7686,7233,14919,2019-08-01
DA15,1294,1529,2823,10811,9894,20705,2019-08-01
DA16,2178,2790,4968,13169,11227,24396,2019-08-01
DA17,1524,1923,3447,6080,4880,10960,2019-08-01
DA18,758,897,1655,1366,935,2301,2019-08-01
DD1,1118,977,2095,2255,1507,3762,2019-08-01
DD2,2645,3248,5893,12659,11122,23781,2019-08-01
DD3,2656,3071,5727,11017,8680,19697,2019-08-01
DD4,3270,3988,7258,12571,10319,22890,2019-08-01
DD5,993,1184,2177,12222,11786,24008,2019-08-01
DD6,419,507,926,3477,3366,6843,2019-08-01
DD7,455,601,1056,4736,4379,9115,2019-08-01
DD8,1084,1426,2510,10702,9581,20283,2019-08-01
DD9,513,657,1170,4031,3620,7651,2019-08-01
DD10,880,1141,2021,7879,6951,14830,2019-08-01
DD11,1337,1672,3009,9768,8369,18137,2019-08-01
DE1,1369,1239,2608,4011,2279,6290,2019-08-01
DE2,24,18,42,64,28,92,2019-08-01
DE3,557,727,1284,6763,6260,13023,2019-08-01
DE4,1168,1474,2642,13306,12179,25485,2019-08-01
DE5,827,1162,1989,8210,7241,15451,2019-08-01
DE6,730,854,1584,10388,9758,20146,2019-08-01
DE7,2394,3122,5516,17615,14750,32365,2019-08-01
DE11,1852,2413,4265,16638,14671,31309,2019-08-01
DE12,679,857,1536,8488,7642,16130,2019-08-01
DE13,1343,1779,3122,15989,14626,30615,2019-08-01
DE14,2275,2636,4911,10387,7305,17692,2019-08-01
DE15,1235,1502,2737,8473,7027,15500,2019-08-01
DE19,0,0,0,0,1,1,2019-08-01
DE21,2961,3916,6877,19664,16646,36310,2019-08-01
DE22,2613,3074,5687,15625,13182,28807,2019-08-01
DE23,4976,5451,10427,18665,13770,32435,2019-08-01
DE24,3792,5200,8992,17898,13726,31624,2019-08-01
DE40,0,0,0,1,0,1,2019-08-01
DE44,0,0,0,0,1,1,2019-08-01
DE45,215,265,480,3323,3226,6549,2019-08-01
DE51,0,0,0,1,0,1,2019-08-01
DE55,2062,2694,4756,18853,16213,35066,2019-08-01
DE56,1280,1624,2904,15192,14036,29228,2019-08-01
DE65,647,805,1452,9212,8694,17906,2019-08-01
DE66,0,0,0,0,1,1,2019-08-01
DE72,598,823,1421,8144,7632,15776,2019-08-01
DE73,576,782,1358,7730,7282,15012,2019-08-01
DE74,433,487,920,4713,4127,8840,2019-08-01
DE75,880,1057,1937,6427,5532,11959,2019-08-01
DG1,1176,1360,2536,9956,9048,19004,2019-08-01
DG2,1330,1711,3041,7735,6835,14570,2019-08-01
DG3,170,245,415,1814,1700,3514,2019-08-01
DG4,206,317,523,1487,1110,2597,2019-08-01
DG5,219,239,458,1963,1783,3746,2019-08-01
DG6,262,291,553,1890,1801,3691,2019-08-01
DG7,441,520,961,4719,4492,9211,2019-08-01
DG8,485,653,1138,4771,4300,9071,2019-08-01
DG9,804,950,1754,5588,4888,10476,2019-08-01
DG10,166,194,360,1488,1333,2821,2019-08-01
DG11,492,602,1094,5050,4553,9603,2019-08-01
DG12,654,805,1459,4362,3717,8079,2019-08-01
DG13,120,143,263,1087,955,2042,2019-08-01
DG14,34,39,73,563,502,1065,2019-08-01
DG16,152,209,361,1391,1215,2606,2019-08-01
DH1,2082,2368,4450,13635,12230,25865,2019-08-01
DH2,1360,1980,3340,10721,8966,19687,2019-08-01
DH3,1250,1698,2948,8970,7551,16521,2019-08-01
DH4,1642,2089,3731,11821,10011,21832,2019-08-01
DH5,1027,1523,2550,6824,5402,12226,2019-08-01
DH6,1515,2154,3669,12030,10206,22236,2019-08-01
DH7,1854,2619,4473,14509,12469,26978,2019-08-01
DH8,1746,2335,4081,13638,11766,25404,2019-08-01
DH9,1978,2706,4684,11805,9305,21110,2019-08-01
DH10,0,0,0,1,0,1,2019-08-01
DH11,0,0,0,1,0,1,2019-08-01
DL1,2881,3899,6780,15123,11588,26711,2019-08-01
DL2,453,559,1012,7172,6967,14139,2019-08-01
DL3,2343,2808,5151,14927,12942,27869,2019-08-01
DL4,587,761,1348,3085,2310,5395,2019-08-01
DL5,1532,2024,3556,9927,8483,18410,2019-08-01
DL6,527,663,1190,5859,5408,11267,2019-08-01
DL7,356,476,832,5987,5857,11844,2019-08-01
DL8,408,540,948,7786,7358,15144,2019-08-01
DL9,1647,1287,2934,5221,3526,8747,2019-08-01
DL10,623,784,1407,7093,6752,13845,2019-08-01
DL11,118,121,239,2172,2081,4253,2019-08-01
DL12,370,474,844,4742,4320,9062,2019-08-01
DL13,417,555,972,5463,4740,10203,2019-08-01
DL14,1717,2343,4060,12801,10756,23557,2019-08-01
DL15,902,1295,2197,7766,6537,14303,2019-08-01
DL16,851,1156,2007,7628,6486,14114,2019-08-01
DL17,897,1288,2185,6033,4779,10812,2019-08-01
DN0,1,0,1,1,0,1,2019-08-01
DN1,1153,982,2135,2527,1070,3597,2019-08-01
DN2,1720,2115,3835,7883,5889,13772,2019-08-01
DN3,1115,1535,2650,11047,9560,20607,2019-08-01
DN4,3037,3708,6745,18308,14496,32804,2019-08-01
DN5,1922,2590,4512,13693,11626,25319,2019-08-01
DN6,1861,2472,4333,10031,7970,18001,2019-08-01
DN7,1112,1554,2666,7633,6212,13845,2019-08-01
DN8,976,1332,2308,6104,4634,10738,2019-08-01
DN9,597,708,1305,8534,8180,16714,2019-08-01
DN10,350,414,764,5186,4800,9986,2019-08-01
DN11,1408,1814,3222,9996,8582,18578,2019-08-01
DN12,1601,2099,3700,7253,5525,12778,2019-08-01
DN14,1972,2771,4743,17394,14447,31841,2019-08-01
DN15,2470,2603,5073,12152,9319,21471,2019-08-01
DN16,1614,1987,3601,10490,8833,19323,2019-08-01
DN17,1701,2218,3919,13080,11192,24272,2019-08-01
DN18,520,729,1249,4557,3810,8367,2019-08-01
DN19,174,220,394,2555,2299,4854,2019-08-01
DN20,587,745,1332,7521,6647,14168,2019-08-01
DN21,1748,2318,4066,13717,11930,25647,2019-08-01
DN22,1373,1758,3131,13401,12120,25521,2019-08-01
DN31,833,1015,1848,2433,1509,3942,2019-08-01
DN32,2454,2724,5178,7731,5587,13318,2019-08-01
DN33,1278,1490,2768,6478,5441,11919,2019-08-01
DN34,1166,1448,2614,6418,5164,11582,2019-08-01
DN35,1962,2366,4328,11099,9072,20171,2019-08-01
DN36,547,695,1242,8145,7469,15614,2019-08-01
DN37,885,1117,2002,8022,7219,15241,2019-08-01
DN38,82,102,184,1164,1053,2217,2019-08-01
DN39,86,102,188,1161,1003,2164,2019-08-01
DN40,672,934,1606,4630,3530,8160,2019-08-01
DN41,145,204,349,2571,2438,5009,2019-08-01
DT0,0,0,0,0,1,1,2019-08-01
DT1,841,1031,1872,7434,6943,14377,2019-08-01
DT2,668,748,1416,10576,10362,20938,2019-08-01
DT3,867,1010,1877,9477,8823,18300,2019-08-01
DT4,2121,2347,4468,12979,11258,24237,2019-08-01
DT5,723,850,1573,4355,3754,8109,2019-08-01
DT6,747,871,1618,8583,8452,17035,2019-08-01
DT7,222,235,457,2172,2094,4266,2019-08-01
DT8,162,201,363,2416,2370,4786,2019-08-01
DT9,680,812,1492,8276,8177,16453,2019-08-01
DT10,301,368,669,4842,4598,9440,2019-08-01
DT11,1113,1229,2342,12244,10998,23242,2019-08-01
DY1,2132,2640,4772,10727,8435,19162,2019-08-01
DY2,2500,3216,5716,10702,7892,18594,2019-08-01
DY3,1324,1705,3029,12360,10742,23102,2019-08-01
DY4,3097,4114,7211,13336,9819,23155,2019-08-01
DY5,2200,3014,5214,13889,11171,25060,2019-08-01
DY6,801,1042,1843,10977,9971,20948,2019-08-01
DY7,182,212,394,3256,3177,6433,2019-08-01
DY8,2017,2501,4518,18484,16541,35025,2019-08-01
DY9,1372,1666,3038,11085,9754,20839,2019-08-01
DY10,1658,2063,3721,13147,11713,24860,2019-08-01
DY11,1382,1754,3136,11511,9991,21502,2019-08-01
DY12,357,430,787,5059,4668,9727,2019-08-01
DY13,801,1016,1817,8878,8030,16908,2019-08-01
DY14,216,208,424,3666,3358,7024,2019-08-01
E0,0,0,0,1,0,1,2019-08-01
E1,11498,8810,20308,18024,9218,27242,2019-08-01
E1,0,1,1,0,0,0,2019-08-01
E1,1,0,1,0,0,0,2019-08-01
E1,0,0,0,0,1,1,2019-08-01
E1,1106,1251,2357,4777,3124,7901,2019-08-01
E2,5866,5793,11659,12242,7548,19790,2019-08-01
E2,0,1,1,0,0,0,2019-08-01
E2,0,0,0,0,1,1,2019-08-01
E3,7112,7216,14328,15961,10289,26250,2019-08-01
E4,4701,5280,9981,22826,19165,41991,2019-08-01
E5,7529,7663,15192,12469,8459,20928,2019-08-01
E6,17038,13427,30465,24308,12732,37040,2019-08-01
E7,12651,9046,21697,16472,8580,25052,2019-08-01
E8,5747,6215,11962,10985,7870,18855,2019-08-01
E9,5853,6530,12383,9804,7147,16951,2019-08-01
E10,8054,6785,14839,14872,8635,23507,2019-08-01
E11,7086,6697,13783,18966,13804,32770,2019-08-01
E12,9541,7027,16568,12629,6575,19204,2019-08-01
E13,10153,8050,18203,13775,7325,21100,2019-08-01
E14,10232,10640,20872,26240,15566,41806,2019-08-01
E15,9622,8579,18201,15941,8935,24876,2019-08-01
E16,7569,7982,15551,15464,9364,24828,2019-08-01
E17,15561,14519,30080,34599,23063,57662,2019-08-01
E18,1416,1517,2933,7253,6254,13507,2019-08-01
E19,0,0,0,1,0,1,2019-08-01
E20,398,510,908,1608,996,2604,2019-08-01
EC1,16,7,23,21,6,27,2019-08-01
EC1,78,61,139,338,190,528,2019-08-01
EC1,2,0,2,1,0,1,2019-08-01
EC1,0,0,0,0,1,1,2019-08-01
EC1,112,98,210,459,263,722,2019-08-01
EC1,302,344,646,715,385,1100,2019-08-01
EC1,2,2,4,4,0,4,2019-08-01
EC1,1,0,1,0,0,0,2019-08-01
EC1,571,646,1217,1513,1018,2531,2019-08-01
EC1,0,1,1,1,0,1,2019-08-01
EC1,2,1,3,0,0,0,2019-08-01
EC1,1620,1640,3260,3739,2212,5951,2019-08-01
EC1,397,409,806,1067,638,1705,2019-08-01
EC1,0,0,0,1,0,1,2019-08-01
EC2,1,1,2,6,2,8,2019-08-01
EC2,128,110,238,563,291,854,2019-08-01
EC2,0,1,1,2,0,2,2019-08-01
EC2,21,8,29,169,33,202,2019-08-01
EC2,4,3,7,30,6,36,2019-08-01
EC2,0,0,0,5,2,7,2019-08-01
EC2,2,1,3,41,16,57,2019-08-01
EC2,0,0,0,1,0,1,2019-08-01
EC2,4,5,9,96,26,122,2019-08-01
EC2,194,194,388,1444,993,2437,2019-08-01
EC3,0,1,1,1,0,1,2019-08-01
EC3,8,5,13,72,9,81,2019-08-01
EC3,5,4,9,20,8,28,2019-08-01
EC3,28,26,54,138,58,196,2019-08-01
EC3,1,0,1,1,1,2,2019-08-01
EC3,18,11,29,64,31,95,2019-08-01
EC3,4,1,5,58,19,77,2019-08-01
EC3,1,0,1,0,0,0,2019-08-01
EC4,2,1,3,3,2,5,2019-08-01
EC4,51,23,74,144,89,233,2019-08-01
EC4,0,0,0,1,0,1,2019-08-01
EC4,0,0,0,1,0,1,2019-08-01
EC4,16,14,30,130,48,178,2019-08-01
EC4,6,1,7,69,18,87,2019-08-01
EC4,0,0,0,10,4,14,2019-08-01
EC4,6,6,12,43,13,56,2019-08-01
EC4,1,0,1,0,0,0,2019-08-01
EC4,29,28,57,177,103,280,2019-08-01
EC4,0,0,0,1,0,1,2019-08-01
EC4,16,16,32,123,71,194,2019-08-01
EC8,0,1,1,0,0,0,2019-08-01
EC10,1,0,1,0,0,0,2019-08-01
EC11,0,1,1,0,0,0,2019-08-01
EC12,0,0,0,1,0,1,2019-08-01
EC14,1,2,3,4,0,4,2019-08-01
EC15,0,0,0,1,0,1,2019-08-01
EC16,0,0,0,1,0,1,2019-08-01
EC17,1,0,1,2,2,4,2019-08-01
EC19,0,1,1,1,0,1,2019-08-01
EC24,0,0,0,0,1,1,2019-08-01
EC27,0,0,0,3,1,4,2019-08-01
EC28,0,0,0,1,0,1,2019-08-01
EC31,0,0,0,0,1,1,2019-08-01
EC34,1,0,1,0,0,0,2019-08-01
EC47,0,0,0,4,0,4,2019-08-01
EC77,1,0,1,0,0,0,2019-08-01
EH0,1,5,6,1,3,4,2019-08-01
EH1,585,524,1109,1450,1021,2471,2019-08-01
EH1,0,1,1,0,0,0,2019-08-01
EH2,110,103,213,435,254,689,2019-08-01
EH3,1798,1909,3707,7433,6272,13705,2019-08-01
EH3,0,0,0,1,0,1,2019-08-01
EH4,3777,4239,8016,18032,16076,34108,2019-08-01
EH5,1547,1922,3469,6473,5378,11851,2019-08-01
EH6,3339,3498,6837,12149,9719,21868,2019-08-01
EH7,2778,3051,5829,10250,8021,18271,2019-08-01
EH8,1855,1915,3770,5831,4677,10508,2019-08-01
EH9,1362,1501,2863,6384,5930,12314,2019-08-01
EH10,1976,1901,3877,13001,11607,24608,2019-08-01
EH11,3740,3823,7563,10221,7614,17835,2019-08-01
EH12,1944,2448,4392,14135,13143,27278,2019-08-01
EH13,921,1058,1979,4840,4352,9192,2019-08-01
EH14,2691,2959,5650,13245,11266,24511,2019-08-01
EH15,1369,1597,2966,6993,6286,13279,2019-08-01
EH16,2459,2883,5342,9186,7632,16818,2019-08-01
EH17,1439,1867,3306,6041,4835,10876,2019-08-01
EH18,99,155,254,845,813,1658,2019-08-01
EH19,699,904,1603,5220,4865,10085,2019-08-01
EH20,361,494,855,2348,1946,4294,2019-08-01
EH21,1554,1883,3437,8210,7310,15520,2019-08-01
EH22,1806,2353,4159,10878,9528,20406,2019-08-01
EH23,483,667,1150,3226,2848,6074,2019-08-01
EH24,73,126,199,712,683,1395,2019-08-01
EH25,159,215,374,1236,1157,2393,2019-08-01
EH26,886,1204,2090,6092,5395,11487,2019-08-01
EH27,145,168,313,1080,1025,2105,2019-08-01
EH28,149,197,346,1306,1151,2457,2019-08-01
EH29,207,281,488,1944,1812,3756,2019-08-01
EH30,458,642,1100,3788,3447,7235,2019-08-01
EH31,82,83,165,1023,998,2021,2019-08-01
EH32,934,1226,2160,6951,6206,13157,2019-08-01
EH33,654,872,1526,4816,4244,9060,2019-08-01
EH34,68,84,152,1016,992,2008,2019-08-01
EH35,84,155,239,829,685,1514,2019-08-01
EH36,13,8,21,170,166,336,2019-08-01
EH37,52,86,138,651,617,1268,2019-08-01
EH38,13,13,26,172,178,350,2019-08-01
EH39,369,470,839,3737,3649,7386,2019-08-01
EH40,64,85,149,848,831,1679,2019-08-01
EH41,494,646,1140,4704,4435,9139,2019-08-01
EH42,485,611,1096,4149,3853,8002,2019-08-01
EH43,45,63,108,274,255,529,2019-08-01
EH44,122,162,284,1268,1188,2456,2019-08-01
EH45,453,553,1006,4091,3896,7987,2019-08-01
EH46,125,140,265,1488,1494,2982,2019-08-01
EH47,1452,2028,3480,9185,7597,16782,2019-08-01
EH48,1761,2324,4085,13417,11688,25105,2019-08-01
EH49,644,841,1485,6113,5719,11832,2019-08-01
EH51,716,875,1591,5174,4573,9747,2019-08-01
EH52,943,1306,2249,7244,6205,13449,2019-08-01
EH53,466,602,1068,4143,3728,7871,2019-08-01
EH54,3644,4702,8346,18388,15637,34025,2019-08-01
EH55,421,524,945,3028,2554,5582,2019-08-01
EN0,0,0,0,0,1,1,2019-08-01
EN1,3568,4347,7915,15471,13426,28897,2019-08-01
EN2,1666,2138,3804,10920,9891,20811,2019-08-01
EN3,5982,7732,13714,17746,13461,31207,2019-08-01
EN4,1611,1813,3424,10025,9088,19113,2019-08-01
EN5,2593,3172,5765,14330,12905,27235,2019-08-01
EN6,1247,1448,2695,11678,10982,22660,2019-08-01
EN7,836,957,1793,8662,8240,16902,2019-08-01
EN8,2278,2739,5017,13720,11343,25063,2019-08-01
EN9,1117,1289,2406,9763,8573,18336,2019-08-01
EN10,728,851,1579,6817,6416,13233,2019-08-01
EN11,1014,1112,2126,8568,7558,16126,2019-08-01
EX0,0,0,0,2,0,2,2019-08-01
EX1,1295,1515,2810,7454,6670,14124,2019-08-01
EX2,2141,2603,4744,15040,13589,28629,2019-08-01
EX3,156,152,308,1886,1936,3822,2019-08-01
EX4,3308,3844,7152,16195,13525,29720,2019-08-01
EX5,637,771,1408,9382,9102,18484,2019-08-01
EX6,394,427,821,6086,5879,11965,2019-08-01
EX7,616,738,1354,5073,4686,9759,2019-08-01
EX8,1711,2041,3752,13650,12652,26302,2019-08-01
EX9,168,229,397,2763,2756,5519,2019-08-01
EX10,535,673,1208,6618,6639,13257,2019-08-01
EX11,257,288,545,3543,3542,7085,2019-08-01
EX12,274,403,677,3693,3507,7200,2019-08-01
EX13,390,472,862,5012,4831,9843,2019-08-01
EX14,674,828,1502,8407,7865,16272,2019-08-01
EX15,733,817,1550,8911,8349,17260,2019-08-01
EX16,1263,1543,2806,12244,11307,23551,2019-08-01
EX17,727,843,1570,7609,7256,14865,2019-08-01
EX18,108,96,204,1352,1285,2637,2019-08-01
EX19,60,105,165,1575,1460,3035,2019-08-01
EX20,707,910,1617,8405,7783,16188,2019-08-01
EX21,108,105,213,1898,1801,3699,2019-08-01
EX22,319,386,705,4717,4227,8944,2019-08-01
EX23,575,673,1248,6210,5849,12059,2019-08-01
EX24,109,129,238,1497,1507,3004,2019-08-01
EX31,915,1109,2024,10096,9442,19538,2019-08-01
EX32,1356,1588,2944,8288,7298,15586,2019-08-01
EX33,334,413,747,4015,3769,7784,2019-08-01
EX34,939,1108,2047,6347,5427,11774,2019-08-01
EX35,82,74,156,696,629,1325,2019-08-01
EX36,321,360,681,3652,3312,6964,2019-08-01
EX37,77,95,172,1662,1526,3188,2019-08-01
EX38,317,359,676,3199,2962,6161,2019-08-01
EX39,1539,1888,3427,14440,13360,27800,2019-08-01
FK1,1461,1904,3365,9767,8273,18040,2019-08-01
FK1,0,0,0,0,1,1,2019-08-01
FK2,2191,2761,4952,17381,15459,32840,2019-08-01
FK3,1007,1258,2265,5347,4429,9776,2019-08-01
FK4,548,817,1365,4793,4304,9097,2019-08-01
FK5,738,1020,1758,7295,6828,14123,2019-08-01
FK6,676,870,1546,4901,4219,9120,2019-08-01
FK7,1538,2135,3673,10291,9395,19686,2019-08-01
FK8,1083,1197,2280,6175,5476,11651,2019-08-01
FK9,600,782,1382,4416,4073,8489,2019-08-01
FK10,1992,2609,4601,12481,11003,23484,2019-08-01
FK11,99,133,232,1040,1018,2058,2019-08-01
FK12,243,290,533,1767,1580,3347,2019-08-01
FK13,297,359,656,2186,1869,4055,2019-08-01
FK14,189,197,386,1844,1777,3621,2019-08-01
FK15,439,524,963,4112,4015,8127,2019-08-01
FK16,82,98,180,919,874,1793,2019-08-01
FK17,149,181,330,1383,1286,2669,2019-08-01
FK18,4,6,10,98,79,177,2019-08-01
FK19,25,27,52,253,208,461,2019-08-01
FK20,28,43,71,164,123,287,2019-08-01
FK21,46,51,97,402,342,744,2019-08-01
FY0,0,0,0,3,3,6,2019-08-01
FY1,3577,3661,7238,9306,5909,15215,2019-08-01
FY2,1408,1572,2980,8157,6964,15121,2019-08-01
FY3,2217,2695,4912,10201,8638,18839,2019-08-01
FY4,2672,3337,6009,14733,12332,27065,2019-08-01
FY5,1696,1931,3627,16622,15105,31727,2019-08-01
FY6,771,938,1709,11317,10653,21970,2019-08-01
FY7,1878,2124,4002,7993,6389,14382,2019-08-01
FY8,1813,1999,3812,16976,15762,32738,2019-08-01
G1,598,405,1003,1519,816,2335,2019-08-01
G2,324,223,547,594,268,862,2019-08-01
G2,0,1,1,0,0,0,2019-08-01
G3,1945,1673,3618,4928,3247,8175,2019-08-01
G4,1342,975,2317,2639,1441,4080,2019-08-01
G5,1423,1233,2656,3161,1972,5133,2019-08-01
G6,0,4,4,4,0,4,2019-08-01
G7,1,0,1,4,2,6,2019-08-01
G8,0,0,0,2,0,2,2019-08-01
G9,0,0,0,3,0,3,2019-08-01
G10,0,2,2,0,0,0,2019-08-01
G11,1614,1670,3284,6017,5345,11362,2019-08-01
G12,1764,1656,3420,8242,7382,15624,2019-08-01
G13,2304,2654,4958,9747,8429,18176,2019-08-01
G14,1571,1779,3350,5128,4237,9365,2019-08-01
G15,1796,2055,3851,4035,3219,7254,2019-08-01
G16,2,1,3,0,0,0,2019-08-01
G17,0,0,0,0,1,1,2019-08-01
G18,0,1,1,0,1,1,2019-08-01
G19,1,0,1,0,0,0,2019-08-01
G20,3141,3355,6496,7756,5952,13708,2019-08-01
G21,3338,3623,6961,6564,4407,10971,2019-08-01
G22,1949,2254,4203,4073,2863,6936,2019-08-01
G23,563,729,1292,2098,1774,3872,2019-08-01
G24,1,0,1,0,0,0,2019-08-01
G25,0,2,2,1,0,1,2019-08-01
G26,0,0,0,2,0,2,2019-08-01
G29,0,0,0,1,0,1,2019-08-01
G30,3,0,3,1,0,1,2019-08-01
G31,2835,2954,5789,5859,4088,9947,2019-08-01
G32,2665,3341,6006,10784,8343,19127,2019-08-01
G33,3509,4206,7715,12512,10438,22950,2019-08-01
G34,1099,1307,2406,1756,1227,2983,2019-08-01
G35,1,1,2,0,0,0,2019-08-01
G36,0,2,2,2,0,2,2019-08-01
G37,0,0,0,0,1,1,2019-08-01
G38,0,0,0,1,0,1,2019-08-01
G39,0,0,0,0,1,1,2019-08-01
G40,1281,1526,2807,3065,1993,5058,2019-08-01
G41,2718,2853,5571,10723,8805,19528,2019-08-01
G42,3780,3234,7014,8178,5562,13740,2019-08-01
G43,1288,1388,2676,5412,4648,10060,2019-08-01
G44,1813,2226,4039,9319,8362,17681,2019-08-01
G45,1723,1987,3710,3353,2268,5621,2019-08-01
G46,1701,1909,3610,8596,7940,16536,2019-08-01
G47,1,1,2,3,1,4,2019-08-01
G48,2,0,2,2,1,3,2019-08-01
G49,0,0,0,3,0,3,2019-08-01
G50,2,0,2,1,1,2,2019-08-01
G51,2953,2917,5870,5852,3788,9640,2019-08-01
G52,2254,2849,5103,8002,6633,14635,2019-08-01
G53,2883,3428,6311,9659,8242,17901,2019-08-01
G54,1,0,1,2,0,2,2019-08-01
G55,0,2,2,1,1,2,2019-08-01
G56,1,1,2,1,0,1,2019-08-01
G57,0,1,1,0,0,0,2019-08-01
G58,0,0,0,1,0,1,2019-08-01
G60,254,314,568,1959,1846,3805,2019-08-01
G61,1076,1126,2202,11137,11113,22250,2019-08-01
G62,597,653,1250,5023,4994,10017,2019-08-01
G63,310,350,660,3859,3995,7854,2019-08-01
G64,1145,1450,2595,9741,9271,19012,2019-08-01
G65,809,1001,1810,4617,3875,8492,2019-08-01
G66,1903,2399,4302,13944,12857,26801,2019-08-01
G67,2662,3283,5945,10509,8336,18845,2019-08-01
G68,793,921,1714,7093,6715,13808,2019-08-01
G69,1775,2261,4036,12267,11021,23288,2019-08-01
G70,0,0,0,1,2,3,2019-08-01
G71,1481,1884,3365,10681,9871,20552,2019-08-01
G72,2909,3593,6502,16728,14729,31457,2019-08-01
G73,2206,2654,4860,9875,8473,18348,2019-08-01
G74,1900,2332,4232,13294,11646,24940,2019-08-01
G75,2360,3109,5469,13576,11881,25457,2019-08-01
G76,939,1117,2056,8139,8065,16204,2019-08-01
G77,864,1044,1908,9863,10007,19870,2019-08-01
G78,1446,1755,3201,7805,6935,14740,2019-08-01
G80,1,0,1,0,0,0,2019-08-01
G81,2954,3664,6618,11217,9301,20518,2019-08-01
G82,1584,2003,3587,8717,7675,16392,2019-08-01
G83,1478,1958,3436,8157,7050,15207,2019-08-01
G84,1196,1433,2629,7791,7163,14954,2019-08-01
GL0,0,0,0,0,1,1,2019-08-01
GL1,3109,3324,6433,11103,7907,19010,2019-08-01
GL1,0,0,0,0,1,1,2019-08-01
GL2,1960,2484,4444,22024,20545,42569,2019-08-01
GL3,1238,1636,2874,12487,11534,24021,2019-08-01
GL4,2381,2997,5378,17227,15369,32596,2019-08-01
GL5,1515,1606,3121,11600,10876,22476,2019-08-01
GL6,829,941,1770,10091,9893,19984,2019-08-01
GL7,1677,1937,3614,17564,16699,34263,2019-08-01
GL8,254,347,601,3511,3475,6986,2019-08-01
GL9,49,61,110,1118,1065,2183,2019-08-01
GL10,595,580,1175,5597,5065,10662,2019-08-01
GL11,618,794,1412,7267,6818,14085,2019-08-01
GL12,474,495,969,6168,5769,11937,2019-08-01
GL13,146,168,314,2527,2256,4783,2019-08-01
GL14,692,859,1551,5835,5073,10908,2019-08-01
GL15,727,906,1633,8422,7696,16118,2019-08-01
GL16,460,625,1085,5382,4973,10355,2019-08-01
GL17,369,504,873,4696,4321,9017,2019-08-01
GL18,260,361,621,3366,3047,6413,2019-08-01
GL19,231,202,433,3707,3567,7274,2019-08-01
GL20,1054,1212,2266,11230,10295,21525,2019-08-01
GL50,1258,1528,2786,7647,6379,14026,2019-08-01
GL51,2770,3396,6166,18340,15795,34135,2019-08-01
GL52,2061,2310,4371,17188,16305,33493,2019-08-01
GL53,781,827,1608,7805,7629,15434,2019-08-01
GL54,786,852,1638,9932,9646,19578,2019-08-01
GL55,182,177,359,2345,2361,4706,2019-08-01
GL56,323,386,709,3792,3754,7546,2019-08-01
GU0,0,0,0,0,1,1,2019-08-01
GU1,1955,2092,4047,11500,10019,21519,2019-08-01
GU2,2172,2256,4428,10518,8799,19317,2019-08-01
GU3,382,420,802,4760,4615,9375,2019-08-01
GU4,567,606,1173,6646,6564,13210,2019-08-01
GU5,346,431,777,4416,4559,8975,2019-08-01
GU6,553,539,1092,5925,5911,11836,2019-08-01
GU7,1093,1219,2312,8748,8409,17157,2019-08-01
GU8,595,636,1231,7118,7123,14241,2019-08-01
GU9,1133,1401,2534,11431,10970,22401,2019-08-01
GU10,658,727,1385,9763,9625,19388,2019-08-01
GU11,1805,2022,3827,8624,6683,15307,2019-08-01
GU12,1524,1930,3454,12290,10928,23218,2019-08-01
GU13,743,14,757,394,33,427,2019-08-01
GU14,2956,3461,6417,21468,18854,40322,2019-08-01
GU15,1809,2017,3826,14318,12820,27138,2019-08-01
GU16,1086,964,2050,9886,8974,18860,2019-08-01
GU17,677,476,1153,5136,4149,9285,2019-08-01
GU18,141,168,309,2999,2993,5992,2019-08-01
GU19,218,212,430,2474,2372,4846,2019-08-01
GU20,122,133,255,1961,1952,3913,2019-08-01
GU21,2862,3190,6052,19388,17058,36446,2019-08-01
GU22,1858,2185,4043,14359,12781,27140,2019-08-01
GU23,232,227,459,2895,2813,5708,2019-08-01
GU24,839,759,1598,7167,6844,14011,2019-08-01
GU25,372,380,752,2810,2839,5649,2019-08-01
GU26,250,238,488,3105,3022,6127,2019-08-01
GU27,694,839,1533,6953,6774,13727,2019-08-01
GU28,251,261,512,2730,2671,5401,2019-08-01
GU29,305,421,726,3853,3975,7828,2019-08-01
GU30,357,421,778,4010,3910,7920,2019-08-01
GU31,399,457,856,4593,4457,9050,2019-08-01
GU32,533,628,1161,4577,4413,8990,2019-08-01
GU33,286,341,627,3356,3286,6642,2019-08-01
GU34,1121,1350,2471,12810,12213,25023,2019-08-01
GU35,982,1177,2159,9658,8649,18307,2019-08-01
GU46,391,456,847,6176,5877,12053,2019-08-01
GU47,645,771,1416,7748,7268,15016,2019-08-01
GU51,742,768,1510,9777,9282,19059,2019-08-01
GU52,441,514,955,7160,7061,14221,2019-08-01
HA0,12340,10038,22378,18658,11431,30089,2019-08-01
HA1,4686,4895,9581,15053,11030,26083,2019-08-01
HA2,5879,6527,12406,21861,16637,38498,2019-08-01
HA3,8500,8352,16852,29754,21664,51418,2019-08-01
HA4,2729,3219,5948,19781,17753,37534,2019-08-01
HA5,2588,2866,5454,18230,16872,35102,2019-08-01
HA6,1211,1553,2764,9489,8889,18378,2019-08-01
HA7,3056,3315,6371,15437,12966,28403,2019-08-01
HA8,8712,8472,17184,27541,20251,47792,2019-08-01
HA9,9839,8049,17888,19527,12461,31988,2019-08-01
HD1,2484,2266,4750,6085,3672,9757,2019-08-01
HD2,2019,2639,4658,9230,7596,16826,2019-08-01
HD3,1428,1963,3391,10681,9651,20332,2019-08-01
HD4,1730,2285,4015,9567,7901,17468,2019-08-01
HD5,1733,2335,4068,9908,8371,18279,2019-08-01
HD6,1302,1537,2839,9443,8441,17884,2019-08-01
HD7,980,1292,2272,8403,7523,15926,2019-08-01
HD8,960,1242,2202,12773,12168,24941,2019-08-01
HD9,1285,1573,2858,13462,12519,25981,2019-08-01
HG1,1677,1956,3633,12404,11315,23719,2019-08-01
HG2,1409,1601,3010,11960,11554,23514,2019-08-01
HG3,893,981,1874,10839,10486,21325,2019-08-01
HG4,911,1172,2083,9625,8931,18556,2019-08-01
HG5,644,738,1382,7170,6788,13958,2019-08-01
HP1,1266,1447,2713,9666,8789,18455,2019-08-01
HP2,2359,2933,5292,14847,12575,27422,2019-08-01
HP2,0,0,0,1,0,1,2019-08-01
HP3,1561,1843,3404,12844,11559,24403,2019-08-01
HP4,895,875,1770,9670,9519,19189,2019-08-01
HP5,1267,1486,2753,10059,9141,19200,2019-08-01
HP6,618,626,1244,5745,5631,11376,2019-08-01
HP7,410,480,890,4357,4195,8552,2019-08-01
HP8,232,250,482,2948,3030,5978,2019-08-01
HP9,623,696,1319,7170,7234,14404,2019-08-01
HP10,575,659,1234,8023,7910,15933,2019-08-01
HP11,997,1119,2116,5689,4590,10279,2019-08-01
HP12,1472,1795,3267,8214,6409,14623,2019-08-01
HP13,2530,3101,5631,16081,13490,29571,2019-08-01
HP14,604,600,1204,7352,7020,14372,2019-08-01
HP15,429,541,970,7148,6986,14134,2019-08-01
HP16,324,374,698,4934,4946,9880,2019-08-01
HP17,327,330,657,4253,4172,8425,2019-08-01
HP18,550,694,1244,7690,7379,15069,2019-08-01
HP19,1366,1787,3153,9055,7632,16687,2019-08-01
HP20,970,1146,2116,5368,4340,9708,2019-08-01
HP21,1816,2321,4137,12255,10536,22791,2019-08-01
HP22,826,870,1696,11013,10856,21869,2019-08-01
HP23,640,733,1373,7087,6850,13937,2019-08-01
HP25,0,0,0,0,1,1,2019-08-01
HP27,391,407,798,5110,4987,10097,2019-08-01
HR1,1292,1467,2759,12439,11487,23926,2019-08-01
HR2,1789,2309,4098,13825,12222,26047,2019-08-01
HR3,172,237,409,3151,3060,6211,2019-08-01
HR4,1282,1437,2719,10956,9996,20952,2019-08-01
HR5,147,167,314,1865,1674,3539,2019-08-01
HR6,808,974,1782,7879,7197,15076,2019-08-01
HR7,217,240,457,2903,2590,5493,2019-08-01
HR8,469,588,1057,5554,5262,10816,2019-08-01
HR9,645,815,1460,8551,7903,16454,2019-08-01
HS1,308,356,664,1507,1335,2842,2019-08-01
HS2,521,688,1209,5183,4502,9685,2019-08-01
HS3,50,74,124,494,366,860,2019-08-01
HS4,18,16,34,97,78,175,2019-08-01
HS5,9,13,22,95,80,175,2019-08-01
HS6,56,94,150,619,548,1167,2019-08-01
HS7,73,99,172,470,392,862,2019-08-01
HS8,82,101,183,707,587,1294,2019-08-01
HS9,78,52,130,435,402,837,2019-08-01
HU1,378,265,643,989,463,1452,2019-08-01
HU2,446,405,851,1031,422,1453,2019-08-01
HU3,3321,3222,6543,7236,3990,11226,2019-08-01
HU4,1481,1832,3313,7650,6099,13749,2019-08-01
HU5,3758,3868,7626,14405,11013,25418,2019-08-01
HU6,2818,3398,6216,8762,6216,14978,2019-08-01
HU7,3136,3895,7031,13791,11041,24832,2019-08-01
HU8,2264,2834,5098,10969,8533,19502,2019-08-01
HU9,3293,4175,7468,10788,7468,18256,2019-08-01
HU10,607,717,1324,7494,7130,14624,2019-08-01
HU11,365,452,817,5144,4576,9720,2019-08-01
HU12,905,1175,2080,9970,8865,18835,2019-08-01
HU13,645,865,1510,5520,4851,10371,2019-08-01
HU14,225,236,461,3478,3398,6876,2019-08-01
HU15,645,822,1467,9401,8941,18342,2019-08-01
HU16,595,708,1303,6029,5547,11576,2019-08-01
HU17,1738,1938,3676,16669,15405,32074,2019-08-01
HU18,378,490,868,3279,2857,6136,2019-08-01
HU19,452,537,989,2471,1685,4156,2019-08-01
HU20,23,27,50,377,370,747,2019-08-01
HU23,1,0,1,0,0,0,2019-08-01
HU30,1,0,1,0,0,0,2019-08-01
HU41,1,0,1,0,0,0,2019-08-01
HU44,0,0,0,0,1,1,2019-08-01
HV15,0,0,0,0,1,1,2019-08-01
HX0,0,0,0,0,1,1,2019-08-01
HX1,2007,2526,4533,6698,4264,10962,2019-08-01
HX2,2110,2801,4911,12585,10635,23220,2019-08-01
HX3,2298,2984,5282,16102,14009,30111,2019-08-01
HX4,427,604,1031,4565,4299,8864,2019-08-01
HX5,555,720,1275,3414,2873,6287,2019-08-01
HX6,944,1187,2131,6831,5899,12730,2019-08-01
HX7,718,822,1540,4656,4621,9277,2019-08-01
IG1,11127,9516,20643,22004,13138,35142,2019-08-01
IG2,3119,3223,6342,10325,7347,17672,2019-08-01
IG3,5113,4807,9920,13355,8671,22026,2019-08-01
IG4,906,946,1852,3747,2856,6603,2019-08-01
IG5,1306,1504,2810,6455,5339,11794,2019-08-01
IG6,2326,2713,5039,10601,8348,18949,2019-08-01
IG7,1290,1600,2890,8122,7308,15430,2019-08-01
IG8,2320,2755,5075,13933,12303,26236,2019-08-01
IG9,534,594,1128,5088,4880,9968,2019-08-01
IG10,1525,1861,3386,12024,11347,23371,2019-08-01
IG11,8839,8637,17476,17962,10806,28768,2019-08-01
IP1,2654,2802,5456,13359,10396,23755,2019-08-01
IP2,2008,2426,4434,10286,7992,18278,2019-08-01
IP3,1773,2257,4030,11884,9469,21353,2019-08-01
IP4,1946,2163,4109,13349,11254,24603,2019-08-01
IP5,524,626,1150,7531,7162,14693,2019-08-01
IP6,435,515,950,7074,6610,13684,2019-08-01
IP7,502,637,1139,6454,5908,12362,2019-08-01
IP8,275,362,637,4516,4088,8604,2019-08-01
IP9,307,356,663,4628,4421,9049,2019-08-01
IP10,69,96,165,1480,1434,2914,2019-08-01
IP11,1142,1487,2629,11923,10218,22141,2019-08-01
IP12,881,927,1808,9776,9325,19101,2019-08-01
IP13,551,624,1175,7703,7506,15209,2019-08-01
IP14,1247,1505,2752,15937,14448,30385,2019-08-01
IP15,78,91,169,891,930,1821,2019-08-01
IP16,307,354,661,2487,2198,4685,2019-08-01
IP17,390,494,884,4800,4691,9491,2019-08-01
IP18,122,146,268,1412,1444,2856,2019-08-01
IP19,274,342,616,4089,3810,7899,2019-08-01
IP20,247,277,524,3257,3039,6296,2019-08-01
IP21,256,312,568,4691,4420,9111,2019-08-01
IP22,795,854,1649,8797,8161,16958,2019-08-01
IP23,219,277,496,3016,2790,5806,2019-08-01
IP24,1781,2245,4026,9417,7529,16946,2019-08-01
IP25,673,787,1460,7222,6462,13684,2019-08-01
IP26,304,364,668,3444,3217,6661,2019-08-01
IP27,914,1102,2016,6201,5495,11696,2019-08-01
IP28,1059,1284,2343,9113,8784,17897,2019-08-01
IP29,215,272,487,3799,3666,7465,2019-08-01
IP30,347,466,813,5737,5479,11216,2019-08-01
IP31,535,697,1232,8397,7951,16348,2019-08-01
IP32,783,960,1743,5663,5177,10840,2019-08-01
IP33,1107,1292,2399,8368,7486,15854,2019-08-01
IV1,193,173,366,1044,947,1991,2019-08-01
IV2,2351,2864,5215,17951,16373,34324,2019-08-01
IV3,1478,1676,3154,6115,4924,11039,2019-08-01
IV3,0,0,0,0,1,1,2019-08-01
IV4,169,206,375,1861,1684,3545,2019-08-01
IV5,53,55,108,530,523,1053,2019-08-01
IV6,157,206,363,1821,1691,3512,2019-08-01
IV7,189,233,422,2375,2267,4642,2019-08-01
IV8,33,32,65,364,371,735,2019-08-01
IV9,55,62,117,471,464,935,2019-08-01
IV10,105,118,223,1093,1063,2156,2019-08-01
IV11,45,55,100,331,313,644,2019-08-01
IV12,602,791,1393,4727,4281,9008,2019-08-01
IV13,11,19,30,283,228,511,2019-08-01
IV14,68,102,170,855,773,1628,2019-08-01
IV15,340,384,724,1978,1746,3724,2019-08-01
IV16,60,73,133,710,657,1367,2019-08-01
IV17,375,466,841,2151,1838,3989,2019-08-01
IV18,307,385,692,2067,1729,3796,2019-08-01
IV19,239,284,523,1716,1538,3254,2019-08-01
IV20,138,177,315,1171,1056,2227,2019-08-01
IV21,50,56,106,448,388,836,2019-08-01
IV22,50,69,119,621,529,1150,2019-08-01
IV23,37,44,81,362,327,689,2019-08-01
IV24,36,65,101,566,522,1088,2019-08-01
IV25,81,100,181,964,937,1901,2019-08-01
IV26,108,121,229,719,684,1403,2019-08-01
IV27,147,163,310,1471,1261,2732,2019-08-01
IV28,15,17,32,188,188,376,2019-08-01
IV30,1610,1989,3599,12462,11117,23579,2019-08-01
IV31,345,437,782,2591,2290,4881,2019-08-01
IV32,197,194,391,1854,1744,3598,2019-08-01
IV33,1,0,1,1,1,2,2019-08-01
IV34,0,0,0,0,1,1,2019-08-01
IV36,725,963,1688,5963,5385,11348,2019-08-01
IV40,120,177,297,986,866,1852,2019-08-01
IV41,33,20,53,139,121,260,2019-08-01
IV42,18,20,38,199,181,380,2019-08-01
IV43,13,15,28,118,101,219,2019-08-01
IV44,9,14,23,110,99,209,2019-08-01
IV45,11,5,16,123,106,229,2019-08-01
IV46,6,5,11,37,30,67,2019-08-01
IV47,17,25,42,255,214,469,2019-08-01
IV48,0,4,4,37,31,68,2019-08-01
IV49,59,64,123,457,381,838,2019-08-01
IV51,221,281,502,2046,1815,3861,2019-08-01
IV52,19,23,42,120,134,254,2019-08-01
IV53,5,4,9,65,58,123,2019-08-01
IV54,52,75,127,567,470,1037,2019-08-01
IV55,44,55,99,531,491,1022,2019-08-01
IV56,7,7,14,156,126,282,2019-08-01
IV62,0,0,0,1,0,1,2019-08-01
IV63,122,134,256,1032,950,1982,2019-08-01
KA1,1431,1857,3288,9732,8460,18192,2019-08-01
KA2,288,389,677,2523,2304,4827,2019-08-01
KA3,1857,2474,4331,13448,12160,25608,2019-08-01
KA4,257,330,587,1918,1777,3695,2019-08-01
KA5,378,599,977,3579,3003,6582,2019-08-01
KA6,964,1278,2242,6546,5627,12173,2019-08-01
KA7,1228,1441,2669,10437,9940,20377,2019-08-01
KA8,1241,1677,2918,5551,4323,9874,2019-08-01
KA9,650,755,1405,5951,5571,11522,2019-08-01
KA10,636,778,1414,6045,5768,11813,2019-08-01
KA11,1141,1540,2681,7121,6264,13385,2019-08-01
KA12,1133,1553,2686,5577,4497,10074,2019-08-01
KA13,1018,1299,2317,5559,4827,10386,2019-08-01
KA14,31,23,54,190,165,355,2019-08-01
KA15,308,404,712,2596,2312,4908,2019-08-01
KA16,188,185,373,1139,887,2026,2019-08-01
KA17,159,210,369,1529,1322,2851,2019-08-01
KA18,1026,1447,2473,7052,5712,12764,2019-08-01
KA19,363,470,833,2661,2340,5001,2019-08-01
KA20,689,859,1548,2644,2172,4816,2019-08-01
KA21,841,947,1788,3820,3260,7080,2019-08-01
KA22,673,963,1636,3470,2941,6411,2019-08-01
KA23,218,254,472,2003,1954,3957,2019-08-01
KA24,305,439,744,2007,1817,3824,2019-08-01
KA25,409,556,965,2251,1862,4113,2019-08-01
KA26,520,689,1209,3690,3138,6828,2019-08-01
KA27,232,307,539,1837,1737,3574,2019-08-01
KA28,47,74,121,430,359,789,2019-08-01
KA29,59,73,132,604,578,1182,2019-08-01
KA30,450,640,1090,4185,3734,7919,2019-08-01
KT1,1900,2048,3948,7705,6219,13924,2019-08-01
KT2,2256,2658,4914,11955,10873,22828,2019-08-01
KT3,3255,3624,6879,15828,13584,29412,2019-08-01
KT4,1567,1741,3308,11749,10795,22544,2019-08-01
KT5,1341,1434,2775,7754,6711,14465,2019-08-01
KT6,2012,2383,4395,11864,10411,22275,2019-08-01
KT7,432,487,919,4111,4152,8263,2019-08-01
KT8,1024,1161,2185,8031,7646,15677,2019-08-01
KT9,1338,1460,2798,7994,7108,15102,2019-08-01
KT10,948,924,1872,9295,9339,18634,2019-08-01
KT11,917,927,1844,7122,7295,14417,2019-08-01
KT12,1811,1984,3795,15258,14746,30004,2019-08-01
KT13,977,1123,2100,10292,10045,20337,2019-08-01
KT14,623,642,1265,5400,5282,10682,2019-08-01
KT15,1242,1370,2612,11524,10802,22326,2019-08-01
KT16,824,1013,1837,7835,7313,15148,2019-08-01
KT17,1169,1144,2313,9806,9075,18881,2019-08-01
KT18,712,855,1567,6571,6509,13080,2019-08-01
KT19,2067,2314,4381,13581,12597,26178,2019-08-01
KT20,689,850,1539,8696,8487,17183,2019-08-01
KT21,434,495,929,5494,5549,11043,2019-08-01
KT22,1112,1124,2236,10097,9635,19732,2019-08-01
KT23,344,313,657,4511,4547,9058,2019-08-01
KT24,250,264,514,3959,4051,8010,2019-08-01
KW1,454,525,979,3880,3352,7232,2019-08-01
KW2,5,3,8,33,28,61,2019-08-01
KW3,33,44,77,412,361,773,2019-08-01
KW5,10,14,24,128,111,239,2019-08-01
KW6,17,7,24,153,118,271,2019-08-01
KW7,2,4,6,47,37,84,2019-08-01
KW8,28,39,67,318,269,587,2019-08-01
KW9,67,92,159,654,578,1232,2019-08-01
KW10,75,92,167,607,543,1150,2019-08-01
KW11,8,8,16,50,40,90,2019-08-01
KW12,42,65,107,642,597,1239,2019-08-01
KW13,3,4,7,40,31,71,2019-08-01
KW14,630,739,1369,4431,3742,8173,2019-08-01
KW15,406,512,918,2936,2682,5618,2019-08-01
KW16,150,230,380,1357,1239,2596,2019-08-01
KW17,369,424,793,3571,3270,6841,2019-08-01
KY1,1366,1760,3126,8467,6938,15405,2019-08-01
KY2,1488,2066,3554,10283,9094,19377,2019-08-01
KY3,540,654,1194,3933,3594,7527,2019-08-01
KY4,1134,1568,2702,7612,6282,13894,2019-08-01
KY5,1085,1555,2640,6520,5213,11733,2019-08-01
KY6,1052,1364,2416,6295,5446,11741,2019-08-01
KY7,1501,1838,3339,9328,8150,17478,2019-08-01
KY8,1885,2440,4325,11499,9775,21274,2019-08-01
KY9,68,76,144,727,749,1476,2019-08-01
KY10,377,514,891,3350,3107,6457,2019-08-01
KY11,3233,3993,7226,21716,19426,41142,2019-08-01
KY12,1867,2229,4096,14238,12761,26999,2019-08-01
KY13,379,408,787,4644,4610,9254,2019-08-01
KY14,218,296,514,2649,2417,5066,2019-08-01
KY15,767,999,1766,8153,7654,15807,2019-08-01
KY16,1152,1360,2512,6345,5794,12139,2019-08-01
L1,653,569,1222,1447,842,2289,2019-08-01
L2,89,52,141,250,119,369,2019-08-01
L3,1117,1051,2168,3401,2143,5544,2019-08-01
L4,4045,4914,8959,9826,6701,16527,2019-08-01
L5,1480,1829,3309,3195,1898,5093,2019-08-01
L6,2839,2883,5722,5262,2941,8203,2019-08-01
L7,2534,2347,4881,3793,1971,5764,2019-08-01
L8,4435,4519,8954,7178,4299,11477,2019-08-01
L9,2351,3060,5411,9180,6986,16166,2019-08-01
L10,909,1279,2188,5058,4175,9233,2019-08-01
L11,2511,3421,5932,7280,5412,12692,2019-08-01
L12,1679,2198,3877,10767,9638,20405,2019-08-01
L13,2773,3310,6083,8195,5890,14085,2019-08-01
L14,2167,3077,5244,7712,6170,13882,2019-08-01
L15,2529,2698,5227,7168,5438,12606,2019-08-01
L16,697,855,1552,5379,4942,10321,2019-08-01
L17,1625,1699,3324,7100,6094,13194,2019-08-01
L18,1309,1569,2878,8918,8170,17088,2019-08-01
L19,1532,1839,3371,7736,6665,14401,2019-08-01
L20,3229,3801,7030,8382,5791,14173,2019-08-01
L21,2000,2607,4607,6911,5274,12185,2019-08-01
L22,959,1081,2040,4512,3768,8280,2019-08-01
L23,1607,1928,3535,11123,10250,21373,2019-08-01
L24,1325,1859,3184,4626,3393,8019,2019-08-01
L25,2007,2395,4402,11722,10090,21812,2019-08-01
L26,1064,1309,2373,5187,4572,9759,2019-08-01
L27,537,787,1324,1740,1303,3043,2019-08-01
L28,651,845,1496,1664,1042,2706,2019-08-01
L29,23,22,45,210,206,416,2019-08-01
L30,1516,2005,3521,5730,4470,10200,2019-08-01
L31,1259,1467,2726,11512,10488,22000,2019-08-01
L32,1768,2336,4104,5829,4333,10162,2019-08-01
L33,1598,2114,3712,4969,3831,8800,2019-08-01
L34,640,780,1420,4559,3794,8353,2019-08-01
L35,1711,2381,4092,10606,8718,19324,2019-08-01
L36,3133,4294,7427,12391,10024,22415,2019-08-01
L37,848,948,1796,9186,8967,18153,2019-08-01
L38,84,98,182,1076,1066,2142,2019-08-01
L39,1038,1202,2240,10096,9506,19602,2019-08-01
L40,579,615,1194,7581,7075,14656,2019-08-01
L41,116,130,246,110,54,164,2019-08-01
L42,60,45,105,77,34,111,2019-08-01
L43,90,129,219,157,130,287,2019-08-01
L44,48,31,79,74,26,100,2019-08-01
L45,20,24,44,63,41,104,2019-08-01
L46,18,26,44,82,35,117,2019-08-01
L47,15,13,28,41,31,72,2019-08-01
L48,12,14,26,51,41,92,2019-08-01
L49,24,34,58,63,51,114,2019-08-01
L52,0,1,1,0,0,0,2019-08-01
L60,6,17,23,100,97,197,2019-08-01
L61,13,12,25,44,55,99,2019-08-01
L62,30,30,60,69,50,119,2019-08-01
L63,20,19,39,83,50,133,2019-08-01
L64,28,25,53,120,108,228,2019-08-01
L65,25,26,51,61,33,94,2019-08-01
L66,26,29,55,124,106,230,2019-08-01
L67,0,1,1,0,0,0,2019-08-01
L69,19,5,24,29,6,35,2019-08-01
L71,0,1,1,0,0,0,2019-08-01
LA0,0,0,0,0,1,1,2019-08-01
LA1,3347,3909,7256,15040,12665,27705,2019-08-01
LA2,635,753,1388,8511,8190,16701,2019-08-01
LA3,1421,1666,3087,9049,7840,16889,2019-08-01
LA4,1470,1743,3213,8721,7302,16023,2019-08-01
LA5,524,615,1139,6414,6149,12563,2019-08-01
LA6,302,378,680,5525,5483,11008,2019-08-01
LA7,135,154,289,2045,1971,4016,2019-08-01
LA8,190,228,418,3857,3701,7558,2019-08-01
LA9,1170,1466,2636,11508,10536,22044,2019-08-01
LA10,106,101,207,1406,1346,2752,2019-08-01
LA11,239,290,529,4052,3952,8004,2019-08-01
LA12,663,830,1493,7964,7269,15233,2019-08-01
LA13,1021,1243,2264,6798,5912,12710,2019-08-01
LA14,2530,2963,5493,11801,9401,21202,2019-08-01
LA15,332,442,774,2769,2440,5209,2019-08-01
LA16,96,136,232,1353,1175,2528,2019-08-01
LA17,22,33,55,499,468,967,2019-08-01
LA18,362,464,826,2921,2388,5309,2019-08-01
LA19,19,36,55,431,400,831,2019-08-01
LA20,17,38,55,520,478,998,2019-08-01
LA21,33,46,79,407,364,771,2019-08-01
LA22,226,247,473,1825,1664,3489,2019-08-01
LA23,440,445,885,3337,2975,6312,2019-08-01
LD0,0,0,0,1,0,1,2019-08-01
LD1,362,443,805,4474,4071,8545,2019-08-01
LD2,150,175,325,2182,2027,4209,2019-08-01
LD3,743,801,1544,7572,6955,14527,2019-08-01
LD4,20,19,39,307,294,601,2019-08-01
LD5,29,45,74,442,395,837,2019-08-01
LD6,74,118,192,1095,969,2064,2019-08-01
LD7,128,172,300,1876,1657,3533,2019-08-01
LD8,96,115,211,1833,1720,3553,2019-08-01
LE0,0,0,0,1,0,1,2019-08-01
LE1,1748,1601,3349,2781,1387,4168,2019-08-01
LE2,9170,10106,19276,35484,28052,63536,2019-08-01
LE3,7907,9204,17111,32965,24781,57746,2019-08-01
LE4,9073,11071,20144,32554,24074,56628,2019-08-01
LE5,8569,9772,18341,28383,20595,48978,2019-08-01
LE6,344,433,777,4849,4459,9308,2019-08-01
LE7,1320,1679,2999,19213,17949,37162,2019-08-01
LE8,999,1316,2315,14937,14376,29313,2019-08-01
LE9,1767,2254,4021,22655,20749,43404,2019-08-01
LE10,1775,2139,3914,19839,17665,37504,2019-08-01
LE11,3827,3953,7780,19442,14976,34418,2019-08-01
LE12,2060,2509,4569,25608,24019,49627,2019-08-01
LE13,1086,1390,2476,9906,8697,18603,2019-08-01
LE14,395,502,897,7421,7060,14481,2019-08-01
LE15,1008,1324,2332,12931,12307,25238,2019-08-01
LE16,1234,1452,2686,14056,13318,27374,2019-08-01
LE17,550,692,1242,9027,8355,17382,2019-08-01
LE18,1388,1809,3197,11776,10293,22069,2019-08-01
LE19,454,611,1065,5903,5547,11450,2019-08-01
LE62,0,1,1,0,0,0,2019-08-01
LE65,530,630,1160,6207,5709,11916,2019-08-01
LE67,2242,2863,5105,23551,20614,44165,2019-08-01
LL1,2,1,3,8,6,14,2019-08-01
LL2,0,0,0,3,0,3,2019-08-01
LL10,0,0,0,1,0,1,2019-08-01
LL11,1892,2395,4287,13302,11277,24579,2019-08-01
LL12,1217,1390,2607,10522,9531,20053,2019-08-01
LL13,2304,2630,4934,10938,8919,19857,2019-08-01
LL14,1703,2429,4132,11066,9063,20129,2019-08-01
LL15,375,443,818,3992,3754,7746,2019-08-01
LL16,646,799,1445,5637,5162,10799,2019-08-01
LL17,174,227,401,2179,2048,4227,2019-08-01
LL18,2564,3249,5813,13938,11859,25797,2019-08-01
LL19,979,1272,2251,7152,6387,13539,2019-08-01
LL20,350,367,717,3167,2748,5915,2019-08-01
LL21,191,252,443,2616,2348,4964,2019-08-01
LL22,680,869,1549,6988,6172,13160,2019-08-01
LL23,124,135,259,1577,1355,2932,2019-08-01
LL24,52,77,129,869,721,1590,2019-08-01
LL25,19,15,34,186,172,358,2019-08-01
LL26,184,239,423,1618,1399,3017,2019-08-01
LL27,32,45,77,324,277,601,2019-08-01
LL28,501,633,1134,5072,4876,9948,2019-08-01
LL29,1212,1417,2629,6791,6000,12791,2019-08-01
LL30,1094,1356,2450,7325,6518,13843,2019-08-01
LL31,390,505,895,3611,3420,7031,2019-08-01
LL32,301,358,659,2453,2285,4738,2019-08-01
LL33,196,229,425,1368,1260,2628,2019-08-01
LL34,190,285,475,1546,1418,2964,2019-08-01
LL35,20,29,49,296,249,545,2019-08-01
LL36,139,214,353,1674,1458,3132,2019-08-01
LL37,18,21,39,241,191,432,2019-08-01
LL38,13,37,50,277,213,490,2019-08-01
LL39,9,15,24,85,73,158,2019-08-01
LL40,165,194,359,1559,1379,2938,2019-08-01
LL41,314,410,724,2120,1713,3833,2019-08-01
LL42,137,172,309,772,633,1405,2019-08-01
LL43,12,17,29,215,195,410,2019-08-01
LL44,26,36,62,374,369,743,2019-08-01
LL45,30,17,47,235,228,463,2019-08-01
LL46,52,60,112,665,613,1278,2019-08-01
LL47,14,30,44,233,196,429,2019-08-01
LL48,94,128,222,903,800,1703,2019-08-01
LL49,222,218,440,1500,1256,2756,2019-08-01
LL51,26,27,53,340,286,626,2019-08-01
LL52,78,89,167,1012,962,1974,2019-08-01
LL53,499,583,1082,6105,5607,11712,2019-08-01
LL54,433,495,928,4134,3731,7865,2019-08-01
LL55,1012,1201,2213,7265,6532,13797,2019-08-01
LL56,104,80,184,809,778,1587,2019-08-01
LL57,1744,1800,3544,7547,6367,13914,2019-08-01
LL58,141,196,337,1407,1265,2672,2019-08-01
LL59,249,256,505,2067,1960,4027,2019-08-01
LL60,102,113,215,1194,1111,2305,2019-08-01
LL61,231,225,456,2303,2202,4505,2019-08-01
LL62,69,50,119,718,659,1377,2019-08-01
LL63,48,58,106,511,454,965,2019-08-01
LL64,33,31,64,313,277,590,2019-08-01
LL65,1259,1512,2771,8261,7102,15363,2019-08-01
LL66,7,9,16,111,100,211,2019-08-01
LL67,49,80,129,490,447,937,2019-08-01
LL68,250,334,584,2269,1991,4260,2019-08-01
LL69,27,32,59,279,227,506,2019-08-01
LL70,10,12,22,111,113,224,2019-08-01
LL71,65,78,143,706,645,1351,2019-08-01
LL72,38,51,89,268,237,505,2019-08-01
LL73,1,2,3,91,90,181,2019-08-01
LL74,70,65,135,964,938,1902,2019-08-01
LL75,58,54,112,553,532,1085,2019-08-01
LL76,11,11,22,118,109,227,2019-08-01
LL77,276,377,653,2517,2362,4879,2019-08-01
LL78,13,17,30,212,207,419,2019-08-01
LN1,1241,1413,2654,9740,8502,18242,2019-08-01
LN2,2144,2583,4727,13286,11520,24806,2019-08-01
LN3,273,346,619,3867,3562,7429,2019-08-01
LN4,1236,1622,2858,15303,13954,29257,2019-08-01
LN5,1915,2104,4019,11306,9359,20665,2019-08-01
LN6,2532,3144,5676,21624,19446,41070,2019-08-01
LN7,199,244,443,2575,2386,4961,2019-08-01
LN8,541,704,1245,7113,6447,13560,2019-08-01
LN9,327,356,683,3843,3499,7342,2019-08-01
LN10,135,177,312,2495,2358,4853,2019-08-01
LN11,1062,1312,2374,10933,10188,21121,2019-08-01
LN12,572,715,1287,4965,3937,8902,2019-08-01
LN13,325,353,678,3214,2908,6122,2019-08-01
LS0,0,1,1,0,0,0,2019-08-01
LS1,274,292,566,875,496,1371,2019-08-01
LS2,938,788,1726,1391,653,2044,2019-08-01
LS3,360,314,674,534,289,823,2019-08-01
LS4,801,822,1623,2231,1558,3789,2019-08-01
LS5,607,742,1349,2388,1836,4224,2019-08-01
LS6,3307,3170,6477,8663,6428,15091,2019-08-01
LS7,3074,3625,6699,8526,6667,15193,2019-08-01
LS8,4610,5019,9629,14960,11637,26597,2019-08-01
LS9,4465,5202,9667,9161,5101,14262,2019-08-01
LS10,2922,3971,6893,10386,7345,17731,2019-08-01
LS11,3870,4394,8264,9245,5348,14593,2019-08-01
LS12,3240,3912,7152,12264,8876,21140,2019-08-01
LS13,2596,3459,6055,10860,8605,19465,2019-08-01
LS14,2680,3623,6303,10523,8281,18804,2019-08-01
LS15,1830,2259,4089,12633,10909,23542,2019-08-01
LS16,1726,2114,3840,13041,12134,25175,2019-08-01
LS17,1793,2429,4222,16951,15834,32785,2019-08-01
LS18,1253,1062,2315,8169,7070,15239,2019-08-01
LS19,794,1023,1817,7400,6879,14279,2019-08-01
LS20,489,559,1048,4829,4599,9428,2019-08-01
LS21,716,876,1592,6945,6525,13470,2019-08-01
LS22,468,548,1016,6496,6326,12822,2019-08-01
LS23,272,305,577,3427,3424,6851,2019-08-01
LS24,378,458,836,4768,4428,9196,2019-08-01
LS25,1515,2102,3617,15649,14104,29753,2019-08-01
LS26,1309,1809,3118,11079,9818,20897,2019-08-01
LS27,1838,2475,4313,12914,10772,23686,2019-08-01
LS28,1736,2397,4133,14268,12892,27160,2019-08-01
LS29,1076,1187,2263,12634,12537,25171,2019-08-01
LS42,0,0,0,0,1,1,2019-08-01
LS70,0,0,0,1,0,1,2019-08-01
LU1,5975,5390,11365,14849,9257,24106,2019-08-01
LU2,4067,4857,8924,21805,17443,39248,2019-08-01
LU3,5008,6287,11295,21830,16194,38024,2019-08-01
LU4,5047,6249,11296,17845,12053,29898,2019-08-01
LU5,2117,2727,4844,15035,12443,27478,2019-08-01
LU6,1285,1651,2936,13557,11896,25453,2019-08-01
LU7,2028,2407,4435,23098,21059,44157,2019-08-01
M0,18,7,25,27,15,42,2019-08-01
M1,1021,720,1741,2543,1260,3803,2019-08-01
M2,16,13,29,52,34,86,2019-08-01
M3,1119,942,2061,3734,2139,5873,2019-08-01
M4,1035,821,1856,3573,2252,5825,2019-08-01
M4,0,0,0,1,0,1,2019-08-01
M5,1856,1908,3764,4712,3046,7758,2019-08-01
M6,3311,3284,6595,9738,6832,16570,2019-08-01
M7,3363,2914,6277,8324,5549,13873,2019-08-01
M8,4766,4353,9119,10135,5664,15799,2019-08-01
M9,4032,5014,9046,11296,8208,19504,2019-08-01
M10,86,68,154,70,23,93,2019-08-01
M11,2533,3223,5756,5719,3731,9450,2019-08-01
M12,3005,2628,5633,4824,2558,7382,2019-08-01
M13,3796,3086,6882,5883,3051,8934,2019-08-01
M14,6050,5247,11297,10578,6431,17009,2019-08-01
M15,2579,2069,4648,5379,2974,8353,2019-08-01
M16,3774,4105,7879,11282,8293,19575,2019-08-01
M17,3,5,8,15,4,19,2019-08-01
M18,2642,3081,5723,6137,4057,10194,2019-08-01
M19,3880,3975,7855,11291,8273,19564,2019-08-01
M20,3330,3581,6911,15656,13630,29286,2019-08-01
M21,2157,2426,4583,9982,8800,18782,2019-08-01
M22,3751,4580,8331,12256,9560,21816,2019-08-01
M23,2496,3057,5553,9455,7806,17261,2019-08-01
M24,3302,3972,7274,15680,12802,28482,2019-08-01
M25,1903,2185,4088,11054,9570,20624,2019-08-01
M26,2072,2576,4648,12138,10381,22519,2019-08-01
M27,2376,2870,5246,13870,11890,25760,2019-08-01
M28,1856,2183,4039,15237,13931,29168,2019-08-01
M29,964,1196,2160,8732,7893,16625,2019-08-01
M30,2772,3202,5974,12083,9331,21414,2019-08-01
M31,713,888,1601,2550,2130,4680,2019-08-01
M32,2069,2475,4544,9520,8208,17728,2019-08-01
M33,2872,3290,6162,22610,20743,43353,2019-08-01
M34,2564,3117,5681,16400,13960,30360,2019-08-01
M35,1288,1547,2835,6978,5812,12790,2019-08-01
M38,1154,1511,2665,3732,2767,6499,2019-08-01
M39,0,1,1,1,0,1,2019-08-01
M40,4290,5148,9438,11948,8491,20439,2019-08-01
M41,1872,2182,4054,15342,14252,29594,2019-08-01
M43,1418,2004,3422,7877,6341,14218,2019-08-01
M44,1080,1441,2521,6814,5710,12524,2019-08-01
M45,1271,1635,2906,7992,7119,15111,2019-08-01
M46,1129,1391,2520,7622,6271,13893,2019-08-01
M47,1,0,1,0,0,0,2019-08-01
M50,293,281,574,1370,842,2212,2019-08-01
M51,0,0,0,1,0,1,2019-08-01
M52,0,0,0,1,0,1,2019-08-01
M54,0,0,0,1,0,1,2019-08-01
M60,37,18,55,64,15,79,2019-08-01
M61,0,0,0,1,1,2,2019-08-01
M70,1,0,1,4,1,5,2019-08-01
M73,0,0,0,1,0,1,2019-08-01
M74,0,0,0,2,0,2,2019-08-01
M87,0,1,1,0,0,0,2019-08-01
M90,1,0,1,1,0,1,2019-08-01
ME1,1769,2228,3997,11090,9541,20631,2019-08-01
ME2,2204,2802,5006,15074,13036,28110,2019-08-01
ME3,1061,1305,2366,11498,10502,22000,2019-08-01
ME4,2778,3099,5877,10059,7232,17291,2019-08-01
ME5,2444,3284,5728,19556,17057,36613,2019-08-01
ME6,484,652,1136,4037,3665,7702,2019-08-01
ME7,3761,4721,8482,17081,13562,30643,2019-08-01
ME8,2144,2598,4742,18863,16965,35828,2019-08-01
ME9,792,909,1701,9118,8389,17507,2019-08-01
ME10,2648,3189,5837,17560,15081,32641,2019-08-01
ME11,285,340,625,1213,981,2194,2019-08-01
ME12,2145,2803,4948,14009,11525,25534,2019-08-01
ME13,1320,1623,2943,10261,9338,19599,2019-08-01
ME14,1493,1657,3150,12412,10745,23157,2019-08-01
ME15,2566,3154,5720,18680,15814,34494,2019-08-01
ME16,1465,1881,3346,12006,10440,22446,2019-08-01
ME17,765,867,1632,10352,9508,19860,2019-08-01
ME18,223,252,475,2970,2774,5744,2019-08-01
ME19,728,892,1620,9364,9136,18500,2019-08-01
ME20,797,948,1745,8167,7683,15850,2019-08-01
ME21,0,0,0,1,0,1,2019-08-01
ME22,0,0,0,1,0,1,2019-08-01
ME24,0,1,1,4,5,9,2019-08-01
ME30,0,0,0,1,0,1,2019-08-01
ME37,0,0,0,0,1,1,2019-08-01
ME38,0,0,0,1,0,1,2019-08-01
ME39,0,0,0,1,0,1,2019-08-01
ME50,0,0,0,1,0,1,2019-08-01
MK0,0,0,0,0,1,1,2019-08-01
MK1,75,59,134,310,174,484,2019-08-01
MK2,1353,1794,3147,5143,3818,8961,2019-08-01
MK3,1367,1812,3179,9223,8171,17394,2019-08-01
MK4,1095,1444,2539,8141,7666,15807,2019-08-01
MK5,889,1039,1928,5681,5236,10917,2019-08-01
MK6,3488,4083,7571,9155,6251,15406,2019-08-01
MK7,761,945,1706,5717,5148,10865,2019-08-01
MK8,707,939,1646,4895,4355,9250,2019-08-01
MK9,504,441,945,1304,681,1985,2019-08-01
MK10,877,1194,2071,6895,6280,13175,2019-08-01
MK11,524,677,1201,3305,2953,6258,2019-08-01
MK12,1124,1354,2478,4861,3686,8547,2019-08-01
MK13,1533,1795,3328,6775,5421,12196,2019-08-01
MK14,1749,2106,3855,7743,5974,13717,2019-08-01
MK15,395,449,844,2851,2648,5499,2019-08-01
MK16,740,853,1593,7334,6897,14231,2019-08-01
MK17,490,569,1059,7776,7590,15366,2019-08-01
MK18,1503,1546,3049,12977,12492,25469,2019-08-01
MK19,375,433,808,4913,4651,9564,2019-08-01
MK20,0,1,1,0,0,0,2019-08-01
MK34,1,0,1,1,0,1,2019-08-01
MK40,2854,2832,5686,11915,8971,20886,2019-08-01
MK41,2238,2640,4878,15654,14118,29772,2019-08-01
MK42,3349,4577,7926,17445,14023,31468,2019-08-01
MK43,1381,1377,2758,15187,14646,29833,2019-08-01
MK44,460,494,954,6819,6644,13463,2019-08-01
MK45,1460,1662,3122,18895,17841,36736,2019-08-01
MK46,249,324,573,3668,3547,7215,2019-08-01
ML1,3215,4150,7365,18584,15413,33997,2019-08-01
ML2,2272,2871,5143,12616,10359,22975,2019-08-01
ML3,2919,3796,6715,17774,14830,32604,2019-08-01
ML4,1497,2003,3500,6861,5535,12396,2019-08-01
ML5,2956,3791,6747,14516,11716,26232,2019-08-01
ML6,2976,3900,6876,18347,15524,33871,2019-08-01
ML7,740,1011,1751,5116,4225,9341,2019-08-01
ML8,697,968,1665,7205,6584,13789,2019-08-01
ML9,1188,1679,2867,8171,6964,15135,2019-08-01
ML10,399,472,871,4310,4118,8428,2019-08-01
ML11,1335,1887,3222,12713,11229,23942,2019-08-01
ML12,234,384,618,3607,3317,6924,2019-08-01
N0,1,0,1,1,1,2,2019-08-01
N1,10905,11957,22862,26007,18730,44737,2019-08-01
N1,80,114,194,261,167,428,2019-08-01
N1,0,1,1,0,1,1,2019-08-01
N1,0,1,1,0,0,0,2019-08-01
N1,1,0,1,0,0,0,2019-08-01
N1,0,0,0,0,1,1,2019-08-01
N2,2239,2459,4698,9202,8159,17361,2019-08-01
N2,0,0,0,0,1,1,2019-08-01
N3,2461,2692,5153,11726,10016,21742,2019-08-01
N4,7521,7129,14650,15749,10942,26691,2019-08-01
N5,2516,2835,5351,7789,6257,14046,2019-08-01
N6,1512,1788,3300,7194,6423,13617,2019-08-01
N7,6139,6475,12614,13477,9276,22753,2019-08-01
N8,4841,4815,9656,13386,10675,24061,2019-08-01
N9,6888,8084,14972,15697,11187,26884,2019-08-01
N10,2514,2935,5449,9470,8339,17809,2019-08-01
N11,3068,3337,6405,10866,8330,19196,2019-08-01
N12,2756,3096,5852,12585,10470,23055,2019-08-01
N13,3358,3377,6735,12391,9493,21884,2019-08-01
N14,2070,2431,4501,12236,10306,22542,2019-08-01
N15,8302,7383,15685,13721,7905,21626,2019-08-01
N16,9343,8668,18011,17972,12021,29993,2019-08-01
N17,12324,12139,24463,19055,11657,30712,2019-08-01
N18,4851,5465,10316,9862,6600,16462,2019-08-01
N19,4392,4991,9383,10142,7786,17928,2019-08-01
N20,1351,1513,2864,8033,7378,15411,2019-08-01
N21,1291,1474,2765,9194,8396,17590,2019-08-01
N22,6503,6284,12787,14838,9756,24594,2019-08-01
N41,0,0,0,0,1,1,2019-08-01
NE1,854,643,1497,1814,788,2602,2019-08-01
NE2,1572,1416,2988,5606,4084,9690,2019-08-01
NE2,0,0,0,1,0,1,2019-08-01
NE3,2942,3717,6659,17919,15475,33394,2019-08-01
NE4,5071,4384,9455,9344,4937,14281,2019-08-01
NE5,3081,4224,7305,14514,11062,25576,2019-08-01
NE6,4490,5125,9615,12041,8210,20251,2019-08-01
NE7,840,1025,1865,5302,4457,9759,2019-08-01
NE8,3198,3177,6375,8328,4889,13217,2019-08-01
NE9,2199,2896,5095,11323,8901,20224,2019-08-01
NE10,2339,3113,5452,10048,7293,17341,2019-08-01
NE11,932,1269,2201,5197,4011,9208,2019-08-01
NE12,1972,2618,4590,11607,9801,21408,2019-08-01
NE13,592,727,1319,6231,5838,12069,2019-08-01
NE15,2178,2889,5067,10261,7983,18244,2019-08-01
NE16,993,1430,2423,8917,7666,16583,2019-08-01
NE17,264,348,612,1489,1237,2726,2019-08-01
NE18,26,26,52,393,377,770,2019-08-01
NE19,35,75,110,879,849,1728,2019-08-01
NE20,324,345,669,5099,5000,10099,2019-08-01
NE21,943,1309,2252,5744,4558,10302,2019-08-01
NE22,830,1049,1879,6138,5291,11429,2019-08-01
NE23,1846,2640,4486,13549,11545,25094,2019-08-01
NE24,2073,2911,4984,12673,10389,23062,2019-08-01
NE25,1208,1557,2765,11040,10222,21262,2019-08-01
NE26,879,973,1852,6974,6499,13473,2019-08-01
NE27,640,934,1574,4804,4244,9048,2019-08-01
NE28,3111,4182,7293,13542,10489,24031,2019-08-01
NE29,2530,3134,5664,10321,8277,18598,2019-08-01
NE30,899,1061,1960,7933,7303,15236,2019-08-01
NE31,1325,1689,3014,6584,5261,11845,2019-08-01
NE32,1654,2182,3836,7449,5802,13251,2019-08-01
NE33,2270,2183,4453,8010,5672,13682,2019-08-01
NE34,3200,4165,7365,15776,12747,28523,2019-08-01
NE35,360,472,832,2087,1704,3791,2019-08-01
NE36,252,300,552,2502,2360,4862,2019-08-01
NE37,1367,1929,3296,5979,4641,10620,2019-08-01
NE38,1796,2456,4252,10991,9221,20212,2019-08-01
NE39,346,508,854,3067,2674,5741,2019-08-01
NE40,694,946,1640,5367,4675,10042,2019-08-01
NE41,70,76,146,898,825,1723,2019-08-01
NE42,547,826,1373,4340,3894,8234,2019-08-01
NE43,115,135,250,1813,1778,3591,2019-08-01
NE44,24,31,55,431,440,871,2019-08-01
NE45,112,146,258,1432,1414,2846,2019-08-01
NE46,575,756,1331,5671,5334,11005,2019-08-01
NE47,241,297,538,3126,2975,6101,2019-08-01
NE48,106,166,272,1772,1555,3327,2019-08-01
NE49,148,256,404,1589,1269,2858,2019-08-01
NE55,0,0,0,1,0,1,2019-08-01
NE61,1138,1569,2707,12614,11639,24253,2019-08-01
NE62,413,576,989,3248,2733,5981,2019-08-01
NE63,1671,2260,3931,8772,6909,15681,2019-08-01
NE64,354,507,861,1896,1463,3359,2019-08-01
NE65,648,882,1530,7888,7227,15115,2019-08-01
NE66,570,781,1351,6620,6097,12717,2019-08-01
NE67,24,22,46,371,364,735,2019-08-01
NE68,54,61,115,718,664,1382,2019-08-01
NE69,9,11,20,139,145,284,2019-08-01
NE70,59,82,141,694,682,1376,2019-08-01
NE71,82,119,201,1172,1084,2256,2019-08-01
NE99,4,0,4,7,0,7,2019-08-01
NG1,1087,933,2020,2197,1208,3405,2019-08-01
NG1,0,0,0,0,1,1,2019-08-01
NG2,3834,4352,8186,18488,15326,33814,2019-08-01
NG3,3815,4908,8723,14915,11441,26356,2019-08-01
NG4,2054,2760,4814,13991,12029,26020,2019-08-01
NG5,5655,7649,13304,27935,23459,51394,2019-08-01
NG6,2946,4048,6994,10628,8185,18813,2019-08-01
NG7,5736,5320,11056,10543,5657,16200,2019-08-01
NG8,4845,6641,11486,18980,14843,33823,2019-08-01
NG9,4008,4612,8620,25186,21514,46700,2019-08-01
NG10,2466,2991,5457,16724,14397,31121,2019-08-01
NG11,2278,2984,5262,12313,10110,22423,2019-08-01
NG12,1183,1471,2654,13160,12494,25654,2019-08-01
NG13,640,797,1437,8472,8140,16612,2019-08-01
NG14,571,715,1286,7481,7053,14534,2019-08-01
NG15,1793,2522,4315,15643,13573,29216,2019-08-01
NG16,2627,3456,6083,23654,20429,44083,2019-08-01
NG17,3664,4564,8228,25022,20953,45975,2019-08-01
NG18,2479,2753,5232,14386,12075,26461,2019-08-01
NG19,2536,3194,5730,18630,15620,34250,2019-08-01
NG20,1507,2068,3575,8938,6988,15926,2019-08-01
NG21,926,1209,2135,8520,7491,16011,2019-08-01
NG22,1113,1395,2508,10498,9381,19879,2019-08-01
NG23,422,466,888,7573,7377,14950,2019-08-01
NG24,2352,3016,5368,16538,13862,30400,2019-08-01
NG25,281,351,632,3376,3356,6732,2019-08-01
NG31,2387,3056,5443,16141,13492,29633,2019-08-01
NG32,387,392,779,5585,5287,10872,2019-08-01
NG33,278,346,624,4113,3870,7983,2019-08-01
NG34,1532,1764,3296,16035,14747,30782,2019-08-01
NG54,0,1,1,0,0,0,2019-08-01
NN1,3713,3347,7060,10468,6534,17002,2019-08-01
NN2,2846,3004,5850,13802,10886,24688,2019-08-01
NN3,5027,6195,11222,27250,22604,49854,2019-08-01
NN4,2299,2858,5157,18490,16443,34933,2019-08-01
NN5,2396,2902,5298,15117,12267,27384,2019-08-01
NN6,1004,1086,2090,14898,14373,29271,2019-08-01
NN7,785,971,1756,12191,11569,23760,2019-08-01
NN8,3521,4129,7650,18076,14422,32498,2019-08-01
NN9,982,1254,2236,10898,9816,20714,2019-08-01
NN10,1602,1992,3594,15121,13460,28581,2019-08-01
NN11,1796,2355,4151,15287,13140,28427,2019-08-01
NN12,766,875,1641,10311,9629,19940,2019-08-01
NN13,642,772,1414,8332,7811,16143,2019-08-01
NN14,1350,1664,3014,17912,16638,34550,2019-08-01
NN15,1444,1854,3298,14592,13294,27886,2019-08-01
NN16,2171,2550,4721,10335,7769,18104,2019-08-01
NN17,1980,2399,4379,10641,8478,19119,2019-08-01
NN18,2722,3412,6134,12495,9832,22327,2019-08-01
NN28,1,0,1,0,0,0,2019-08-01
NN29,365,405,770,4597,4312,8909,2019-08-01
NO3,0,1,1,0,0,0,2019-08-01
NP0,0,0,0,0,1,1,2019-08-01
NP1,87,94,181,224,158,382,2019-08-01
NP1,0,0,0,0,1,1,2019-08-01
NP2,32,29,61,128,70,198,2019-08-01
NP2,0,0,0,1,0,1,2019-08-01
NP3,36,40,76,118,70,188,2019-08-01
NP4,1820,2526,4346,16029,13988,30017,2019-08-01
NP5,12,13,25,48,41,89,2019-08-01
NP6,33,37,70,157,87,244,2019-08-01
NP7,853,1107,1960,10279,9631,19910,2019-08-01
NP8,134,190,324,2188,2110,4298,2019-08-01
NP9,75,43,118,172,76,248,2019-08-01
NP10,938,1145,2083,9247,8651,17898,2019-08-01
NP11,1742,2295,4037,12756,10705,23461,2019-08-01
NP12,1452,1967,3419,11518,10011,21529,2019-08-01
NP13,940,1413,2353,6516,5002,11518,2019-08-01
NP15,145,164,309,3232,3128,6360,2019-08-01
NP16,857,1027,1884,9079,8445,17524,2019-08-01
NP18,545,695,1240,6641,6194,12835,2019-08-01
NP19,3907,4598,8505,17287,13606,30893,2019-08-01
NP20,3547,4275,7822,16517,13132,29649,2019-08-01
NP21,0,0,0,1,0,1,2019-08-01
NP22,1146,1584,2730,7097,5695,12792,2019-08-01
NP23,1567,2149,3716,11018,8883,19901,2019-08-01
NP24,304,379,683,1492,1073,2565,2019-08-01
NP25,502,575,1077,6153,5722,11875,2019-08-01
NP26,771,991,1762,8931,8187,17118,2019-08-01
NP41,0,0,0,1,0,1,2019-08-01
NP42,1,0,1,0,0,0,2019-08-01
NP44,2442,3132,5574,16587,14312,30899,2019-08-01
NR0,0,0,0,1,1,2,2019-08-01
NR1,1934,2021,3955,8723,6730,15453,2019-08-01
NR2,1703,1957,3660,7922,6825,14747,2019-08-01
NR3,2619,2886,5505,10508,7922,18430,2019-08-01
NR4,1177,1422,2599,7325,6690,14015,2019-08-01
NR5,1987,2340,4327,8987,7475,16462,2019-08-01
NR6,906,1109,2015,9235,8264,17499,2019-08-01
NR7,1235,1476,2711,12430,11288,23718,2019-08-01
NR8,625,775,1400,8414,8131,16545,2019-08-01
NR9,464,572,1036,7265,7019,14284,2019-08-01
NR10,664,773,1437,9163,8750,17913,2019-08-01
NR11,548,658,1206,7363,7012,14375,2019-08-01
NR12,625,709,1334,8549,7969,16518,2019-08-01
NR13,736,825,1561,10984,10568,21552,2019-08-01
NR14,722,741,1463,10277,9943,20220,2019-08-01
NR15,423,534,957,6325,6188,12513,2019-08-01
NR16,312,398,710,5171,4968,10139,2019-08-01
NR17,553,620,1173,6525,5990,12515,2019-08-01
NR18,638,794,1432,7254,6915,14169,2019-08-01
NR19,800,990,1790,7350,6556,13906,2019-08-01
NR20,577,656,1233,7760,7304,15064,2019-08-01
NR21,548,646,1194,6264,5744,12008,2019-08-01
NR22,33,46,79,327,314,641,2019-08-01
NR23,114,133,247,1136,1027,2163,2019-08-01
NR24,118,149,267,1739,1645,3384,2019-08-01
NR25,308,327,635,3288,3127,6415,2019-08-01
NR26,297,380,677,2961,2776,5737,2019-08-01
NR27,507,559,1066,4168,3817,7985,2019-08-01
NR28,641,736,1377,6440,5922,12362,2019-08-01
NR29,643,805,1448,8331,7604,15935,2019-08-01
NR30,2377,2518,4895,9319,6801,16120,2019-08-01
NR31,2596,3095,5691,17346,14601,31947,2019-08-01
NR32,2158,2329,4487,13701,11729,25430,2019-08-01
NR33,1752,2021,3773,14089,12576,26665,2019-08-01
NR34,716,889,1605,8779,7981,16760,2019-08-01
NR35,364,432,796,4315,3946,8261,2019-08-01
NW0,3,1,4,3,1,4,2019-08-01
NW1,7343,8010,15353,16557,11011,27568,2019-08-01
NW1,0,1,1,0,0,0,2019-08-01
NW2,11591,10246,21837,25978,16905,42883,2019-08-01
NW3,4897,5779,10676,19883,16698,36581,2019-08-01
NW4,3833,3858,7691,13533,10258,23791,2019-08-01
NW5,3474,3974,7448,8399,6686,15085,2019-08-01
NW5,0,1,1,0,0,0,2019-08-01
NW6,8804,8842,17646,22371,17117,39488,2019-08-01
NW7,2029,2448,4477,10871,9592,20463,2019-08-01
NW8,4071,4883,8954,12552,9580,22132,2019-08-01
NW9,9678,9693,19371,27491,18192,45683,2019-08-01
NW10,17752,16177,33929,31112,20143,51255,2019-08-01
NW11,3690,3535,7225,14084,12211,26295,2019-08-01
NW12,3,1,4,0,2,2,2019-08-01
NW13,0,1,1,3,1,4,2019-08-01
NW14,1,0,1,1,0,1,2019-08-01
NW15,0,0,0,2,0,2,2019-08-01
NW16,4,1,5,3,0,3,2019-08-01
NW17,0,0,0,2,1,3,2019-08-01
NW18,1,0,1,1,1,2,2019-08-01
NW19,0,1,1,1,1,2,2019-08-01
NW20,0,1,1,1,0,1,2019-08-01
NW21,1,0,1,0,0,0,2019-08-01
NW22,1,0,1,2,0,2,2019-08-01
NW24,1,0,1,0,0,0,2019-08-01
NW25,0,0,0,0,2,2,2019-08-01
NW26,1,1,2,0,0,0,2019-08-01
NW28,0,0,0,0,1,1,2019-08-01
NW44,2,0,2,0,0,0,2019-08-01
NW51,1,0,1,0,0,0,2019-08-01
NW70,1,0,1,0,0,0,2019-08-01
NW77,0,1,1,0,0,0,2019-08-01
NW96,0,0,0,1,0,1,2019-08-01
NW99,2,0,2,1,0,1,2019-08-01
OL0,1,0,1,0,0,0,2019-08-01
OL1,2073,2423,4496,6008,4337,10345,2019-08-01
OL1,1,0,1,0,0,0,2019-08-01
OL2,2011,2537,4548,14658,12794,27452,2019-08-01
OL3,532,532,1064,6103,5883,11986,2019-08-01
OL4,2940,3535,6475,14470,11353,25823,2019-08-01
OL5,528,684,1212,4036,3488,7524,2019-08-01
OL6,2173,2607,4780,9298,6946,16244,2019-08-01
OL7,1183,1554,2737,5392,4013,9405,2019-08-01
OL8,3577,4389,7966,11603,7712,19315,2019-08-01
OL9,3032,3569,6601,12905,9631,22536,2019-08-01
OL10,1915,2314,4229,9315,7748,17063,2019-08-01
OL11,3103,3879,6982,14725,11747,26472,2019-08-01
OL12,2730,3424,6154,15510,13007,28517,2019-08-01
OL13,831,1087,1918,5629,4787,10416,2019-08-01
OL14,825,1104,1929,5298,4739,10037,2019-08-01
OL15,619,729,1348,5521,4945,10466,2019-08-01
OL16,2635,3118,5753,12199,9631,21830,2019-08-01
OX0,1,1,2,0,0,0,2019-08-01
OX1,1741,1407,3148,6123,4831,10954,2019-08-01
OX2,3090,3290,6380,13462,12282,25744,2019-08-01
OX3,3461,4246,7707,13625,11315,24940,2019-08-01
OX4,6106,6286,12392,18021,13636,31657,2019-08-01
OX5,1450,1484,2934,9225,8205,17430,2019-08-01
OX6,33,27,60,74,65,139,2019-08-01
OX7,844,1097,1941,9565,9200,18765,2019-08-01
OX8,47,46,93,165,136,301,2019-08-01
OX9,577,659,1236,5973,5678,11651,2019-08-01
OX10,1142,1335,2477,10322,9675,19997,2019-08-01
OX11,1657,2153,3810,14984,13291,28275,2019-08-01
OX12,1078,1312,2390,10546,9629,20175,2019-08-01
OX13,514,655,1169,5849,5516,11365,2019-08-01
OX14,2148,2526,4674,16926,15112,32038,2019-08-01
OX15,594,668,1262,8406,8232,16638,2019-08-01
OX16,2971,3701,6672,16722,13277,29999,2019-08-01
OX17,476,577,1053,7512,7233,14745,2019-08-01
OX18,941,1209,2150,9805,8977,18782,2019-08-01
OX20,208,236,444,1936,1973,3909,2019-08-01
OX23,0,0,0,1,0,1,2019-08-01
OX25,349,500,849,4162,3973,8135,2019-08-01
OX26,1793,2280,4073,12838,11117,23955,2019-08-01
OX27,219,306,525,2868,2873,5741,2019-08-01
OX28,1291,1571,2862,9858,9036,18894,2019-08-01
OX29,846,947,1793,9726,9330,19056,2019-08-01
OX33,293,309,602,3132,3004,6136,2019-08-01
OX39,170,221,391,3181,3072,6253,2019-08-01
OX44,236,355,591,3341,3207,6548,2019-08-01
OX49,120,151,271,1708,1746,3454,2019-08-01
PA0,0,0,0,1,0,1,2019-08-01
PA1,1538,1678,3216,6981,5553,12534,2019-08-01
PA2,2300,2958,5258,13194,11514,24708,2019-08-01
PA3,1984,2431,4415,6841,5306,12147,2019-08-01
PA4,1419,1798,3217,8455,7319,15774,2019-08-01
PA5,1388,1830,3218,7026,5805,12831,2019-08-01
PA6,166,206,372,2675,2652,5327,2019-08-01
PA7,218,274,492,3048,2908,5956,2019-08-01
PA8,749,944,1693,5311,4839,10150,2019-08-01
PA9,58,83,141,726,685,1411,2019-08-01
PA10,132,206,338,1451,1388,2839,2019-08-01
PA11,217,257,474,2268,2177,4445,2019-08-01
PA12,143,185,328,1267,1233,2500,2019-08-01
PA13,146,160,306,1806,1829,3635,2019-08-01
PA14,1246,1540,2786,4822,3999,8821,2019-08-01
PA15,1375,1628,3003,4488,3548,8036,2019-08-01
PA16,1963,2238,4201,9052,8051,17103,2019-08-01
PA17,86,85,171,884,824,1708,2019-08-01
PA18,73,103,176,1016,988,2004,2019-08-01
PA19,531,632,1163,4099,3701,7800,2019-08-01
PA20,337,431,768,2094,1713,3807,2019-08-01
PA21,43,34,77,337,292,629,2019-08-01
PA22,13,5,18,135,135,270,2019-08-01
PA23,727,908,1635,4346,3994,8340,2019-08-01
PA24,23,22,45,213,165,378,2019-08-01
PA25,0,4,4,25,23,48,2019-08-01
PA26,11,6,17,57,43,100,2019-08-01
PA27,17,35,52,298,295,593,2019-08-01
PA28,390,450,840,2559,2200,4759,2019-08-01
PA29,97,96,193,879,779,1658,2019-08-01
PA30,67,73,140,512,508,1020,2019-08-01
PA31,207,244,451,2045,1812,3857,2019-08-01
PA32,44,58,102,493,444,937,2019-08-01
PA33,34,34,68,314,264,578,2019-08-01
PA34,633,728,1361,3777,3296,7073,2019-08-01
PA35,46,76,122,558,538,1096,2019-08-01
PA36,1,1,2,20,14,34,2019-08-01
PA37,131,147,278,1175,1117,2292,2019-08-01
PA38,30,36,66,365,357,722,2019-08-01
PA39,3,0,3,3,5,8,2019-08-01
PA40,1,2,3,5,2,7,2019-08-01
PA41,10,13,23,57,58,115,2019-08-01
PA42,50,72,122,417,347,764,2019-08-01
PA43,46,64,110,300,270,570,2019-08-01
PA44,7,11,18,117,115,232,2019-08-01
PA45,11,8,19,62,43,105,2019-08-01
PA46,7,9,16,71,71,142,2019-08-01
PA47,5,8,13,69,61,130,2019-08-01
PA48,19,16,35,114,128,242,2019-08-01
PA49,5,12,17,74,69,143,2019-08-01
PA60,9,16,25,89,71,160,2019-08-01
PA61,5,14,19,55,53,108,2019-08-01
PA62,2,2,4,11,10,21,2019-08-01
PA63,1,0,1,3,4,7,2019-08-01
PA64,2,3,5,36,37,73,2019-08-01
PA65,10,9,19,95,87,182,2019-08-01
PA66,3,11,14,72,67,139,2019-08-01
PA67,17,14,31,97,96,193,2019-08-01
PA68,0,0,0,5,3,8,2019-08-01
PA69,1,1,2,10,6,16,2019-08-01
PA70,4,2,6,26,27,53,2019-08-01
PA71,1,0,1,25,17,42,2019-08-01
PA72,16,18,34,192,187,379,2019-08-01
PA73,3,3,6,22,23,45,2019-08-01
PA74,0,2,2,18,13,31,2019-08-01
PA75,67,78,145,568,563,1131,2019-08-01
PA76,6,6,12,60,67,127,2019-08-01
PA77,20,33,53,244,255,499,2019-08-01
PA78,8,12,20,73,68,141,2019-08-01
PA80,14,14,28,115,89,204,2019-08-01
PA81,4,6,10,16,8,24,2019-08-01
PA82,5,5,10,12,13,25,2019-08-01
PA83,0,0,0,1,1,2,2019-08-01
PA84,0,1,1,1,0,1,2019-08-01
PA85,3,3,6,2,5,7,2019-08-01
PA86,21,35,56,68,68,136,2019-08-01
PA87,27,37,64,44,36,80,2019-08-01
PA88,4,2,6,8,4,12,2019-08-01
PE1,5073,5175,10248,15888,10053,25941,2019-08-01
PE2,2994,3820,6814,17304,14168,31472,2019-08-01
PE3,2329,3080,5409,10371,7651,18022,2019-08-01
PE4,1550,2005,3555,10311,8895,19206,2019-08-01
PE5,34,34,68,653,614,1267,2019-08-01
PE6,1192,1536,2728,15132,14305,29437,2019-08-01
PE7,1742,2299,4041,17499,15710,33209,2019-08-01
PE8,577,716,1293,7182,6738,13920,2019-08-01
PE9,1234,1528,2762,12366,11804,24170,2019-08-01
PE10,804,1036,1840,9339,8722,18061,2019-08-01
PE11,1892,2184,4076,16841,14050,30891,2019-08-01
PE12,1302,1585,2887,16182,14336,30518,2019-08-01
PE13,1972,2124,4096,13016,10856,23872,2019-08-01
PE14,677,811,1488,8988,8187,17175,2019-08-01
PE15,1161,1451,2612,11228,10014,21242,2019-08-01
PE16,378,518,896,4277,3688,7965,2019-08-01
PE17,61,45,106,151,106,257,2019-08-01
PE18,50,79,129,112,85,197,2019-08-01
PE19,1818,2251,4069,17364,15772,33136,2019-08-01
PE20,513,617,1130,5771,5204,10975,2019-08-01
PE21,2698,2746,5444,14638,11580,26218,2019-08-01
PE22,485,607,1092,6928,6293,13221,2019-08-01
PE23,290,317,607,3493,3227,6720,2019-08-01
PE24,478,552,1030,4833,4038,8871,2019-08-01
PE25,1395,1480,2875,7363,5865,13228,2019-08-01
PE26,393,531,924,4626,4175,8801,2019-08-01
PE27,909,1122,2031,7844,6874,14718,2019-08-01
PE28,1484,1771,3255,19248,18383,37631,2019-08-01
PE29,1783,2230,4013,10356,8728,19084,2019-08-01
PE30,2761,3130,5891,14721,12472,27193,2019-08-01
PE31,488,581,1069,7798,7395,15193,2019-08-01
PE32,444,488,932,6386,6092,12478,2019-08-01
PE33,424,551,975,6073,5631,11704,2019-08-01
PE34,463,547,1010,5678,5206,10884,2019-08-01
PE35,2,2,4,38,36,74,2019-08-01
PE36,237,279,516,2306,2164,4470,2019-08-01
PE37,385,493,878,4245,3833,8078,2019-08-01
PE38,509,593,1102,5879,5264,11143,2019-08-01
PE99,0,0,0,1,0,1,2019-08-01
PH1,2461,3165,5626,14679,12436,27115,2019-08-01
PH2,1551,1760,3311,12867,11936,24803,2019-08-01
PH3,242,294,536,2603,2481,5084,2019-08-01
PH4,33,48,81,371,361,732,2019-08-01
PH5,24,57,81,325,309,634,2019-08-01
PH6,76,95,171,992,980,1972,2019-08-01
PH7,384,459,843,3358,3086,6444,2019-08-01
PH8,84,102,186,798,747,1545,2019-08-01
PH9,17,42,59,361,344,705,2019-08-01
PH10,469,516,985,4208,3858,8066,2019-08-01
PH11,130,188,318,1354,1155,2509,2019-08-01
PH12,52,69,121,825,737,1562,2019-08-01
PH13,182,206,388,1622,1404,3026,2019-08-01
PH14,38,77,115,847,825,1672,2019-08-01
PH15,166,212,378,1402,1224,2626,2019-08-01
PH16,167,196,363,1567,1447,3014,2019-08-01
PH17,10,5,15,79,66,145,2019-08-01
PH18,26,46,72,316,257,573,2019-08-01
PH19,1,4,5,41,36,77,2019-08-01
PH20,58,83,141,622,557,1179,2019-08-01
PH21,91,107,198,840,775,1615,2019-08-01
PH22,198,246,444,1251,1121,2372,2019-08-01
PH23,28,31,59,321,330,651,2019-08-01
PH24,21,24,45,311,283,594,2019-08-01
PH25,30,32,62,363,361,724,2019-08-01
PH26,160,165,325,1458,1337,2795,2019-08-01
PH30,0,0,0,6,4,10,2019-08-01
PH31,16,26,42,237,236,473,2019-08-01
PH32,35,46,81,288,242,530,2019-08-01
PH33,679,887,1566,4226,3560,7786,2019-08-01
PH34,34,41,75,440,410,850,2019-08-01
PH35,26,17,43,135,110,245,2019-08-01
PH36,33,62,95,534,489,1023,2019-08-01
PH37,5,11,16,65,52,117,2019-08-01
PH38,10,12,22,84,83,167,2019-08-01
PH39,31,21,52,162,165,327,2019-08-01
PH40,20,17,37,127,103,230,2019-08-01
PH41,69,60,129,358,317,675,2019-08-01
PH42,2,7,9,40,33,73,2019-08-01
PH43,1,2,3,8,8,16,2019-08-01
PH44,3,0,3,4,6,10,2019-08-01
PH49,41,55,96,430,373,803,2019-08-01
PH50,48,81,129,322,243,565,2019-08-01
PL0,0,1,1,0,0,0,2019-08-01
PL1,2282,2285,4567,7109,4690,11799,2019-08-01
PL2,2308,2770,5078,9916,8160,18076,2019-08-01
PL3,1743,2104,3847,10734,9435,20169,2019-08-01
PL4,2885,2650,5535,8604,5897,14501,2019-08-01
PL5,2793,3758,6551,13586,11235,24821,2019-08-01
PL6,1930,2507,4437,15239,13603,28842,2019-08-01
PL7,1145,1448,2593,11661,11079,22740,2019-08-01
PL8,181,161,342,2486,2497,4983,2019-08-01
PL9,1002,1251,2253,11354,10690,22044,2019-08-01
PL10,154,200,354,1316,1212,2528,2019-08-01
PL11,516,688,1204,3911,3434,7345,2019-08-01
PL12,869,1035,1904,8455,7881,16336,2019-08-01
PL13,365,477,842,3855,3445,7300,2019-08-01
PL14,898,1178,2076,9104,8555,17659,2019-08-01
PL15,619,802,1421,8128,7527,15655,2019-08-01
PL16,46,60,106,834,787,1621,2019-08-01
PL17,344,367,711,4094,3726,7820,2019-08-01
PL18,163,242,405,2064,1987,4051,2019-08-01
PL19,591,688,1279,6293,6040,12333,2019-08-01
PL20,416,494,910,4718,4602,9320,2019-08-01
PL21,594,699,1293,7085,6980,14065,2019-08-01
PL22,122,165,287,1437,1408,2845,2019-08-01
PL23,121,144,265,1226,1212,2438,2019-08-01
PL24,444,566,1010,3842,3574,7416,2019-08-01
PL25,1231,1353,2584,9388,8590,17978,2019-08-01
PL26,1179,1266,2445,10694,9616,20310,2019-08-01
PL27,371,505,876,4700,4587,9287,2019-08-01
PL28,198,208,406,1570,1535,3105,2019-08-01
PL29,36,26,62,370,362,732,2019-08-01
PL30,252,291,543,4434,4213,8647,2019-08-01
PL31,785,938,1723,5435,4711,10146,2019-08-01
PL32,139,203,342,1694,1592,3286,2019-08-01
PL33,72,80,152,749,717,1466,2019-08-01
PL34,69,79,148,699,662,1361,2019-08-01
PL35,33,38,71,408,399,807,2019-08-01
PO1,2781,3152,5933,7069,4572,11641,2019-08-01
PO2,3349,4187,7536,13321,10083,23404,2019-08-01
PO3,1234,1457,2691,7052,6002,13054,2019-08-01
PO4,2848,3230,6078,13175,10580,23755,2019-08-01
PO5,2610,2544,5154,7782,5423,13205,2019-08-01
PO6,2654,3149,5803,14290,12293,26583,2019-08-01
PO7,1680,2073,3753,16301,15126,31427,2019-08-01
PO8,1279,1525,2804,14044,13111,27155,2019-08-01
PO9,3079,4099,7178,16579,14419,30998,2019-08-01
PO10,639,780,1419,7337,6970,14307,2019-08-01
PO11,650,695,1345,7294,6729,14023,2019-08-01
PO12,2667,3134,5801,16338,14127,30465,2019-08-01
PO13,1962,2500,4462,12243,11201,23444,2019-08-01
PO14,1199,1337,2536,12886,12256,25142,2019-08-01
PO15,887,937,1824,8700,8123,16823,2019-08-01
PO16,1278,1357,2635,12349,11370,23719,2019-08-01
PO17,219,217,436,2814,2579,5393,2019-08-01
PO18,470,515,985,5833,5765,11598,2019-08-01
PO19,1680,1943,3623,10637,10177,20814,2019-08-01
PO20,1193,1373,2566,13599,12954,26553,2019-08-01
PO21,2120,2121,4241,14667,13037,27704,2019-08-01
PO22,1172,1364,2536,11846,11137,22983,2019-08-01
PO30,1494,1745,3239,10260,9538,19798,2019-08-01
PO31,664,760,1424,5411,5111,10522,2019-08-01
PO32,418,490,908,3108,2876,5984,2019-08-01
PO33,1692,1987,3679,10701,9659,20360,2019-08-01
PO34,60,74,134,912,906,1818,2019-08-01
PO35,148,132,280,1439,1411,2850,2019-08-01
PO36,834,953,1787,5954,5484,11438,2019-08-01
PO37,471,498,969,3428,3035,6463,2019-08-01
PO38,576,654,1230,4893,4488,9381,2019-08-01
PO39,96,136,232,990,931,1921,2019-08-01
PO40,249,264,513,2163,2078,4241,2019-08-01
PO41,70,69,139,957,936,1893,2019-08-01
PR1,5330,5843,11173,20786,15389,36175,2019-08-01
PR2,4163,5156,9319,26894,23036,49930,2019-08-01
PR3,948,1131,2079,15976,15276,31252,2019-08-01
PR4,1858,2299,4157,24663,23036,47699,2019-08-01
PR5,1631,2067,3698,15152,13510,28662,2019-08-01
PR6,1366,1583,2949,13553,12394,25947,2019-08-01
PR7,2062,2623,4685,22850,20857,43707,2019-08-01
PR8,2658,3072,5730,19545,17889,37434,2019-08-01
PR9,1952,2256,4208,15652,13792,29444,2019-08-01
PR25,1369,1746,3115,11430,10411,21841,2019-08-01
PR26,477,516,993,5214,4922,10136,2019-08-01
QF62,0,0,0,1,0,1,2019-08-01
RG1,5555,5305,10860,14776,9018,23794,2019-08-01
RG2,3390,3967,7357,14389,10876,25265,2019-08-01
RG3,28,24,52,89,48,137,2019-08-01
RG4,1738,2174,3912,15515,14347,29862,2019-08-01
RG5,1125,1284,2409,10396,9580,19976,2019-08-01
RG6,2077,2271,4348,14619,12556,27175,2019-08-01
RG7,1118,1358,2476,13651,13043,26694,2019-08-01
RG8,766,712,1478,7923,7674,15597,2019-08-01
RG9,1014,1005,2019,9497,9429,18926,2019-08-01
RG10,604,636,1240,7646,7351,14997,2019-08-01
RG11,32,25,57,88,55,143,2019-08-01
RG12,3109,3843,6952,21372,18530,39902,2019-08-01
RG13,29,40,69,74,65,139,2019-08-01
RG14,1997,2360,4357,15077,12870,27947,2019-08-01
RG15,19,24,43,67,54,121,2019-08-01
RG16,18,21,39,95,63,158,2019-08-01
RG17,605,648,1253,5986,5649,11635,2019-08-01
RG18,729,843,1572,7359,6841,14200,2019-08-01
RG19,728,780,1508,6539,6084,12623,2019-08-01
RG20,602,730,1332,8171,7965,16136,2019-08-01
RG21,2119,2395,4514,9956,7693,17649,2019-08-01
RG22,2067,2664,4731,15489,13602,29091,2019-08-01
RG23,546,680,1226,5026,4548,9574,2019-08-01
RG24,1630,2100,3730,13151,11670,24821,2019-08-01
RG25,289,307,596,3626,3415,7041,2019-08-01
RG26,796,984,1780,9110,8416,17526,2019-08-01
RG27,636,670,1306,9389,9349,18738,2019-08-01
RG28,224,282,506,2321,2111,4432,2019-08-01
RG29,180,273,453,2664,2573,5237,2019-08-01
RG30,3902,4583,8485,16148,12511,28659,2019-08-01
RG31,1156,1512,2668,11114,10107,21221,2019-08-01
RG33,0,0,0,0,1,1,2019-08-01
RG34,0,0,0,0,1,1,2019-08-01
RG40,1074,1151,2225,12177,11680,23857,2019-08-01
RG41,1069,1200,2269,11979,11615,23594,2019-08-01
RG42,1112,1161,2273,10926,10458,21384,2019-08-01
RG45,453,495,948,5717,5593,11310,2019-08-01
RH1,2560,3022,5582,18053,16296,34349,2019-08-01
RH2,1023,1241,2264,10131,9749,19880,2019-08-01
RH3,129,117,246,1821,1802,3623,2019-08-01
RH4,714,818,1532,6043,5778,11821,2019-08-01
RH5,643,666,1309,6938,6647,13585,2019-08-01
RH6,1403,1551,2954,12977,11921,24898,2019-08-01
RH7,486,379,865,3876,3379,7255,2019-08-01
RH8,597,668,1265,6082,6026,12108,2019-08-01
RH9,192,217,409,2221,2212,4433,2019-08-01
RH10,3915,4195,8110,26642,22627,49269,2019-08-01
RH11,4591,5476,10067,20217,15648,35865,2019-08-01
RH12,1868,2189,4057,19140,18180,37320,2019-08-01
RH13,1333,1588,2921,15441,14643,30084,2019-08-01
RH14,495,582,1077,6508,6212,12720,2019-08-01
RH15,1443,1612,3055,12124,11507,23631,2019-08-01
RH16,1589,1884,3473,13705,12940,26645,2019-08-01
RH17,643,770,1413,7962,7860,15822,2019-08-01
RH18,283,307,590,1929,1950,3879,2019-08-01
RH19,1445,1636,3081,13995,13081,27076,2019-08-01
RH20,696,726,1422,10812,10800,21612,2019-08-01
RM1,1456,1722,3178,7716,6357,14073,2019-08-01
RM2,608,699,1307,5089,4630,9719,2019-08-01
RM3,3069,3984,7053,14906,12357,27263,2019-08-01
RM4,134,153,287,1989,1870,3859,2019-08-01
RM5,1213,1542,2755,7032,6169,13201,2019-08-01
RM6,3253,3886,7139,11725,8734,20459,2019-08-01
RM7,2260,2811,5071,10405,8397,18802,2019-08-01
RM8,4877,5719,10596,13817,9716,23533,2019-08-01
RM9,3947,4903,8850,11394,7701,19095,2019-08-01
RM10,4357,5386,9743,11884,8210,20094,2019-08-01
RM11,1387,1646,3033,12465,11499,23964,2019-08-01
RM12,1832,2222,4054,12879,11199,24078,2019-08-01
RM13,2036,2418,4454,10816,8952,19768,2019-08-01
RM14,1000,1090,2090,10664,10037,20701,2019-08-01
RM15,1882,2311,4193,10860,8907,19767,2019-08-01
RM16,2031,2546,4577,15695,13833,29528,2019-08-01
RM17,2016,2612,4628,10434,7633,18067,2019-08-01
RM18,1477,1902,3379,5877,4633,10510,2019-08-01
RM19,523,715,1238,2649,1893,4542,2019-08-01
RM20,488,619,1107,2461,1603,4064,2019-08-01
S1,638,464,1102,1074,505,1579,2019-08-01
S2,3911,4591,8502,10331,6888,17219,2019-08-01
S3,1943,1626,3569,3539,1594,5133,2019-08-01
S4,1459,1433,2892,3324,1810,5134,2019-08-01
S5,4706,6266,10972,16250,11763,28013,2019-08-01
S6,3203,3857,7060,18990,15963,34953,2019-08-01
S6,0,0,0,0,1,1,2019-08-01
S7,1253,1165,2418,6005,5031,11036,2019-08-01
S7,0,0,0,1,0,1,2019-08-01
S8,2674,3189,5863,14834,12530,27364,2019-08-01
S8,0,0,0,1,0,1,2019-08-01
S9,2238,2666,4904,8347,5199,13546,2019-08-01
S10,2244,2211,4455,13224,11651,24875,2019-08-01
S11,1737,1812,3549,10767,9892,20659,2019-08-01
S12,1547,2257,3804,11946,9463,21409,2019-08-01
S13,1525,2102,3627,9833,7883,17716,2019-08-01
S14,817,1086,1903,2160,1415,3575,2019-08-01
S16,0,0,0,0,1,1,2019-08-01
S17,459,573,1032,6108,5976,12084,2019-08-01
S18,739,889,1628,9551,9007,18558,2019-08-01
S19,4,9,13,45,33,78,2019-08-01
S20,1141,1617,2758,10933,9326,20259,2019-08-01
S21,755,1096,1851,7521,6442,13963,2019-08-01
S22,0,1,1,0,1,1,2019-08-01
S24,0,0,0,0,1,1,2019-08-01
S25,816,1148,1964,7727,6761,14488,2019-08-01
S26,851,1270,2121,9616,8486,18102,2019-08-01
S29,0,0,0,1,0,1,2019-08-01
S30,32,26,58,138,121,259,2019-08-01
S31,23,29,52,90,35,125,2019-08-01
S32,148,177,325,2349,2323,4672,2019-08-01
S33,149,155,304,1938,1864,3802,2019-08-01
S35,1360,1809,3169,15192,13538,28730,2019-08-01
S36,934,1231,2165,10899,9765,20664,2019-08-01
S37,1,0,1,0,0,0,2019-08-01
S40,1781,2173,3954,12102,10265,22367,2019-08-01
S41,1816,2348,4164,12312,10382,22694,2019-08-01
S42,1042,1391,2433,10803,9548,20351,2019-08-01
S43,1880,2619,4499,14164,11659,25823,2019-08-01
S44,995,1363,2358,7770,6408,14178,2019-08-01
S45,572,809,1381,4845,4099,8944,2019-08-01
S46,0,0,0,2,0,2,2019-08-01
S49,0,0,0,1,0,1,2019-08-01
S54,0,0,0,1,0,1,2019-08-01
S60,1795,2535,4330,13938,11433,25371,2019-08-01
S61,2024,2620,4644,11348,9005,20353,2019-08-01
S62,1110,1499,2609,6424,4966,11390,2019-08-01
S63,2491,3169,5660,13416,10671,24087,2019-08-01
S64,1833,2275,4108,10308,8104,18412,2019-08-01
S65,2573,3002,5575,10053,7163,17216,2019-08-01
S66,2049,2840,4889,16074,13687,29761,2019-08-01
S68,0,0,0,0,1,1,2019-08-01
S70,2595,3014,5609,12822,9383,22205,2019-08-01
S71,2628,3319,5947,15672,12583,28255,2019-08-01
S72,1374,1808,3182,8642,6894,15536,2019-08-01
S73,1569,2038,3607,9553,7634,17187,2019-08-01
S74,870,1261,2131,5985,4878,10863,2019-08-01
S75,1524,2056,3580,16693,14763,31456,2019-08-01
S80,1775,2081,3856,10118,8066,18184,2019-08-01
S81,1392,1888,3280,14010,12397,26407,2019-08-01
SA1,4395,4399,8794,13512,9030,22542,2019-08-01
SA2,1719,1783,3502,12739,11402,24141,2019-08-01
SA3,779,870,1649,10355,10188,20543,2019-08-01
SA4,1485,1903,3388,16627,15808,32435,2019-08-01
SA5,2140,2966,5106,11275,9214,20489,2019-08-01
SA6,1603,2293,3896,11412,9684,21096,2019-08-01
SA7,546,757,1303,5560,5066,10626,2019-08-01
SA8,457,617,1074,4755,4321,9076,2019-08-01
SA9,538,688,1226,5602,5035,10637,2019-08-01
SA10,1014,1448,2462,11293,9964,21257,2019-08-01
SA11,1670,2294,3964,12070,9889,21959,2019-08-01
SA12,1765,2165,3930,10592,9218,19810,2019-08-01
SA13,1005,1259,2264,6669,5375,12044,2019-08-01
SA14,1182,1502,2684,12470,11457,23927,2019-08-01
SA15,1787,2100,3887,12572,10641,23213,2019-08-01
SA16,315,393,708,3132,2826,5958,2019-08-01
SA17,343,402,745,3552,3192,6744,2019-08-01
SA18,1209,1378,2587,10913,9842,20755,2019-08-01
SA19,280,340,620,3910,3687,7597,2019-08-01
SA20,113,133,246,1324,1155,2479,2019-08-01
SA31,762,940,1702,5616,5256,10872,2019-08-01
SA32,146,187,333,3160,3058,6218,2019-08-01
SA33,312,410,722,5092,4788,9880,2019-08-01
SA34,129,146,275,2060,1913,3973,2019-08-01
SA35,15,24,39,364,330,694,2019-08-01
SA36,11,7,18,138,131,269,2019-08-01
SA37,28,41,69,588,521,1109,2019-08-01
SA38,148,162,310,1815,1674,3489,2019-08-01
SA39,69,78,147,1016,937,1953,2019-08-01
SA40,134,126,260,1108,999,2107,2019-08-01
SA41,50,57,107,833,786,1619,2019-08-01
SA42,58,70,128,827,775,1602,2019-08-01
SA43,465,570,1035,4848,4491,9339,2019-08-01
SA44,302,361,663,4568,4354,8922,2019-08-01
SA45,67,55,122,634,575,1209,2019-08-01
SA46,93,101,194,970,883,1853,2019-08-01
SA47,45,39,84,418,391,809,2019-08-01
SA48,383,350,733,3334,3073,6407,2019-08-01
SA61,740,1006,1746,4729,4219,8948,2019-08-01
SA62,564,660,1224,8435,7956,16391,2019-08-01
SA63,28,32,60,524,494,1018,2019-08-01
SA64,88,121,209,861,726,1587,2019-08-01
SA65,156,212,368,1590,1399,2989,2019-08-01
SA66,86,83,169,1264,1228,2492,2019-08-01
SA67,198,264,462,2845,2694,5539,2019-08-01
SA68,97,132,229,1643,1547,3190,2019-08-01
SA69,100,113,213,1467,1335,2802,2019-08-01
SA70,371,447,818,3381,3056,6437,2019-08-01
SA71,444,534,978,4075,3609,7684,2019-08-01
SA72,556,626,1182,3472,3129,6601,2019-08-01
SA73,887,1128,2015,7235,6350,13585,2019-08-01
SA99,1,1,2,0,0,0,2019-08-01
SE0,0,1,1,0,1,1,2019-08-01
SE1,8943,9033,17976,19455,12004,31459,2019-08-01
SE1,0,0,0,2,0,2,2019-08-01
SE2,3397,4049,7446,8009,5940,13949,2019-08-01
SE3,2829,3398,6227,11717,9957,21674,2019-08-01
SE4,3590,3922,7512,8511,7043,15554,2019-08-01
SE5,7642,8326,15968,13060,9045,22105,2019-08-01
SE6,6671,7402,14073,15944,12866,28810,2019-08-01
SE6,1,0,1,0,0,0,2019-08-01
SE7,2670,3158,5828,6393,4629,11022,2019-08-01
SE8,4567,4893,9460,8314,5594,13908,2019-08-01
SE9,5015,5945,10960,21268,18093,39361,2019-08-01
SE10,2710,3257,5967,9766,7631,17397,2019-08-01
SE11,3333,3441,6774,6717,4232,10949,2019-08-01
SE12,2496,2913,5409,8798,7466,16264,2019-08-01
SE13,5529,5791,11320,12814,10000,22814,2019-08-01
SE14,3982,4103,8085,6942,4793,11735,2019-08-01
SE15,11404,11522,22926,17043,12263,29306,2019-08-01
SE16,5791,6536,12327,14670,10183,24853,2019-08-01
SE17,6149,6345,12494,8557,4966,13523,2019-08-01
SE18,11955,12435,24390,21862,14814,36676,2019-08-01
SE19,2820,3425,6245,9282,7721,17003,2019-08-01
SE20,2652,2974,5626,7155,5892,13047,2019-08-01
SE21,1467,1616,3083,5111,4749,9860,2019-08-01
SE22,3220,3510,6730,9518,8280,17798,2019-08-01
SE23,3498,4022,7520,10494,9106,19600,2019-08-01
SE24,1958,2054,4012,5879,5112,10991,2019-08-01
SE25,4134,4770,8904,10862,8976,19838,2019-08-01
SE26,3214,3840,7054,8914,7533,16447,2019-08-01
SE27,2709,2877,5586,6541,5411,11952,2019-08-01
SE28,3697,4663,8360,7884,5619,13503,2019-08-01
SE29,1,3,4,2,0,2,2019-08-01
SE31,0,1,1,0,0,0,2019-08-01
SE33,0,1,1,0,0,0,2019-08-01
SE35,0,1,1,0,0,0,2019-08-01
SE37,0,1,1,0,0,0,2019-08-01
SE50,0,0,0,1,0,1,2019-08-01
SE57,0,1,1,0,0,0,2019-08-01
SE59,0,0,0,1,0,1,2019-08-01
SE60,0,0,0,1,0,1,2019-08-01
SE72,1,0,1,0,0,0,2019-08-01
SE73,0,0,0,1,0,1,2019-08-01
SE74,0,1,1,1,0,1,2019-08-01
SE75,1,0,1,0,0,0,2019-08-01
SE76,0,0,0,1,0,1,2019-08-01
SE77,1,0,1,0,0,0,2019-08-01
SE81,0,0,0,0,1,1,2019-08-01
SE88,0,0,0,1,0,1,2019-08-01
SE90,0,0,0,0,1,1,2019-08-01
SE91,0,1,1,0,0,0,2019-08-01
SE99,0,0,0,0,1,1,2019-08-01
SG0,0,0,0,0,1,1,2019-08-01
SG1,3278,3889,7167,18920,15918,34838,2019-08-01
SG2,2178,2743,4921,15512,13634,29146,2019-08-01
SG3,241,291,532,2847,2741,5588,2019-08-01
SG4,1202,1378,2580,11466,10823,22289,2019-08-01
SG5,1347,1590,2937,12792,11980,24772,2019-08-01
SG6,1762,2193,3955,12140,10918,23058,2019-08-01
SG7,529,572,1101,5246,4999,10245,2019-08-01
SG8,1357,1609,2966,15659,14434,30093,2019-08-01
SG9,283,310,593,4729,4626,9355,2019-08-01
SG10,56,59,115,812,825,1637,2019-08-01
SG11,241,216,457,3544,3366,6910,2019-08-01
SG12,1221,1352,2573,11610,10819,22429,2019-08-01
SG13,727,779,1506,6656,6352,13008,2019-08-01
SG14,839,948,1787,7667,7204,14871,2019-08-01
SG15,239,251,490,2199,2043,4242,2019-08-01
SG16,169,214,383,2479,2392,4871,2019-08-01
SG17,488,525,1013,5405,5053,10458,2019-08-01
SG18,960,1226,2186,11003,10099,21102,2019-08-01
SG19,821,1089,1910,9925,9171,19096,2019-08-01
SK0,0,0,0,0,1,1,2019-08-01
SK1,740,914,1654,3827,2963,6790,2019-08-01
SK2,1497,1794,3291,10602,9571,20173,2019-08-01
SK3,1792,2229,4021,8971,7771,16742,2019-08-01
SK4,1930,2034,3964,13454,12140,25594,2019-08-01
SK5,2134,2726,4860,9171,7514,16685,2019-08-01
SK6,2002,2358,4360,19536,18031,37567,2019-08-01
SK7,1439,1597,3036,16499,15971,32470,2019-08-01
SK8,2443,2779,5222,23425,22291,45716,2019-08-01
SK9,1417,1609,3026,15616,15025,30641,2019-08-01
SK10,1502,1644,3146,15742,15202,30944,2019-08-01
SK11,1724,1971,3695,13722,12358,26080,2019-08-01
SK12,587,591,1178,7925,7824,15749,2019-08-01
SK13,1529,1930,3459,12052,10943,22995,2019-08-01
SK14,2712,3409,6121,16329,13821,30150,2019-08-01
SK15,1589,1820,3409,9715,8435,18150,2019-08-01
SK16,1105,1367,2472,6627,5466,12093,2019-08-01
SK17,1194,1412,2606,11773,10369,22142,2019-08-01
SK22,517,614,1131,4722,4182,8904,2019-08-01
SK23,587,637,1224,7177,6589,13766,2019-08-01
SL0,425,489,914,4930,4487,9417,2019-08-01
SL1,7106,7251,14357,26479,19492,45971,2019-08-01
SL2,4632,5392,10024,20322,15994,36316,2019-08-01
SL3,2818,3667,6485,18523,15432,33955,2019-08-01
SL4,2097,2450,4547,17493,16156,33649,2019-08-01
SL5,1104,1253,2357,10225,10426,20651,2019-08-01
SL6,3787,4293,8080,32647,29976,62623,2019-08-01
SL7,746,805,1551,8595,8548,17143,2019-08-01
SL8,198,210,408,2691,2710,5401,2019-08-01
SL9,843,931,1774,9306,9403,18709,2019-08-01
SM1,2795,3334,6129,14481,12009,26490,2019-08-01
SM2,1501,1856,3357,11007,9969,20976,2019-08-01
SM3,1247,1381,2628,8071,7241,15312,2019-08-01
SM4,3290,3563,6853,13853,10508,24361,2019-08-01
SM5,2645,3224,5869,13793,12462,26255,2019-08-01
SM6,2488,2998,5486,13379,11929,25308,2019-08-01
SM7,624,648,1272,7412,7418,14830,2019-08-01
SN0,0,0,0,1,0,1,2019-08-01
SN1,3412,3056,6468,11160,7223,18383,2019-08-01
SN2,2938,3645,6583,14630,11232,25862,2019-08-01
SN3,3043,3864,6907,19198,16056,35254,2019-08-01
SN4,1045,1252,2297,11534,10650,22184,2019-08-01
SN5,1603,2167,3770,13678,11966,25644,2019-08-01
SN6,816,958,1774,8932,8329,17261,2019-08-01
SN7,477,654,1131,5730,5327,11057,2019-08-01
SN8,955,1052,2007,9541,9117,18658,2019-08-01
SN9,274,332,606,3235,3195,6430,2019-08-01
SN10,1214,1475,2689,12022,11285,23307,2019-08-01
SN11,878,1150,2028,8854,8237,17091,2019-08-01
SN12,1017,1152,2169,10452,9542,19994,2019-08-01
SN13,626,773,1399,6357,6191,12548,2019-08-01
SN14,1146,1281,2427,10678,9878,20556,2019-08-01
SN15,1516,1761,3277,14468,12369,26837,2019-08-01
SN16,412,430,842,5913,5664,11577,2019-08-01
SN20,0,0,0,1,0,1,2019-08-01
SN24,0,1,1,0,1,1,2019-08-01
SN25,1347,1729,3076,15051,13433,28484,2019-08-01
SN26,46,45,91,851,760,1611,2019-08-01
SN27,0,0,0,1,0,1,2019-08-01
SN31,0,0,0,0,1,1,2019-08-01
SN34,0,0,0,0,1,1,2019-08-01
SN48,0,0,0,1,0,1,2019-08-01
SN66,0,1,1,0,0,0,2019-08-01
SO0,0,0,0,0,1,1,2019-08-01
SO1,56,41,97,166,68,234,2019-08-01
SO2,80,45,125,147,65,212,2019-08-01
SO3,33,22,55,131,89,220,2019-08-01
SO3,1,0,1,0,1,1,2019-08-01
SO4,33,29,62,140,112,252,2019-08-01
SO5,33,22,55,132,75,207,2019-08-01
SO6,0,0,0,2,0,2,2019-08-01
SO9,17,15,32,28,11,39,2019-08-01
SO14,3263,2670,5933,7557,3945,11502,2019-08-01
SO15,2940,3095,6035,13336,10164,23500,2019-08-01
SO16,4453,5517,9970,22612,18308,40920,2019-08-01
SO17,1438,1399,2837,5270,3668,8938,2019-08-01
SO18,2102,2461,4563,12852,10854,23706,2019-08-01
SO19,3507,4453,7960,19188,16177,35365,2019-08-01
SO20,287,281,568,3444,3210,6654,2019-08-01
SO21,590,732,1322,8017,7707,15724,2019-08-01
SO22,1496,1682,3178,9461,8897,18358,2019-08-01
SO23,1249,1335,2584,7383,6828,14211,2019-08-01
SO24,350,390,740,4695,4605,9300,2019-08-01
SO30,932,1063,1995,12679,12245,24924,2019-08-01
SO31,1521,1639,3160,18361,17819,36180,2019-08-01
SO32,549,605,1154,8879,8828,17707,2019-08-01
SO33,0,0,0,1,1,2,2019-08-01
SO40,1379,1655,3034,15979,14955,30934,2019-08-01
SO41,964,997,1961,12800,12894,25694,2019-08-01
SO42,158,166,324,2028,1978,4006,2019-08-01
SO43,123,129,252,1859,1787,3646,2019-08-01
SO45,1284,1603,2887,13357,12572,25929,2019-08-01
SO50,2246,2715,4961,17742,16026,33768,2019-08-01
SO51,874,1039,1913,11586,11353,22939,2019-08-01
SO52,175,238,413,2772,2624,5396,2019-08-01
SO53,1075,1212,2287,12472,12142,24614,2019-08-01
SP1,1100,1123,2223,7797,7182,14979,2019-08-01
SP2,1647,1860,3507,10404,9325,19729,2019-08-01
SP3,357,431,788,4745,4636,9381,2019-08-01
SP4,1517,1841,3358,13314,11443,24757,2019-08-01
SP5,589,666,1255,9294,9133,18427,2019-08-01
SP6,374,377,751,5918,5710,11628,2019-08-01
SP7,488,618,1106,5738,5579,11317,2019-08-01
SP8,453,535,988,5602,5405,11007,2019-08-01
SP9,447,890,1337,3543,2766,6309,2019-08-01
SP10,2263,2880,5143,14225,11920,26145,2019-08-01
SP11,962,1256,2218,11750,10948,22698,2019-08-01
SR1,562,441,1003,1219,482,1701,2019-08-01
SR2,2387,2591,4978,10004,7661,17665,2019-08-01
SR3,2069,2820,4889,12489,10021,22510,2019-08-01
SR4,3033,3884,6917,11825,8658,20483,2019-08-01
SR5,2568,3177,5745,9343,6776,16119,2019-08-01
SR6,1298,1570,2868,10784,9381,20165,2019-08-01
SR7,1589,2227,3816,9664,7629,17293,2019-08-01
SR8,2197,3019,5216,10849,8469,19318,2019-08-01
SS0,3305,3611,6916,13931,11354,25285,2019-08-01
SS1,2021,2205,4226,9222,7823,17045,2019-08-01
SS2,2670,3258,5928,12133,10050,22183,2019-08-01
SS3,1612,1961,3573,10257,9350,19607,2019-08-01
SS4,879,1039,1918,7877,7400,15277,2019-08-01
SS5,778,745,1523,8997,8416,17413,2019-08-01
SS6,1112,1304,2416,12253,11381,23634,2019-08-01
SS7,1825,2149,3974,19685,18152,37837,2019-08-01
SS8,1934,2589,4523,14354,12065,26419,2019-08-01
SS9,2166,2431,4597,18902,17444,36346,2019-08-01
SS11,661,790,1451,7411,6650,14061,2019-08-01
SS12,681,812,1493,7271,6591,13862,2019-08-01
SS13,1637,2134,3771,7891,6362,14253,2019-08-01
SS14,2076,2834,4910,8707,6811,15518,2019-08-01
SS15,2171,2760,4931,10925,9382,20307,2019-08-01
SS16,1940,2731,4671,10962,8972,19934,2019-08-01
SS17,1391,1758,3149,12802,11471,24273,2019-08-01
SS20,0,0,0,0,1,1,2019-08-01
SS30,0,0,0,0,1,1,2019-08-01
SS31,0,0,0,1,0,1,2019-08-01
SS39,0,1,1,0,0,0,2019-08-01
SS50,0,0,0,1,0,1,2019-08-01
SS92,0,0,0,1,0,1,2019-08-01
SS95,1,0,1,0,0,0,2019-08-01
SS99,0,1,1,0,0,0,2019-08-01
ST0,0,0,0,1,0,1,2019-08-01
ST1,2569,2862,5431,9750,6493,16243,2019-08-01
ST2,2105,2845,4950,10651,8248,18899,2019-08-01
ST3,3767,4928,8695,22369,17784,40153,2019-08-01
ST4,3928,4339,8267,18053,13921,31974,2019-08-01
ST5,4234,4967,9201,27423,23128,50551,2019-08-01
ST6,4372,5656,10028,20642,15292,35934,2019-08-01
ST7,1977,2454,4431,20611,18571,39182,2019-08-01
ST8,628,832,1460,7703,6930,14633,2019-08-01
ST9,274,339,613,4948,4589,9537,2019-08-01
ST10,735,996,1731,9934,8854,18788,2019-08-01
ST11,290,315,605,3971,3589,7560,2019-08-01
ST12,113,124,237,1498,1440,2938,2019-08-01
ST13,1067,1285,2352,10286,9169,19455,2019-08-01
ST14,784,980,1764,7632,6668,14300,2019-08-01
ST15,688,846,1534,8531,7937,16468,2019-08-01
ST16,1741,2057,3798,10847,9069,19916,2019-08-01
ST17,1778,2252,4030,13891,12430,26321,2019-08-01
ST18,422,413,835,7299,6829,14128,2019-08-01
ST19,453,543,996,6018,5670,11688,2019-08-01
ST20,176,214,390,2945,2726,5671,2019-08-01
ST21,106,166,272,2562,2455,5017,2019-08-01
SW0,1,1,2,1,2,3,2019-08-01
SW1,38,40,78,69,44,113,2019-08-01
SW1,99,81,180,366,181,547,2019-08-01
SW1,1,0,1,0,1,1,2019-08-01
SW1,0,0,0,0,1,1,2019-08-01
SW1,123,90,213,452,246,698,2019-08-01
SW1,48,62,110,363,190,553,2019-08-01
SW1,0,1,1,0,0,0,2019-08-01
SW1,0,0,0,1,2,3,2019-08-01
SW1,0,1,1,1,0,1,2019-08-01
SW1,1258,1513,2771,4156,2834,6990,2019-08-01
SW1,1,0,1,0,0,0,2019-08-01
SW1,0,0,0,0,1,1,2019-08-01
SW1,2196,2568,4764,7027,5173,12200,2019-08-01
SW1,866,976,1842,2718,2211,4929,2019-08-01
SW1,734,915,1649,2507,2042,4549,2019-08-01
SW1,79,58,137,369,174,543,2019-08-01
SW1,1,1,2,1,0,1,2019-08-01
SW2,7373,7846,15219,16405,12386,28791,2019-08-01
SW3,2116,2615,4731,8649,7421,16070,2019-08-01
SW4,4784,4895,9679,13695,10280,23975,2019-08-01
SW5,2278,1965,4243,5936,3901,9837,2019-08-01
SW6,6044,6902,12946,22203,18603,40806,2019-08-01
SW7,2913,2453,5366,8784,6022,14806,2019-08-01
SW8,5475,5687,11162,11375,7258,18633,2019-08-01
SW9,7641,7742,15383,13279,8425,21704,2019-08-01
SW10,1999,2297,4296,6611,5385,11996,2019-08-01
SW11,6784,7957,14741,24401,19696,44097,2019-08-01
SW12,2562,2715,5277,11079,9629,20708,2019-08-01
SW13,1061,1311,2372,6225,5924,12149,2019-08-01
SW14,1080,1191,2271,6591,6330,12921,2019-08-01
SW15,5336,6160,11496,22714,19294,42008,2019-08-01
SW16,10474,10233,20707,28109,21459,49568,2019-08-01
SW17,8411,7676,16087,21145,16575,37720,2019-08-01
SW18,4740,5500,10240,23356,20331,43687,2019-08-01
SW19,6746,7521,14267,31698,26878,58576,2019-08-01
SW20,2091,2325,4416,12224,10950,23174,2019-08-01
SY1,1560,1888,3448,9026,7511,16537,2019-08-01
SY2,843,985,1828,6304,5606,11910,2019-08-01
SY3,1390,1607,2997,12425,11725,24150,2019-08-01
SY4,790,948,1738,9962,9489,19451,2019-08-01
SY5,691,681,1372,8636,8156,16792,2019-08-01
SY6,198,189,387,2853,2733,5586,2019-08-01
SY7,312,403,715,4504,4161,8665,2019-08-01
SY8,562,699,1261,7298,6733,14031,2019-08-01
SY9,81,100,181,1123,991,2114,2019-08-01
SY10,400,504,904,6399,5904,12303,2019-08-01
SY11,1154,1374,2528,9363,8367,17730,2019-08-01
SY12,271,323,594,3277,2996,6273,2019-08-01
SY13,704,820,1524,7828,7118,14946,2019-08-01
SY14,155,188,343,2733,2722,5455,2019-08-01
SY15,122,135,257,2192,2084,4276,2019-08-01
SY16,794,875,1669,5593,4894,10487,2019-08-01
SY17,88,110,198,1520,1383,2903,2019-08-01
SY18,127,148,275,1800,1587,3387,2019-08-01
SY19,25,25,50,448,391,839,2019-08-01
SY20,250,305,555,2558,2344,4902,2019-08-01
SY21,570,752,1322,6446,5821,12267,2019-08-01
SY22,264,248,512,3658,3456,7114,2019-08-01
SY23,1303,1447,2750,8701,7652,16353,2019-08-01
SY24,164,202,366,1754,1590,3344,2019-08-01
SY25,138,176,314,1763,1603,3366,2019-08-01
TA1,2049,2359,4408,14135,13024,27159,2019-08-01
TA2,1197,1468,2665,10831,10001,20832,2019-08-01
TA3,338,388,726,6388,6205,12593,2019-08-01
TA4,543,630,1173,7824,7688,15512,2019-08-01
TA5,285,357,642,4664,4411,9075,2019-08-01
TA6,2564,2907,5471,16962,14202,31164,2019-08-01
TA7,410,433,843,6651,6400,13051,2019-08-01
TA8,575,672,1247,6598,5904,12502,2019-08-01
TA9,538,590,1128,5027,4541,9568,2019-08-01
TA10,312,266,578,4047,4017,8064,2019-08-01
TA11,236,294,530,3870,3835,7705,2019-08-01
TA12,160,209,369,2542,2447,4989,2019-08-01
TA13,100,127,227,1709,1688,3397,2019-08-01
TA14,85,115,200,1322,1189,2511,2019-08-01
TA15,18,28,46,283,265,548,2019-08-01
TA16,44,68,112,783,729,1512,2019-08-01
TA17,4,13,17,246,261,507,2019-08-01
TA18,314,409,723,4137,3828,7965,2019-08-01
TA19,310,379,689,4743,4650,9393,2019-08-01
TA20,766,817,1583,7887,7146,15033,2019-08-01
TA21,707,847,1554,7677,7155,14832,2019-08-01
TA22,58,83,141,1082,1066,2148,2019-08-01
TA23,237,289,526,2164,1974,4138,2019-08-01
TA24,676,869,1545,6955,6362,13317,2019-08-01
TD1,886,1166,2052,6280,5430,11710,2019-08-01
TD2,75,88,163,1068,1038,2106,2019-08-01
TD3,40,41,81,445,375,820,2019-08-01
TD4,88,86,174,897,855,1752,2019-08-01
TD5,345,443,788,4362,4257,8619,2019-08-01
TD6,248,311,559,3148,3061,6209,2019-08-01
TD7,312,364,676,2697,2525,5222,2019-08-01
TD8,208,293,501,2315,2112,4427,2019-08-01
TD9,771,998,1769,6563,5594,12157,2019-08-01
TD10,26,51,77,453,419,872,2019-08-01
TD11,242,314,556,3004,2734,5738,2019-08-01
TD12,122,164,286,1707,1617,3324,2019-08-01
TD13,33,45,78,377,360,737,2019-08-01
TD14,209,345,554,2409,2101,4510,2019-08-01
TD15,753,1012,1765,6525,5646,12171,2019-08-01
TF1,2276,2702,4978,13741,11396,25137,2019-08-01
TF2,1992,2432,4424,13778,11984,25762,2019-08-01
TF3,1871,2411,4282,8189,6489,14678,2019-08-01
TF4,945,1316,2261,7260,6342,13602,2019-08-01
TF5,183,201,384,2023,1947,3970,2019-08-01
TF6,136,152,288,2402,2194,4596,2019-08-01
TF7,1406,1772,3178,5406,4292,9698,2019-08-01
TF8,95,92,187,1212,1138,2350,2019-08-01
TF9,885,1076,1961,10059,8866,18925,2019-08-01
TF10,611,609,1220,7252,6739,13991,2019-08-01
TF11,358,371,729,4513,4219,8732,2019-08-01
TF12,202,228,430,2081,1910,3991,2019-08-01
TF13,119,129,248,1462,1462,2924,2019-08-01
TN0,0,0,0,1,0,1,2019-08-01
TN1,797,906,1703,4075,3334,7409,2019-08-01
TN2,1268,1593,2861,10577,9807,20384,2019-08-01
TN3,324,378,702,4830,4733,9563,2019-08-01
TN3,0,0,0,1,0,1,2019-08-01
TN4,1527,1834,3361,11031,10318,21349,2019-08-01
TN5,278,339,617,3574,3578,7152,2019-08-01
TN6,805,1000,1805,10298,9699,19997,2019-08-01
TN7,64,87,151,1002,1016,2018,2019-08-01
TN8,491,604,1095,5227,5079,10306,2019-08-01
TN9,1052,1143,2195,6428,5807,12235,2019-08-01
TN10,758,879,1637,5971,5701,11672,2019-08-01
TN11,431,509,940,5813,5627,11440,2019-08-01
TN12,1004,1291,2295,11820,11092,22912,2019-08-01
TN13,984,1131,2115,9698,9441,19139,2019-08-01
TN14,494,539,1033,6545,6205,12750,2019-08-01
TN15,767,884,1651,10464,10256,20720,2019-08-01
TN16,679,724,1403,7960,7611,15571,2019-08-01
TN17,554,656,1210,5511,5281,10792,2019-08-01
TN18,192,238,430,2632,2554,5186,2019-08-01
TN19,144,194,338,2176,2057,4233,2019-08-01
TN20,129,145,274,1566,1574,3140,2019-08-01
TN21,439,569,1008,6887,6646,13533,2019-08-01
TN22,994,1122,2116,11024,10764,21788,2019-08-01
TN23,2493,2988,5481,14537,12407,26944,2019-08-01
TN24,1854,2235,4089,11755,10306,22061,2019-08-01
TN25,524,564,1088,7513,7140,14653,2019-08-01
TN26,329,378,707,5069,4790,9859,2019-08-01
TN27,359,455,814,5742,5531,11273,2019-08-01
TN28,322,401,723,3495,3136,6631,2019-08-01
TN29,526,662,1188,5361,4623,9984,2019-08-01
TN30,304,374,678,3826,3789,7615,2019-08-01
TN31,564,618,1182,5653,5238,10891,2019-08-01
TN32,201,199,400,2174,2024,4198,2019-08-01
TN33,547,544,1091,4950,4889,9839,2019-08-01
TN34,2201,2544,4745,10052,8397,18449,2019-08-01
TN35,1055,1260,2315,6220,5803,12023,2019-08-01
TN36,74,102,176,987,921,1908,2019-08-01
TN37,1391,1583,2974,6819,5565,12384,2019-08-01
TN38,1866,2235,4101,9409,8151,17560,2019-08-01
TN39,1069,1250,2319,9822,9290,19112,2019-08-01
TN40,861,1064,1925,6137,5722,11859,2019-08-01
TQ1,2040,2156,4196,11369,9686,21055,2019-08-01
TQ2,2019,2391,4410,12094,10799,22893,2019-08-01
TQ3,1594,1847,3441,11129,10164,21293,2019-08-01
TQ4,840,967,1807,7439,6727,14166,2019-08-01
TQ5,887,1001,1888,7253,6495,13748,2019-08-01
TQ6,318,419,737,3073,2757,5830,2019-08-01
TQ7,582,695,1277,6674,6510,13184,2019-08-01
TQ8,73,74,147,730,673,1403,2019-08-01
TQ9,859,968,1827,7197,7308,14505,2019-08-01
TQ10,131,162,293,1604,1570,3174,2019-08-01
TQ11,190,254,444,1573,1492,3065,2019-08-01
TQ12,2214,2565,4779,21186,20038,41224,2019-08-01
TQ13,793,834,1627,9605,9607,19212,2019-08-01
TQ14,791,965,1756,7435,6937,14372,2019-08-01
TR1,1165,1408,2573,7525,7112,14637,2019-08-01
TR2,312,384,696,4101,4007,8108,2019-08-01
TR3,380,402,782,5155,5076,10231,2019-08-01
TR4,387,443,830,4882,4799,9681,2019-08-01
TR5,159,155,314,1622,1608,3230,2019-08-01
TR6,151,168,319,1538,1425,2963,2019-08-01
TR7,1257,1341,2598,8128,7299,15427,2019-08-01
TR8,316,337,653,4051,3736,7787,2019-08-01
TR9,295,373,668,3167,2934,6101,2019-08-01
TR10,537,613,1150,3576,3275,6851,2019-08-01
TR11,1395,1545,2940,10064,9623,19687,2019-08-01
TR12,303,321,624,3790,3539,7329,2019-08-01
TR13,710,843,1553,7721,7380,15101,2019-08-01
TR14,1375,1458,2833,9419,8212,17631,2019-08-01
TR15,1075,1131,2206,7454,6628,14082,2019-08-01
TR16,531,621,1152,6321,6021,12342,2019-08-01
TR17,64,89,153,589,542,1131,2019-08-01
TR18,1205,1394,2599,6466,5725,12191,2019-08-01
TR19,415,450,865,3402,3252,6654,2019-08-01
TR20,306,340,646,3887,3712,7599,2019-08-01
TR21,83,103,186,573,472,1045,2019-08-01
TR22,7,6,13,22,21,43,2019-08-01
TR23,2,6,8,33,23,56,2019-08-01
TR24,5,7,12,44,26,70,2019-08-01
TR25,5,4,9,48,38,86,2019-08-01
TR26,593,641,1234,4037,3765,7802,2019-08-01
TR27,629,751,1380,5813,5363,11176,2019-08-01
TS1,2316,1834,4150,3170,1369,4539,2019-08-01
TS2,132,142,274,218,124,342,2019-08-01
TS3,2662,3286,5948,6786,4730,11516,2019-08-01
TS4,1484,1781,3265,4692,3446,8138,2019-08-01
TS5,2141,2670,4811,13758,11610,25368,2019-08-01
TS6,1847,2474,4321,9390,7476,16866,2019-08-01
TS7,684,948,1632,8743,7857,16600,2019-08-01
TS8,968,1326,2294,7405,6814,14219,2019-08-01
TS9,290,374,664,5346,5108,10454,2019-08-01
TS10,1962,2530,4492,12448,10529,22977,2019-08-01
TS11,394,535,929,4427,3936,8363,2019-08-01
TS12,1035,1265,2300,8011,6980,14991,2019-08-01
TS13,551,708,1259,3377,2552,5929,2019-08-01
TS14,602,837,1439,6840,6177,13017,2019-08-01
TS15,363,395,758,5806,5389,11195,2019-08-01
TS16,315,409,724,4079,3866,7945,2019-08-01
TS17,2021,2560,4581,15625,13674,29299,2019-08-01
TS18,1531,1645,3176,8119,6646,14765,2019-08-01
TS19,2079,2879,4958,11240,9622,20862,2019-08-01
TS20,1056,1299,2355,6713,5702,12415,2019-08-01
TS21,365,448,813,5059,4558,9617,2019-08-01
TS22,190,241,431,3893,3604,7497,2019-08-01
TS23,1621,2095,3716,9437,7977,17414,2019-08-01
TS24,1587,1972,3559,6031,4578,10609,2019-08-01
TS25,2057,2625,4682,12142,10079,22221,2019-08-01
TS26,1191,1387,2578,8550,7628,16178,2019-08-01
TS27,430,613,1043,4409,3955,8364,2019-08-01
TS28,250,314,564,1741,1521,3262,2019-08-01
TS29,284,401,685,2099,1679,3778,2019-08-01
TS90,0,0,0,1,0,1,2019-08-01
TW0,0,0,0,0,1,1,2019-08-01
TW1,1537,1786,3323,10412,9520,19932,2019-08-01
TW2,1833,2064,3897,11450,10510,21960,2019-08-01
TW2,0,0,0,1,0,1,2019-08-01
TW3,8389,6400,14789,15180,9264,24444,2019-08-01
TW4,5765,4790,10555,10542,6394,16936,2019-08-01
TW5,5058,4348,9406,11998,7879,19877,2019-08-01
TW6,8,2,10,21,12,33,2019-08-01
TW7,3519,4073,7592,14678,11539,26217,2019-08-01
TW8,2097,2414,4511,7992,6061,14053,2019-08-01
TW9,1567,1838,3405,9109,8308,17417,2019-08-01
TW10,1445,1692,3137,7888,7121,15009,2019-08-01
TW11,1343,1586,2929,9046,8673,17719,2019-08-01
TW12,1321,1579,2900,8818,8382,17200,2019-08-01
TW13,3408,3982,7390,13057,9487,22544,2019-08-01
TW14,3044,3439,6483,10648,7526,18174,2019-08-01
TW15,1215,1371,2586,11365,10044,21409,2019-08-01
TW16,997,1189,2186,8484,7575,16059,2019-08-01
TW17,508,570,1078,5964,5727,11691,2019-08-01
TW18,1264,1327,2591,10431,9330,19761,2019-08-01
TW19,1045,1236,2281,7054,5854,12908,2019-08-01
TW20,1540,1580,3120,8788,7568,16356,2019-08-01
UB1,9903,7296,17199,14543,8326,22869,2019-08-01
UB1,0,0,0,0,1,1,2019-08-01
UB2,7430,5631,13061,11852,7211,19063,2019-08-01
UB3,7120,7082,14202,18934,12198,31132,2019-08-01
UB4,4614,4598,9212,14615,10583,25198,2019-08-01
UB5,5093,6067,11160,16386,11740,28126,2019-08-01
UB6,6290,6035,12325,21119,14110,35229,2019-08-01
UB7,3083,3514,6597,11943,8594,20537,2019-08-01
UB8,2853,2992,5845,11720,9043,20763,2019-08-01
UB9,704,756,1460,6133,5530,11663,2019-08-01
UB10,2058,2416,4474,13892,12130,26022,2019-08-01
UB11,1,0,1,13,3,16,2019-08-01
UNKNOWNNA,1737,1415,3152,24432,16897,41329,2019-08-01
W1,39,29,68,65,35,100,2019-08-01
W1,109,33,142,107,46,153,2019-08-01
W1,66,77,143,308,169,477,2019-08-01
W1,14,6,20,20,4,24,2019-08-01
W1,212,115,327,392,154,546,2019-08-01
W1,2,0,2,3,1,4,2019-08-01
W1,175,148,323,533,248,781,2019-08-01
W1,247,234,481,1071,787,1858,2019-08-01
W1,864,774,1638,2312,1493,3805,2019-08-01
W1,202,153,355,763,458,1221,2019-08-01
W1,392,399,791,1115,672,1787,2019-08-01
W1,72,56,128,74,62,136,2019-08-01
W1,58,68,126,106,54,160,2019-08-01
W1,0,1,1,0,0,0,2019-08-01
W1,70,66,136,95,39,134,2019-08-01
W1,63,14,77,59,9,68,2019-08-01
W1,48,40,88,145,55,200,2019-08-01
W1,462,355,817,1143,602,1745,2019-08-01
W1,522,534,1056,1791,1219,3010,2019-08-01
W1,93,62,155,105,51,156,2019-08-01
W1,424,453,877,1129,700,1829,2019-08-01
W1,55,20,75,104,47,151,2019-08-01
W1,67,55,122,122,62,184,2019-08-01
W2,7419,6783,14202,16978,10988,27966,2019-08-01
W2,1,0,1,0,0,0,2019-08-01
W3,7139,6858,13997,21574,15175,36749,2019-08-01
W4,3576,4215,7791,17666,15345,33011,2019-08-01
W5,4678,4971,9649,21413,17186,38599,2019-08-01
W6,4017,3966,7983,11550,9154,20704,2019-08-01
W7,3200,3479,6679,10185,8305,18490,2019-08-01
W8,2096,2531,4627,8294,7016,15310,2019-08-01
W9,4568,4951,9519,12651,9396,22047,2019-08-01
W10,4642,5286,9928,9355,6964,16319,2019-08-01
W11,3838,4330,8168,10306,8320,18626,2019-08-01
W12,7030,7026,14056,14727,10453,25180,2019-08-01
W13,3414,3372,6786,12714,10098,22812,2019-08-01
W14,4588,4962,9550,12947,9976,22923,2019-08-01
W15,4,1,5,9,7,16,2019-08-01
W16,5,1,6,1,2,3,2019-08-01
W17,10,7,17,10,10,20,2019-08-01
W18,3,2,5,1,2,3,2019-08-01
W19,3,6,9,7,2,9,2019-08-01
W20,0,0,0,0,1,1,2019-08-01
W21,0,3,3,0,0,0,2019-08-01
W22,3,1,4,5,0,5,2019-08-01
W23,0,1,1,0,0,0,2019-08-01
W26,0,1,1,0,1,1,2019-08-01
W27,0,0,0,1,0,1,2019-08-01
W28,0,1,1,0,0,0,2019-08-01
W30,0,0,0,1,0,1,2019-08-01
W32,1,0,1,0,0,0,2019-08-01
W38,0,0,0,1,0,1,2019-08-01
W40,0,0,0,0,1,1,2019-08-01
W43,0,0,0,0,1,1,2019-08-01
WA1,1151,1177,2328,8390,7212,15602,2019-08-01
WA2,2599,3117,5716,13408,10923,24331,2019-08-01
WA3,1793,2325,4118,17668,16105,33773,2019-08-01
WA4,1791,2032,3823,18896,17498,36394,2019-08-01
WA5,2739,3320,6059,22813,20107,42920,2019-08-01
WA6,595,691,1286,7883,7467,15350,2019-08-01
WA7,4214,5410,9624,20929,17281,38210,2019-08-01
WA8,3529,4581,8110,22111,18469,40580,2019-08-01
WA9,3187,4197,7384,15824,12362,28186,2019-08-01
WA10,2203,2599,4802,13121,10952,24073,2019-08-01
WA11,1740,2337,4077,14649,12683,27332,2019-08-01
WA12,1217,1609,2826,8253,6944,15197,2019-08-01
WA13,355,421,776,5304,5151,10455,2019-08-01
WA14,1469,1508,2977,11640,10799,22439,2019-08-01
WA15,1815,1874,3689,16935,15741,32676,2019-08-01
WA16,810,836,1646,9689,9334,19023,2019-08-01
WC1,19,27,46,33,20,53,2019-08-01
WC1,107,97,204,305,136,441,2019-08-01
WC1,199,219,418,370,238,608,2019-08-01
WC1,231,241,472,481,304,785,2019-08-01
WC1,0,1,1,0,0,0,2019-08-01
WC1,976,900,1876,1822,992,2814,2019-08-01
WC1,0,1,1,1,0,1,2019-08-01
WC1,791,796,1587,1850,1151,3001,2019-08-01
WC1,0,0,0,1,0,1,2019-08-01
WC1,1,0,1,0,0,0,2019-08-01
WC1,57,42,99,182,99,281,2019-08-01
WC1,1,0,1,0,0,0,2019-08-01
WC1,58,38,96,95,46,141,2019-08-01
WC1,1015,959,1974,1926,1204,3130,2019-08-01
WC1,0,1,1,1,0,1,2019-08-01
WC1,2,1,3,0,0,0,2019-08-01
WC2,7,3,10,17,5,22,2019-08-01
WC2,10,14,24,88,50,138,2019-08-01
WC2,193,171,364,475,249,724,2019-08-01
WC2,71,55,126,231,113,344,2019-08-01
WC2,404,306,710,823,375,1198,2019-08-01
WC2,90,55,145,245,118,363,2019-08-01
WC2,36,27,63,129,76,205,2019-08-01
WC2,0,0,0,0,1,1,2019-08-01
WC2,0,0,0,0,1,1,2019-08-01
WC4,1,0,1,0,0,0,2019-08-01
WC12,1,0,1,0,0,0,2019-08-01
WC13,0,2,2,2,0,2,2019-08-01
WC14,3,1,4,1,2,3,2019-08-01
WC18,1,0,1,0,0,0,2019-08-01
WC19,1,1,2,0,0,0,2019-08-01
WC23,0,0,0,2,0,2,2019-08-01
WC24,2,0,2,5,1,6,2019-08-01
WC28,1,0,1,0,2,2,2019-08-01
WC44,0,0,0,1,0,1,2019-08-01
WC78,1,0,1,0,0,0,2019-08-01
WD1,60,54,114,144,85,229,2019-08-01
WD2,101,73,174,218,103,321,2019-08-01
WD3,1699,1867,3566,16714,16292,33006,2019-08-01
WD4,376,362,738,4675,4545,9220,2019-08-01
WD5,493,502,995,4460,4305,8765,2019-08-01
WD6,2589,2999,5588,15030,12751,27781,2019-08-01
WD7,456,556,1012,5300,5197,10497,2019-08-01
WD17,1140,1220,2360,6920,5710,12630,2019-08-01
WD18,2547,2839,5386,9160,6470,15630,2019-08-01
WD19,1622,1898,3520,10439,9494,19933,2019-08-01
WD22,0,0,0,0,1,1,2019-08-01
WD23,1219,1418,2637,10536,10280,20816,2019-08-01
WD24,1712,1907,3619,8648,6805,15453,2019-08-01
WD25,1595,1935,3530,10925,9886,20811,2019-08-01
WF0,0,0,0,1,0,1,2019-08-01
WF1,2633,2972,5605,11960,8766,20726,2019-08-01
WF2,2899,3743,6642,17401,14473,31874,2019-08-01
WF3,1335,1799,3134,12458,11222,23680,2019-08-01
WF4,1801,2334,4135,16277,14382,30659,2019-08-01
WF5,889,1143,2032,7622,6875,14497,2019-08-01
WF6,1172,1563,2735,7512,6008,13520,2019-08-01
WF7,1023,1494,2517,7502,6423,13925,2019-08-01
WF8,1656,2205,3861,11962,10175,22137,2019-08-01
WF9,2505,3263,5768,13231,10255,23486,2019-08-01
WF10,2808,3891,6699,16024,12667,28691,2019-08-01
WF11,996,1332,2328,5761,4598,10359,2019-08-01
WF12,2061,2809,4870,11365,8724,20089,2019-08-01
WF13,2195,2845,5040,7976,5237,13213,2019-08-01
WF14,708,984,1692,7345,6694,14039,2019-08-01
WF15,845,1102,1947,6144,5377,11521,2019-08-01
WF16,711,946,1657,3959,2896,6855,2019-08-01
WF17,2661,3642,6303,13831,10219,24050,2019-08-01
WF21,0,0,0,1,0,1,2019-08-01
WN0,0,0,0,1,0,1,2019-08-01
WN1,1083,1217,2300,6875,5349,12224,2019-08-01
WN2,2502,3294,5796,17842,14642,32484,2019-08-01
WN3,1430,1926,3356,10959,9047,20006,2019-08-01
WN4,1205,1499,2704,10380,8950,19330,2019-08-01
WN5,2266,2809,5075,15024,12280,27304,2019-08-01
WN6,1553,1955,3508,15136,13497,28633,2019-08-01
WN7,2725,3291,6016,16043,12803,28846,2019-08-01
WN8,3285,3976,7261,15217,12482,27699,2019-08-01
WR1,773,659,1432,3338,2498,5836,2019-08-01
WR2,1247,1411,2658,10911,9777,20688,2019-08-01
WR3,847,938,1785,8203,7437,15640,2019-08-01
WR4,1559,2002,3561,8644,7398,16042,2019-08-01
WR5,1436,1811,3247,12335,11077,23412,2019-08-01
WR6,327,327,654,5655,5446,11101,2019-08-01
WR7,118,116,234,2493,2407,4900,2019-08-01
WR8,218,241,459,3490,3351,6841,2019-08-01
WR9,1283,1501,2784,12355,11630,23985,2019-08-01
WR10,498,678,1176,7654,7339,14993,2019-08-01
WR11,1758,2073,3831,17851,15718,33569,2019-08-01
WR12,141,193,334,2488,2411,4899,2019-08-01
WR13,206,229,435,3718,3623,7341,2019-08-01
WR14,1690,2018,3708,12596,11767,24363,2019-08-01
WR15,240,263,503,2966,2750,5716,2019-08-01
WS0,0,0,0,0,1,1,2019-08-01
WS1,2457,2946,5403,7762,4811,12573,2019-08-01
WS2,3270,4473,7743,11112,7251,18363,2019-08-01
WS3,3419,4478,7897,15823,12269,28092,2019-08-01
WS4,904,1087,1991,6109,5126,11235,2019-08-01
WS5,1020,1518,2538,7749,6575,14324,2019-08-01
WS6,583,758,1341,6725,5867,12592,2019-08-01
WS7,929,1271,2200,11544,10265,21809,2019-08-01
WS8,814,1011,1825,5525,4612,10137,2019-08-01
WS9,934,1177,2111,9901,8951,18852,2019-08-01
WS10,3365,4476,7841,14160,10317,24477,2019-08-01
WS11,1881,2460,4341,15313,13175,28488,2019-08-01
WS12,1271,1687,2958,13337,11695,25032,2019-08-01
WS13,1176,1350,2526,9850,8847,18697,2019-08-01
WS14,570,620,1190,6991,6628,13619,2019-08-01
WS15,1597,1950,3547,14228,12608,26836,2019-08-01
WV0,0,1,1,0,0,0,2019-08-01
WV1,1918,1902,3820,4372,2682,7054,2019-08-01
WV2,1938,2155,4093,4718,3026,7744,2019-08-01
WV3,2047,2303,4350,10090,8158,18248,2019-08-01
WV4,1773,2400,4173,12209,10049,22258,2019-08-01
WV5,409,559,968,6084,5568,11652,2019-08-01
WV6,2690,3107,5797,15944,13657,29601,2019-08-01
WV7,360,264,624,2237,2034,4271,2019-08-01
WV8,714,1020,1734,5520,5093,10613,2019-08-01
WV9,304,378,682,2634,2358,4992,2019-08-01
WV10,4453,5840,10293,17057,13309,30366,2019-08-01
WV11,1980,2619,4599,11736,9314,21050,2019-08-01
WV12,1268,1719,2987,8790,7186,15976,2019-08-01
WV13,1520,1998,3518,6665,5099,11764,2019-08-01
WV14,3167,4172,7339,14902,11483,26385,2019-08-01
WV15,271,316,587,3479,3103,6582,2019-08-01
WV16,526,635,1161,7023,6335,13358,2019-08-01
YL55,0,0,0,0,1,1,2019-08-01
YO0,0,0,0,1,0,1,2019-08-01
YO1,353,376,729,1426,1057,2483,2019-08-01
YO1,0,0,0,1,0,1,2019-08-01
YO2,34,38,72,75,32,107,2019-08-01
YO3,36,30,66,94,57,151,2019-08-01
YO3,0,0,0,0,1,1,2019-08-01
YO4,12,13,25,111,87,198,2019-08-01
YO5,8,9,17,34,22,56,2019-08-01
YO6,18,27,45,116,65,181,2019-08-01
YO7,621,758,1379,7995,7372,15367,2019-08-01
YO8,1826,2389,4215,17311,15261,32572,2019-08-01
YO9,2,0,2,0,0,0,2019-08-01
YO10,1512,1837,3349,7056,6002,13058,2019-08-01
YO11,1418,1627,3045,7408,5805,13213,2019-08-01
YO12,2221,2675,4896,13111,11265,24376,2019-08-01
YO13,230,295,525,4187,4113,8300,2019-08-01
YO14,401,541,942,4326,3855,8181,2019-08-01
YO15,756,830,1586,4763,3744,8507,2019-08-01
YO16,1158,1492,2650,8649,7131,15780,2019-08-01
YO17,779,898,1677,8634,7771,16405,2019-08-01
YO18,323,380,703,4501,4239,8740,2019-08-01
YO19,366,431,797,5014,4780,9794,2019-08-01
YO20,0,0,0,0,1,1,2019-08-01
YO21,533,596,1129,5381,4781,10162,2019-08-01
YO22,369,426,795,3250,2938,6188,2019-08-01
YO23,796,986,1782,7169,6900,14069,2019-08-01
YO24,1682,2177,3859,10011,9035,19046,2019-08-01
YO25,1043,1294,2337,13234,12194,25428,2019-08-01
YO26,1458,1781,3239,10803,9822,20625,2019-08-01
YO29,0,0,0,1,0,1,2019-08-01
YO30,1426,1717,3143,8935,7978,16913,2019-08-01
YO31,1563,1935,3498,8731,7635,16366,2019-08-01
YO32,933,1265,2198,10648,10300,20948,2019-08-01
YO34,1,0,1,1,1,2,2019-08-01
YO41,243,332,575,4462,4269,8731,2019-08-01
YO42,463,577,1040,6019,5743,11762,2019-08-01
YO43,319,403,722,5053,4727,9780,2019-08-01
YO45,0,0,0,0,1,1,2019-08-01
YO51,148,188,336,2375,2269,4644,2019-08-01
YO60,107,109,216,1962,1939,3901,2019-08-01
YO61,366,446,812,5726,5653,11379,2019-08-01
YO62,354,395,749,4773,4557,9330,2019-08-01
YO69,0,0,0,1,0,1,2019-08-01
ZE0,0,0,0,0,1,1,2019-08-01
ZE1,434,531,965,2756,2298,5054,2019-08-01
ZE2,571,799,1370,5474,4855,10329,2019-08-01
ZE3,21,24,45,170,137,307,2019-08-01
TotalNA,3860793,4439239,8300032,22050324,18881970,40932294,2019-08-01
AA78,0,0,0,0,1,1,2020-12-01
AB1,69,75,144,180,122,302,2020-12-01
AB2,24,31,55,96,53,149,2020-12-01
AB3,6,9,15,31,33,64,2020-12-01
AB4,3,3,6,22,21,43,2020-12-01
AB5,1,2,3,12,14,26,2020-12-01
AB9,29,18,47,64,11,75,2020-12-01
AB10,1600,1641,3241,7343,5960,13303,2020-12-01
AB11,1992,2086,4078,6309,4313,10622,2020-12-01
AB12,1233,1561,2794,10417,9367,19784,2020-12-01
AB13,117,129,246,1415,1415,2830,2020-12-01
AB14,212,256,468,1927,1791,3718,2020-12-01
AB15,1507,2006,3513,15568,14649,30217,2020-12-01
AB16,2317,2932,5249,8083,6256,14339,2020-12-01
AB18,0,0,0,0,1,1,2020-12-01
AB21,963,1144,2107,9252,8273,17525,2020-12-01
AB22,595,768,1363,6136,5681,11817,2020-12-01
AB23,439,481,920,4714,4324,9038,2020-12-01
AB24,3192,3295,6487,9147,5866,15013,2020-12-01
AB25,1592,1493,3085,5069,3707,8776,2020-12-01
AB28,0,0,0,1,0,1,2020-12-01
AB29,0,1,1,0,0,0,2020-12-01
AB30,220,257,477,2984,2758,5742,2020-12-01
AB31,477,535,1012,6337,6077,12414,2020-12-01
AB32,453,554,1007,5574,5374,10948,2020-12-01
AB33,132,178,310,2315,2097,4412,2020-12-01
AB34,173,203,376,2169,2098,4267,2020-12-01
AB35,97,111,208,977,881,1858,2020-12-01
AB36,21,20,41,227,209,436,2020-12-01
AB37,36,46,82,539,454,993,2020-12-01
AB38,126,183,309,1688,1527,3215,2020-12-01
AB39,700,768,1468,6712,6416,13128,2020-12-01
AB41,590,847,1437,8380,7966,16346,2020-12-01
AB42,1592,1797,3389,12272,10888,23160,2020-12-01
AB43,1092,1291,2383,8082,7196,15278,2020-12-01
AB44,189,245,434,1336,1178,2514,2020-12-01
AB45,449,520,969,4004,3638,7642,2020-12-01
AB51,1086,1307,2393,13980,13193,27173,2020-12-01
AB52,142,183,325,2046,1893,3939,2020-12-01
AB53,351,427,778,4745,4170,8915,2020-12-01
AB54,397,518,915,4167,3738,7905,2020-12-01
AB55,301,437,738,3371,2949,6320,2020-12-01
AB56,679,738,1417,5060,4686,9746,2020-12-01
AL1,2182,2362,4544,14107,12697,26804,2020-12-01
AL2,1015,1173,2188,9486,8940,18426,2020-12-01
AL3,1314,1463,2777,10981,10561,21542,2020-12-01
AL4,1104,1267,2371,10633,10433,21066,2020-12-01
AL5,1281,1370,2651,12156,11858,24014,2020-12-01
AL6,392,430,822,5094,5011,10105,2020-12-01
AL7,2197,2576,4773,12279,11114,23393,2020-12-01
AL8,612,751,1363,4950,4722,9672,2020-12-01
AL9,482,545,1027,4827,4509,9336,2020-12-01
AL10,4112,3357,7469,11556,8106,19662,2020-12-01
B0,2,0,2,0,0,0,2020-12-01
B1,1059,916,1975,2293,1300,3593,2020-12-01
B2,83,65,148,103,57,160,2020-12-01
B3,222,206,428,695,442,1137,2020-12-01
B4,319,169,488,304,116,420,2020-12-01
B5,1417,1529,2946,3064,1845,4909,2020-12-01
B5,0,0,0,1,1,2,2020-12-01
B6,2876,3174,6050,4739,2453,7192,2020-12-01
B7,1141,1522,2663,1847,1096,2943,2020-12-01
B8,5375,6091,11466,10475,5775,16250,2020-12-01
B9,3046,3778,6824,6026,3459,9485,2020-12-01
B10,3506,3895,7401,6434,3348,9782,2020-12-01
B11,5944,6488,12432,11528,6358,17886,2020-12-01
B12,2948,2979,5927,4694,2443,7137,2020-12-01
B13,3098,3746,6844,12273,9560,21833,2020-12-01
B14,3333,4133,7466,12943,10798,23741,2020-12-01
B15,1717,1785,3502,5078,3861,8939,2020-12-01
B16,3115,3187,6302,6414,3966,10380,2020-12-01
B17,1961,2220,4181,8383,7068,15451,2020-12-01
B18,2281,2743,5024,3740,2357,6097,2020-12-01
B19,3409,3747,7156,4666,2470,7136,2020-12-01
B20,4186,4665,8851,10323,7188,17511,2020-12-01
B21,5256,5242,10498,7382,4201,11583,2020-12-01
B23,4363,5315,9678,12893,9738,22631,2020-12-01
B24,2404,2915,5319,8924,6887,15811,2020-12-01
B25,1619,2070,3689,4759,3233,7992,2020-12-01
B26,2197,2752,4949,11203,8852,20055,2020-12-01
B27,2362,2746,5108,7632,5490,13122,2020-12-01
B28,1966,2465,4431,10855,8952,19807,2020-12-01
B29,3434,3965,7399,9445,7537,16982,2020-12-01
B30,2026,2411,4437,8922,8106,17028,2020-12-01
B31,4413,5680,10093,16972,14310,31282,2020-12-01
B32,3099,4397,7496,11193,9080,20273,2020-12-01
B33,3174,4202,7376,9968,7298,17266,2020-12-01
B34,1464,1943,3407,5861,4667,10528,2020-12-01
B35,899,1205,2104,2351,2055,4406,2020-12-01
B36,2578,3429,6007,11372,9231,20603,2020-12-01
B37,3044,3882,6926,10445,8539,18984,2020-12-01
B38,1676,2123,3799,5930,5082,11012,2020-12-01
B41,1,0,1,1,0,1,2020-12-01
B42,1791,2113,3904,7810,6575,14385,2020-12-01
B43,1523,1956,3479,10404,9039,19443,2020-12-01
B44,2981,3940,6921,10740,8548,19288,2020-12-01
B45,2034,2567,4601,10477,9174,19651,2020-12-01
B46,463,480,943,5018,4665,9683,2020-12-01
B47,268,314,582,3898,3874,7772,2020-12-01
B48,202,182,384,2301,2195,4496,2020-12-01
B49,347,450,797,4112,3897,8009,2020-12-01
B50,212,236,448,2579,2439,5018,2020-12-01
B60,1017,1158,2175,10334,9712,20046,2020-12-01
B61,1115,1313,2428,9264,8685,17949,2020-12-01
B62,1095,1328,2423,8977,8072,17049,2020-12-01
B63,1858,2352,4210,12454,10768,23222,2020-12-01
B64,1090,1443,2533,5444,4382,9826,2020-12-01
B65,1620,2190,3810,7570,5994,13564,2020-12-01
B66,3403,3681,7084,5930,3551,9481,2020-12-01
B67,3375,3872,7247,8852,6154,15006,2020-12-01
B68,2467,3164,5631,10107,7882,17989,2020-12-01
B69,2259,2996,5255,8989,6842,15831,2020-12-01
B70,3227,3869,7096,8475,5252,13727,2020-12-01
B71,2564,3204,5768,9420,7061,16481,2020-12-01
B72,443,445,888,3756,3322,7078,2020-12-01
B73,1005,1136,2141,8710,7972,16682,2020-12-01
B74,978,1150,2128,12704,11959,24663,2020-12-01
B75,1197,1500,2697,9723,9260,18983,2020-12-01
B76,1006,928,1934,9046,7884,16930,2020-12-01
B77,2944,4083,7027,19880,16897,36777,2020-12-01
B78,1053,1253,2306,9144,8085,17229,2020-12-01
B79,1092,1349,2441,8500,7302,15802,2020-12-01
B80,267,291,558,2752,2544,5296,2020-12-01
B90,1905,2186,4091,18010,16931,34941,2020-12-01
B91,1370,1470,2840,13325,12578,25903,2020-12-01
B92,1801,2121,3922,13694,12093,25787,2020-12-01
B93,585,633,1218,7788,7739,15527,2020-12-01
B94,168,191,359,3260,3125,6385,2020-12-01
B95,198,200,398,2524,2442,4966,2020-12-01
B96,114,146,260,2197,2111,4308,2020-12-01
B97,1449,1711,3160,12314,10893,23207,2020-12-01
B98,3075,3941,7016,17114,14093,31207,2020-12-01
BA0,0,0,0,1,1,2,2020-12-01
BA1,2624,2964,5588,13856,12553,26409,2020-12-01
BA2,4323,4739,9062,23603,21506,45109,2020-12-01
BA3,1481,1496,2977,13796,12840,26636,2020-12-01
BA4,686,801,1487,7156,6535,13691,2020-12-01
BA5,771,819,1590,7068,6899,13967,2020-12-01
BA6,684,694,1378,5128,5081,10209,2020-12-01
BA7,123,154,277,1390,1465,2855,2020-12-01
BA8,139,172,311,1737,1626,3363,2020-12-01
BA9,275,362,637,3178,2933,6111,2020-12-01
BA10,154,197,351,1287,1298,2585,2020-12-01
BA11,1481,1814,3295,12375,11820,24195,2020-12-01
BA12,1235,1494,2729,11110,10194,21304,2020-12-01
BA13,889,1025,1914,7721,7238,14959,2020-12-01
BA14,2575,2760,5335,18091,16677,34768,2020-12-01
BA15,517,607,1124,5092,5153,10245,2020-12-01
BA16,660,692,1352,4745,4406,9151,2020-12-01
BA20,560,613,1173,4277,3625,7902,2020-12-01
BA21,1796,2265,4061,12252,10514,22766,2020-12-01
BA22,509,551,1060,7325,6938,14263,2020-12-01
BB0,0,0,0,0,1,1,2020-12-01
BB1,4786,6272,11058,21187,15521,36708,2020-12-01
BB2,4143,5046,9189,19045,14974,34019,2020-12-01
BB3,2002,2500,4502,11449,9645,21094,2020-12-01
BB4,1997,2538,4535,14880,13360,28240,2020-12-01
BB5,3987,4864,8851,19681,16074,35755,2020-12-01
BB6,734,834,1568,5322,4752,10074,2020-12-01
BB7,1212,1273,2485,13305,12727,26032,2020-12-01
BB8,1224,1423,2647,8001,7126,15127,2020-12-01
BB9,3054,3681,6735,14550,10854,25404,2020-12-01
BB10,2409,2885,5294,12555,10008,22563,2020-12-01
BB11,1715,2087,3802,7138,5596,12734,2020-12-01
BB12,1870,2200,4070,12261,10585,22846,2020-12-01
BB18,691,844,1535,6235,5544,11779,2020-12-01
BD1,720,470,1190,1009,412,1421,2020-12-01
BD2,2004,2578,4582,9594,7766,17360,2020-12-01
BD3,3681,4159,7840,8155,4626,12781,2020-12-01
BD4,2555,3393,5948,8280,6358,14638,2020-12-01
BD5,3172,3669,6841,7315,4198,11513,2020-12-01
BD6,1988,2698,4686,9178,7579,16757,2020-12-01
BD7,3749,3822,7571,9252,5594,14846,2020-12-01
BD8,3085,3648,6733,8071,4786,12857,2020-12-01
BD9,2252,3065,5317,8238,5839,14077,2020-12-01
BD10,1531,1962,3493,8804,7958,16762,2020-12-01
BD11,432,565,997,4066,3895,7961,2020-12-01
BD12,911,1209,2120,5725,4939,10664,2020-12-01
BD13,1250,1468,2718,9411,8589,18000,2020-12-01
BD14,450,615,1065,2755,2388,5143,2020-12-01
BD15,968,1261,2229,5361,4581,9942,2020-12-01
BD16,1125,1288,2413,9221,8541,17762,2020-12-01
BD17,758,867,1625,6688,6107,12795,2020-12-01
BD18,1799,2270,4069,8552,7047,15599,2020-12-01
BD19,1013,1196,2209,7874,7116,14990,2020-12-01
BD20,1366,1678,3044,13853,12888,26741,2020-12-01
BD21,2029,2697,4726,7162,5074,12236,2020-12-01
BD22,1483,1931,3414,10360,9230,19590,2020-12-01
BD23,1127,1295,2422,11471,10745,22216,2020-12-01
BD24,189,233,422,2079,1915,3994,2020-12-01
BD25,0,0,0,1,0,1,2020-12-01
BD99,0,0,0,0,1,1,2020-12-01
BH0,0,0,0,0,1,1,2020-12-01
BH1,2253,2101,4354,7047,4711,11758,2020-12-01
BH2,971,762,1733,3325,2136,5461,2020-12-01
BH2,0,0,0,1,0,1,2020-12-01
BH3,338,349,687,2151,1813,3964,2020-12-01
BH4,527,542,1069,3743,3143,6886,2020-12-01
BH5,784,791,1575,3883,3094,6977,2020-12-01
BH6,1063,1172,2235,8398,8235,16633,2020-12-01
BH7,728,762,1490,4199,3837,8036,2020-12-01
BH8,2099,2150,4249,9685,8151,17836,2020-12-01
BH9,1803,1836,3639,10043,9170,19213,2020-12-01
BH10,900,1049,1949,7332,6825,14157,2020-12-01
BH11,1124,1322,2446,7016,6389,13405,2020-12-01
BH12,1971,2240,4211,12545,11116,23661,2020-12-01
BH13,170,235,405,3357,3166,6523,2020-12-01
BH14,1071,1073,2144,9490,8828,18318,2020-12-01
BH15,1771,1927,3698,12339,11071,23410,2020-12-01
BH16,621,820,1441,5995,5790,11785,2020-12-01
BH17,928,1216,2144,8386,7945,16331,2020-12-01
BH18,294,264,558,4961,4772,9733,2020-12-01
BH19,470,584,1054,4277,3869,8146,2020-12-01
BH20,1072,853,1925,8412,7298,15710,2020-12-01
BH21,1095,1273,2368,16456,16519,32975,2020-12-01
BH22,715,725,1440,11071,10562,21633,2020-12-01
BH23,2049,2127,4176,20637,20229,40866,2020-12-01
BH24,812,757,1569,9775,9594,19369,2020-12-01
BH25,893,998,1891,9569,9437,19006,2020-12-01
BH31,334,324,658,5275,5328,10603,2020-12-01
BL0,708,826,1534,6395,6224,12619,2020-12-01
BL1,4677,5242,9919,21328,16583,37911,2020-12-01
BL2,3050,3578,6628,15085,12857,27942,2020-12-01
BL3,5372,6255,11627,20565,14509,35074,2020-12-01
BL4,2439,3140,5579,10604,8257,18861,2020-12-01
BL5,1187,1319,2506,10016,9263,19279,2020-12-01
BL6,1424,1589,3013,11297,10395,21692,2020-12-01
BL7,450,506,956,6044,5882,11926,2020-12-01
BL8,1576,1882,3458,13246,12190,25436,2020-12-01
BL9,3639,4335,7974,16350,13138,29488,2020-12-01
BN1,7367,7091,14458,25830,21573,47403,2020-12-01
BN2,8163,8621,16784,27307,22072,49379,2020-12-01
BN3,6562,6668,13230,27688,23877,51565,2020-12-01
BN4,2,1,3,12,6,18,2020-12-01
BN5,222,273,495,3179,3180,6359,2020-12-01
BN6,727,753,1480,6974,7031,14005,2020-12-01
BN7,1332,1560,2892,6809,6687,13496,2020-12-01
BN8,585,607,1192,6330,6271,12601,2020-12-01
BN9,886,1135,2021,4512,3881,8393,2020-12-01
BN10,1087,1245,2332,6963,6186,13149,2020-12-01
BN11,2301,2464,4765,10898,9389,20287,2020-12-01
BN12,911,1034,1945,8152,7935,16087,2020-12-01
BN13,1362,1470,2832,10744,10270,21014,2020-12-01
BN14,1635,1779,3414,11188,10622,21810,2020-12-01
BN15,1412,1605,3017,9893,8885,18778,2020-12-01
BN16,964,1076,2040,10906,11033,21939,2020-12-01
BN17,1739,2133,3872,10987,9791,20778,2020-12-01
BN18,580,537,1117,5324,5102,10426,2020-12-01
BN20,886,1101,1987,7676,7543,15219,2020-12-01
BN21,1799,1935,3734,8288,6890,15178,2020-12-01
BN22,2161,2637,4798,10763,9675,20438,2020-12-01
BN23,1415,1790,3205,10024,9012,19036,2020-12-01
BN24,328,374,702,3959,3890,7849,2020-12-01
BN25,1040,1286,2326,8793,8315,17108,2020-12-01
BN26,459,540,999,4721,4521,9242,2020-12-01
BN27,1230,1447,2677,11360,10975,22335,2020-12-01
BN32,1,0,1,0,0,0,2020-12-01
BN40,0,0,0,1,0,1,2020-12-01
BN41,1589,1756,3345,6663,6223,12886,2020-12-01
BN42,602,694,1296,3638,3265,6903,2020-12-01
BN43,1303,1351,2654,8331,7864,16195,2020-12-01
BN44,350,409,759,3956,3939,7895,2020-12-01
BN45,27,22,49,265,253,518,2020-12-01
BR0,0,0,0,1,0,1,2020-12-01
BR1,4816,5705,10521,19820,17768,37588,2020-12-01
BR2,2823,3075,5898,17421,16373,33794,2020-12-01
BR3,2919,3467,6386,18003,16695,34698,2020-12-01
BR4,1041,930,1971,7446,7182,14628,2020-12-01
BR5,3179,4025,7204,15657,14521,30178,2020-12-01
BR6,2322,2635,4957,17715,16955,34670,2020-12-01
BR7,762,930,1692,7013,6712,13725,2020-12-01
BR8,1181,1490,2671,8338,7569,15907,2020-12-01
BS0,0,0,0,1,0,1,2020-12-01
BS1,1192,1028,2220,3728,2203,5931,2020-12-01
BS2,1975,2042,4017,4717,3130,7847,2020-12-01
BS3,2657,2992,5649,12903,10842,23745,2020-12-01
BS4,3415,4289,7704,16544,13680,30224,2020-12-01
BS5,5441,5722,11163,17420,13130,30550,2020-12-01
BS6,2196,2320,4516,10547,9461,20008,2020-12-01
BS7,2989,3152,6141,13587,11205,24792,2020-12-01
BS8,1551,1603,3154,8296,7213,15509,2020-12-01
BS9,1412,1424,2836,11889,11143,23032,2020-12-01
BS10,2070,2688,4758,9543,7915,17458,2020-12-01
BS11,1362,1651,3013,6016,4793,10809,2020-12-01
BS12,19,11,30,100,48,148,2020-12-01
BS13,2177,2906,5083,9334,7679,17013,2020-12-01
BS14,1474,1654,3128,10536,9495,20031,2020-12-01
BS15,2228,2577,4805,17543,15612,33155,2020-12-01
BS16,4262,4593,8855,28897,25802,54699,2020-12-01
BS17,16,17,33,86,58,144,2020-12-01
BS18,15,14,29,72,58,130,2020-12-01
BS19,4,6,10,42,30,72,2020-12-01
BS20,1039,1232,2271,12445,11669,24114,2020-12-01
BS21,815,1047,1862,8931,8574,17505,2020-12-01
BS22,1530,1930,3460,14122,12815,26937,2020-12-01
BS23,2429,2767,5196,11772,9280,21052,2020-12-01
BS24,830,1058,1888,8760,8135,16895,2020-12-01
BS25,184,179,363,2630,2485,5115,2020-12-01
BS26,146,163,309,2019,1984,4003,2020-12-01
BS27,237,237,474,2917,2834,5751,2020-12-01
BS28,87,86,173,1417,1387,2804,2020-12-01
BS29,98,109,207,1125,1041,2166,2020-12-01
BS30,961,1142,2103,11404,10861,22265,2020-12-01
BS31,823,994,1817,8356,7854,16210,2020-12-01
BS32,1130,1200,2330,9287,8361,17648,2020-12-01
BS34,1849,2097,3946,12232,10390,22622,2020-12-01
BS35,797,929,1726,9433,8789,18222,2020-12-01
BS36,510,522,1032,6395,6187,12582,2020-12-01
BS37,1533,1864,3397,15156,13885,29041,2020-12-01
BS38,0,0,0,1,0,1,2020-12-01
BS39,490,551,1041,6539,6199,12738,2020-12-01
BS40,326,350,676,5470,5365,10835,2020-12-01
BS41,176,235,411,2393,2297,4690,2020-12-01
BS45,0,0,0,1,1,2,2020-12-01
BS48,816,910,1726,9070,8765,17835,2020-12-01
BS49,416,457,873,4656,4559,9215,2020-12-01
BS53,0,0,0,1,0,1,2020-12-01
BS57,0,0,0,1,0,1,2020-12-01
BS67,0,0,0,0,1,1,2020-12-01
BS94,0,1,1,0,0,0,2020-12-01
BS99,1,0,1,0,0,0,2020-12-01
CA0,0,0,0,1,1,2,2020-12-01
CA1,1579,1892,3471,7591,6057,13648,2020-12-01
CA2,2137,2826,4963,12803,10646,23449,2020-12-01
CA3,535,610,1145,5171,4692,9863,2020-12-01
CA4,192,255,447,3937,3852,7789,2020-12-01
CA5,221,214,435,2941,2868,5809,2020-12-01
CA6,285,354,639,3778,3335,7113,2020-12-01
CA7,728,917,1645,8619,7930,16549,2020-12-01
CA8,307,414,721,4044,3755,7799,2020-12-01
CA9,73,110,183,839,734,1573,2020-12-01
CA10,387,466,853,5860,5474,11334,2020-12-01
CA11,910,1108,2018,8188,7471,15659,2020-12-01
CA12,327,359,686,2978,2659,5637,2020-12-01
CA13,496,649,1145,5969,5562,11531,2020-12-01
CA14,1702,2251,3953,12254,10352,22606,2020-12-01
CA15,751,1009,1760,5496,4658,10154,2020-12-01
CA16,161,185,346,2514,2371,4885,2020-12-01
CA17,136,179,315,1971,1749,3720,2020-12-01
CA18,9,4,13,117,117,234,2020-12-01
CA19,26,28,54,449,422,871,2020-12-01
CA20,81,96,177,1321,1168,2489,2020-12-01
CA21,26,21,47,313,280,593,2020-12-01
CA22,470,582,1052,3092,2587,5679,2020-12-01
CA23,57,69,126,562,472,1034,2020-12-01
CA24,31,59,90,398,317,715,2020-12-01
CA25,300,428,728,1873,1605,3478,2020-12-01
CA26,160,213,373,1285,1144,2429,2020-12-01
CA27,44,68,112,643,565,1208,2020-12-01
CA28,1481,1796,3277,9529,7896,17425,2020-12-01
CB1,4177,4304,8481,16033,13652,29685,2020-12-01
CB2,1675,1796,3471,7502,6593,14095,2020-12-01
CB3,1213,1381,2594,6292,5663,11955,2020-12-01
CB4,3995,4226,8221,15732,12975,28707,2020-12-01
CB5,1135,1278,2413,4783,3963,8746,2020-12-01
CB6,1466,1715,3181,14442,13264,27706,2020-12-01
CB7,1175,1317,2492,10247,9380,19627,2020-12-01
CB8,1634,1754,3388,12264,11153,23417,2020-12-01
CB9,1681,2197,3878,11326,9756,21082,2020-12-01
CB10,594,720,1314,5732,5417,11149,2020-12-01
CB11,749,820,1569,7171,6829,14000,2020-12-01
CB12,0,0,0,1,0,1,2020-12-01
CB19,0,0,0,1,0,1,2020-12-01
CB21,481,513,994,5296,4975,10271,2020-12-01
CB22,831,830,1661,8229,7590,15819,2020-12-01
CB23,1211,1426,2637,11478,10865,22343,2020-12-01
CB24,1188,1289,2477,11771,10727,22498,2020-12-01
CB25,546,574,1120,6127,5691,11818,2020-12-01
CF0,1,0,1,0,0,0,2020-12-01
CF1,85,67,152,141,52,193,2020-12-01
CF2,47,43,90,119,43,162,2020-12-01
CF3,2864,3624,6488,13702,12574,26276,2020-12-01
CF4,46,37,83,138,105,243,2020-12-01
CF5,4206,5045,9251,20961,19188,40149,2020-12-01
CF6,83,72,155,129,62,191,2020-12-01
CF7,13,8,21,58,44,102,2020-12-01
CF8,50,42,92,130,101,231,2020-12-01
CF9,0,0,0,1,0,1,2020-12-01
CF10,1576,1356,2932,4189,2493,6682,2020-12-01
CF11,3737,3510,7247,11414,8146,19560,2020-12-01
CF14,3445,3799,7244,25889,24549,50438,2020-12-01
CF15,600,730,1330,6915,6856,13771,2020-12-01
CF18,0,1,1,0,0,0,2020-12-01
CF23,2545,3035,5580,15607,14649,30256,2020-12-01
CF24,5693,4926,10619,11939,8366,20305,2020-12-01
CF31,2060,2501,4561,15765,14408,30173,2020-12-01
CF32,1465,1879,3344,10671,9263,19934,2020-12-01
CF33,807,1030,1837,4888,4263,9151,2020-12-01
CF34,1063,1435,2498,6569,5318,11887,2020-12-01
CF35,515,636,1151,7108,6651,13759,2020-12-01
CF36,544,675,1219,6068,5690,11758,2020-12-01
CF37,2434,2610,5044,12119,9814,21933,2020-12-01
CF38,795,1036,1831,8597,8126,16723,2020-12-01
CF39,1493,2032,3525,9501,7915,17416,2020-12-01
CF40,1115,1525,2640,6409,5119,11528,2020-12-01
CF41,541,745,1286,3458,2714,6172,2020-12-01
CF42,741,966,1707,4214,3398,7612,2020-12-01
CF43,733,1019,1752,3672,2743,6415,2020-12-01
CF44,2091,2863,4954,13357,11007,24364,2020-12-01
CF45,1243,1574,2817,6043,4777,10820,2020-12-01
CF46,648,872,1520,5075,4507,9582,2020-12-01
CF47,1396,1935,3331,6637,5106,11743,2020-12-01
CF48,1474,1937,3411,8855,7406,16261,2020-12-01
CF61,508,583,1091,3663,3479,7142,2020-12-01
CF62,2151,2543,4694,14618,14024,28642,2020-12-01
CF63,1521,1756,3277,6522,5835,12357,2020-12-01
CF64,1653,1830,3483,13396,12945,26341,2020-12-01
CF71,235,244,479,3862,3830,7692,2020-12-01
CF72,920,1154,2074,9908,9487,19395,2020-12-01
CF81,1007,1348,2355,5076,3885,8961,2020-12-01
CF82,1005,1229,2234,6882,6020,12902,2020-12-01
CF83,2866,3594,6460,17789,15917,33706,2020-12-01
CH1,2308,2514,4822,9375,7541,16916,2020-12-01
CH2,1707,2085,3792,12458,11171,23629,2020-12-01
CH3,1341,1459,2800,13890,13196,27086,2020-12-01
CH4,1690,2099,3789,12268,11337,23605,2020-12-01
CH5,2286,2755,5041,14870,12757,27627,2020-12-01
CH6,967,1256,2223,5806,4941,10747,2020-12-01
CH6,0,0,0,1,0,1,2020-12-01
CH7,1819,2344,4163,18714,17677,36391,2020-12-01
CH8,964,1246,2210,7601,6656,14257,2020-12-01
CH9,1,0,1,1,0,1,2020-12-01
CH14,0,0,0,1,0,1,2020-12-01
CH22,0,0,0,0,1,1,2020-12-01
CH24,0,0,0,1,0,1,2020-12-01
CH41,1921,2179,4100,4543,3268,7811,2020-12-01
CH42,2749,3131,5880,8583,7033,15616,2020-12-01
CH43,2308,2492,4800,12646,11241,23887,2020-12-01
CH44,2485,2901,5386,8151,6555,14706,2020-12-01
CH45,1801,2002,3803,10356,9435,19791,2020-12-01
CH46,1588,1904,3492,8205,7278,15483,2020-12-01
CH47,453,526,979,4052,3954,8006,2020-12-01
CH48,638,637,1275,5701,5658,11359,2020-12-01
CH49,1506,1853,3359,9977,9558,19535,2020-12-01
CH60,376,335,711,5228,5287,10515,2020-12-01
CH61,601,679,1280,6466,6330,12796,2020-12-01
CH62,1688,1941,3629,10018,9128,19146,2020-12-01
CH63,1232,1433,2665,10702,10352,21054,2020-12-01
CH64,645,726,1371,7465,7118,14583,2020-12-01
CH65,2074,2500,4574,8972,7531,16503,2020-12-01
CH66,1558,1916,3474,12977,12007,24984,2020-12-01
CM0,650,790,1440,6892,6191,13083,2020-12-01
CM1,3560,4058,7618,24038,21600,45638,2020-12-01
CM2,2756,3209,5965,22486,20297,42783,2020-12-01
CM3,1763,2109,3872,22280,21137,43417,2020-12-01
CM4,360,387,747,4317,4212,8529,2020-12-01
CM5,370,397,767,4521,4334,8855,2020-12-01
CM6,834,945,1779,11401,11063,22464,2020-12-01
CM7,2422,2960,5382,18067,15787,33854,2020-12-01
CM8,1660,2106,3766,11949,10764,22713,2020-12-01
CM9,1282,1579,2861,13451,12434,25885,2020-12-01
CM11,726,827,1553,7831,7338,15169,2020-12-01
CM12,761,784,1545,8100,7747,15847,2020-12-01
CM13,1019,1182,2201,9972,9236,19208,2020-12-01
CM14,1078,1285,2363,7877,7115,14992,2020-12-01
CM15,864,1017,1881,9227,9027,18254,2020-12-01
CM16,902,1016,1918,9095,8574,17669,2020-12-01
CM17,1016,1294,2310,9108,8508,17616,2020-12-01
CM18,1908,2308,4216,8603,7012,15615,2020-12-01
CM19,1559,1801,3360,7707,6096,13803,2020-12-01
CM20,2095,2486,4581,8145,6210,14355,2020-12-01
CM21,401,444,845,4574,4163,8737,2020-12-01
CM22,516,547,1063,6449,6054,12503,2020-12-01
CM23,1985,2234,4219,15906,14631,30537,2020-12-01
CM24,313,373,686,3168,2982,6150,2020-12-01
CM77,470,620,1090,6002,5821,11823,2020-12-01
CO0,1,1,2,0,0,0,2020-12-01
CO1,1457,1626,3083,5380,4207,9587,2020-12-01
CO2,2338,2964,5302,12905,10939,23844,2020-12-01
CO3,1552,1669,3221,11607,10734,22341,2020-12-01
CO4,3184,3765,6949,16959,14392,31351,2020-12-01
CO5,929,1084,2013,11475,10826,22301,2020-12-01
CO6,858,1039,1897,11288,10848,22136,2020-12-01
CO7,1291,1410,2701,13468,12565,26033,2020-12-01
CO8,80,76,156,952,911,1863,2020-12-01
CO9,986,1098,2084,10165,9347,19512,2020-12-01
CO10,2033,2357,4390,18294,16894,35188,2020-12-01
CO11,432,575,1007,5252,4995,10247,2020-12-01
CO12,1136,1452,2588,8055,6799,14854,2020-12-01
CO13,402,499,901,4897,4564,9461,2020-12-01
CO14,278,375,653,2432,2016,4448,2020-12-01
CO15,2445,2858,5303,14906,12493,27399,2020-12-01
CO16,1198,1370,2568,9615,8636,18251,2020-12-01
CR0,18815,20842,39657,51046,40155,91201,2020-12-01
CR1,5,6,11,7,1,8,2020-12-01
CR2,3342,3850,7192,17880,16115,33995,2020-12-01
CR3,1406,1630,3036,11092,10604,21696,2020-12-01
CR4,9081,8890,17971,21005,14477,35482,2020-12-01
CR5,1546,1808,3354,11460,10916,22376,2020-12-01
CR6,385,435,820,3941,3784,7725,2020-12-01
CR7,7414,7240,14654,14479,10580,25059,2020-12-01
CR8,2061,2332,4393,12318,11409,23727,2020-12-01
CR9,58,40,98,58,19,77,2020-12-01
CT0,0,0,0,0,1,1,2020-12-01
CT1,2465,2642,5107,8093,6583,14676,2020-12-01
CT2,1940,2141,4081,8583,7425,16008,2020-12-01
CT3,902,1039,1941,7300,6819,14119,2020-12-01
CT4,657,700,1357,6855,6731,13586,2020-12-01
CT5,1467,1627,3094,12162,11657,23819,2020-12-01
CT6,1772,1958,3730,14362,13462,27824,2020-12-01
CT7,417,526,943,4499,4170,8669,2020-12-01
CT8,455,476,931,2624,2469,5093,2020-12-01
CT9,3560,3857,7417,13659,11528,25187,2020-12-01
CT10,1356,1468,2824,8939,8359,17298,2020-12-01
CT11,2343,2552,4895,9385,8060,17445,2020-12-01
CT12,1210,1428,2638,6255,5448,11703,2020-12-01
CT13,407,449,856,3318,3084,6402,2020-12-01
CT14,1748,2055,3803,12497,11224,23721,2020-12-01
CT15,495,658,1153,5305,4802,10107,2020-12-01
CT16,1381,1476,2857,6788,5443,12231,2020-12-01
CT17,1627,1809,3436,6557,5357,11914,2020-12-01
CT18,537,563,1100,5644,5345,10989,2020-12-01
CT19,2030,2361,4391,9078,7721,16799,2020-12-01
CT20,1564,1823,3387,8058,6188,14246,2020-12-01
CT21,679,739,1418,6572,6314,12886,2020-12-01
CV1,5054,3918,8972,7063,3048,10111,2020-12-01
CV2,6136,7529,13665,20415,15150,35565,2020-12-01
CV3,4816,5851,10667,23549,18620,42169,2020-12-01
CV4,2504,2897,5401,10161,7946,18107,2020-12-01
CV5,2520,2869,5389,17072,14633,31705,2020-12-01
CV6,8429,9995,18424,28985,21150,50135,2020-12-01
CV7,1206,1475,2681,11172,10245,21417,2020-12-01
CV8,1181,1263,2444,12220,11648,23868,2020-12-01
CV9,949,1195,2144,8291,7231,15522,2020-12-01
CV10,2700,3743,6443,18826,16034,34860,2020-12-01
CV11,2121,2583,4704,14603,12014,26617,2020-12-01
CV12,1533,2071,3604,11018,9401,20419,2020-12-01
CV13,295,336,631,4550,4259,8809,2020-12-01
CV18,0,0,0,0,1,1,2020-12-01
CV19,0,0,0,1,0,1,2020-12-01
CV21,2571,3080,5651,13889,10386,24275,2020-12-01
CV22,1703,1982,3685,14126,12538,26664,2020-12-01
CV23,738,872,1610,9923,9167,19090,2020-12-01
CV27,0,0,0,1,0,1,2020-12-01
CV31,2155,2379,4534,10592,8418,19010,2020-12-01
CV32,1649,1868,3517,11742,10208,21950,2020-12-01
CV33,234,265,499,3037,2942,5979,2020-12-01
CV34,1544,1839,3383,12304,11140,23444,2020-12-01
CV35,696,855,1551,10796,10539,21335,2020-12-01
CV36,309,365,674,4021,3868,7889,2020-12-01
CV37,1868,2190,4058,16790,16019,32809,2020-12-01
CV42,0,0,0,1,0,1,2020-12-01
CV47,610,729,1339,7543,7107,14650,2020-12-01
CW1,2754,3137,5891,13839,11575,25414,2020-12-01
CW2,2431,2517,4948,14776,12581,27357,2020-12-01
CW3,271,348,619,3725,3606,7331,2020-12-01
CW4,278,325,603,4155,4188,8343,2020-12-01
CW5,1083,1172,2255,11964,11435,23399,2020-12-01
CW6,309,374,683,5541,5428,10969,2020-12-01
CW7,1935,2339,4274,11324,9915,21239,2020-12-01
CW8,1338,1623,2961,15122,14318,29440,2020-12-01
CW9,1399,1551,2950,13160,11924,25084,2020-12-01
CW10,496,631,1127,6002,5621,11623,2020-12-01
CW11,867,905,1772,10048,9733,19781,2020-12-01
CW12,1153,1294,2447,12181,11437,23618,2020-12-01
DA0,1,1,2,0,0,0,2020-12-01
DA1,4285,5214,9499,20879,17411,38290,2020-12-01
DA2,1144,1443,2587,8491,7814,16305,2020-12-01
DA3,629,632,1261,6767,6565,13332,2020-12-01
DA4,368,398,766,3755,3480,7235,2020-12-01
DA5,921,1014,1935,7952,7533,15485,2020-12-01
DA6,613,753,1366,3710,3276,6986,2020-12-01
DA7,1844,2209,4053,12658,11510,24168,2020-12-01
DA8,3399,4155,7554,10897,9154,20051,2020-12-01
DA9,763,909,1672,5183,4538,9721,2020-12-01
DA10,537,717,1254,3201,2656,5857,2020-12-01
DA11,2988,3478,6466,13416,10522,23938,2020-12-01
DA12,3503,3966,7469,16635,13852,30487,2020-12-01
DA13,385,463,848,6017,5713,11730,2020-12-01
DA14,1248,1531,2779,7531,7104,14635,2020-12-01
DA15,1373,1631,3004,10585,9668,20253,2020-12-01
DA16,2389,3018,5407,12916,11096,24012,2020-12-01
DA17,1717,2057,3774,5965,4811,10776,2020-12-01
DA18,783,964,1747,1348,929,2277,2020-12-01
DD1,1163,1038,2201,2227,1486,3713,2020-12-01
DD2,2745,3330,6075,12605,11049,23654,2020-12-01
DD3,2767,3160,5927,10815,8643,19458,2020-12-01
DD4,3369,4012,7381,12377,10391,22768,2020-12-01
DD5,1091,1238,2329,12036,11659,23695,2020-12-01
DD6,413,511,924,3390,3338,6728,2020-12-01
DD7,470,614,1084,4648,4301,8949,2020-12-01
DD8,1138,1470,2608,10455,9435,19890,2020-12-01
DD9,518,664,1182,3924,3523,7447,2020-12-01
DD10,957,1174,2131,7658,6895,14553,2020-12-01
DD11,1397,1708,3105,9666,8335,18001,2020-12-01
DE1,1497,1347,2844,3979,2242,6221,2020-12-01
DE2,22,17,39,58,20,78,2020-12-01
DE3,597,799,1396,6811,6321,13132,2020-12-01
DE4,1240,1541,2781,12950,11984,24934,2020-12-01
DE5,870,1206,2076,8067,7205,15272,2020-12-01
DE6,793,932,1725,10361,9694,20055,2020-12-01
DE7,2511,3281,5792,17462,14773,32235,2020-12-01
DE11,2002,2555,4557,16582,14697,31279,2020-12-01
DE12,731,910,1641,8503,7712,16215,2020-12-01
DE13,1501,1870,3371,15828,14597,30425,2020-12-01
DE14,2522,2792,5314,10759,7524,18283,2020-12-01
DE15,1314,1573,2887,8382,6996,15378,2020-12-01
DE19,0,0,0,1,1,2,2020-12-01
DE21,3156,4081,7237,19445,16589,36034,2020-12-01
DE22,2826,3227,6053,15402,13035,28437,2020-12-01
DE23,5539,5780,11319,18900,13927,32827,2020-12-01
DE24,4092,5470,9562,17670,13698,31368,2020-12-01
DE44,0,0,0,0,1,1,2020-12-01
DE45,240,295,535,3225,3125,6350,2020-12-01
DE51,0,0,0,1,0,1,2020-12-01
DE55,2246,2798,5044,18771,16289,35060,2020-12-01
DE56,1405,1651,3056,14815,13827,28642,2020-12-01
DE65,719,877,1596,9160,8653,17813,2020-12-01
DE66,0,0,0,0,1,1,2020-12-01
DE72,654,858,1512,7941,7449,15390,2020-12-01
DE73,661,849,1510,7741,7322,15063,2020-12-01
DE74,473,519,992,4678,4154,8832,2020-12-01
DE75,924,1107,2031,6346,5482,11828,2020-12-01
DG1,1264,1413,2677,9766,8923,18689,2020-12-01
DG2,1361,1756,3117,7543,6735,14278,2020-12-01
DG3,171,245,416,1762,1671,3433,2020-12-01
DG4,220,324,544,1441,1119,2560,2020-12-01
DG5,234,264,498,1873,1755,3628,2020-12-01
DG6,273,291,564,1836,1755,3591,2020-12-01
DG7,466,551,1017,4559,4381,8940,2020-12-01
DG8,478,632,1110,4686,4223,8909,2020-12-01
DG9,803,977,1780,5444,4796,10240,2020-12-01
DG10,177,211,388,1472,1299,2771,2020-12-01
DG11,492,625,1117,4933,4487,9420,2020-12-01
DG12,682,815,1497,4239,3681,7920,2020-12-01
DG13,117,132,249,1050,929,1979,2020-12-01
DG14,41,43,84,560,499,1059,2020-12-01
DG16,159,214,373,1372,1238,2610,2020-12-01
DH1,2238,2482,4720,13474,12043,25517,2020-12-01
DH2,1422,2055,3477,10520,8894,19414,2020-12-01
DH3,1328,1772,3100,8889,7541,16430,2020-12-01
DH4,1738,2189,3927,11724,10005,21729,2020-12-01
DH5,1072,1587,2659,6714,5385,12099,2020-12-01
DH6,1592,2249,3841,11969,10256,22225,2020-12-01
DH7,1931,2740,4671,14364,12454,26818,2020-12-01
DH8,1849,2437,4286,13498,11778,25276,2020-12-01
DH9,2098,2778,4876,11664,9316,20980,2020-12-01
DH10,0,0,0,1,0,1,2020-12-01
DH12,0,1,1,0,0,0,2020-12-01
DL1,3086,4100,7186,14904,11579,26483,2020-12-01
DL2,488,617,1105,7196,7027,14223,2020-12-01
DL3,2450,2931,5381,14665,12652,27317,2020-12-01
DL4,630,816,1446,3061,2327,5388,2020-12-01
DL5,1590,2072,3662,9786,8440,18226,2020-12-01
DL6,575,692,1267,5784,5352,11136,2020-12-01
DL7,400,517,917,5869,5700,11569,2020-12-01
DL8,433,562,995,7658,7274,14932,2020-12-01
DL9,2415,1282,3697,5284,3486,8770,2020-12-01
DL10,651,839,1490,6921,6646,13567,2020-12-01
DL11,125,132,257,2153,2038,4191,2020-12-01
DL12,377,497,874,4640,4267,8907,2020-12-01
DL13,438,584,1022,5326,4678,10004,2020-12-01
DL14,1815,2413,4228,12530,10616,23146,2020-12-01
DL15,993,1339,2332,7614,6522,14136,2020-12-01
DL16,921,1231,2152,7565,6529,14094,2020-12-01
DL17,949,1326,2275,5988,4768,10756,2020-12-01
DN0,1,0,1,1,0,1,2020-12-01
DN1,1332,1079,2411,2619,1075,3694,2020-12-01
DN2,1838,2238,4076,7851,5840,13691,2020-12-01
DN3,1223,1603,2826,10791,9462,20253,2020-12-01
DN4,3342,3928,7270,18198,14438,32636,2020-12-01
DN5,2070,2679,4749,13418,11487,24905,2020-12-01
DN6,1950,2568,4518,9957,8046,18003,2020-12-01
DN7,1168,1632,2800,7512,6161,13673,2020-12-01
DN8,1062,1435,2497,6052,4682,10734,2020-12-01
DN9,644,763,1407,8367,8043,16410,2020-12-01
DN10,348,445,793,5087,4749,9836,2020-12-01
DN11,1445,1928,3373,9923,8604,18527,2020-12-01
DN12,1643,2170,3813,7234,5571,12805,2020-12-01
DN14,2164,2937,5101,17245,14435,31680,2020-12-01
DN15,2777,2801,5578,11922,9088,21010,2020-12-01
DN16,1742,2125,3867,10375,8740,19115,2020-12-01
DN17,1845,2341,4186,12765,11062,23827,2020-12-01
DN18,556,744,1300,4550,3802,8352,2020-12-01
DN19,183,228,411,2505,2268,4773,2020-12-01
DN20,643,768,1411,7382,6527,13909,2020-12-01
DN21,1842,2409,4251,13483,11882,25365,2020-12-01
DN22,1428,1813,3241,13217,12026,25243,2020-12-01
DN24,0,0,0,0,1,1,2020-12-01
DN31,875,1062,1937,2436,1539,3975,2020-12-01
DN32,2595,2841,5436,7617,5524,13141,2020-12-01
DN33,1346,1586,2932,6354,5394,11748,2020-12-01
DN34,1196,1502,2698,6300,5073,11373,2020-12-01
DN35,2062,2461,4523,10725,8820,19545,2020-12-01
DN36,587,750,1337,8009,7487,15496,2020-12-01
DN37,948,1118,2066,7844,7090,14934,2020-12-01
DN38,91,114,205,1136,1052,2188,2020-12-01
DN39,94,113,207,1153,1008,2161,2020-12-01
DN40,705,937,1642,4588,3498,8086,2020-12-01
DN41,165,208,373,2521,2431,4952,2020-12-01
DT0,0,0,0,0,1,1,2020-12-01
DT1,912,1107,2019,7239,6878,14117,2020-12-01
DT2,730,764,1494,10446,10198,20644,2020-12-01
DT3,915,1060,1975,9344,8724,18068,2020-12-01
DT4,2247,2435,4682,12752,11084,23836,2020-12-01
DT5,728,874,1602,4302,3761,8063,2020-12-01
DT6,798,888,1686,8324,8207,16531,2020-12-01
DT7,239,262,501,2124,2055,4179,2020-12-01
DT8,157,221,378,2395,2350,4745,2020-12-01
DT9,733,845,1578,8064,8050,16114,2020-12-01
DT10,337,388,725,4737,4535,9272,2020-12-01
DT11,1239,1261,2500,11914,10792,22706,2020-12-01
DY1,2309,2875,5184,10568,8402,18970,2020-12-01
DY2,2671,3356,6027,10677,7862,18539,2020-12-01
DY3,1462,1787,3249,12073,10562,22635,2020-12-01
DY4,3356,4369,7725,13180,9813,22993,2020-12-01
DY5,2366,3154,5520,13609,11082,24691,2020-12-01
DY6,872,1105,1977,10714,9843,20557,2020-12-01
DY7,201,231,432,3155,3088,6243,2020-12-01
DY8,2155,2563,4718,18059,16269,34328,2020-12-01
DY9,1471,1793,3264,10864,9577,20441,2020-12-01
DY10,1796,2142,3938,12926,11548,24474,2020-12-01
DY11,1495,1829,3324,11234,9830,21064,2020-12-01
DY12,366,457,823,4911,4545,9456,2020-12-01
DY13,845,1035,1880,8685,7894,16579,2020-12-01
DY14,228,223,451,3595,3292,6887,2020-12-01
E1,12192,9404,21596,18261,9308,27569,2020-12-01
E1,0,1,1,0,0,0,2020-12-01
E1,1,0,1,0,0,0,2020-12-01
E1,1212,1341,2553,4787,3126,7913,2020-12-01
E2,6161,6143,12304,12461,7780,20241,2020-12-01
E2,0,1,1,0,0,0,2020-12-01
E2,0,0,0,0,1,1,2020-12-01
E3,7696,7759,15455,16272,10644,26916,2020-12-01
E4,5100,5759,10859,22639,18999,41638,2020-12-01
E5,7934,8012,15946,12356,8516,20872,2020-12-01
E6,18696,14454,33150,24254,12794,37048,2020-12-01
E7,13799,9499,23298,16256,8524,24780,2020-12-01
E8,6040,6426,12466,11082,7955,19037,2020-12-01
E9,6159,6803,12962,9853,7250,17103,2020-12-01
E10,8522,7140,15662,14864,8759,23623,2020-12-01
E11,7459,7073,14532,18901,13785,32686,2020-12-01
E12,10292,7484,17776,12457,6558,19015,2020-12-01
E13,11032,8539,19571,13820,7402,21222,2020-12-01
E14,11318,11700,23018,26861,16003,42864,2020-12-01
E15,10437,9195,19632,16029,9066,25095,2020-12-01
E16,8366,8765,17131,15964,9711,25675,2020-12-01
E17,16652,15378,32030,34772,23494,58266,2020-12-01
E18,1554,1696,3250,7210,6186,13396,2020-12-01
E19,1,0,1,1,0,1,2020-12-01
E20,526,604,1130,1741,1131,2872,2020-12-01
EC1,16,6,22,18,6,24,2020-12-01
EC1,91,75,166,353,210,563,2020-12-01
EC1,2,0,2,1,0,1,2020-12-01
EC1,0,0,0,0,1,1,2020-12-01
EC1,120,108,228,464,265,729,2020-12-01
EC1,331,348,679,716,378,1094,2020-12-01
EC1,2,2,4,4,0,4,2020-12-01
EC1,1,0,1,0,0,0,2020-12-01
EC1,598,696,1294,1514,1021,2535,2020-12-01
EC1,0,0,0,1,0,1,2020-12-01
EC1,2,1,3,0,0,0,2020-12-01
EC1,1714,1759,3473,3793,2258,6051,2020-12-01
EC1,402,429,831,1054,631,1685,2020-12-01
EC1,0,0,0,1,0,1,2020-12-01
EC2,1,1,2,6,2,8,2020-12-01
EC2,147,118,265,571,306,877,2020-12-01
EC2,0,1,1,2,0,2,2020-12-01
EC2,25,10,35,153,31,184,2020-12-01
EC2,4,3,7,29,6,35,2020-12-01
EC2,0,0,0,4,2,6,2020-12-01
EC2,1,1,2,42,17,59,2020-12-01
EC2,0,0,0,1,0,1,2020-12-01
EC2,3,5,8,94,26,120,2020-12-01
EC2,214,200,414,1426,975,2401,2020-12-01
EC3,0,1,1,1,0,1,2020-12-01
EC3,8,6,14,65,9,74,2020-12-01
EC3,5,4,9,21,6,27,2020-12-01
EC3,33,27,60,161,57,218,2020-12-01
EC3,1,0,1,1,1,2,2020-12-01
EC3,20,17,37,62,31,93,2020-12-01
EC3,4,1,5,52,15,67,2020-12-01
EC3,1,0,1,0,0,0,2020-12-01
EC4,2,1,3,3,1,4,2020-12-01
EC4,50,25,75,137,83,220,2020-12-01
EC4,0,0,0,1,0,1,2020-12-01
EC4,0,0,0,1,0,1,2020-12-01
EC4,17,15,32,134,54,188,2020-12-01
EC4,7,2,9,68,20,88,2020-12-01
EC4,0,0,0,9,4,13,2020-12-01
EC4,6,5,11,45,13,58,2020-12-01
EC4,1,0,1,0,0,0,2020-12-01
EC4,29,30,59,193,100,293,2020-12-01
EC4,0,0,0,1,0,1,2020-12-01
EC4,25,16,41,119,64,183,2020-12-01
EC8,0,1,1,0,0,0,2020-12-01
EC10,1,0,1,0,0,0,2020-12-01
EC11,0,1,1,0,0,0,2020-12-01
EC12,0,0,0,1,0,1,2020-12-01
EC14,1,2,3,3,0,3,2020-12-01
EC15,0,0,0,1,0,1,2020-12-01
EC16,0,0,0,1,0,1,2020-12-01
EC17,1,0,1,1,2,3,2020-12-01
EC19,0,1,1,0,0,0,2020-12-01
EC24,0,0,0,0,1,1,2020-12-01
EC27,0,0,0,3,0,3,2020-12-01
EC28,0,0,0,1,0,1,2020-12-01
EC31,0,0,0,0,1,1,2020-12-01
EC34,1,0,1,0,0,0,2020-12-01
EC47,0,0,0,3,0,3,2020-12-01
EC77,1,0,1,0,0,0,2020-12-01
EH0,1,5,6,1,3,4,2020-12-01
EH1,595,555,1150,1440,1021,2461,2020-12-01
EH1,0,1,1,0,0,0,2020-12-01
EH2,119,110,229,423,248,671,2020-12-01
EH3,1942,1978,3920,7307,6276,13583,2020-12-01
EH3,0,0,0,1,0,1,2020-12-01
EH4,4015,4447,8462,17823,15849,33672,2020-12-01
EH5,1685,1930,3615,6408,5381,11789,2020-12-01
EH6,3515,3713,7228,12116,9818,21934,2020-12-01
EH7,2995,3187,6182,10200,8019,18219,2020-12-01
EH8,1951,2000,3951,5743,4615,10358,2020-12-01
EH9,1428,1614,3042,6252,5844,12096,2020-12-01
EH10,2056,1997,4053,12731,11372,24103,2020-12-01
EH11,4019,3932,7951,10214,7581,17795,2020-12-01
EH12,2051,2548,4599,13956,12974,26930,2020-12-01
EH13,993,1063,2056,4743,4303,9046,2020-12-01
EH14,2833,3081,5914,13119,11185,24304,2020-12-01
EH15,1417,1641,3058,6872,6272,13144,2020-12-01
EH16,2629,3056,5685,9315,7733,17048,2020-12-01
EH17,1530,1955,3485,6322,5155,11477,2020-12-01
EH18,110,142,252,815,800,1615,2020-12-01
EH19,711,947,1658,5245,4890,10135,2020-12-01
EH20,373,515,888,2303,1954,4257,2020-12-01
EH21,1621,1937,3558,8347,7457,15804,2020-12-01
EH22,1892,2416,4308,10839,9556,20395,2020-12-01
EH23,509,682,1191,3300,2908,6208,2020-12-01
EH24,80,129,209,734,713,1447,2020-12-01
EH25,165,217,382,1253,1176,2429,2020-12-01
EH26,913,1190,2103,5986,5407,11393,2020-12-01
EH27,153,159,312,1070,1008,2078,2020-12-01
EH28,151,206,357,1304,1146,2450,2020-12-01
EH29,218,301,519,1911,1804,3715,2020-12-01
EH30,470,677,1147,3729,3449,7178,2020-12-01
EH31,89,100,189,1050,1043,2093,2020-12-01
EH32,967,1234,2201,6882,6225,13107,2020-12-01
EH33,719,910,1629,4690,4228,8918,2020-12-01
EH34,68,91,159,1010,1013,2023,2020-12-01
EH35,96,150,246,851,756,1607,2020-12-01
EH36,13,11,24,161,162,323,2020-12-01
EH37,54,89,143,639,608,1247,2020-12-01
EH38,15,12,27,175,183,358,2020-12-01
EH39,383,519,902,3810,3675,7485,2020-12-01
EH40,72,94,166,820,820,1640,2020-12-01
EH41,528,660,1188,4831,4547,9378,2020-12-01
EH42,509,658,1167,4185,3958,8143,2020-12-01
EH43,44,65,109,274,256,530,2020-12-01
EH44,134,167,301,1251,1170,2421,2020-12-01
EH45,496,589,1085,3991,3830,7821,2020-12-01
EH46,135,152,287,1460,1474,2934,2020-12-01
EH47,1550,2142,3692,9167,7695,16862,2020-12-01
EH48,1901,2436,4337,13298,11662,24960,2020-12-01
EH49,689,875,1564,5921,5596,11517,2020-12-01
EH51,734,920,1654,5103,4523,9626,2020-12-01
EH52,1051,1386,2437,7174,6237,13411,2020-12-01
EH53,510,606,1116,4263,3892,8155,2020-12-01
EH54,3827,4859,8686,18106,15592,33698,2020-12-01
EH55,449,564,1013,3083,2605,5688,2020-12-01
EN0,0,0,0,0,1,1,2020-12-01
EN1,3919,4762,8681,15246,13203,28449,2020-12-01
EN2,1815,2327,4142,10705,9760,20465,2020-12-01
EN3,6503,8264,14767,17493,13297,30790,2020-12-01
EN4,1717,1962,3679,9930,8947,18877,2020-12-01
EN5,2768,3431,6199,14120,12698,26818,2020-12-01
EN6,1385,1604,2989,11373,10800,22173,2020-12-01
EN7,905,1013,1918,8490,8082,16572,2020-12-01
EN8,2545,2991,5536,13595,11335,24930,2020-12-01
EN9,1235,1409,2644,9576,8503,18079,2020-12-01
EN10,801,934,1735,6719,6338,13057,2020-12-01
EN11,1129,1215,2344,8465,7420,15885,2020-12-01
EX0,0,0,0,1,0,1,2020-12-01
EX1,1432,1631,3063,7605,6920,14525,2020-12-01
EX2,2361,2802,5163,14835,13466,28301,2020-12-01
EX3,179,166,345,1877,1915,3792,2020-12-01
EX4,3588,3980,7568,15804,13217,29021,2020-12-01
EX5,729,839,1568,9483,9271,18754,2020-12-01
EX6,430,454,884,6015,5796,11811,2020-12-01
EX7,657,785,1442,5028,4640,9668,2020-12-01
EX8,1831,2097,3928,13478,12459,25937,2020-12-01
EX9,181,226,407,2652,2666,5318,2020-12-01
EX10,579,701,1280,6435,6494,12929,2020-12-01
EX11,270,312,582,3422,3517,6939,2020-12-01
EX12,284,408,692,3590,3439,7029,2020-12-01
EX13,432,501,933,4954,4761,9715,2020-12-01
EX14,713,886,1599,8244,7701,15945,2020-12-01
EX15,844,907,1751,8803,8316,17119,2020-12-01
EX16,1397,1665,3062,12079,11224,23303,2020-12-01
EX17,790,919,1709,7550,7134,14684,2020-12-01
EX18,117,97,214,1333,1303,2636,2020-12-01
EX19,78,109,187,1521,1444,2965,2020-12-01
EX20,801,941,1742,8263,7699,15962,2020-12-01
EX21,120,116,236,1885,1779,3664,2020-12-01
EX22,352,421,773,4622,4185,8807,2020-12-01
EX23,637,678,1315,6130,5828,11958,2020-12-01
EX24,103,139,242,1451,1469,2920,2020-12-01
EX31,979,1192,2171,10137,9570,19707,2020-12-01
EX32,1415,1626,3041,8111,7205,15316,2020-12-01
EX33,356,435,791,3912,3663,7575,2020-12-01
EX34,977,1118,2095,6185,5332,11517,2020-12-01
EX35,76,76,152,667,603,1270,2020-12-01
EX36,328,388,716,3659,3381,7040,2020-12-01
EX37,91,92,183,1630,1531,3161,2020-12-01
EX38,336,383,719,3121,2899,6020,2020-12-01
EX39,1642,1958,3600,14208,13180,27388,2020-12-01
FK1,1519,1950,3469,9583,8247,17830,2020-12-01
FK1,0,0,0,0,1,1,2020-12-01
FK2,2356,2929,5285,17206,15424,32630,2020-12-01
FK3,1043,1285,2328,5324,4378,9702,2020-12-01
FK4,599,823,1422,4722,4235,8957,2020-12-01
FK5,818,1096,1914,7156,6768,13924,2020-12-01
FK6,693,872,1565,4909,4263,9172,2020-12-01
FK7,1628,2208,3836,10177,9371,19548,2020-12-01
FK8,1179,1274,2453,6068,5427,11495,2020-12-01
FK9,644,810,1454,4335,4004,8339,2020-12-01
FK10,2096,2696,4792,12343,10943,23286,2020-12-01
FK11,113,128,241,1008,1007,2015,2020-12-01
FK12,246,312,558,1729,1574,3303,2020-12-01
FK13,317,373,690,2144,1838,3982,2020-12-01
FK14,200,199,399,1787,1771,3558,2020-12-01
FK15,474,565,1039,4024,3949,7973,2020-12-01
FK16,82,108,190,906,878,1784,2020-12-01
FK17,158,185,343,1356,1262,2618,2020-12-01
FK18,4,8,12,99,87,186,2020-12-01
FK19,22,28,50,259,210,469,2020-12-01
FK20,30,44,74,160,108,268,2020-12-01
FK21,41,55,96,396,327,723,2020-12-01
FY0,0,0,0,2,2,4,2020-12-01
FY1,3798,3837,7635,9090,5813,14903,2020-12-01
FY2,1511,1654,3165,7958,6840,14798,2020-12-01
FY3,2403,2848,5251,9964,8503,18467,2020-12-01
FY4,2803,3472,6275,14392,12136,26528,2020-12-01
FY5,1800,2026,3826,16164,14776,30940,2020-12-01
FY6,866,998,1864,11180,10583,21763,2020-12-01
FY7,1954,2214,4168,7776,6303,14079,2020-12-01
FY8,1946,2129,4075,16643,15515,32158,2020-12-01
G1,670,439,1109,1541,813,2354,2020-12-01
G2,346,253,599,593,276,869,2020-12-01
G2,0,1,1,0,0,0,2020-12-01
G3,2042,1734,3776,4932,3286,8218,2020-12-01
G4,1457,1065,2522,2679,1459,4138,2020-12-01
G5,1549,1305,2854,3176,2048,5224,2020-12-01
G6,0,4,4,4,0,4,2020-12-01
G7,1,0,1,4,2,6,2020-12-01
G8,0,0,0,2,0,2,2020-12-01
G9,0,0,0,3,0,3,2020-12-01
G10,0,2,2,0,0,0,2020-12-01
G11,1710,1763,3473,5954,5289,11243,2020-12-01
G12,1832,1731,3563,8130,7316,15446,2020-12-01
G13,2457,2800,5257,9622,8340,17962,2020-12-01
G14,1606,1825,3431,5033,4156,9189,2020-12-01
G15,1856,2101,3957,3955,3225,7180,2020-12-01
G16,2,1,3,0,0,0,2020-12-01
G17,0,0,0,0,1,1,2020-12-01
G18,0,1,1,0,1,1,2020-12-01
G19,1,0,1,0,0,0,2020-12-01
G20,3312,3487,6799,7707,5994,13701,2020-12-01
G21,3468,3784,7252,6537,4367,10904,2020-12-01
G22,2020,2339,4359,4037,2845,6882,2020-12-01
G23,607,766,1373,2079,1783,3862,2020-12-01
G24,1,0,1,0,0,0,2020-12-01
G25,0,2,2,1,0,1,2020-12-01
G26,0,0,0,1,0,1,2020-12-01
G29,0,0,0,1,0,1,2020-12-01
G30,3,0,3,1,0,1,2020-12-01
G31,2941,3086,6027,5876,4180,10056,2020-12-01
G32,2781,3425,6206,10624,8389,19013,2020-12-01
G33,3695,4383,8078,12552,10495,23047,2020-12-01
G34,1109,1327,2436,1717,1239,2956,2020-12-01
G35,1,1,2,0,0,0,2020-12-01
G36,0,2,2,2,0,2,2020-12-01
G38,0,0,0,1,0,1,2020-12-01
G39,0,0,0,0,1,1,2020-12-01
G40,1410,1623,3033,3126,2037,5163,2020-12-01
G41,2857,3015,5872,10602,8785,19387,2020-12-01
G42,4026,3371,7397,8202,5606,13808,2020-12-01
G43,1360,1466,2826,5432,4715,10147,2020-12-01
G44,1852,2292,4144,9096,8250,17346,2020-12-01
G45,1790,2063,3853,3291,2265,5556,2020-12-01
G46,1827,2035,3862,8394,7764,16158,2020-12-01
G47,1,1,2,1,0,1,2020-12-01
G48,2,0,2,2,1,3,2020-12-01
G49,0,0,0,3,0,3,2020-12-01
G50,2,0,2,1,0,1,2020-12-01
G51,3106,3085,6191,5824,3786,9610,2020-12-01
G52,2354,2918,5272,7932,6623,14555,2020-12-01
G53,3043,3589,6632,9708,8266,17974,2020-12-01
G54,1,0,1,2,0,2,2020-12-01
G55,0,2,2,1,1,2,2020-12-01
G56,1,1,2,1,0,1,2020-12-01
G57,0,1,1,0,0,0,2020-12-01
G58,0,0,0,1,0,1,2020-12-01
G60,284,297,581,1905,1823,3728,2020-12-01
G61,1131,1200,2331,10907,10902,21809,2020-12-01
G62,635,680,1315,4901,4871,9772,2020-12-01
G63,360,383,743,3810,3926,7736,2020-12-01
G64,1202,1517,2719,9490,9128,18618,2020-12-01
G65,842,1034,1876,4539,3865,8404,2020-12-01
G66,2017,2488,4505,13723,12756,26479,2020-12-01
G67,2781,3356,6137,10166,8201,18367,2020-12-01
G68,832,957,1789,7193,6870,14063,2020-12-01
G69,1868,2347,4215,12350,11193,23543,2020-12-01
G70,0,0,0,1,1,2,2020-12-01
G71,1540,1931,3471,10704,10042,20746,2020-12-01
G72,3062,3730,6792,16844,14922,31766,2020-12-01
G73,2310,2705,5015,9664,8453,18117,2020-12-01
G74,2015,2441,4456,13106,11633,24739,2020-12-01
G75,2450,3156,5606,13316,11870,25186,2020-12-01
G76,1016,1147,2163,7933,7980,15913,2020-12-01
G77,924,1077,2001,9792,10000,19792,2020-12-01
G78,1477,1824,3301,7760,7026,14786,2020-12-01
G80,1,0,1,0,0,0,2020-12-01
G81,3063,3774,6837,10936,9217,20153,2020-12-01
G82,1642,2039,3681,8565,7624,16189,2020-12-01
G83,1537,2003,3540,7959,7011,14970,2020-12-01
G84,1243,1488,2731,7721,7035,14756,2020-12-01
GL0,0,0,0,0,1,1,2020-12-01
GL1,3412,3538,6950,11065,7929,18994,2020-12-01
GL1,0,0,0,0,1,1,2020-12-01
GL2,2155,2674,4829,21990,20655,42645,2020-12-01
GL3,1378,1762,3140,12411,11444,23855,2020-12-01
GL4,2558,3159,5717,16750,14977,31727,2020-12-01
GL5,1592,1709,3301,11327,10631,21958,2020-12-01
GL6,889,994,1883,9832,9713,19545,2020-12-01
GL7,1783,2057,3840,17183,16416,33599,2020-12-01
GL8,290,374,664,3520,3515,7035,2020-12-01
GL9,54,73,127,1074,1041,2115,2020-12-01
GL10,624,618,1242,5631,5250,10881,2020-12-01
GL11,672,818,1490,7200,6768,13968,2020-12-01
GL12,550,505,1055,6133,5826,11959,2020-12-01
GL13,160,183,343,2509,2258,4767,2020-12-01
GL14,753,894,1647,5686,4963,10649,2020-12-01
GL15,759,962,1721,8321,7608,15929,2020-12-01
GL16,509,651,1160,5241,4904,10145,2020-12-01
GL17,392,537,929,4580,4272,8852,2020-12-01
GL18,300,387,687,3312,3010,6322,2020-12-01
GL19,246,220,466,3636,3517,7153,2020-12-01
GL20,1148,1317,2465,11127,10313,21440,2020-12-01
GL50,1345,1582,2927,7462,6246,13708,2020-12-01
GL51,2941,3576,6517,18068,15576,33644,2020-12-01
GL52,2200,2438,4638,17122,16309,33431,2020-12-01
GL53,880,896,1776,7704,7584,15288,2020-12-01
GL54,845,957,1802,9818,9510,19328,2020-12-01
GL55,201,195,396,2265,2312,4577,2020-12-01
GL56,344,397,741,3730,3729,7459,2020-12-01
GU0,0,0,0,0,1,1,2020-12-01
GU1,2164,2286,4450,11476,9936,21412,2020-12-01
GU2,2353,2425,4778,10347,8567,18914,2020-12-01
GU3,439,443,882,4627,4510,9137,2020-12-01
GU4,616,634,1250,6534,6412,12946,2020-12-01
GU5,376,468,844,4302,4458,8760,2020-12-01
GU6,610,599,1209,5911,5975,11886,2020-12-01
GU7,1158,1268,2426,8648,8347,16995,2020-12-01
GU8,655,682,1337,6987,6988,13975,2020-12-01
GU9,1268,1518,2786,11332,10957,22289,2020-12-01
GU10,716,838,1554,9695,9547,19242,2020-12-01
GU11,1944,2184,4128,8884,6866,15750,2020-12-01
GU12,1639,2039,3678,12154,10770,22924,2020-12-01
GU13,726,14,740,356,27,383,2020-12-01
GU14,3209,3646,6855,21107,18586,39693,2020-12-01
GU15,2000,2147,4147,14069,12535,26604,2020-12-01
GU16,1108,1068,2176,9617,8856,18473,2020-12-01
GU17,839,510,1349,5287,4124,9411,2020-12-01
GU18,159,188,347,2922,2914,5836,2020-12-01
GU19,235,229,464,2445,2325,4770,2020-12-01
GU20,123,146,269,1916,1910,3826,2020-12-01
GU21,3138,3423,6561,19034,16730,35764,2020-12-01
GU22,2050,2381,4431,14249,12590,26839,2020-12-01
GU23,244,255,499,2838,2770,5608,2020-12-01
GU24,899,836,1735,7218,6938,14156,2020-12-01
GU25,413,430,843,2781,2821,5602,2020-12-01
GU26,285,271,556,3080,2988,6068,2020-12-01
GU27,781,900,1681,6787,6624,13411,2020-12-01
GU28,274,265,539,2635,2597,5232,2020-12-01
GU29,320,453,773,3726,3890,7616,2020-12-01
GU30,407,443,850,3989,3930,7919,2020-12-01
GU31,420,477,897,4510,4431,8941,2020-12-01
GU32,542,654,1196,4592,4356,8948,2020-12-01
GU33,304,349,653,3285,3202,6487,2020-12-01
GU34,1223,1444,2667,12721,12209,24930,2020-12-01
GU35,1076,1225,2301,9698,8738,18436,2020-12-01
GU46,421,470,891,6076,5805,11881,2020-12-01
GU47,705,814,1519,7608,7195,14803,2020-12-01
GU51,853,839,1692,9733,9253,18986,2020-12-01
GU52,490,572,1062,7136,7035,14171,2020-12-01
HA0,13429,10969,24398,18428,11255,29683,2020-12-01
HA1,5283,5445,10728,15048,10998,26046,2020-12-01
HA2,6539,7135,13674,21719,16480,38199,2020-12-01
HA3,9507,8955,18462,29390,21392,50782,2020-12-01
HA4,3004,3406,6410,19501,17516,37017,2020-12-01
HA5,2838,3123,5961,17802,16464,34266,2020-12-01
HA6,1338,1653,2991,9385,8708,18093,2020-12-01
HA7,3394,3627,7021,15494,12788,28282,2020-12-01
HA8,9491,9103,18594,27352,20064,47416,2020-12-01
HA9,10701,8722,19423,19469,12409,31878,2020-12-01
HD1,2757,2419,5176,6090,3684,9774,2020-12-01
HD2,2157,2810,4967,9140,7559,16699,2020-12-01
HD3,1510,2053,3563,10554,9643,20197,2020-12-01
HD4,1879,2373,4252,9341,7810,17151,2020-12-01
HD5,1856,2416,4272,9665,8316,17981,2020-12-01
HD6,1406,1572,2978,9173,8314,17487,2020-12-01
HD7,1046,1339,2385,8258,7535,15793,2020-12-01
HD8,1044,1296,2340,12479,12035,24514,2020-12-01
HD9,1387,1619,3006,13387,12489,25876,2020-12-01
HG1,1744,2072,3816,12232,11148,23380,2020-12-01
HG2,1530,1685,3215,11724,11244,22968,2020-12-01
HG3,958,1069,2027,10779,10513,21292,2020-12-01
HG4,991,1267,2258,9445,8815,18260,2020-12-01
HG5,671,778,1449,7128,6762,13890,2020-12-01
HP1,1382,1556,2938,9525,8732,18257,2020-12-01
HP2,2556,3124,5680,14741,12521,27262,2020-12-01
HP2,0,0,0,1,0,1,2020-12-01
HP3,1684,1995,3679,12652,11359,24011,2020-12-01
HP4,961,977,1938,9499,9328,18827,2020-12-01
HP5,1388,1629,3017,9842,9036,18878,2020-12-01
HP6,687,705,1392,5726,5626,11352,2020-12-01
HP7,463,516,979,4271,4071,8342,2020-12-01
HP8,254,273,527,2904,2981,5885,2020-12-01
HP9,693,769,1462,7068,7112,14180,2020-12-01
HP10,648,710,1358,7840,7789,15629,2020-12-01
HP11,1143,1263,2406,5749,4596,10345,2020-12-01
HP12,1636,1952,3588,8152,6381,14533,2020-12-01
HP13,2755,3304,6059,15990,13442,29432,2020-12-01
HP14,634,663,1297,7236,6870,14106,2020-12-01
HP15,531,568,1099,6988,6851,13839,2020-12-01
HP16,376,409,785,4822,4847,9669,2020-12-01
HP17,356,373,729,4289,4173,8462,2020-12-01
HP18,657,782,1439,7877,7564,15441,2020-12-01
HP19,1469,1929,3398,9021,7666,16687,2020-12-01
HP20,1084,1256,2340,5404,4358,9762,2020-12-01
HP21,1995,2444,4439,12189,10477,22666,2020-12-01
HP22,901,940,1841,11183,11083,22266,2020-12-01
HP23,700,786,1486,6953,6690,13643,2020-12-01
HP25,0,0,0,0,1,1,2020-12-01
HP27,425,452,877,5095,4985,10080,2020-12-01
HR1,1417,1584,3001,12216,11379,23595,2020-12-01
HR2,1957,2393,4350,13579,12098,25677,2020-12-01
HR3,184,227,411,3089,3009,6098,2020-12-01
HR4,1355,1573,2928,10849,9888,20737,2020-12-01
HR5,169,180,349,1831,1625,3456,2020-12-01
HR6,846,1025,1871,7723,7053,14776,2020-12-01
HR7,221,262,483,2923,2625,5548,2020-12-01
HR8,486,593,1079,5449,5144,10593,2020-12-01
HR9,742,856,1598,8370,7796,16166,2020-12-01
HS1,310,350,660,1459,1291,2750,2020-12-01
HS2,552,689,1241,5092,4502,9594,2020-12-01
HS3,55,66,121,485,375,860,2020-12-01
HS4,15,17,32,100,78,178,2020-12-01
HS5,10,12,22,96,86,182,2020-12-01
HS6,56,97,153,618,542,1160,2020-12-01
HS7,72,102,174,456,391,847,2020-12-01
HS8,88,105,193,692,576,1268,2020-12-01
HS9,76,50,126,427,396,823,2020-12-01
HU1,412,291,703,1005,476,1481,2020-12-01
HU2,475,473,948,1047,443,1490,2020-12-01
HU3,3488,3399,6887,7271,4048,11319,2020-12-01
HU4,1560,1926,3486,7448,6014,13462,2020-12-01
HU5,4044,4083,8127,14168,10962,25130,2020-12-01
HU6,2945,3519,6464,8613,6219,14832,2020-12-01
HU7,3253,4000,7253,13741,11146,24887,2020-12-01
HU8,2364,2908,5272,10716,8453,19169,2020-12-01
HU9,3512,4280,7792,10630,7509,18139,2020-12-01
HU10,642,738,1380,7393,7092,14485,2020-12-01
HU11,374,444,818,4988,4505,9493,2020-12-01
HU12,957,1220,2177,9689,8652,18341,2020-12-01
HU13,710,911,1621,5450,4851,10301,2020-12-01
HU14,228,257,485,3406,3369,6775,2020-12-01
HU15,714,893,1607,9340,8875,18215,2020-12-01
HU16,610,738,1348,5934,5488,11422,2020-12-01
HU17,1849,2055,3904,16413,15289,31702,2020-12-01
HU18,419,503,922,3230,2802,6032,2020-12-01
HU19,457,546,1003,2387,1649,4036,2020-12-01
HU20,26,26,52,356,356,712,2020-12-01
HU23,1,0,1,0,0,0,2020-12-01
HU30,1,0,1,0,0,0,2020-12-01
HU41,1,0,1,0,0,0,2020-12-01
HU44,0,0,0,0,1,1,2020-12-01
HX1,2166,2687,4853,6729,4252,10981,2020-12-01
HX2,2228,2905,5133,12459,10559,23018,2020-12-01
HX3,2447,3173,5620,15834,13779,29613,2020-12-01
HX4,446,617,1063,4497,4231,8728,2020-12-01
HX5,585,767,1352,3389,2842,6231,2020-12-01
HX6,1012,1259,2271,6660,5860,12520,2020-12-01
HX7,746,862,1608,4527,4501,9028,2020-12-01
IG1,12247,10322,22569,21988,13095,35083,2020-12-01
IG2,3499,3522,7021,10133,7330,17463,2020-12-01
IG3,5722,5288,11010,13232,8554,21786,2020-12-01
IG4,1015,1061,2076,3731,2764,6495,2020-12-01
IG5,1466,1633,3099,6402,5248,11650,2020-12-01
IG6,2620,3014,5634,10513,8230,18743,2020-12-01
IG7,1449,1763,3212,8226,7222,15448,2020-12-01
IG8,2570,2956,5526,13760,12139,25899,2020-12-01
IG9,612,664,1276,4982,4751,9733,2020-12-01
IG10,1675,2028,3703,11865,11242,23107,2020-12-01
IG11,9636,9435,19071,18092,10866,28958,2020-12-01
IP1,2796,2974,5770,13211,10302,23513,2020-12-01
IP2,2124,2523,4647,10250,7888,18138,2020-12-01
IP3,1955,2408,4363,11707,9400,21107,2020-12-01
IP4,2139,2321,4460,13151,11028,24179,2020-12-01
IP5,581,677,1258,7364,7091,14455,2020-12-01
IP6,453,533,986,7009,6646,13655,2020-12-01
IP7,512,654,1166,6377,5862,12239,2020-12-01
IP8,308,381,689,4491,4120,8611,2020-12-01
IP9,323,379,702,4584,4366,8950,2020-12-01
IP10,80,91,171,1459,1418,2877,2020-12-01
IP11,1212,1544,2756,11727,10122,21849,2020-12-01
IP12,926,994,1920,9564,9176,18740,2020-12-01
IP13,610,677,1287,7606,7518,15124,2020-12-01
IP14,1311,1624,2935,15737,14428,30165,2020-12-01
IP15,84,98,182,858,896,1754,2020-12-01
IP16,337,367,704,2479,2190,4669,2020-12-01
IP17,438,537,975,4714,4608,9322,2020-12-01
IP18,129,154,283,1406,1402,2808,2020-12-01
IP19,300,348,648,3983,3729,7712,2020-12-01
IP20,264,285,549,3239,3011,6250,2020-12-01
IP21,287,330,617,4604,4313,8917,2020-12-01
IP22,875,897,1772,8660,8104,16764,2020-12-01
IP23,221,292,513,2972,2767,5739,2020-12-01
IP24,1885,2316,4201,9319,7482,16801,2020-12-01
IP25,720,841,1561,7280,6538,13818,2020-12-01
IP26,322,359,681,3395,3224,6619,2020-12-01
IP27,947,1140,2087,6082,5387,11469,2020-12-01
IP28,1147,1372,2519,9154,8901,18055,2020-12-01
IP29,241,290,531,3699,3592,7291,2020-12-01
IP30,424,497,921,5723,5460,11183,2020-12-01
IP31,566,728,1294,8133,7806,15939,2020-12-01
IP32,841,1033,1874,5747,5314,11061,2020-12-01
IP33,1181,1402,2583,8106,7179,15285,2020-12-01
IV1,186,170,356,1019,935,1954,2020-12-01
IV2,2402,2942,5344,17964,16454,34418,2020-12-01
IV3,1527,1679,3206,6011,4920,10931,2020-12-01
IV3,0,0,0,0,1,1,2020-12-01
IV4,167,201,368,1821,1670,3491,2020-12-01
IV5,58,51,109,531,513,1044,2020-12-01
IV6,175,218,393,1801,1715,3516,2020-12-01
IV7,192,245,437,2359,2223,4582,2020-12-01
IV8,31,27,58,363,380,743,2020-12-01
IV9,59,59,118,462,454,916,2020-12-01
IV10,104,125,229,1074,1034,2108,2020-12-01
IV11,51,63,114,320,308,628,2020-12-01
IV12,625,806,1431,4585,4279,8864,2020-12-01
IV13,13,19,32,266,222,488,2020-12-01
IV14,59,107,166,837,761,1598,2020-12-01
IV15,348,380,728,1937,1717,3654,2020-12-01
IV16,62,76,138,701,639,1340,2020-12-01
IV17,383,455,838,2103,1838,3941,2020-12-01
IV18,313,391,704,2021,1687,3708,2020-12-01
IV19,228,278,506,1685,1534,3219,2020-12-01
IV20,131,185,316,1150,1051,2201,2020-12-01
IV21,52,58,110,451,393,844,2020-12-01
IV22,51,72,123,612,525,1137,2020-12-01
IV23,35,44,79,355,308,663,2020-12-01
IV24,44,67,111,559,514,1073,2020-12-01
IV25,85,110,195,949,932,1881,2020-12-01
IV26,106,128,234,712,699,1411,2020-12-01
IV27,162,159,321,1400,1212,2612,2020-12-01
IV28,18,12,30,187,192,379,2020-12-01
IV30,1681,2020,3701,12290,11057,23347,2020-12-01
IV31,335,441,776,2550,2278,4828,2020-12-01
IV32,195,202,397,1817,1722,3539,2020-12-01
IV33,1,0,1,1,1,2,2020-12-01
IV34,0,0,0,0,1,1,2020-12-01
IV36,715,955,1670,5901,5344,11245,2020-12-01
IV40,126,170,296,949,850,1799,2020-12-01
IV41,31,22,53,134,117,251,2020-12-01
IV42,18,25,43,191,183,374,2020-12-01
IV43,13,13,26,112,99,211,2020-12-01
IV44,10,11,21,106,94,200,2020-12-01
IV45,14,5,19,120,109,229,2020-12-01
IV46,6,5,11,37,30,67,2020-12-01
IV47,17,20,37,258,212,470,2020-12-01
IV48,0,3,3,37,31,68,2020-12-01
IV49,61,59,120,444,381,825,2020-12-01
IV51,221,283,504,1997,1784,3781,2020-12-01
IV52,17,25,42,122,122,244,2020-12-01
IV53,7,3,10,66,53,119,2020-12-01
IV54,53,76,129,540,468,1008,2020-12-01
IV55,42,50,92,517,482,999,2020-12-01
IV56,8,5,13,152,121,273,2020-12-01
IV62,0,0,0,1,0,1,2020-12-01
IV63,122,131,253,1002,934,1936,2020-12-01
KA1,1515,1903,3418,9695,8510,18205,2020-12-01
KA2,309,397,706,2473,2266,4739,2020-12-01
KA3,1949,2622,4571,13265,12083,25348,2020-12-01
KA4,264,334,598,1879,1751,3630,2020-12-01
KA5,405,598,1003,3484,2975,6459,2020-12-01
KA6,998,1280,2278,6439,5573,12012,2020-12-01
KA7,1285,1499,2784,10205,9692,19897,2020-12-01
KA8,1299,1713,3012,5391,4268,9659,2020-12-01
KA9,668,780,1448,5809,5453,11262,2020-12-01
KA10,696,813,1509,5962,5700,11662,2020-12-01
KA11,1158,1565,2723,7127,6305,13432,2020-12-01
KA12,1164,1601,2765,5425,4448,9873,2020-12-01
KA13,1046,1333,2379,5428,4757,10185,2020-12-01
KA14,31,23,54,182,165,347,2020-12-01
KA15,325,400,725,2557,2263,4820,2020-12-01
KA16,191,196,387,1100,867,1967,2020-12-01
KA17,172,227,399,1493,1283,2776,2020-12-01
KA18,1062,1452,2514,6923,5693,12616,2020-12-01
KA19,364,486,850,2626,2333,4959,2020-12-01
KA20,711,880,1591,2608,2138,4746,2020-12-01
KA21,879,966,1845,3735,3252,6987,2020-12-01
KA22,687,973,1660,3375,2961,6336,2020-12-01
KA23,214,265,479,2019,1964,3983,2020-12-01
KA24,319,436,755,2004,1826,3830,2020-12-01
KA25,434,570,1004,2199,1833,4032,2020-12-01
KA26,546,684,1230,3607,3073,6680,2020-12-01
KA27,242,312,554,1805,1729,3534,2020-12-01
KA28,48,78,126,431,359,790,2020-12-01
KA29,61,81,142,618,603,1221,2020-12-01
KA30,481,630,1111,4026,3619,7645,2020-12-01
KT1,2059,2200,4259,7594,6155,13749,2020-12-01
KT2,2487,2909,5396,11844,10750,22594,2020-12-01
KT3,3487,3801,7288,15730,13461,29191,2020-12-01
KT4,1695,1868,3563,11450,10578,22028,2020-12-01
KT5,1445,1522,2967,7611,6627,14238,2020-12-01
KT6,2226,2569,4795,11824,10415,22239,2020-12-01
KT7,497,532,1029,4048,4071,8119,2020-12-01
KT8,1126,1240,2366,7939,7609,15548,2020-12-01
KT9,1456,1587,3043,7787,7000,14787,2020-12-01
KT10,1041,1037,2078,9219,9259,18478,2020-12-01
KT11,980,1008,1988,7065,7224,14289,2020-12-01
KT12,1939,2100,4039,15180,14690,29870,2020-12-01
KT13,1083,1234,2317,10204,9935,20139,2020-12-01
KT14,663,665,1328,5384,5186,10570,2020-12-01
KT15,1360,1511,2871,11443,10679,22122,2020-12-01
KT16,918,1076,1994,7753,7317,15070,2020-12-01
KT17,1261,1262,2523,9704,8948,18652,2020-12-01
KT18,776,920,1696,6465,6509,12974,2020-12-01
KT19,2247,2544,4791,13380,12447,25827,2020-12-01
KT20,759,950,1709,8588,8410,16998,2020-12-01
KT21,469,576,1045,5394,5415,10809,2020-12-01
KT22,1213,1250,2463,10046,9527,19573,2020-12-01
KT23,383,367,750,4465,4437,8902,2020-12-01
KT24,301,294,595,3875,3908,7783,2020-12-01
KW1,475,546,1021,3786,3290,7076,2020-12-01
KW2,5,2,7,33,25,58,2020-12-01
KW3,36,42,78,398,354,752,2020-12-01
KW5,8,14,22,126,111,237,2020-12-01
KW6,15,10,25,158,112,270,2020-12-01
KW7,2,5,7,48,36,84,2020-12-01
KW8,26,40,66,320,268,588,2020-12-01
KW9,66,95,161,635,556,1191,2020-12-01
KW10,73,84,157,612,528,1140,2020-12-01
KW11,6,8,14,53,42,95,2020-12-01
KW12,46,65,111,642,586,1228,2020-12-01
KW13,2,3,5,36,30,66,2020-12-01
KW14,653,750,1403,4298,3664,7962,2020-12-01
KW15,442,520,962,2882,2666,5548,2020-12-01
KW16,154,219,373,1308,1233,2541,2020-12-01
KW17,388,433,821,3539,3222,6761,2020-12-01
KY1,1442,1824,3266,8361,6953,15314,2020-12-01
KY2,1599,2118,3717,10182,9009,19191,2020-12-01
KY3,541,683,1224,3883,3573,7456,2020-12-01
KY4,1221,1622,2843,7553,6329,13882,2020-12-01
KY5,1107,1569,2676,6466,5285,11751,2020-12-01
KY6,1095,1398,2493,6170,5381,11551,2020-12-01
KY7,1547,1839,3386,9126,8050,17176,2020-12-01
KY8,1917,2481,4398,11311,9754,21065,2020-12-01
KY9,76,79,155,708,737,1445,2020-12-01
KY10,403,505,908,3269,3073,6342,2020-12-01
KY11,3456,4147,7603,21514,19373,40887,2020-12-01
KY12,1987,2303,4290,14115,12720,26835,2020-12-01
KY13,404,447,851,4685,4616,9301,2020-12-01
KY14,236,317,553,2594,2395,4989,2020-12-01
KY15,795,1055,1850,7959,7486,15445,2020-12-01
KY16,1204,1401,2605,6214,5692,11906,2020-12-01
L1,727,618,1345,1531,893,2424,2020-12-01
L2,109,72,181,271,135,406,2020-12-01
L3,1234,1141,2375,3493,2184,5677,2020-12-01
L4,4266,5108,9374,9721,6733,16454,2020-12-01
L5,1571,1896,3467,3244,1970,5214,2020-12-01
L6,3104,3030,6134,5245,2994,8239,2020-12-01
L7,2736,2454,5190,3867,2022,5889,2020-12-01
L8,4701,4745,9446,7326,4535,11861,2020-12-01
L9,2493,3204,5697,9069,7041,16110,2020-12-01
L10,939,1325,2264,4948,4136,9084,2020-12-01
L11,2629,3577,6206,7291,5514,12805,2020-12-01
L12,1742,2244,3986,10627,9565,20192,2020-12-01
L13,2903,3418,6321,8090,5934,14024,2020-12-01
L14,2220,3139,5359,7632,6301,13933,2020-12-01
L15,2633,2742,5375,7124,5446,12570,2020-12-01
L16,725,869,1594,5308,4890,10198,2020-12-01
L17,1686,1777,3463,7114,6036,13150,2020-12-01
L18,1359,1611,2970,8794,8082,16876,2020-12-01
L19,1611,1900,3511,7597,6631,14228,2020-12-01
L20,3340,3984,7324,8327,5836,14163,2020-12-01
L21,2081,2698,4779,6792,5290,12082,2020-12-01
L22,993,1106,2099,4386,3738,8124,2020-12-01
L23,1654,1985,3639,10851,10040,20891,2020-12-01
L24,1396,1936,3332,4694,3539,8233,2020-12-01
L25,2076,2464,4540,11538,10096,21634,2020-12-01
L26,1098,1361,2459,5110,4553,9663,2020-12-01
L27,559,815,1374,1767,1338,3105,2020-12-01
L28,673,881,1554,1695,1105,2800,2020-12-01
L29,24,22,46,207,200,407,2020-12-01
L30,1543,2083,3626,5637,4474,10111,2020-12-01
L31,1320,1485,2805,11304,10381,21685,2020-12-01
L32,1812,2401,4213,5815,4431,10246,2020-12-01
L33,1631,2216,3847,5084,3947,9031,2020-12-01
L34,709,810,1519,4677,3964,8641,2020-12-01
L35,1770,2469,4239,10325,8678,19003,2020-12-01
L36,3249,4396,7645,12444,10279,22723,2020-12-01
L37,901,1007,1908,8885,8698,17583,2020-12-01
L38,96,91,187,1019,1038,2057,2020-12-01
L39,1135,1211,2346,9823,9281,19104,2020-12-01
L40,615,658,1273,7581,7065,14646,2020-12-01
L41,110,123,233,96,50,146,2020-12-01
L42,58,42,100,71,30,101,2020-12-01
L43,86,123,209,140,111,251,2020-12-01
L44,47,30,77,62,23,85,2020-12-01
L45,20,24,44,55,36,91,2020-12-01
L46,17,24,41,66,28,94,2020-12-01
L47,15,12,27,36,29,65,2020-12-01
L48,12,13,25,45,37,82,2020-12-01
L49,23,32,55,55,44,99,2020-12-01
L52,0,1,1,0,0,0,2020-12-01
L60,6,17,23,90,81,171,2020-12-01
L61,11,12,23,40,46,86,2020-12-01
L62,28,28,56,62,42,104,2020-12-01
L63,18,18,36,78,42,120,2020-12-01
L64,26,21,47,102,93,195,2020-12-01
L65,23,24,47,53,28,81,2020-12-01
L66,25,29,54,110,89,199,2020-12-01
L67,0,1,1,0,0,0,2020-12-01
L69,17,5,22,26,6,32,2020-12-01
L71,0,1,1,0,0,0,2020-12-01
LA1,3560,4105,7665,14799,12560,27359,2020-12-01
LA2,688,778,1466,8404,8064,16468,2020-12-01
LA3,1513,1706,3219,8879,7738,16617,2020-12-01
LA4,1539,1814,3353,8520,7170,15690,2020-12-01
LA5,528,639,1167,6256,6055,12311,2020-12-01
LA6,329,401,730,5439,5400,10839,2020-12-01
LA7,147,167,314,1989,1930,3919,2020-12-01
LA8,201,241,442,3782,3633,7415,2020-12-01
LA9,1264,1518,2782,11323,10437,21760,2020-12-01
LA10,114,113,227,1372,1311,2683,2020-12-01
LA11,262,308,570,3917,3817,7734,2020-12-01
LA12,722,849,1571,7734,7110,14844,2020-12-01
LA13,1084,1277,2361,6658,5847,12505,2020-12-01
LA14,2659,3081,5740,11422,9179,20601,2020-12-01
LA15,352,457,809,2729,2401,5130,2020-12-01
LA16,112,134,246,1318,1150,2468,2020-12-01
LA17,22,40,62,488,449,937,2020-12-01
LA18,373,476,849,2804,2343,5147,2020-12-01
LA19,20,41,61,415,386,801,2020-12-01
LA20,21,35,56,513,488,1001,2020-12-01
LA21,31,41,72,403,374,777,2020-12-01
LA22,236,247,483,1783,1632,3415,2020-12-01
LA23,453,459,912,3242,2925,6167,2020-12-01
LD0,0,0,0,1,0,1,2020-12-01
LD1,368,469,837,4360,3958,8318,2020-12-01
LD2,156,175,331,2136,2012,4148,2020-12-01
LD3,770,828,1598,7436,6818,14254,2020-12-01
LD4,19,22,41,304,291,595,2020-12-01
LD5,29,39,68,439,392,831,2020-12-01
LD6,81,133,214,1055,957,2012,2020-12-01
LD7,132,178,310,1810,1621,3431,2020-12-01
LD8,103,135,238,1780,1670,3450,2020-12-01
LE1,1964,1781,3745,2849,1409,4258,2020-12-01
LE2,9960,10950,20910,34997,27639,62636,2020-12-01
LE3,8758,9925,18683,32544,24512,57056,2020-12-01
LE4,10251,12227,22478,32115,23718,55833,2020-12-01
LE5,9554,10776,20330,28195,20599,48794,2020-12-01
LE6,347,465,812,4690,4358,9048,2020-12-01
LE7,1497,1855,3352,19144,17921,37065,2020-12-01
LE8,1132,1425,2557,14833,14344,29177,2020-12-01
LE9,1945,2420,4365,22387,20693,43080,2020-12-01
LE10,1909,2273,4182,19499,17551,37050,2020-12-01
LE11,4165,4207,8372,19241,14810,34051,2020-12-01
LE12,2188,2712,4900,25487,24068,49555,2020-12-01
LE13,1152,1458,2610,9772,8606,18378,2020-12-01
LE14,443,547,990,7326,7001,14327,2020-12-01
LE15,1092,1394,2486,12859,12151,25010,2020-12-01
LE16,1308,1497,2805,13928,13280,27208,2020-12-01
LE17,643,733,1376,9005,8399,17404,2020-12-01
LE18,1497,1969,3466,11547,10099,21646,2020-12-01
LE19,493,685,1178,5880,5591,11471,2020-12-01
LE61,0,0,0,1,0,1,2020-12-01
LE62,0,1,1,0,0,0,2020-12-01
LE65,582,677,1259,6244,5773,12017,2020-12-01
LE67,2426,3071,5497,23400,20684,44084,2020-12-01
LL1,2,1,3,8,5,13,2020-12-01
LL2,0,0,0,3,0,3,2020-12-01
LL10,0,0,0,1,0,1,2020-12-01
LL11,1948,2459,4407,13097,11259,24356,2020-12-01
LL12,1256,1428,2684,10363,9406,19769,2020-12-01
LL13,2399,2750,5149,10733,8739,19472,2020-12-01
LL14,1776,2535,4311,10825,9032,19857,2020-12-01
LL15,410,468,878,3938,3744,7682,2020-12-01
LL16,690,839,1529,5474,5097,10571,2020-12-01
LL17,183,236,419,2084,2004,4088,2020-12-01
LL18,2681,3321,6002,13656,11785,25441,2020-12-01
LL19,997,1287,2284,7059,6255,13314,2020-12-01
LL20,386,369,755,3096,2724,5820,2020-12-01
LL21,217,272,489,2547,2287,4834,2020-12-01
LL22,703,904,1607,6784,6187,12971,2020-12-01
LL23,141,141,282,1549,1340,2889,2020-12-01
LL24,56,82,138,842,705,1547,2020-12-01
LL25,27,11,38,185,179,364,2020-12-01
LL26,194,239,433,1576,1371,2947,2020-12-01
LL27,35,51,86,316,268,584,2020-12-01
LL28,518,654,1172,5001,4759,9760,2020-12-01
LL29,1266,1475,2741,6690,5901,12591,2020-12-01
LL30,1177,1394,2571,7130,6314,13444,2020-12-01
LL31,416,512,928,3549,3402,6951,2020-12-01
LL32,315,377,692,2452,2279,4731,2020-12-01
LL33,199,228,427,1350,1257,2607,2020-12-01
LL34,195,288,483,1515,1398,2913,2020-12-01
LL35,23,29,52,295,243,538,2020-12-01
LL36,149,218,367,1621,1417,3038,2020-12-01
LL37,16,19,35,239,183,422,2020-12-01
LL38,17,37,54,275,218,493,2020-12-01
LL39,9,16,25,84,71,155,2020-12-01
LL40,159,194,353,1553,1367,2920,2020-12-01
LL41,325,426,751,2068,1722,3790,2020-12-01
LL42,144,179,323,768,635,1403,2020-12-01
LL43,14,15,29,204,188,392,2020-12-01
LL44,23,34,57,364,360,724,2020-12-01
LL45,28,18,46,243,218,461,2020-12-01
LL46,56,62,118,654,607,1261,2020-12-01
LL47,15,33,48,228,196,424,2020-12-01
LL48,100,120,220,884,801,1685,2020-12-01
LL49,228,214,442,1485,1234,2719,2020-12-01
LL51,26,26,52,338,289,627,2020-12-01
LL52,87,98,185,970,938,1908,2020-12-01
LL53,526,605,1131,5979,5482,11461,2020-12-01
LL54,474,509,983,4041,3689,7730,2020-12-01
LL55,1055,1259,2314,7174,6460,13634,2020-12-01
LL56,109,97,206,832,773,1605,2020-12-01
LL57,1881,1915,3796,7435,6325,13760,2020-12-01
LL58,150,199,349,1374,1244,2618,2020-12-01
LL59,284,263,547,2013,1931,3944,2020-12-01
LL60,112,121,233,1169,1091,2260,2020-12-01
LL61,207,232,439,2227,2148,4375,2020-12-01
LL62,70,51,121,706,651,1357,2020-12-01
LL63,56,60,116,487,448,935,2020-12-01
LL64,33,28,61,305,270,575,2020-12-01
LL65,1324,1552,2876,8100,7038,15138,2020-12-01
LL66,7,8,15,103,97,200,2020-12-01
LL67,53,82,135,488,445,933,2020-12-01
LL68,260,334,594,2240,1960,4200,2020-12-01
LL69,26,32,58,283,231,514,2020-12-01
LL70,9,12,21,109,113,222,2020-12-01
LL71,69,79,148,691,634,1325,2020-12-01
LL72,37,45,82,260,233,493,2020-12-01
LL73,1,2,3,92,92,184,2020-12-01
LL74,72,68,140,939,911,1850,2020-12-01
LL75,56,46,102,540,524,1064,2020-12-01
LL76,10,11,21,122,109,231,2020-12-01
LL77,296,405,701,2489,2299,4788,2020-12-01
LL78,17,18,35,191,207,398,2020-12-01
LN1,1328,1481,2809,9616,8426,18042,2020-12-01
LN2,2362,2767,5129,13182,11434,24616,2020-12-01
LN3,313,375,688,3835,3535,7370,2020-12-01
LN4,1351,1707,3058,15128,13783,28911,2020-12-01
LN5,2082,2237,4319,11260,9321,20581,2020-12-01
LN6,2713,3319,6032,21281,19274,40555,2020-12-01
LN7,210,254,464,2544,2359,4903,2020-12-01
LN8,578,724,1302,6939,6276,13215,2020-12-01
LN9,354,405,759,3810,3486,7296,2020-12-01
LN10,145,188,333,2462,2280,4742,2020-12-01
LN11,1134,1377,2511,10839,10075,20914,2020-12-01
LN12,599,716,1315,4797,3872,8669,2020-12-01
LN13,335,372,707,3139,2856,5995,2020-12-01
LS0,0,1,1,0,0,0,2020-12-01
LS1,316,322,638,852,489,1341,2020-12-01
LS2,1015,828,1843,1370,666,2036,2020-12-01
LS3,355,354,709,530,289,819,2020-12-01
LS4,870,869,1739,2192,1595,3787,2020-12-01
LS5,638,785,1423,2361,1873,4234,2020-12-01
LS6,3471,3368,6839,8559,6405,14964,2020-12-01
LS7,3269,3736,7005,8460,6788,15248,2020-12-01
LS8,4908,5294,10202,14935,11647,26582,2020-12-01
LS9,4779,5479,10258,9304,5262,14566,2020-12-01
LS10,3107,4155,7262,10339,7512,17851,2020-12-01
LS11,4195,4671,8866,9241,5439,14680,2020-12-01
LS12,3428,4130,7558,12129,8882,21011,2020-12-01
LS13,2694,3554,6248,10833,8720,19553,2020-12-01
LS14,2813,3772,6585,10467,8440,18907,2020-12-01
LS15,1918,2307,4225,12479,10782,23261,2020-12-01
LS16,1838,2208,4046,12947,12115,25062,2020-12-01
LS17,1860,2477,4337,16675,15558,32233,2020-12-01
LS18,1345,1121,2466,8139,7080,15219,2020-12-01
LS19,866,1059,1925,7313,6833,14146,2020-12-01
LS20,528,586,1114,4724,4515,9239,2020-12-01
LS21,749,888,1637,6818,6466,13284,2020-12-01
LS22,499,595,1094,6452,6318,12770,2020-12-01
LS23,296,318,614,3379,3380,6759,2020-12-01
LS24,381,483,864,4675,4419,9094,2020-12-01
LS25,1641,2196,3837,15515,14126,29641,2020-12-01
LS26,1369,1897,3266,10873,9771,20644,2020-12-01
LS27,1948,2573,4521,12839,10803,23642,2020-12-01
LS28,1852,2465,4317,14149,12841,26990,2020-12-01
LS29,1123,1235,2358,12506,12348,24854,2020-12-01
LS42,0,0,0,0,1,1,2020-12-01
LU1,6810,5946,12756,15160,9397,24557,2020-12-01
LU2,4484,5180,9664,21862,17354,39216,2020-12-01
LU3,5511,6703,12214,21750,16047,37797,2020-12-01
LU4,5532,6783,12315,17954,12115,30069,2020-12-01
LU5,2289,2899,5188,15036,12359,27395,2020-12-01
LU6,1392,1722,3114,13413,11850,25263,2020-12-01
LU7,2240,2670,4910,22973,21027,44000,2020-12-01
M0,17,7,24,22,11,33,2020-12-01
M1,1105,804,1909,2536,1261,3797,2020-12-01
M2,16,13,29,55,26,81,2020-12-01
M3,1266,1127,2393,3904,2256,6160,2020-12-01
M4,1180,995,2175,3807,2460,6267,2020-12-01
M4,0,0,0,1,0,1,2020-12-01
M4,0,0,0,1,0,1,2020-12-01
M5,2010,2057,4067,4922,3207,8129,2020-12-01
M6,3547,3527,7074,9602,6827,16429,2020-12-01
M7,3686,3190,6876,8339,5530,13869,2020-12-01
M8,5085,4679,9764,10097,5772,15869,2020-12-01
M9,4384,5349,9733,11287,8311,19598,2020-12-01
M10,82,67,149,63,21,84,2020-12-01
M11,2839,3378,6217,5830,3921,9751,2020-12-01
M12,3274,2793,6067,4930,2663,7593,2020-12-01
M13,4094,3328,7422,5951,3078,9029,2020-12-01
M14,6621,5648,12269,10685,6471,17156,2020-12-01
M15,2801,2236,5037,5557,3065,8622,2020-12-01
M16,4042,4289,8331,11303,8420,19723,2020-12-01
M17,3,5,8,13,4,17,2020-12-01
M18,2886,3366,6252,6213,4137,10350,2020-12-01
M19,4118,4138,8256,11258,8309,19567,2020-12-01
M20,3572,3854,7426,15672,13717,29389,2020-12-01
M21,2259,2544,4803,9818,8773,18591,2020-12-01
M22,3995,4854,8849,12166,9566,21732,2020-12-01
M23,2636,3249,5885,9362,7808,17170,2020-12-01
M24,3487,4193,7680,15688,12850,28538,2020-12-01
M25,2039,2288,4327,10865,9470,20335,2020-12-01
M26,2182,2720,4902,11959,10327,22286,2020-12-01
M27,2534,3007,5541,13577,11687,25264,2020-12-01
M28,2016,2299,4315,15155,13925,29080,2020-12-01
M29,1047,1223,2270,8693,7930,16623,2020-12-01
M30,2931,3336,6267,12021,9356,21377,2020-12-01
M31,736,902,1638,2488,2127,4615,2020-12-01
M32,2210,2591,4801,9415,8131,17546,2020-12-01
M33,3101,3436,6537,22151,20472,42623,2020-12-01
M34,2728,3262,5990,16185,13913,30098,2020-12-01
M35,1344,1604,2948,6820,5746,12566,2020-12-01
M38,1216,1630,2846,3673,2754,6427,2020-12-01
M39,0,1,1,1,0,1,2020-12-01
M40,4603,5451,10054,11958,8589,20547,2020-12-01
M41,1990,2265,4255,14947,14038,28985,2020-12-01
M43,1513,2098,3611,7748,6221,13969,2020-12-01
M44,1142,1450,2592,6666,5652,12318,2020-12-01
M45,1372,1692,3064,7762,7057,14819,2020-12-01
M46,1202,1473,2675,7486,6292,13778,2020-12-01
M47,1,0,1,0,0,0,2020-12-01
M50,378,363,741,1559,938,2497,2020-12-01
M51,0,0,0,1,0,1,2020-12-01
M52,0,0,0,1,0,1,2020-12-01
M54,0,0,0,1,0,1,2020-12-01
M60,38,16,54,61,14,75,2020-12-01
M61,0,0,0,1,1,2,2020-12-01
M70,3,0,3,4,1,5,2020-12-01
M73,0,0,0,1,0,1,2020-12-01
M74,0,0,0,2,0,2,2020-12-01
M87,0,1,1,0,0,0,2020-12-01
M90,1,0,1,1,0,1,2020-12-01
ME1,1893,2311,4204,11219,9741,20960,2020-12-01
ME2,2375,2997,5372,14999,12923,27922,2020-12-01
ME3,1140,1373,2513,11492,10562,22054,2020-12-01
ME4,3026,3240,6266,10086,7279,17365,2020-12-01
ME5,2590,3446,6036,18969,16769,35738,2020-12-01
ME6,522,681,1203,4004,3687,7691,2020-12-01
ME7,4080,5042,9122,16846,13447,30293,2020-12-01
ME8,2263,2733,4996,18511,16794,35305,2020-12-01
ME9,867,970,1837,8989,8323,17312,2020-12-01
ME10,2864,3353,6217,17368,15047,32415,2020-12-01
ME11,293,367,660,1219,978,2197,2020-12-01
ME12,2264,2877,5141,13870,11509,25379,2020-12-01
ME13,1414,1694,3108,10085,9331,19416,2020-12-01
ME14,1603,1768,3371,12313,10529,22842,2020-12-01
ME15,2792,3359,6151,18408,15768,34176,2020-12-01
ME16,1646,2069,3715,12070,10445,22515,2020-12-01
ME17,848,947,1795,10467,9637,20104,2020-12-01
ME18,241,263,504,2911,2747,5658,2020-12-01
ME19,791,960,1751,9334,9180,18514,2020-12-01
ME20,857,986,1843,8043,7584,15627,2020-12-01
ME21,0,0,0,1,0,1,2020-12-01
ME22,0,0,0,1,0,1,2020-12-01
ME24,0,1,1,2,5,7,2020-12-01
ME37,0,0,0,0,1,1,2020-12-01
ME38,0,0,0,1,0,1,2020-12-01
ME50,0,0,0,1,0,1,2020-12-01
MK1,70,63,133,298,164,462,2020-12-01
MK2,1488,1930,3418,5013,3759,8772,2020-12-01
MK3,1497,1910,3407,9203,8198,17401,2020-12-01
MK4,1238,1551,2789,8202,7681,15883,2020-12-01
MK5,971,1107,2078,5633,5120,10753,2020-12-01
MK6,3754,4304,8058,9125,6254,15379,2020-12-01
MK7,840,996,1836,5653,5113,10766,2020-12-01
MK8,781,1037,1818,5109,4548,9657,2020-12-01
MK9,568,490,1058,1392,702,2094,2020-12-01
MK10,1124,1437,2561,7195,6549,13744,2020-12-01
MK11,561,746,1307,3438,3099,6537,2020-12-01
MK12,1208,1448,2656,4773,3680,8453,2020-12-01
MK13,1653,1886,3539,6723,5351,12074,2020-12-01
MK14,1876,2218,4094,7620,5881,13501,2020-12-01
MK15,426,454,880,2774,2623,5397,2020-12-01
MK16,769,933,1702,7262,6785,14047,2020-12-01
MK17,573,635,1208,7883,7756,15639,2020-12-01
MK18,1591,1641,3232,12907,12441,25348,2020-12-01
MK19,409,473,882,4885,4617,9502,2020-12-01
MK20,0,1,1,0,0,0,2020-12-01
MK34,1,0,1,1,0,1,2020-12-01
MK40,3171,3094,6265,12148,9118,21266,2020-12-01
MK41,2464,2790,5254,15348,14011,29359,2020-12-01
MK42,3686,4871,8557,17721,14250,31971,2020-12-01
MK43,1517,1502,3019,15421,14848,30269,2020-12-01
MK44,487,511,998,6743,6591,13334,2020-12-01
MK45,1614,1796,3410,18902,17966,36868,2020-12-01
MK46,278,353,631,3634,3524,7158,2020-12-01
ML1,3404,4370,7774,18580,15481,34061,2020-12-01
ML2,2401,2956,5357,12352,10290,22642,2020-12-01
ML3,3159,3937,7096,17455,14807,32262,2020-12-01
ML4,1539,2031,3570,6749,5487,12236,2020-12-01
ML5,3078,3870,6948,14320,11789,26109,2020-12-01
ML6,3138,4049,7187,18150,15459,33609,2020-12-01
ML7,808,1059,1867,5017,4194,9211,2020-12-01
ML8,735,1022,1757,7140,6560,13700,2020-12-01
ML9,1269,1720,2989,8044,7006,15050,2020-12-01
ML10,438,502,940,4354,4207,8561,2020-12-01
ML11,1425,1960,3385,12533,11108,23641,2020-12-01
ML12,247,421,668,3553,3264,6817,2020-12-01
N0,1,0,1,1,0,1,2020-12-01
N1,11333,12490,23823,25949,18881,44830,2020-12-01
N1,95,139,234,269,192,461,2020-12-01
N1,0,1,1,0,1,1,2020-12-01
N1,0,1,1,0,0,0,2020-12-01
N1,1,0,1,0,0,0,2020-12-01
N1,0,0,0,0,1,1,2020-12-01
N2,2375,2585,4960,9071,8047,17118,2020-12-01
N2,0,0,0,0,1,1,2020-12-01
N3,2638,2902,5540,11575,9847,21422,2020-12-01
N4,7892,7564,15456,15772,11049,26821,2020-12-01
N5,2685,2965,5650,7705,6189,13894,2020-12-01
N6,1593,1887,3480,7074,6304,13378,2020-12-01
N7,6472,6802,13274,13321,9253,22574,2020-12-01
N8,5138,5089,10227,13338,10655,23993,2020-12-01
N9,7553,8727,16280,15556,10990,26546,2020-12-01
N10,2708,3087,5795,9318,8204,17522,2020-12-01
N11,3305,3597,6902,10876,8265,19141,2020-12-01
N12,2917,3267,6184,12415,10397,22812,2020-12-01
N13,3613,3649,7262,12323,9390,21713,2020-12-01
N14,2264,2675,4939,12120,10089,22209,2020-12-01
N15,8812,7803,16615,13681,7962,21643,2020-12-01
N16,9761,9094,18855,17829,11968,29797,2020-12-01
N17,13009,12766,25775,19044,11641,30685,2020-12-01
N18,5257,5816,11073,9847,6553,16400,2020-12-01
N19,4557,5197,9754,9909,7705,17614,2020-12-01
N20,1489,1631,3120,8017,7354,15371,2020-12-01
N21,1422,1594,3016,9007,8255,17262,2020-12-01
N22,7030,6670,13700,14728,9761,24489,2020-12-01
NE1,962,704,1666,1851,825,2676,2020-12-01
NE2,1651,1436,3087,5518,4020,9538,2020-12-01
NE2,0,0,0,1,0,1,2020-12-01
NE3,3136,3887,7023,17663,15347,33010,2020-12-01
NE4,5560,4714,10274,9362,4970,14332,2020-12-01
NE5,3267,4451,7718,14389,11103,25492,2020-12-01
NE6,4744,5356,10100,11801,8262,20063,2020-12-01
NE7,853,1074,1927,5184,4434,9618,2020-12-01
NE8,3361,3300,6661,8243,4900,13143,2020-12-01
NE9,2308,3024,5332,11011,8765,19776,2020-12-01
NE10,2454,3233,5687,9893,7266,17159,2020-12-01
NE11,986,1323,2309,5076,3954,9030,2020-12-01
NE12,2050,2755,4805,11426,9766,21192,2020-12-01
NE13,646,791,1437,6540,6164,12704,2020-12-01
NE15,2313,2939,5252,10133,7995,18128,2020-12-01
NE16,1052,1471,2523,8667,7592,16259,2020-12-01
NE17,272,347,619,1472,1215,2687,2020-12-01
NE18,24,27,51,384,369,753,2020-12-01
NE19,41,77,118,852,815,1667,2020-12-01
NE20,351,380,731,5064,4983,10047,2020-12-01
NE21,974,1329,2303,5641,4515,10156,2020-12-01
NE22,896,1091,1987,6015,5257,11272,2020-12-01
NE23,1923,2705,4628,13497,11562,25059,2020-12-01
NE24,2200,3039,5239,12483,10421,22904,2020-12-01
NE25,1297,1599,2896,10747,10057,20804,2020-12-01
NE26,912,972,1884,6809,6395,13204,2020-12-01
NE27,734,1034,1768,5026,4470,9496,2020-12-01
NE28,3305,4341,7646,13400,10494,23894,2020-12-01
NE29,2626,3272,5898,10182,8290,18472,2020-12-01
NE30,942,1109,2051,7778,7239,15017,2020-12-01
NE31,1377,1747,3124,6638,5432,12070,2020-12-01
NE32,1690,2225,3915,7330,5763,13093,2020-12-01
NE33,2362,2270,4632,7887,5609,13496,2020-12-01
NE34,3323,4289,7612,15401,12673,28074,2020-12-01
NE35,370,496,866,2066,1701,3767,2020-12-01
NE36,264,318,582,2431,2328,4759,2020-12-01
NE37,1428,1981,3409,5831,4572,10403,2020-12-01
NE38,1890,2514,4404,10725,9081,19806,2020-12-01
NE39,374,525,899,3028,2618,5646,2020-12-01
NE40,703,1015,1718,5295,4642,9937,2020-12-01
NE41,80,70,150,879,825,1704,2020-12-01
NE42,590,855,1445,4276,3889,8165,2020-12-01
NE43,124,147,271,1753,1738,3491,2020-12-01
NE44,27,26,53,414,427,841,2020-12-01
NE45,111,145,256,1402,1383,2785,2020-12-01
NE46,620,777,1397,5557,5294,10851,2020-12-01
NE47,251,300,551,3069,2927,5996,2020-12-01
NE48,124,179,303,1737,1545,3282,2020-12-01
NE49,154,268,422,1569,1250,2819,2020-12-01
NE55,0,0,0,1,0,1,2020-12-01
NE61,1206,1626,2832,12567,11747,24314,2020-12-01
NE62,434,571,1005,3151,2703,5854,2020-12-01
NE63,1761,2281,4042,8682,6920,15602,2020-12-01
NE64,358,503,861,1843,1441,3284,2020-12-01
NE65,687,909,1596,7797,7249,15046,2020-12-01
NE66,582,802,1384,6580,6055,12635,2020-12-01
NE67,25,22,47,372,377,749,2020-12-01
NE68,56,63,119,686,623,1309,2020-12-01
NE69,9,10,19,130,143,273,2020-12-01
NE70,58,72,130,687,661,1348,2020-12-01
NE71,85,117,202,1147,1054,2201,2020-12-01
NE99,4,0,4,4,0,4,2020-12-01
NG1,1184,1028,2212,2123,1144,3267,2020-12-01
NG1,0,0,0,0,1,1,2020-12-01
NG2,4230,4606,8836,18471,15346,33817,2020-12-01
NG3,4142,5153,9295,14762,11412,26174,2020-12-01
NG4,2213,2876,5089,13780,11902,25682,2020-12-01
NG5,6064,7998,14062,27401,23232,50633,2020-12-01
NG6,3126,4248,7374,10497,8183,18680,2020-12-01
NG7,6219,5718,11937,10568,5667,16235,2020-12-01
NG8,5198,7052,12250,18962,14827,33789,2020-12-01
NG9,4183,4810,8993,24641,21207,45848,2020-12-01
NG10,2518,3099,5617,16357,14173,30530,2020-12-01
NG11,2442,3109,5551,12105,10071,22176,2020-12-01
NG12,1285,1560,2845,13114,12432,25546,2020-12-01
NG13,702,808,1510,8373,8073,16446,2020-12-01
NG14,607,754,1361,7465,7031,14496,2020-12-01
NG15,1976,2670,4646,15415,13565,28980,2020-12-01
NG16,2768,3593,6361,23184,20213,43397,2020-12-01
NG17,3925,4833,8758,24593,20769,45362,2020-12-01
NG18,2761,2946,5707,14395,12076,26471,2020-12-01
NG19,2675,3395,6070,18348,15520,33868,2020-12-01
NG20,1591,2156,3747,8855,6975,15830,2020-12-01
NG21,995,1295,2290,8490,7631,16121,2020-12-01
NG22,1172,1474,2646,10406,9350,19756,2020-12-01
NG23,453,491,944,7484,7320,14804,2020-12-01
NG24,2556,3157,5713,16368,13798,30166,2020-12-01
NG25,300,355,655,3291,3287,6578,2020-12-01
NG31,2549,3211,5760,16092,13447,29539,2020-12-01
NG32,400,439,839,5484,5201,10685,2020-12-01
NG33,312,358,670,4025,3792,7817,2020-12-01
NG34,1649,1875,3524,15844,14688,30532,2020-12-01
NG36,0,0,0,1,0,1,2020-12-01
NG54,0,1,1,0,0,0,2020-12-01
NG56,0,0,0,1,0,1,2020-12-01
NN1,4137,3636,7773,10433,6483,16916,2020-12-01
NN2,3212,3313,6525,13862,10942,24804,2020-12-01
NN3,5453,6655,12108,26909,22403,49312,2020-12-01
NN4,2659,3175,5834,18352,16305,34657,2020-12-01
NN5,2660,3205,5865,15006,12238,27244,2020-12-01
NN6,1052,1162,2214,14833,14298,29131,2020-12-01
NN7,872,1008,1880,11949,11434,23383,2020-12-01
NN8,3839,4441,8280,18174,14533,32707,2020-12-01
NN9,1078,1316,2394,10797,9732,20529,2020-12-01
NN10,1757,2152,3909,14875,13307,28182,2020-12-01
NN11,1943,2461,4404,15283,13099,28382,2020-12-01
NN12,830,971,1801,10425,9715,20140,2020-12-01
NN13,675,822,1497,8385,7855,16240,2020-12-01
NN14,1471,1739,3210,17778,16641,34419,2020-12-01
NN15,1626,2009,3635,14569,13277,27846,2020-12-01
NN16,2336,2698,5034,10301,7719,18020,2020-12-01
NN17,2143,2520,4663,10875,8721,19596,2020-12-01
NN18,2983,3617,6600,12601,9956,22557,2020-12-01
NN28,1,0,1,0,0,0,2020-12-01
NN29,399,440,839,4473,4232,8705,2020-12-01
NO3,0,1,1,0,0,0,2020-12-01
NP0,0,0,0,0,1,1,2020-12-01
NP1,83,89,172,193,128,321,2020-12-01
NP1,0,0,0,0,1,1,2020-12-01
NP2,30,26,56,110,64,174,2020-12-01
NP3,36,39,75,101,59,160,2020-12-01
NP4,1926,2596,4522,15696,13831,29527,2020-12-01
NP5,11,13,24,42,33,75,2020-12-01
NP6,32,30,62,132,74,206,2020-12-01
NP7,953,1186,2139,10101,9590,19691,2020-12-01
NP8,152,197,349,2105,2073,4178,2020-12-01
NP9,68,41,109,156,68,224,2020-12-01
NP10,1013,1236,2249,9254,8806,18060,2020-12-01
NP11,1844,2368,4212,12486,10617,23103,2020-12-01
NP12,1539,2001,3540,11374,10014,21388,2020-12-01
NP13,978,1390,2368,6399,5010,11409,2020-12-01
NP15,139,165,304,3180,3075,6255,2020-12-01
NP16,919,1095,2014,9001,8295,17296,2020-12-01
NP18,587,717,1304,6495,6112,12607,2020-12-01
NP19,4164,4899,9063,17309,13669,30978,2020-12-01
NP20,3786,4455,8241,16425,13080,29505,2020-12-01
NP21,0,0,0,1,0,1,2020-12-01
NP22,1193,1586,2779,7004,5731,12735,2020-12-01
NP23,1672,2215,3887,10796,8849,19645,2020-12-01
NP24,329,390,719,1430,1078,2508,2020-12-01
NP25,560,605,1165,6082,5745,11827,2020-12-01
NP26,825,1039,1864,8864,8129,16993,2020-12-01
NP42,0,0,0,1,0,1,2020-12-01
NP44,2576,3238,5814,16462,14290,30752,2020-12-01
NR0,0,0,0,0,1,1,2020-12-01
NR1,2063,2189,4252,8654,6605,15259,2020-12-01
NR2,1820,2079,3899,7794,6828,14622,2020-12-01
NR3,2775,3002,5777,10416,7980,18396,2020-12-01
NR4,1272,1487,2759,7081,6530,13611,2020-12-01
NR5,2087,2487,4574,8827,7361,16188,2020-12-01
NR6,952,1163,2115,9073,8153,17226,2020-12-01
NR7,1332,1589,2921,12397,11245,23642,2020-12-01
NR8,692,830,1522,8318,7977,16295,2020-12-01
NR9,518,605,1123,7248,7057,14305,2020-12-01
NR10,678,811,1489,9044,8624,17668,2020-12-01
NR11,574,705,1279,7214,6891,14105,2020-12-01
NR12,639,699,1338,8409,7834,16243,2020-12-01
NR13,790,877,1667,10868,10523,21391,2020-12-01
NR14,822,807,1629,10237,9957,20194,2020-12-01
NR15,460,545,1005,6258,6056,12314,2020-12-01
NR16,334,406,740,5089,4896,9985,2020-12-01
NR17,594,665,1259,6550,6037,12587,2020-12-01
NR18,705,825,1530,7344,7093,14437,2020-12-01
NR19,857,1040,1897,7223,6499,13722,2020-12-01
NR20,609,664,1273,7628,7216,14844,2020-12-01
NR21,542,668,1210,6151,5664,11815,2020-12-01
NR22,37,50,87,322,319,641,2020-12-01
NR23,124,134,258,1065,982,2047,2020-12-01
NR24,138,148,286,1730,1634,3364,2020-12-01
NR25,327,323,650,3204,3053,6257,2020-12-01
NR26,318,384,702,2879,2712,5591,2020-12-01
NR27,537,582,1119,4027,3709,7736,2020-12-01
NR28,685,753,1438,6245,5927,12172,2020-12-01
NR29,670,799,1469,8270,7598,15868,2020-12-01
NR30,2569,2661,5230,9054,6657,15711,2020-12-01
NR31,2741,3291,6032,16956,14429,31385,2020-12-01
NR32,2247,2470,4717,13356,11583,24939,2020-12-01
NR33,1841,2123,3964,13773,12347,26120,2020-12-01
NR34,751,925,1676,8469,7796,16265,2020-12-01
NR35,380,467,847,4190,3873,8063,2020-12-01
NW0,3,1,4,2,1,3,2020-12-01
NW1,7661,8321,15982,16250,10865,27115,2020-12-01
NW1,0,1,1,0,0,0,2020-12-01
NW2,12230,10881,23111,25657,16816,42473,2020-12-01
NW3,5226,6082,11308,19483,16412,35895,2020-12-01
NW4,4142,4156,8298,13411,10171,23582,2020-12-01
NW5,3621,4145,7766,8307,6623,14930,2020-12-01
NW5,0,1,1,0,0,0,2020-12-01
NW6,9225,9292,18517,22107,17054,39161,2020-12-01
NW7,2210,2640,4850,10755,9464,20219,2020-12-01
NW8,4266,5129,9395,12375,9425,21800,2020-12-01
NW9,10552,10447,20999,27618,18440,46058,2020-12-01
NW10,18691,17010,35701,30905,20223,51128,2020-12-01
NW11,3871,3745,7616,13935,12055,25990,2020-12-01
NW12,3,1,4,0,1,1,2020-12-01
NW13,0,1,1,2,1,3,2020-12-01
NW14,1,0,1,1,0,1,2020-12-01
NW15,0,0,0,2,0,2,2020-12-01
NW16,4,1,5,3,0,3,2020-12-01
NW17,0,0,0,2,1,3,2020-12-01
NW18,1,0,1,1,1,2,2020-12-01
NW19,0,1,1,1,1,2,2020-12-01
NW20,1,1,2,1,0,1,2020-12-01
NW21,1,0,1,0,0,0,2020-12-01
NW22,1,0,1,2,0,2,2020-12-01
NW24,1,0,1,0,0,0,2020-12-01
NW25,0,0,0,0,1,1,2020-12-01
NW26,1,1,2,0,0,0,2020-12-01
NW28,0,0,0,0,1,1,2020-12-01
NW41,1,0,1,0,0,0,2020-12-01
NW43,0,0,0,1,0,1,2020-12-01
NW44,2,0,2,0,0,0,2020-12-01
NW51,1,0,1,0,0,0,2020-12-01
NW70,1,0,1,0,0,0,2020-12-01
NW77,0,1,1,0,0,0,2020-12-01
NW96,0,0,0,1,0,1,2020-12-01
NW99,2,0,2,0,0,0,2020-12-01
OL0,1,0,1,0,0,0,2020-12-01
OL1,2248,2595,4843,6060,4410,10470,2020-12-01
OL1,1,0,1,0,0,0,2020-12-01
OL2,2165,2623,4788,14310,12576,26886,2020-12-01
OL3,579,569,1148,5984,5764,11748,2020-12-01
OL4,3138,3809,6947,14298,11202,25500,2020-12-01
OL5,578,722,1300,3963,3523,7486,2020-12-01
OL6,2327,2763,5090,9187,6868,16055,2020-12-01
OL7,1266,1641,2907,5366,4034,9400,2020-12-01
OL8,3888,4792,8680,11630,7791,19421,2020-12-01
OL9,3313,3833,7146,12812,9571,22383,2020-12-01
OL10,2022,2463,4485,9183,7623,16806,2020-12-01
OL11,3397,4192,7589,14669,11666,26335,2020-12-01
OL12,2935,3601,6536,15275,12823,28098,2020-12-01
OL13,912,1123,2035,5559,4816,10375,2020-12-01
OL14,857,1139,1996,5200,4688,9888,2020-12-01
OL15,650,773,1423,5429,4882,10311,2020-12-01
OL16,2850,3368,6218,12157,9656,21813,2020-12-01
OX0,1,1,2,0,0,0,2020-12-01
OX1,1820,1498,3318,6064,4720,10784,2020-12-01
OX2,3254,3441,6695,13197,12078,25275,2020-12-01
OX3,3829,4556,8385,13419,11158,24577,2020-12-01
OX4,6588,6654,13242,17767,13541,31308,2020-12-01
OX5,1537,1561,3098,9039,8093,17132,2020-12-01
OX6,32,25,57,64,58,122,2020-12-01
OX7,921,1126,2047,9385,9022,18407,2020-12-01
OX8,47,44,91,142,110,252,2020-12-01
OX9,627,677,1304,5917,5687,11604,2020-12-01
OX10,1203,1382,2585,10260,9686,19946,2020-12-01
OX11,1823,2334,4157,15239,13578,28817,2020-12-01
OX12,1156,1394,2550,10674,9795,20469,2020-12-01
OX13,545,703,1248,5982,5675,11657,2020-12-01
OX14,2303,2691,4994,16715,14958,31673,2020-12-01
OX15,666,740,1406,8380,8247,16627,2020-12-01
OX16,3256,3993,7249,16987,13495,30482,2020-12-01
OX17,511,632,1143,7358,7141,14499,2020-12-01
OX18,960,1256,2216,9754,8938,18692,2020-12-01
OX20,208,265,473,1916,1938,3854,2020-12-01
OX23,0,0,0,1,0,1,2020-12-01
OX25,408,546,954,4262,4138,8400,2020-12-01
OX26,1975,2443,4418,12905,11256,24161,2020-12-01
OX27,260,323,583,2886,2853,5739,2020-12-01
OX28,1382,1633,3015,9726,8906,18632,2020-12-01
OX29,941,1086,2027,9898,9524,19422,2020-12-01
OX33,314,340,654,3092,2941,6033,2020-12-01
OX39,206,253,459,3274,3172,6446,2020-12-01
OX44,242,369,611,3314,3173,6487,2020-12-01
OX49,134,169,303,1693,1700,3393,2020-12-01
PA0,0,0,0,1,0,1,2020-12-01
PA1,1662,1713,3375,6897,5503,12400,2020-12-01
PA2,2374,3036,5410,12976,11407,24383,2020-12-01
PA3,2066,2495,4561,6818,5344,12162,2020-12-01
PA4,1459,1807,3266,8410,7368,15778,2020-12-01
PA5,1468,1892,3360,6968,5897,12865,2020-12-01
PA6,165,227,392,2629,2603,5232,2020-12-01
PA7,234,297,531,3318,3195,6513,2020-12-01
PA8,778,955,1733,5206,4759,9965,2020-12-01
PA9,64,92,156,741,695,1436,2020-12-01
PA10,149,198,347,1435,1377,2812,2020-12-01
PA11,229,272,501,2206,2181,4387,2020-12-01
PA12,150,191,341,1237,1204,2441,2020-12-01
PA13,161,164,325,1748,1809,3557,2020-12-01
PA14,1253,1554,2807,4677,3973,8650,2020-12-01
PA15,1416,1646,3062,4392,3494,7886,2020-12-01
PA16,2038,2278,4316,8877,7980,16857,2020-12-01
PA17,86,84,170,872,828,1700,2020-12-01
PA18,80,105,185,1010,985,1995,2020-12-01
PA19,549,647,1196,4002,3655,7657,2020-12-01
PA20,346,449,795,2038,1680,3718,2020-12-01
PA21,43,30,73,335,274,609,2020-12-01
PA22,17,5,22,133,141,274,2020-12-01
PA23,732,910,1642,4234,3950,8184,2020-12-01
PA24,21,20,41,218,163,381,2020-12-01
PA25,1,4,5,26,24,50,2020-12-01
PA26,9,6,15,56,43,99,2020-12-01
PA27,17,36,53,290,285,575,2020-12-01
PA28,402,466,868,2460,2124,4584,2020-12-01
PA29,105,97,202,882,775,1657,2020-12-01
PA30,70,69,139,475,475,950,2020-12-01
PA31,207,256,463,2000,1803,3803,2020-12-01
PA32,48,64,112,474,433,907,2020-12-01
PA33,39,38,77,295,263,558,2020-12-01
PA34,659,728,1387,3667,3240,6907,2020-12-01
PA35,52,80,132,575,541,1116,2020-12-01
PA36,2,1,3,20,15,35,2020-12-01
PA37,137,153,290,1172,1101,2273,2020-12-01
PA38,34,33,67,349,340,689,2020-12-01
PA39,3,0,3,1,4,5,2020-12-01
PA40,1,2,3,5,2,7,2020-12-01
PA41,10,11,21,59,55,114,2020-12-01
PA42,49,78,127,416,353,769,2020-12-01
PA43,51,60,111,296,269,565,2020-12-01
PA44,6,11,17,118,107,225,2020-12-01
PA45,10,7,17,62,44,106,2020-12-01
PA46,8,8,16,63,65,128,2020-12-01
PA47,5,8,13,63,57,120,2020-12-01
PA48,23,12,35,114,126,240,2020-12-01
PA49,6,11,17,72,69,141,2020-12-01
PA60,9,15,24,87,73,160,2020-12-01
PA61,5,14,19,55,55,110,2020-12-01
PA62,2,3,5,10,8,18,2020-12-01
PA63,1,0,1,3,2,5,2020-12-01
PA64,4,3,7,45,49,94,2020-12-01
PA65,11,10,21,88,94,182,2020-12-01
PA66,7,11,18,73,73,146,2020-12-01
PA67,17,16,33,102,94,196,2020-12-01
PA68,0,0,0,4,3,7,2020-12-01
PA69,1,1,2,10,7,17,2020-12-01
PA70,4,3,7,24,26,50,2020-12-01
PA71,1,0,1,22,13,35,2020-12-01
PA72,18,19,37,193,181,374,2020-12-01
PA73,4,3,7,24,21,45,2020-12-01
PA74,0,3,3,14,10,24,2020-12-01
PA75,74,79,153,563,551,1114,2020-12-01
PA76,4,5,9,58,66,124,2020-12-01
PA77,22,34,56,248,248,496,2020-12-01
PA78,10,14,24,71,69,140,2020-12-01
PA80,15,12,27,124,96,220,2020-12-01
PA81,3,6,9,13,8,21,2020-12-01
PA82,5,5,10,10,10,20,2020-12-01
PA83,0,0,0,1,1,2,2020-12-01
PA84,0,1,1,1,0,1,2020-12-01
PA85,3,3,6,2,5,7,2020-12-01
PA86,21,33,54,62,59,121,2020-12-01
PA87,26,34,60,39,31,70,2020-12-01
PA88,4,2,6,7,4,11,2020-12-01
PE1,5490,5522,11012,16131,10117,26248,2020-12-01
PE2,3238,4069,7307,17399,14282,31681,2020-12-01
PE3,2534,3262,5796,10244,7482,17726,2020-12-01
PE4,1642,2105,3747,10194,8785,18979,2020-12-01
PE5,36,44,80,630,592,1222,2020-12-01
PE6,1239,1597,2836,14971,14155,29126,2020-12-01
PE7,1946,2492,4438,17622,15962,33584,2020-12-01
PE8,644,767,1411,7022,6597,13619,2020-12-01
PE9,1321,1621,2942,12175,11722,23897,2020-12-01
PE10,861,1083,1944,9206,8716,17922,2020-12-01
PE11,2109,2395,4504,16855,14011,30866,2020-12-01
PE12,1385,1684,3069,16034,14224,30258,2020-12-01
PE13,2129,2267,4396,12908,10754,23662,2020-12-01
PE14,721,846,1567,8873,8143,17016,2020-12-01
PE15,1247,1557,2804,11032,9906,20938,2020-12-01
PE16,396,531,927,4174,3655,7829,2020-12-01
PE17,58,42,100,128,82,210,2020-12-01
PE18,50,77,127,100,79,179,2020-12-01
PE19,2017,2322,4339,16978,15564,32542,2020-12-01
PE20,544,642,1186,5727,5229,10956,2020-12-01
PE21,3015,3033,6048,14618,11594,26212,2020-12-01
PE22,553,621,1174,6740,6150,12890,2020-12-01
PE23,311,346,657,3395,3143,6538,2020-12-01
PE24,495,590,1085,4698,3960,8658,2020-12-01
PE25,1439,1565,3004,7214,5837,13051,2020-12-01
PE26,429,540,969,4543,4124,8667,2020-12-01
PE27,984,1176,2160,7693,6804,14497,2020-12-01
PE28,1618,1904,3522,19356,18617,37973,2020-12-01
PE29,1965,2382,4347,10493,8812,19305,2020-12-01
PE30,2984,3329,6313,14475,12373,26848,2020-12-01
PE31,512,583,1095,7483,7187,14670,2020-12-01
PE32,452,515,967,6291,6027,12318,2020-12-01
PE33,463,569,1032,5967,5563,11530,2020-12-01
PE34,482,584,1066,5568,5173,10741,2020-12-01
PE35,2,2,4,36,34,70,2020-12-01
PE36,243,275,518,2228,2088,4316,2020-12-01
PE37,393,533,926,4197,3765,7962,2020-12-01
PE38,545,640,1185,5843,5272,11115,2020-12-01
PE99,0,0,0,1,0,1,2020-12-01
PH1,2537,3227,5764,14422,12365,26787,2020-12-01
PH2,1677,1808,3485,12781,11879,24660,2020-12-01
PH3,257,315,572,2600,2511,5111,2020-12-01
PH4,40,55,95,348,361,709,2020-12-01
PH5,23,57,80,333,303,636,2020-12-01
PH6,81,94,175,983,968,1951,2020-12-01
PH7,389,482,871,3267,3007,6274,2020-12-01
PH8,91,103,194,779,748,1527,2020-12-01
PH9,19,40,59,359,335,694,2020-12-01
PH10,464,537,1001,4182,3836,8018,2020-12-01
PH11,139,187,326,1319,1144,2463,2020-12-01
PH12,54,77,131,797,720,1517,2020-12-01
PH13,190,222,412,1597,1386,2983,2020-12-01
PH14,52,68,120,827,829,1656,2020-12-01
PH15,171,214,385,1392,1211,2603,2020-12-01
PH16,176,205,381,1499,1379,2878,2020-12-01
PH17,10,6,16,71,66,137,2020-12-01
PH18,30,40,70,303,255,558,2020-12-01
PH19,1,4,5,40,36,76,2020-12-01
PH20,59,84,143,601,551,1152,2020-12-01
PH21,92,109,201,838,763,1601,2020-12-01
PH22,203,248,451,1220,1115,2335,2020-12-01
PH23,26,31,57,321,314,635,2020-12-01
PH24,19,25,44,299,267,566,2020-12-01
PH25,28,32,60,368,354,722,2020-12-01
PH26,158,172,330,1451,1341,2792,2020-12-01
PH30,0,0,0,6,4,10,2020-12-01
PH31,20,26,46,227,241,468,2020-12-01
PH32,37,42,79,278,232,510,2020-12-01
PH33,719,922,1641,4207,3521,7728,2020-12-01
PH34,41,48,89,441,404,845,2020-12-01
PH35,29,22,51,131,107,238,2020-12-01
PH36,35,62,97,514,480,994,2020-12-01
PH37,5,13,18,62,48,110,2020-12-01
PH38,10,11,21,76,78,154,2020-12-01
PH39,24,22,46,163,169,332,2020-12-01
PH40,21,21,42,123,99,222,2020-12-01
PH41,66,58,124,355,316,671,2020-12-01
PH42,2,7,9,39,33,72,2020-12-01
PH43,1,2,3,9,7,16,2020-12-01
PH44,3,0,3,4,6,10,2020-12-01
PH49,40,60,100,426,370,796,2020-12-01
PH50,48,89,137,322,240,562,2020-12-01
PL0,0,1,1,0,0,0,2020-12-01
PL1,2372,2425,4797,7068,4683,11751,2020-12-01
PL2,2420,2859,5279,9777,8073,17850,2020-12-01
PL3,1813,2225,4038,10547,9345,19892,2020-12-01
PL4,3179,2801,5980,8626,5920,14546,2020-12-01
PL5,2916,3901,6817,13321,11186,24507,2020-12-01
PL6,2057,2607,4664,15005,13366,28371,2020-12-01
PL7,1212,1514,2726,11440,10869,22309,2020-12-01
PL8,210,184,394,2456,2450,4906,2020-12-01
PL9,1094,1301,2395,11303,10684,21987,2020-12-01
PL10,152,193,345,1274,1188,2462,2020-12-01
PL11,538,699,1237,3804,3386,7190,2020-12-01
PL12,935,1067,2002,8197,7687,15884,2020-12-01
PL13,399,487,886,3789,3414,7203,2020-12-01
PL14,964,1240,2204,8995,8511,17506,2020-12-01
PL15,664,853,1517,8023,7508,15531,2020-12-01
PL16,51,65,116,828,783,1611,2020-12-01
PL17,360,380,740,3991,3665,7656,2020-12-01
PL18,181,241,422,2073,1997,4070,2020-12-01
PL19,648,695,1343,6166,5982,12148,2020-12-01
PL20,452,513,965,4624,4469,9093,2020-12-01
PL21,642,758,1400,7088,7013,14101,2020-12-01
PL22,137,159,296,1401,1431,2832,2020-12-01
PL23,133,158,291,1201,1163,2364,2020-12-01
PL24,459,589,1048,3782,3584,7366,2020-12-01
PL25,1310,1448,2758,9278,8449,17727,2020-12-01
PL26,1227,1305,2532,10634,9621,20255,2020-12-01
PL27,416,515,931,4623,4502,9125,2020-12-01
PL28,203,209,412,1563,1499,3062,2020-12-01
PL29,38,27,65,354,356,710,2020-12-01
PL30,289,296,585,4371,4195,8566,2020-12-01
PL31,854,1003,1857,5380,4752,10132,2020-12-01
PL32,152,218,370,1659,1568,3227,2020-12-01
PL33,83,77,160,730,715,1445,2020-12-01
PL34,72,78,150,705,668,1373,2020-12-01
PL35,32,39,71,401,387,788,2020-12-01
PO1,2961,3344,6305,6993,4595,11588,2020-12-01
PO2,3534,4301,7835,13171,10050,23221,2020-12-01
PO3,1297,1490,2787,6939,5879,12818,2020-12-01
PO4,3026,3416,6442,13187,10603,23790,2020-12-01
PO5,2805,2660,5465,7756,5395,13151,2020-12-01
PO6,2738,3294,6032,14117,12168,26285,2020-12-01
PO7,1747,2132,3879,16187,15082,31269,2020-12-01
PO8,1318,1595,2913,13751,12858,26609,2020-12-01
PO9,3271,4262,7533,16402,14453,30855,2020-12-01
PO10,697,810,1507,7261,6990,14251,2020-12-01
PO11,679,724,1403,7053,6592,13645,2020-12-01
PO12,2765,3208,5973,15974,13898,29872,2020-12-01
PO13,2049,2605,4654,12085,11130,23215,2020-12-01
PO14,1263,1377,2640,12428,11927,24355,2020-12-01
PO15,907,976,1883,8554,8038,16592,2020-12-01
PO16,1306,1402,2708,12183,11193,23376,2020-12-01
PO17,245,240,485,2780,2563,5343,2020-12-01
PO18,493,547,1040,5798,5740,11538,2020-12-01
PO19,1828,2022,3850,10509,10051,20560,2020-12-01
PO20,1275,1411,2686,13452,12917,26369,2020-12-01
PO21,2265,2212,4477,14461,12802,27263,2020-12-01
PO22,1296,1423,2719,11562,10970,22532,2020-12-01
PO30,1611,1826,3437,10123,9421,19544,2020-12-01
PO31,713,818,1531,5313,5001,10314,2020-12-01
PO32,460,507,967,3073,2870,5943,2020-12-01
PO33,1782,2053,3835,10442,9510,19952,2020-12-01
PO34,64,78,142,891,883,1774,2020-12-01
PO35,159,129,288,1411,1357,2768,2020-12-01
PO36,850,979,1829,5837,5345,11182,2020-12-01
PO37,478,503,981,3357,2961,6318,2020-12-01
PO38,605,685,1290,4727,4411,9138,2020-12-01
PO39,101,121,222,970,910,1880,2020-12-01
PO40,264,269,533,2070,2010,4080,2020-12-01
PO41,71,66,137,927,911,1838,2020-12-01
PR1,5930,6240,12170,20628,15354,35982,2020-12-01
PR2,4537,5398,9935,26529,22804,49333,2020-12-01
PR3,1023,1221,2244,15990,15376,31366,2020-12-01
PR4,2000,2459,4459,24699,23178,47877,2020-12-01
PR5,1747,2119,3866,14856,13290,28146,2020-12-01
PR6,1470,1667,3137,13401,12356,25757,2020-12-01
PR7,2231,2782,5013,22660,20843,43503,2020-12-01
PR8,2838,3340,6178,19198,17629,36827,2020-12-01
PR9,2080,2370,4450,15290,13614,28904,2020-12-01
PR25,1467,1813,3280,11270,10344,21614,2020-12-01
PR26,513,553,1066,5129,4931,10060,2020-12-01
RG1,6062,5706,11768,14687,8968,23655,2020-12-01
RG2,3684,4304,7988,14943,11316,26259,2020-12-01
RG3,28,23,51,79,40,119,2020-12-01
RG4,1894,2307,4201,15165,14112,29277,2020-12-01
RG5,1209,1361,2570,10238,9512,19750,2020-12-01
RG6,2272,2413,4685,14393,12357,26750,2020-12-01
RG7,1239,1449,2688,13762,13220,26982,2020-12-01
RG8,812,739,1551,7792,7566,15358,2020-12-01
RG9,1102,1050,2152,9390,9284,18674,2020-12-01
RG10,662,684,1346,7592,7299,14891,2020-12-01
RG11,32,24,56,79,47,126,2020-12-01
RG12,3316,4063,7379,21394,18596,39990,2020-12-01
RG13,28,38,66,67,47,114,2020-12-01
RG14,2185,2483,4668,14900,12815,27715,2020-12-01
RG15,18,24,42,51,47,98,2020-12-01
RG16,18,20,38,87,48,135,2020-12-01
RG17,654,702,1356,5886,5578,11464,2020-12-01
RG18,792,862,1654,7328,6790,14118,2020-12-01
RG19,796,847,1643,6416,5998,12414,2020-12-01
RG20,649,780,1429,8034,7805,15839,2020-12-01
RG21,2264,2545,4809,10054,7709,17763,2020-12-01
RG22,2146,2805,4951,15239,13416,28655,2020-12-01
RG23,585,718,1303,4992,4533,9525,2020-12-01
RG24,1789,2251,4040,13379,11894,25273,2020-12-01
RG25,316,317,633,3596,3410,7006,2020-12-01
RG26,835,1025,1860,9026,8381,17407,2020-12-01
RG27,723,748,1471,9436,9362,18798,2020-12-01
RG28,252,300,552,2314,2120,4434,2020-12-01
RG29,211,289,500,2626,2526,5152,2020-12-01
RG30,4209,4834,9043,15896,12402,28298,2020-12-01
RG31,1252,1571,2823,10850,9925,20775,2020-12-01
RG34,0,0,0,0,1,1,2020-12-01
RG40,1204,1275,2479,12229,11686,23915,2020-12-01
RG41,1176,1327,2503,12005,11584,23589,2020-12-01
RG42,1219,1254,2473,11111,10715,21826,2020-12-01
RG43,0,0,0,1,0,1,2020-12-01
RG45,511,533,1044,5720,5629,11349,2020-12-01
RH1,2833,3296,6129,17733,16087,33820,2020-12-01
RH2,1163,1328,2491,10044,9670,19714,2020-12-01
RH3,137,135,272,1775,1771,3546,2020-12-01
RH4,751,899,1650,5986,5727,11713,2020-12-01
RH5,708,732,1440,6830,6509,13339,2020-12-01
RH6,1491,1704,3195,12899,11914,24813,2020-12-01
RH7,507,408,915,3826,3341,7167,2020-12-01
RH8,641,702,1343,5966,5933,11899,2020-12-01
RH9,198,232,430,2165,2204,4369,2020-12-01
RH10,4316,4569,8885,26665,22591,49256,2020-12-01
RH11,4888,5767,10655,20108,15637,35745,2020-12-01
RH12,2035,2388,4423,19285,18175,37460,2020-12-01
RH13,1465,1702,3167,15328,14592,29920,2020-12-01
RH14,580,622,1202,6533,6338,12871,2020-12-01
RH15,1561,1758,3319,12116,11434,23550,2020-12-01
RH16,1773,2062,3835,13593,12880,26473,2020-12-01
RH17,723,836,1559,7944,7868,15812,2020-12-01
RH18,290,299,589,1888,1897,3785,2020-12-01
RH19,1552,1768,3320,13749,12926,26675,2020-12-01
RH20,751,783,1534,10694,10535,21229,2020-12-01
RM1,1639,1875,3514,7546,6241,13787,2020-12-01
RM1,0,1,1,0,0,0,2020-12-01
RM2,671,787,1458,4976,4507,9483,2020-12-01
RM3,3319,4331,7650,14665,12330,26995,2020-12-01
RM4,154,170,324,1964,1847,3811,2020-12-01
RM5,1325,1679,3004,6890,6058,12948,2020-12-01
RM6,3683,4227,7910,11615,8630,20245,2020-12-01
RM7,2544,3073,5617,10249,8298,18547,2020-12-01
RM8,5407,6205,11612,13895,9662,23557,2020-12-01
RM9,4348,5251,9599,11401,7779,19180,2020-12-01
RM10,4947,5845,10792,11868,8297,20165,2020-12-01
RM11,1544,1811,3355,12220,11269,23489,2020-12-01
RM12,1999,2384,4383,12568,10966,23534,2020-12-01
RM13,2261,2679,4940,10700,8873,19573,2020-12-01
RM14,1082,1198,2280,10482,9893,20375,2020-12-01
RM15,2062,2494,4556,10875,8940,19815,2020-12-01
RM16,2298,2801,5099,15655,13717,29372,2020-12-01
RM17,2253,2869,5122,10438,7644,18082,2020-12-01
RM18,1613,2093,3706,5903,4666,10569,2020-12-01
RM19,592,786,1378,2695,1880,4575,2020-12-01
RM20,551,702,1253,2610,1727,4337,2020-12-01
S1,768,537,1305,1109,508,1617,2020-12-01
S2,4210,4876,9086,10516,7065,17581,2020-12-01
S3,2157,1770,3927,3655,1676,5331,2020-12-01
S4,1556,1520,3076,3376,1833,5209,2020-12-01
S5,5041,6609,11650,16035,11739,27774,2020-12-01
S6,3407,4060,7467,18665,15743,34408,2020-12-01
S6,0,0,0,0,1,1,2020-12-01
S7,1303,1231,2534,5988,4978,10966,2020-12-01
S7,0,0,0,1,0,1,2020-12-01
S8,2842,3351,6193,14590,12492,27082,2020-12-01
S9,2480,2858,5338,8284,5210,13494,2020-12-01
S10,2379,2336,4715,13004,11552,24556,2020-12-01
S11,1912,1944,3856,10592,9694,20286,2020-12-01
S12,1697,2305,4002,11616,9357,20973,2020-12-01
S13,1657,2193,3850,9668,7837,17505,2020-12-01
S14,863,1155,2018,2143,1426,3569,2020-12-01
S16,0,0,0,0,1,1,2020-12-01
S17,532,620,1152,5974,5821,11795,2020-12-01
S18,786,913,1699,9280,8781,18061,2020-12-01
S19,4,8,12,41,30,71,2020-12-01
S20,1237,1707,2944,10731,9257,19988,2020-12-01
S21,795,1128,1923,7359,6405,13764,2020-12-01
S22,0,1,1,0,1,1,2020-12-01
S24,0,0,0,0,1,1,2020-12-01
S25,896,1164,2060,7520,6693,14213,2020-12-01
S26,911,1315,2226,9442,8379,17821,2020-12-01
S30,29,23,52,124,110,234,2020-12-01
S31,22,28,50,76,30,106,2020-12-01
S32,156,184,340,2292,2275,4567,2020-12-01
S33,156,169,325,1901,1810,3711,2020-12-01
S35,1440,1884,3324,14911,13340,28251,2020-12-01
S36,1043,1292,2335,10658,9690,20348,2020-12-01
S37,1,0,1,1,0,1,2020-12-01
S40,1874,2247,4121,11726,10104,21830,2020-12-01
S41,1931,2460,4391,12196,10365,22561,2020-12-01
S42,1096,1420,2516,10746,9548,20294,2020-12-01
S43,2028,2713,4741,13928,11624,25552,2020-12-01
S44,1064,1402,2466,7708,6440,14148,2020-12-01
S45,628,819,1447,4836,4192,9028,2020-12-01
S46,0,0,0,2,0,2,2020-12-01
S49,0,0,0,1,0,1,2020-12-01
S54,0,0,0,1,0,1,2020-12-01
S60,1972,2631,4603,13899,11529,25428,2020-12-01
S61,2160,2671,4831,11104,8865,19969,2020-12-01
S62,1154,1584,2738,6278,4967,11245,2020-12-01
S63,2605,3351,5956,13273,10692,23965,2020-12-01
S64,1901,2338,4239,10109,8129,18238,2020-12-01
S65,2633,3147,5780,9931,7190,17121,2020-12-01
S66,2132,2944,5076,15795,13596,29391,2020-12-01
S68,0,0,0,0,1,1,2020-12-01
S70,2777,3242,6019,12697,9358,22055,2020-12-01
S71,2774,3389,6163,15458,12651,28109,2020-12-01
S72,1419,1861,3280,8625,6974,15599,2020-12-01
S73,1659,2112,3771,9448,7649,17097,2020-12-01
S74,904,1301,2205,5905,4840,10745,2020-12-01
S75,1675,2115,3790,16528,14734,31262,2020-12-01
S80,1908,2182,4090,10079,8031,18110,2020-12-01
S81,1488,1941,3429,13903,12441,26344,2020-12-01
SA1,4600,4609,9209,13709,9124,22833,2020-12-01
SA2,1826,1880,3706,12548,11253,23801,2020-12-01
SA3,883,888,1771,10041,9881,19922,2020-12-01
SA4,1628,1997,3625,16327,15652,31979,2020-12-01
SA5,2276,3061,5337,11026,9199,20225,2020-12-01
SA6,1711,2340,4051,11071,9609,20680,2020-12-01
SA7,601,796,1397,5486,4991,10477,2020-12-01
SA8,498,625,1123,4680,4324,9004,2020-12-01
SA9,591,725,1316,5464,5005,10469,2020-12-01
SA10,1102,1467,2569,10961,9918,20879,2020-12-01
SA11,1753,2377,4130,11771,9833,21604,2020-12-01
SA12,1849,2221,4070,10335,9173,19508,2020-12-01
SA13,1026,1323,2349,6501,5312,11813,2020-12-01
SA14,1250,1561,2811,12338,11507,23845,2020-12-01
SA15,1892,2219,4111,12424,10592,23016,2020-12-01
SA16,346,416,762,3067,2777,5844,2020-12-01
SA17,369,435,804,3480,3209,6689,2020-12-01
SA18,1292,1440,2732,10669,9742,20411,2020-12-01
SA19,308,359,667,3824,3611,7435,2020-12-01
SA20,124,144,268,1270,1134,2404,2020-12-01
SA31,853,975,1828,5514,5201,10715,2020-12-01
SA32,168,208,376,3096,3038,6134,2020-12-01
SA33,318,413,731,4976,4674,9650,2020-12-01
SA34,147,142,289,2007,1899,3906,2020-12-01
SA35,12,27,39,356,312,668,2020-12-01
SA36,13,8,21,131,130,261,2020-12-01
SA37,34,39,73,563,520,1083,2020-12-01
SA38,153,170,323,1775,1654,3429,2020-12-01
SA39,73,84,157,984,927,1911,2020-12-01
SA40,149,138,287,1096,999,2095,2020-12-01
SA41,54,60,114,814,778,1592,2020-12-01
SA42,58,70,128,797,787,1584,2020-12-01
SA43,481,577,1058,4737,4377,9114,2020-12-01
SA44,324,369,693,4487,4296,8783,2020-12-01
SA45,70,54,124,606,562,1168,2020-12-01
SA46,92,109,201,954,865,1819,2020-12-01
SA47,45,42,87,407,387,794,2020-12-01
SA48,403,379,782,3262,3020,6282,2020-12-01
SA61,785,1010,1795,4660,4178,8838,2020-12-01
SA62,582,677,1259,8272,7832,16104,2020-12-01
SA63,31,33,64,504,496,1000,2020-12-01
SA64,92,125,217,850,740,1590,2020-12-01
SA65,168,209,377,1558,1402,2960,2020-12-01
SA66,89,87,176,1241,1229,2470,2020-12-01
SA67,220,292,512,2845,2734,5579,2020-12-01
SA68,88,138,226,1635,1559,3194,2020-12-01
SA69,98,130,228,1403,1320,2723,2020-12-01
SA70,370,455,825,3310,3004,6314,2020-12-01
SA71,466,545,1011,4018,3571,7589,2020-12-01
SA72,575,639,1214,3469,3095,6564,2020-12-01
SA73,899,1152,2051,7220,6341,13561,2020-12-01
SA99,1,0,1,0,0,0,2020-12-01
SE0,0,1,1,0,1,1,2020-12-01
SE1,9472,9477,18949,19471,12068,31539,2020-12-01
SE1,0,0,0,1,0,1,2020-12-01
SE2,3638,4243,7881,7889,5837,13726,2020-12-01
SE3,3019,3604,6623,11598,9948,21546,2020-12-01
SE4,3739,4031,7770,8436,7035,15471,2020-12-01
SE5,7920,8649,16569,13059,9074,22133,2020-12-01
SE6,7128,7816,14944,15846,12736,28582,2020-12-01
SE6,1,0,1,0,0,0,2020-12-01
SE7,2810,3282,6092,6448,4606,11054,2020-12-01
SE8,4855,5185,10040,8350,5795,14145,2020-12-01
SE9,5355,6340,11695,20909,17940,38849,2020-12-01
SE10,3058,3607,6665,10150,7977,18127,2020-12-01
SE11,3461,3632,7093,6621,4234,10855,2020-12-01
SE12,2658,3096,5754,8735,7408,16143,2020-12-01
SE13,5846,6086,11932,12789,10080,22869,2020-12-01
SE14,4191,4263,8454,6972,4891,11863,2020-12-01
SE15,11807,11919,23726,17084,12479,29563,2020-12-01
SE16,6155,6983,13138,14848,10322,25170,2020-12-01
SE17,6423,6631,13054,8604,5092,13696,2020-12-01
SE18,12839,13244,26083,21837,14912,36749,2020-12-01
SE19,3003,3586,6589,9182,7664,16846,2020-12-01
SE20,2833,3184,6017,7117,5962,13079,2020-12-01
SE21,1563,1682,3245,4958,4679,9637,2020-12-01
SE22,3401,3639,7040,9447,8214,17661,2020-12-01
SE23,3656,4213,7869,10351,8975,19326,2020-12-01
SE24,2052,2154,4206,5717,5077,10794,2020-12-01
SE25,4348,4971,9319,10769,8974,19743,2020-12-01
SE26,3410,4087,7497,8855,7525,16380,2020-12-01
SE27,2840,3023,5863,6442,5401,11843,2020-12-01
SE28,3972,4899,8871,7812,5642,13454,2020-12-01
SE29,1,3,4,2,0,2,2020-12-01
SE31,0,1,1,0,0,0,2020-12-01
SE33,0,1,1,0,0,0,2020-12-01
SE35,0,1,1,0,0,0,2020-12-01
SE37,0,1,1,0,0,0,2020-12-01
SE50,0,0,0,1,0,1,2020-12-01
SE57,0,1,1,0,0,0,2020-12-01
SE59,0,0,0,1,0,1,2020-12-01
SE60,0,0,0,1,0,1,2020-12-01
SE72,1,0,1,0,0,0,2020-12-01
SE73,0,0,0,1,0,1,2020-12-01
SE74,0,1,1,1,0,1,2020-12-01
SE75,1,0,1,0,0,0,2020-12-01
SE77,1,1,2,0,0,0,2020-12-01
SE88,0,0,0,1,0,1,2020-12-01
SE91,0,1,1,0,0,0,2020-12-01
SE99,0,0,0,0,1,1,2020-12-01
SG0,0,0,0,0,1,1,2020-12-01
SG1,3607,4112,7719,18697,15774,34471,2020-12-01
SG2,2329,2860,5189,15296,13516,28812,2020-12-01
SG3,254,314,568,2822,2687,5509,2020-12-01
SG4,1301,1477,2778,11191,10683,21874,2020-12-01
SG5,1471,1687,3158,12635,11989,24624,2020-12-01
SG6,1912,2258,4170,11829,10732,22561,2020-12-01
SG7,583,633,1216,5133,4935,10068,2020-12-01
SG8,1485,1663,3148,15501,14365,29866,2020-12-01
SG9,289,329,618,4838,4777,9615,2020-12-01
SG10,50,61,111,820,806,1626,2020-12-01
SG11,274,267,541,3479,3358,6837,2020-12-01
SG12,1317,1415,2732,11460,10717,22177,2020-12-01
SG13,784,817,1601,6594,6349,12943,2020-12-01
SG14,911,1037,1948,7639,7137,14776,2020-12-01
SG15,254,281,535,2190,2046,4236,2020-12-01
SG16,199,224,423,2507,2450,4957,2020-12-01
SG17,520,531,1051,5405,5137,10542,2020-12-01
SG18,1070,1339,2409,11055,10158,21213,2020-12-01
SG19,877,1142,2019,9845,9162,19007,2020-12-01
SK0,0,0,0,0,1,1,2020-12-01
SK1,805,997,1802,3781,2965,6746,2020-12-01
SK2,1651,1871,3522,10319,9445,19764,2020-12-01
SK3,1915,2346,4261,8900,7733,16633,2020-12-01
SK4,2047,2118,4165,13122,11972,25094,2020-12-01
SK5,2264,2834,5098,9173,7534,16707,2020-12-01
SK6,2096,2446,4542,18961,17646,36607,2020-12-01
SK7,1615,1675,3290,16068,15627,31695,2020-12-01
SK8,2633,2948,5581,23002,21831,44833,2020-12-01
SK9,1537,1727,3264,15393,14777,30170,2020-12-01
SK10,1650,1726,3376,15503,15073,30576,2020-12-01
SK11,1846,2038,3884,13557,12196,25753,2020-12-01
SK12,622,636,1258,7706,7535,15241,2020-12-01
SK13,1596,2002,3598,11826,10898,22724,2020-12-01
SK14,2938,3535,6473,16253,14002,30255,2020-12-01
SK15,1683,1904,3587,9518,8309,17827,2020-12-01
SK16,1220,1430,2650,6476,5401,11877,2020-12-01
SK17,1316,1478,2794,11532,10210,21742,2020-12-01
SK22,537,624,1161,4645,4128,8773,2020-12-01
SK23,638,685,1323,7069,6551,13620,2020-12-01
SL0,470,508,978,4887,4441,9328,2020-12-01
SL1,7817,7808,15625,26461,19422,45883,2020-12-01
SL2,5078,5833,10911,20303,15959,36262,2020-12-01
SL3,3100,3988,7088,18397,15355,33752,2020-12-01
SL4,2228,2625,4853,17207,15870,33077,2020-12-01
SL5,1214,1338,2552,10181,10315,20496,2020-12-01
SL6,4131,4633,8764,32406,29650,62056,2020-12-01
SL7,791,893,1684,8345,8392,16737,2020-12-01
SL8,225,213,438,2651,2661,5312,2020-12-01
SL9,945,1014,1959,9212,9283,18495,2020-12-01
SM1,3063,3626,6689,14283,11897,26180,2020-12-01
SM2,1681,2050,3731,10789,9765,20554,2020-12-01
SM3,1323,1484,2807,7936,7132,15068,2020-12-01
SM4,3554,3750,7304,13691,10499,24190,2020-12-01
SM5,2841,3458,6299,13583,12409,25992,2020-12-01
SM6,2678,3195,5873,13207,11805,25012,2020-12-01
SM7,676,706,1382,7194,7218,14412,2020-12-01
SN0,0,0,0,1,0,1,2020-12-01
SN1,3779,3435,7214,11085,7197,18282,2020-12-01
SN2,3228,3870,7098,14491,11102,25593,2020-12-01
SN3,3248,4047,7295,18963,15903,34866,2020-12-01
SN4,1126,1337,2463,11235,10587,21822,2020-12-01
SN5,1696,2316,4012,13531,11852,25383,2020-12-01
SN6,880,996,1876,8917,8398,17315,2020-12-01
SN7,513,677,1190,5734,5373,11107,2020-12-01
SN8,1012,1123,2135,9389,8937,18326,2020-12-01
SN9,263,336,599,3205,3132,6337,2020-12-01
SN10,1265,1515,2780,11820,11109,22929,2020-12-01
SN11,946,1206,2152,8920,8338,17258,2020-12-01
SN12,1095,1197,2292,10298,9518,19816,2020-12-01
SN13,680,832,1512,6347,6147,12494,2020-12-01
SN14,1222,1353,2575,10567,9803,20370,2020-12-01
SN15,1687,1891,3578,14326,12244,26570,2020-12-01
SN16,441,475,916,5805,5560,11365,2020-12-01
SN20,0,0,0,1,0,1,2020-12-01
SN24,0,1,1,0,1,1,2020-12-01
SN25,1517,1965,3482,15365,13757,29122,2020-12-01
SN26,52,60,112,869,790,1659,2020-12-01
SN27,0,0,0,1,0,1,2020-12-01
SN31,0,0,0,0,1,1,2020-12-01
SN34,0,0,0,0,1,1,2020-12-01
SN48,0,0,0,1,0,1,2020-12-01
SN66,0,1,1,0,0,0,2020-12-01
SO0,0,0,0,0,1,1,2020-12-01
SO1,49,41,90,137,56,193,2020-12-01
SO2,77,43,120,131,59,190,2020-12-01
SO3,30,22,52,117,79,196,2020-12-01
SO3,0,0,0,1,1,2,2020-12-01
SO4,33,28,61,123,98,221,2020-12-01
SO5,33,18,51,116,63,179,2020-12-01
SO6,0,0,0,1,0,1,2020-12-01
SO9,17,14,31,28,11,39,2020-12-01
SO14,3585,2956,6541,7772,4000,11772,2020-12-01
SO15,3195,3328,6523,13340,10118,23458,2020-12-01
SO16,4707,5736,10443,22442,18324,40766,2020-12-01
SO17,1587,1507,3094,5310,3719,9029,2020-12-01
SO18,2163,2532,4695,12686,10733,23419,2020-12-01
SO19,3634,4620,8254,18899,16003,34902,2020-12-01
SO20,318,306,624,3398,3185,6583,2020-12-01
SO21,680,780,1460,7911,7665,15576,2020-12-01
SO22,1595,1777,3372,9314,8886,18200,2020-12-01
SO23,1339,1406,2745,7253,6747,14000,2020-12-01
SO24,389,434,823,4600,4544,9144,2020-12-01
SO30,1033,1149,2182,12463,12084,24547,2020-12-01
SO31,1625,1758,3383,18315,17681,35996,2020-12-01
SO32,635,654,1289,9052,8992,18044,2020-12-01
SO33,0,0,0,1,1,2,2020-12-01
SO40,1484,1697,3181,15618,14679,30297,2020-12-01
SO41,1045,1054,2099,12522,12687,25209,2020-12-01
SO42,165,169,334,1974,1929,3903,2020-12-01
SO43,137,134,271,1826,1741,3567,2020-12-01
SO45,1365,1671,3036,12979,12279,25258,2020-12-01
SO50,2358,2830,5188,17846,16244,34090,2020-12-01
SO51,913,1115,2028,11465,11284,22749,2020-12-01
SO52,186,239,425,2700,2586,5286,2020-12-01
SO53,1154,1281,2435,12238,11895,24133,2020-12-01
SP1,1199,1218,2417,7625,7078,14703,2020-12-01
SP2,1743,1983,3726,10270,9267,19537,2020-12-01
SP3,362,440,802,4647,4513,9160,2020-12-01
SP4,1745,2021,3766,13806,11754,25560,2020-12-01
SP5,620,693,1313,9136,9031,18167,2020-12-01
SP6,391,422,813,5796,5623,11419,2020-12-01
SP7,498,663,1161,5588,5495,11083,2020-12-01
SP8,483,572,1055,5463,5302,10765,2020-12-01
SP9,514,936,1450,3616,2809,6425,2020-12-01
SP10,2371,2952,5323,14019,11795,25814,2020-12-01
SP11,1093,1402,2495,12204,11349,23553,2020-12-01
SR1,601,456,1057,1204,481,1685,2020-12-01
SR2,2522,2670,5192,9984,7661,17645,2020-12-01
SR3,2164,2917,5081,12171,9959,22130,2020-12-01
SR4,3234,4026,7260,11617,8710,20327,2020-12-01
SR5,2670,3282,5952,9155,6779,15934,2020-12-01
SR6,1357,1535,2892,10495,9189,19684,2020-12-01
SR7,1689,2278,3967,9476,7590,17066,2020-12-01
SR8,2289,3083,5372,10581,8370,18951,2020-12-01
SS0,3538,3781,7319,13603,11220,24823,2020-12-01
SS1,2170,2352,4522,9038,7688,16726,2020-12-01
SS2,2839,3464,6303,11986,10029,22015,2020-12-01
SS3,1730,2018,3748,10033,9217,19250,2020-12-01
SS4,922,1127,2049,7887,7421,15308,2020-12-01
SS5,832,752,1584,8800,8317,17117,2020-12-01
SS6,1232,1406,2638,11953,11136,23089,2020-12-01
SS7,1962,2264,4226,19280,17854,37134,2020-12-01
SS8,2020,2656,4676,14034,11948,25982,2020-12-01
SS9,2328,2518,4846,18489,17176,35665,2020-12-01
SS11,730,852,1582,7317,6676,13993,2020-12-01
SS12,737,881,1618,7152,6533,13685,2020-12-01
SS13,1718,2262,3980,7711,6266,13977,2020-12-01
SS14,2268,3078,5346,8717,6881,15598,2020-12-01
SS15,2352,2879,5231,10729,9350,20079,2020-12-01
SS16,2119,2877,4996,10888,8969,19857,2020-12-01
SS17,1461,1840,3301,12526,11194,23720,2020-12-01
SS20,0,0,0,0,1,1,2020-12-01
SS30,0,0,0,0,1,1,2020-12-01
SS31,0,0,0,1,0,1,2020-12-01
SS39,0,1,1,0,0,0,2020-12-01
SS50,0,0,0,1,0,1,2020-12-01
SS92,0,0,0,1,0,1,2020-12-01
SS95,1,0,1,0,0,0,2020-12-01
SS99,0,1,1,0,0,0,2020-12-01
ST0,0,0,0,1,0,1,2020-12-01
ST1,2829,3100,5929,9726,6523,16249,2020-12-01
ST2,2245,2951,5196,10453,8177,18630,2020-12-01
ST3,4065,5176,9241,21795,17522,39317,2020-12-01
ST4,4285,4615,8900,17785,13777,31562,2020-12-01
ST5,4570,5204,9774,26851,22737,49588,2020-12-01
ST6,4714,5958,10672,20398,15061,35459,2020-12-01
ST7,2162,2595,4757,20294,18491,38785,2020-12-01
ST8,682,883,1565,7491,6794,14285,2020-12-01
ST9,313,370,683,4805,4442,9247,2020-12-01
ST10,783,996,1779,9678,8748,18426,2020-12-01
ST11,290,325,615,3896,3500,7396,2020-12-01
ST12,129,128,257,1487,1453,2940,2020-12-01
ST13,1104,1374,2478,10019,9059,19078,2020-12-01
ST14,833,1065,1898,7548,6715,14263,2020-12-01
ST15,731,906,1637,8467,7896,16363,2020-12-01
ST16,1853,2148,4001,10913,9129,20042,2020-12-01
ST17,1913,2335,4248,13583,12224,25807,2020-12-01
ST18,453,475,928,7283,6752,14035,2020-12-01
ST19,477,540,1017,5937,5686,11623,2020-12-01
ST20,188,223,411,2872,2691,5563,2020-12-01
ST21,132,180,312,2562,2464,5026,2020-12-01
SW0,1,1,2,1,2,3,2020-12-01
SW1,40,41,81,57,37,94,2020-12-01
SW1,96,83,179,329,167,496,2020-12-01
SW1,1,0,1,0,1,1,2020-12-01
SW1,0,0,0,0,1,1,2020-12-01
SW1,125,93,218,451,250,701,2020-12-01
SW1,65,63,128,364,196,560,2020-12-01
SW1,0,1,1,0,0,0,2020-12-01
SW1,0,0,0,1,2,3,2020-12-01
SW1,0,1,1,1,0,1,2020-12-01
SW1,1309,1574,2883,4109,2848,6957,2020-12-01
SW1,0,0,0,0,1,1,2020-12-01
SW1,2316,2681,4997,6936,5130,12066,2020-12-01
SW1,899,1005,1904,2631,2171,4802,2020-12-01
SW1,763,945,1708,2422,1950,4372,2020-12-01
SW1,83,57,140,347,162,509,2020-12-01
SW1,1,1,2,1,0,1,2020-12-01
SW2,7680,8177,15857,16377,12570,28947,2020-12-01
SW3,2209,2703,4912,8493,7309,15802,2020-12-01
SW4,5050,5154,10204,13705,10308,24013,2020-12-01
SW5,2335,2003,4338,5859,3858,9717,2020-12-01
SW6,6521,7380,13901,22130,18838,40968,2020-12-01
SW7,3021,2553,5574,8626,5855,14481,2020-12-01
SW8,5735,5939,11674,11408,7329,18737,2020-12-01
SW9,7918,7996,15914,13243,8596,21839,2020-12-01
SW10,2093,2385,4478,6525,5351,11876,2020-12-01
SW11,7206,8455,15661,24577,19998,44575,2020-12-01
SW12,2673,2865,5538,10964,9709,20673,2020-12-01
SW13,1131,1383,2514,6140,5858,11998,2020-12-01
SW14,1157,1294,2451,6452,6230,12682,2020-12-01
SW15,5754,6646,12400,22642,19136,41778,2020-12-01
SW16,11034,10716,21750,27689,21382,49071,2020-12-01
SW17,8731,7991,16722,20899,16766,37665,2020-12-01
SW18,5023,5948,10971,23259,20398,43657,2020-12-01
SW19,7158,8037,15195,31587,26873,58460,2020-12-01
SW20,2262,2516,4778,12156,10879,23035,2020-12-01
SY1,1659,1935,3594,8926,7370,16296,2020-12-01
SY2,918,1042,1960,6271,5676,11947,2020-12-01
SY3,1474,1726,3200,12237,11549,23786,2020-12-01
SY4,863,996,1859,9947,9521,19468,2020-12-01
SY5,742,744,1486,8583,8160,16743,2020-12-01
SY6,195,207,402,2755,2633,5388,2020-12-01
SY7,332,418,750,4389,4079,8468,2020-12-01
SY8,602,724,1326,7124,6591,13715,2020-12-01
SY9,93,103,196,1102,966,2068,2020-12-01
SY10,430,556,986,6224,5784,12008,2020-12-01
SY11,1235,1452,2687,9260,8342,17602,2020-12-01
SY12,293,332,625,3245,2999,6244,2020-12-01
SY13,781,835,1616,7744,6998,14742,2020-12-01
SY14,177,225,402,2752,2709,5461,2020-12-01
SY15,136,147,283,2138,2075,4213,2020-12-01
SY16,844,931,1775,5472,4732,10204,2020-12-01
SY17,85,116,201,1504,1367,2871,2020-12-01
SY18,138,143,281,1748,1551,3299,2020-12-01
SY19,24,27,51,439,389,828,2020-12-01
SY20,267,311,578,2489,2303,4792,2020-12-01
SY21,610,777,1387,6294,5769,12063,2020-12-01
SY22,284,286,570,3642,3374,7016,2020-12-01
SY23,1390,1523,2913,8552,7622,16174,2020-12-01
SY24,181,208,389,1733,1591,3324,2020-12-01
SY25,145,183,328,1691,1565,3256,2020-12-01
TA1,2195,2515,4710,13869,12759,26628,2020-12-01
TA2,1315,1530,2845,10721,9990,20711,2020-12-01
TA3,389,413,802,6220,6090,12310,2020-12-01
TA4,609,676,1285,7719,7626,15345,2020-12-01
TA5,303,367,670,4629,4451,9080,2020-12-01
TA6,2832,3116,5948,16919,14240,31159,2020-12-01
TA7,462,473,935,6576,6355,12931,2020-12-01
TA8,617,707,1324,6433,5722,12155,2020-12-01
TA9,580,656,1236,4983,4472,9455,2020-12-01
TA10,322,310,632,4032,3982,8014,2020-12-01
TA11,274,319,593,3909,3864,7773,2020-12-01
TA12,179,218,397,2438,2402,4840,2020-12-01
TA13,112,135,247,1666,1654,3320,2020-12-01
TA14,96,127,223,1256,1192,2448,2020-12-01
TA15,18,26,44,266,268,534,2020-12-01
TA16,52,69,121,762,733,1495,2020-12-01
TA17,8,13,21,229,248,477,2020-12-01
TA18,324,401,725,4041,3757,7798,2020-12-01
TA19,307,392,699,4696,4595,9291,2020-12-01
TA20,830,856,1686,7768,7010,14778,2020-12-01
TA21,769,889,1658,7575,7120,14695,2020-12-01
TA22,60,85,145,1038,1061,2099,2020-12-01
TA23,252,300,552,2113,1948,4061,2020-12-01
TA24,730,889,1619,6778,6172,12950,2020-12-01
TD1,936,1219,2155,6256,5385,11641,2020-12-01
TD2,79,97,176,1067,1050,2117,2020-12-01
TD3,35,47,82,431,378,809,2020-12-01
TD4,92,95,187,884,831,1715,2020-12-01
TD5,377,454,831,4262,4191,8453,2020-12-01
TD6,248,321,569,3123,3047,6170,2020-12-01
TD7,336,371,707,2642,2482,5124,2020-12-01
TD8,234,292,526,2253,2078,4331,2020-12-01
TD9,822,1016,1838,6433,5523,11956,2020-12-01
TD10,34,52,86,431,408,839,2020-12-01
TD11,264,338,602,2944,2721,5665,2020-12-01
TD12,124,182,306,1682,1580,3262,2020-12-01
TD13,27,46,73,374,354,728,2020-12-01
TD14,235,348,583,2386,2097,4483,2020-12-01
TD15,823,1032,1855,6346,5571,11917,2020-12-01
TF1,2501,2908,5409,13788,11436,25224,2020-12-01
TF2,2163,2579,4742,13686,11927,25613,2020-12-01
TF3,2007,2519,4526,8142,6505,14647,2020-12-01
TF4,1067,1389,2456,7291,6508,13799,2020-12-01
TF5,197,213,410,1995,1941,3936,2020-12-01
TF6,152,170,322,2377,2150,4527,2020-12-01
TF7,1482,1856,3338,5297,4172,9469,2020-12-01
TF8,97,100,197,1219,1140,2359,2020-12-01
TF9,939,1159,2098,9955,8761,18716,2020-12-01
TF10,658,675,1333,7207,6730,13937,2020-12-01
TF11,399,442,841,4607,4375,8982,2020-12-01
TF12,204,239,443,2025,1906,3931,2020-12-01
TF13,123,140,263,1410,1404,2814,2020-12-01
TN0,0,0,0,1,0,1,2020-12-01
TN1,852,983,1835,4068,3300,7368,2020-12-01
TN2,1366,1689,3055,10522,9801,20323,2020-12-01
TN3,347,416,763,4744,4640,9384,2020-12-01
TN3,0,0,0,1,0,1,2020-12-01
TN4,1685,1931,3616,10942,10234,21176,2020-12-01
TN5,303,367,670,3520,3521,7041,2020-12-01
TN6,863,1064,1927,10139,9554,19693,2020-12-01
TN7,81,100,181,980,984,1964,2020-12-01
TN8,545,661,1206,5251,5153,10404,2020-12-01
TN9,1121,1241,2362,6376,5787,12163,2020-12-01
TN10,847,953,1800,5794,5577,11371,2020-12-01
TN11,491,572,1063,5655,5548,11203,2020-12-01
TN12,1121,1378,2499,11895,11222,23117,2020-12-01
TN13,1088,1221,2309,9521,9331,18852,2020-12-01
TN14,547,584,1131,6523,6218,12741,2020-12-01
TN15,837,979,1816,10316,10131,20447,2020-12-01
TN16,730,796,1526,7799,7537,15336,2020-12-01
TN17,607,704,1311,5439,5231,10670,2020-12-01
TN18,230,264,494,2601,2539,5140,2020-12-01
TN19,164,195,359,2122,2047,4169,2020-12-01
TN20,130,154,284,1536,1539,3075,2020-12-01
TN21,496,564,1060,6755,6569,13324,2020-12-01
TN22,1059,1209,2268,10825,10556,21381,2020-12-01
TN23,2679,3267,5946,14572,12445,27017,2020-12-01
TN24,2001,2413,4414,11659,10212,21871,2020-12-01
TN25,588,632,1220,7462,7165,14627,2020-12-01
TN26,387,414,801,5008,4753,9761,2020-12-01
TN27,399,482,881,5713,5523,11236,2020-12-01
TN28,338,404,742,3420,3078,6498,2020-12-01
TN29,564,658,1222,5172,4548,9720,2020-12-01
TN30,318,399,717,3798,3804,7602,2020-12-01
TN31,603,654,1257,5478,5148,10626,2020-12-01
TN32,207,219,426,2110,1989,4099,2020-12-01
TN33,559,575,1134,4803,4786,9589,2020-12-01
TN34,2334,2623,4957,9818,8326,18144,2020-12-01
TN35,1126,1329,2455,6094,5676,11770,2020-12-01
TN36,83,95,178,934,873,1807,2020-12-01
TN37,1482,1662,3144,6702,5522,12224,2020-12-01
TN38,1991,2322,4313,9202,8039,17241,2020-12-01
TN39,1148,1339,2487,9533,9088,18621,2020-12-01
TN40,928,1106,2034,5944,5619,11563,2020-12-01
TQ1,2071,2228,4299,11067,9495,20562,2020-12-01
TQ2,2144,2514,4658,11893,10626,22519,2020-12-01
TQ3,1704,1909,3613,10932,9944,20876,2020-12-01
TQ4,889,1036,1925,7358,6646,14004,2020-12-01
TQ5,883,1032,1915,7023,6328,13351,2020-12-01
TQ6,328,428,756,2951,2680,5631,2020-12-01
TQ7,601,717,1318,6513,6396,12909,2020-12-01
TQ8,70,73,143,705,648,1353,2020-12-01
TQ9,905,999,1904,7153,7316,14469,2020-12-01
TQ10,135,181,316,1560,1550,3110,2020-12-01
TQ11,196,263,459,1561,1471,3032,2020-12-01
TQ12,2309,2658,4967,21023,19935,40958,2020-12-01
TQ13,860,890,1750,9352,9412,18764,2020-12-01
TQ14,873,991,1864,7203,6821,14024,2020-12-01
TR1,1273,1508,2781,7439,7122,14561,2020-12-01
TR2,353,429,782,4049,3941,7990,2020-12-01
TR3,416,436,852,5052,4976,10028,2020-12-01
TR4,429,475,904,4895,4755,9650,2020-12-01
TR5,170,152,322,1605,1630,3235,2020-12-01
TR6,160,185,345,1525,1421,2946,2020-12-01
TR7,1310,1400,2710,8074,7229,15303,2020-12-01
TR8,352,386,738,4095,3893,7988,2020-12-01
TR9,329,422,751,3145,2861,6006,2020-12-01
TR10,561,639,1200,3523,3256,6779,2020-12-01
TR11,1439,1602,3041,9967,9541,19508,2020-12-01
TR12,329,328,657,3704,3481,7185,2020-12-01
TR13,748,911,1659,7581,7289,14870,2020-12-01
TR14,1476,1501,2977,9346,8287,17633,2020-12-01
TR15,1120,1206,2326,7339,6619,13958,2020-12-01
TR16,575,662,1237,6279,6001,12280,2020-12-01
TR17,68,79,147,562,531,1093,2020-12-01
TR18,1274,1434,2708,6270,5626,11896,2020-12-01
TR19,419,462,881,3293,3210,6503,2020-12-01
TR20,330,361,691,3843,3641,7484,2020-12-01
TR21,79,98,177,562,446,1008,2020-12-01
TR22,7,5,12,22,18,40,2020-12-01
TR23,2,8,10,30,25,55,2020-12-01
TR24,4,7,11,42,26,68,2020-12-01
TR25,3,4,7,52,39,91,2020-12-01
TR26,609,667,1276,3943,3678,7621,2020-12-01
TR27,662,783,1445,5748,5363,11111,2020-12-01
TS1,2718,1985,4703,3145,1313,4458,2020-12-01
TS2,141,150,291,227,126,353,2020-12-01
TS3,2762,3388,6150,6641,4740,11381,2020-12-01
TS4,1651,1955,3606,4610,3424,8034,2020-12-01
TS5,2280,2861,5141,13579,11511,25090,2020-12-01
TS6,1894,2576,4470,9169,7413,16582,2020-12-01
TS7,747,993,1740,8554,7711,16265,2020-12-01
TS8,1022,1406,2428,7457,6828,14285,2020-12-01
TS9,314,405,719,5202,5015,10217,2020-12-01
TS10,2099,2607,4706,12197,10370,22567,2020-12-01
TS11,415,533,948,4280,3839,8119,2020-12-01
TS12,1093,1313,2406,7844,6857,14701,2020-12-01
TS13,585,726,1311,3279,2569,5848,2020-12-01
TS14,635,874,1509,6836,6215,13051,2020-12-01
TS15,412,435,847,5716,5390,11106,2020-12-01
TS16,342,459,801,3968,3790,7758,2020-12-01
TS17,2177,2728,4905,15469,13704,29173,2020-12-01
TS18,1621,1750,3371,8048,6615,14663,2020-12-01
TS19,2208,2981,5189,10893,9497,20390,2020-12-01
TS20,1102,1347,2449,6571,5633,12204,2020-12-01
TS21,392,495,887,5051,4635,9686,2020-12-01
TS22,214,272,486,3967,3675,7642,2020-12-01
TS23,1667,2128,3795,9204,7848,17052,2020-12-01
TS24,1634,2060,3694,5994,4560,10554,2020-12-01
TS25,2157,2736,4893,11800,9992,21792,2020-12-01
TS26,1290,1427,2717,8496,7630,16126,2020-12-01
TS27,474,619,1093,4320,3910,8230,2020-12-01
TS28,269,314,583,1759,1575,3334,2020-12-01
TS29,329,419,748,2049,1658,3707,2020-12-01
TS90,0,0,0,1,0,1,2020-12-01
TW0,0,0,0,0,1,1,2020-12-01
TW1,1683,1971,3654,10280,9458,19738,2020-12-01
TW2,1954,2187,4141,11240,10355,21595,2020-12-01
TW2,0,0,0,1,0,1,2020-12-01
TW3,9401,7130,16531,15081,9209,24290,2020-12-01
TW4,6362,5282,11644,10388,6285,16673,2020-12-01
TW5,5679,4755,10434,11902,7763,19665,2020-12-01
TW6,7,2,9,18,13,31,2020-12-01
TW7,3854,4377,8231,14633,11507,26140,2020-12-01
TW8,2288,2595,4883,8091,6157,14248,2020-12-01
TW9,1649,1976,3625,9057,8188,17245,2020-12-01
TW10,1548,1799,3347,7753,6953,14706,2020-12-01
TW11,1477,1724,3201,8954,8579,17533,2020-12-01
TW12,1413,1645,3058,8637,8270,16907,2020-12-01
TW13,3782,4263,8045,12872,9391,22263,2020-12-01
TW14,3419,3747,7166,10504,7373,17877,2020-12-01
TW15,1370,1509,2879,11151,9898,21049,2020-12-01
TW16,1109,1321,2430,8373,7516,15889,2020-12-01
TW17,566,608,1174,5812,5599,11411,2020-12-01
TW18,1433,1464,2897,10287,9177,19464,2020-12-01
TW19,1166,1341,2507,7032,5747,12779,2020-12-01
TW20,1702,1703,3405,8722,7490,16212,2020-12-01
UB1,10978,7989,18967,14232,8200,22432,2020-12-01
UB1,0,0,0,0,1,1,2020-12-01
UB2,8436,6288,14724,11902,7177,19079,2020-12-01
UB3,8294,7864,16158,18784,12019,30803,2020-12-01
UB4,5229,5100,10329,14432,10430,24862,2020-12-01
UB5,5501,6540,12041,16340,11773,28113,2020-12-01
UB6,6858,6525,13383,21058,14118,35176,2020-12-01
UB7,3424,3950,7374,11997,8540,20537,2020-12-01
UB8,3170,3302,6472,11651,8963,20614,2020-12-01
UB9,763,840,1603,6075,5520,11595,2020-12-01
UB10,2291,2656,4947,13915,12086,26001,2020-12-01
UB11,1,1,2,12,3,15,2020-12-01
UNKNOWNNA,1727,1380,3107,21527,14599,36126,2020-12-01
W1,38,29,67,53,33,86,2020-12-01
W1,105,32,137,102,40,142,2020-12-01
W1,73,75,148,299,169,468,2020-12-01
W1,16,9,25,19,7,26,2020-12-01
W1,219,116,335,390,151,541,2020-12-01
W1,2,0,2,2,1,3,2020-12-01
W1,186,158,344,545,258,803,2020-12-01
W1,255,244,499,1040,771,1811,2020-12-01
W1,914,802,1716,2286,1460,3746,2020-12-01
W1,205,160,365,720,433,1153,2020-12-01
W1,393,405,798,1066,655,1721,2020-12-01
W1,70,52,122,69,58,127,2020-12-01
W1,55,66,121,100,53,153,2020-12-01
W1,0,1,1,0,0,0,2020-12-01
W1,65,66,131,90,36,126,2020-12-01
W1,61,14,75,50,7,57,2020-12-01
W1,48,41,89,149,59,208,2020-12-01
W1,494,356,850,1126,581,1707,2020-12-01
W1,546,556,1102,1773,1179,2952,2020-12-01
W1,89,61,150,99,49,148,2020-12-01
W1,444,498,942,1135,687,1822,2020-12-01
W1,55,20,75,87,41,128,2020-12-01
W1,61,55,116,106,58,164,2020-12-01
W2,7686,7048,14734,16836,10906,27742,2020-12-01
W2,1,0,1,0,0,0,2020-12-01
W3,7660,7340,15000,21678,15325,37003,2020-12-01
W4,3888,4480,8368,17504,15227,32731,2020-12-01
W5,5044,5222,10266,21189,17072,38261,2020-12-01
W6,4246,4179,8425,11572,9124,20696,2020-12-01
W7,3435,3637,7072,10076,8261,18337,2020-12-01
W8,2256,2647,4903,8122,6909,15031,2020-12-01
W9,4779,5147,9926,12504,9289,21793,2020-12-01
W10,4849,5499,10348,9281,6963,16244,2020-12-01
W11,3955,4455,8410,10068,8178,18246,2020-12-01
W12,7338,7363,14701,14560,10492,25052,2020-12-01
W13,3637,3617,7254,12580,9982,22562,2020-12-01
W14,4805,5215,10020,12686,9846,22532,2020-12-01
W15,4,1,5,7,6,13,2020-12-01
W16,5,1,6,0,2,2,2020-12-01
W17,8,7,15,10,9,19,2020-12-01
W18,2,2,4,2,1,3,2020-12-01
W19,2,6,8,6,2,8,2020-12-01
W21,0,3,3,0,0,0,2020-12-01
W22,3,1,4,5,0,5,2020-12-01
W23,0,1,1,0,0,0,2020-12-01
W26,0,1,1,0,1,1,2020-12-01
W27,0,0,0,1,0,1,2020-12-01
W28,0,1,1,0,0,0,2020-12-01
W30,0,0,0,1,0,1,2020-12-01
W32,1,0,1,0,0,0,2020-12-01
W38,0,0,0,1,0,1,2020-12-01
W40,0,0,0,0,1,1,2020-12-01
W43,0,0,0,0,1,1,2020-12-01
WA1,1200,1278,2478,8336,7153,15489,2020-12-01
WA2,2829,3271,6100,13248,10810,24058,2020-12-01
WA3,1911,2427,4338,17680,16152,33832,2020-12-01
WA4,1950,2133,4083,18605,17286,35891,2020-12-01
WA5,2847,3454,6301,22538,20083,42621,2020-12-01
WA6,650,714,1364,7699,7335,15034,2020-12-01
WA7,4438,5521,9959,20665,17341,38006,2020-12-01
WA8,3700,4695,8395,21896,18412,40308,2020-12-01
WA9,3385,4372,7757,15791,12520,28311,2020-12-01
WA10,2316,2696,5012,13007,10915,23922,2020-12-01
WA11,1812,2372,4184,14206,12383,26589,2020-12-01
WA12,1300,1686,2986,8329,7129,15458,2020-12-01
WA13,364,453,817,5205,5046,10251,2020-12-01
WA14,1624,1591,3215,11477,10664,22141,2020-12-01
WA15,1953,2041,3994,16547,15481,32028,2020-12-01
WA16,861,884,1745,9533,9141,18674,2020-12-01
WC1,19,25,44,33,19,52,2020-12-01
WC1,104,104,208,298,133,431,2020-12-01
WC1,200,223,423,359,228,587,2020-12-01
WC1,245,248,493,459,306,765,2020-12-01
WC1,0,1,1,0,0,0,2020-12-01
WC1,1005,946,1951,1782,979,2761,2020-12-01
WC1,0,1,1,1,0,1,2020-12-01
WC1,826,810,1636,1815,1129,2944,2020-12-01
WC1,0,0,0,1,0,1,2020-12-01
WC1,1,0,1,0,0,0,2020-12-01
WC1,56,39,95,180,102,282,2020-12-01
WC1,1,0,1,0,0,0,2020-12-01
WC1,63,45,108,99,49,148,2020-12-01
WC1,1051,987,2038,1895,1187,3082,2020-12-01
WC1,0,0,0,1,0,1,2020-12-01
WC1,2,1,3,0,0,0,2020-12-01
WC2,7,3,10,14,4,18,2020-12-01
WC2,18,15,33,90,53,143,2020-12-01
WC2,206,166,372,466,273,739,2020-12-01
WC2,75,57,132,228,121,349,2020-12-01
WC2,418,312,730,795,377,1172,2020-12-01
WC2,94,58,152,247,118,365,2020-12-01
WC2,47,33,80,138,85,223,2020-12-01
WC2,0,0,0,0,1,1,2020-12-01
WC2,0,0,0,0,1,1,2020-12-01
WC4,1,0,1,0,0,0,2020-12-01
WC12,1,0,1,0,0,0,2020-12-01
WC13,0,2,2,2,0,2,2020-12-01
WC14,3,1,4,0,2,2,2020-12-01
WC18,1,0,1,0,0,0,2020-12-01
WC19,1,1,2,0,0,0,2020-12-01
WC23,0,0,0,2,0,2,2020-12-01
WC24,2,0,2,5,1,6,2020-12-01
WC26,0,0,0,1,0,1,2020-12-01
WC28,1,0,1,0,2,2,2020-12-01
WC44,0,0,0,1,0,1,2020-12-01
WC78,1,0,1,0,0,0,2020-12-01
WD1,60,51,111,132,68,200,2020-12-01
WD2,98,72,170,204,86,290,2020-12-01
WD3,1845,1968,3813,16518,16096,32614,2020-12-01
WD4,404,392,796,4641,4446,9087,2020-12-01
WD5,521,541,1062,4383,4270,8653,2020-12-01
WD6,2815,3274,6089,15057,12745,27802,2020-12-01
WD7,519,606,1125,5238,5165,10403,2020-12-01
WD17,1280,1366,2646,6916,5651,12567,2020-12-01
WD18,2784,3202,5986,9216,6511,15727,2020-12-01
WD19,1765,2023,3788,10417,9407,19824,2020-12-01
WD23,1333,1567,2900,10332,10159,20491,2020-12-01
WD24,1892,2085,3977,8627,6769,15396,2020-12-01
WD25,1705,2066,3771,10965,9871,20836,2020-12-01
WF0,0,0,0,1,0,1,2020-12-01
WF1,2762,3184,5946,12077,8926,21003,2020-12-01
WF2,3082,3879,6961,17300,14499,31799,2020-12-01
WF3,1385,1858,3243,12214,11097,23311,2020-12-01
WF4,1876,2378,4254,16152,14301,30453,2020-12-01
WF5,941,1218,2159,7476,6795,14271,2020-12-01
WF6,1241,1625,2866,7402,6041,13443,2020-12-01
WF7,1068,1549,2617,7511,6461,13972,2020-12-01
WF8,1758,2315,4073,11931,10266,22197,2020-12-01
WF9,2609,3392,6001,13123,10290,23413,2020-12-01
WF10,2998,4029,7027,16097,12910,29007,2020-12-01
WF11,1057,1381,2438,5686,4633,10319,2020-12-01
WF12,2218,2947,5165,11261,8776,20037,2020-12-01
WF13,2411,3020,5431,7996,5325,13321,2020-12-01
WF14,751,1011,1762,7179,6597,13776,2020-12-01
WF15,885,1135,2020,5978,5290,11268,2020-12-01
WF16,769,1015,1784,3939,2932,6871,2020-12-01
WF17,2870,3856,6726,13690,10230,23920,2020-12-01
WF21,0,0,0,1,0,1,2020-12-01
WN1,1187,1288,2475,6701,5281,11982,2020-12-01
WN2,2679,3441,6120,17617,14716,32333,2020-12-01
WN3,1523,1970,3493,10701,8907,19608,2020-12-01
WN4,1286,1578,2864,10125,8768,18893,2020-12-01
WN5,2376,2946,5322,14703,12095,26798,2020-12-01
WN6,1685,2034,3719,14944,13558,28502,2020-12-01
WN7,2939,3535,6474,15989,12914,28903,2020-12-01
WN8,3396,4068,7464,15116,12372,27488,2020-12-01
WR1,823,733,1556,3324,2472,5796,2020-12-01
WR2,1337,1492,2829,10755,9788,20543,2020-12-01
WR3,909,1008,1917,8058,7342,15400,2020-12-01
WR4,1702,2069,3771,8583,7331,15914,2020-12-01
WR5,1558,2004,3562,12282,10993,23275,2020-12-01
WR6,339,352,691,5517,5345,10862,2020-12-01
WR7,128,136,264,2444,2393,4837,2020-12-01
WR8,244,252,496,3479,3336,6815,2020-12-01
WR9,1373,1577,2950,12345,11741,24086,2020-12-01
WR10,549,748,1297,7640,7291,14931,2020-12-01
WR11,1876,2228,4104,17652,15532,33184,2020-12-01
WR12,160,214,374,2469,2416,4885,2020-12-01
WR13,235,239,474,3649,3569,7218,2020-12-01
WR14,1743,2063,3806,12341,11510,23851,2020-12-01
WR15,266,257,523,2908,2687,5595,2020-12-01
WS0,0,0,0,0,1,1,2020-12-01
WS1,2691,3120,5811,7719,4789,12508,2020-12-01
WS2,3558,4780,8338,11008,7265,18273,2020-12-01
WS3,3707,4661,8368,15493,12195,27688,2020-12-01
WS4,958,1125,2083,5997,5108,11105,2020-12-01
WS5,1128,1657,2785,7658,6457,14115,2020-12-01
WS6,614,775,1389,6531,5735,12266,2020-12-01
WS7,1018,1310,2328,11252,10053,21305,2020-12-01
WS8,893,1027,1920,5392,4586,9978,2020-12-01
WS9,982,1239,2221,9643,8715,18358,2020-12-01
WS10,3655,4791,8446,14143,10413,24556,2020-12-01
WS11,2016,2552,4568,15169,13163,28332,2020-12-01
WS12,1330,1779,3109,13316,11770,25086,2020-12-01
WS13,1252,1454,2706,9976,9030,19006,2020-12-01
WS14,588,650,1238,6822,6497,13319,2020-12-01
WS15,1653,2024,3677,14070,12444,26514,2020-12-01
WV0,0,2,2,0,0,0,2020-12-01
WV1,2110,2071,4181,4347,2652,6999,2020-12-01
WV2,2276,2385,4661,4800,3163,7963,2020-12-01
WV3,2254,2490,4744,9995,8059,18054,2020-12-01
WV4,2006,2554,4560,11996,9906,21902,2020-12-01
WV5,450,565,1015,5889,5479,11368,2020-12-01
WV6,2920,3284,6204,15730,13429,29159,2020-12-01
WV7,404,277,681,2257,2023,4280,2020-12-01
WV8,768,1076,1844,5481,5030,10511,2020-12-01
WV9,304,377,681,2578,2335,4913,2020-12-01
WV10,4863,6234,11097,16949,13432,30381,2020-12-01
WV11,2121,2740,4861,11559,9251,20810,2020-12-01
WV12,1347,1806,3153,8607,7108,15715,2020-12-01
WV13,1682,2116,3798,6614,5070,11684,2020-12-01
WV14,3500,4509,8009,14858,11559,26417,2020-12-01
WV15,294,341,635,3452,3045,6497,2020-12-01
WV16,560,679,1239,6845,6224,13069,2020-12-01
YL55,0,0,0,0,1,1,2020-12-01
YO0,0,0,0,1,0,1,2020-12-01
YO1,390,392,782,1404,1074,2478,2020-12-01
YO1,0,0,0,1,0,1,2020-12-01
YO2,33,34,67,69,22,91,2020-12-01
YO3,34,27,61,81,51,132,2020-12-01
YO3,0,0,0,0,1,1,2020-12-01
YO4,12,11,23,92,69,161,2020-12-01
YO5,8,8,16,30,18,48,2020-12-01
YO6,18,27,45,106,56,162,2020-12-01
YO7,663,802,1465,7960,7406,15366,2020-12-01
YO8,1949,2508,4457,17258,15438,32696,2020-12-01
YO9,2,0,2,0,0,0,2020-12-01
YO10,1599,1919,3518,6924,5875,12799,2020-12-01
YO11,1523,1724,3247,7363,5834,13197,2020-12-01
YO12,2360,2807,5167,12792,10991,23783,2020-12-01
YO13,263,322,585,4159,4088,8247,2020-12-01
YO14,427,545,972,4194,3773,7967,2020-12-01
YO15,769,829,1598,4666,3716,8382,2020-12-01
YO16,1212,1575,2787,8379,6967,15346,2020-12-01
YO17,847,968,1815,8589,7752,16341,2020-12-01
YO18,340,424,764,4398,4154,8552,2020-12-01
YO19,404,484,888,5019,4731,9750,2020-12-01
YO20,0,0,0,0,1,1,2020-12-01
YO21,559,628,1187,5216,4744,9960,2020-12-01
YO22,393,438,831,3156,2846,6002,2020-12-01
YO23,841,1005,1846,7014,6842,13856,2020-12-01
YO24,1797,2263,4060,9799,8940,18739,2020-12-01
YO25,1088,1341,2429,13137,12121,25258,2020-12-01
YO26,1529,1872,3401,10663,9801,20464,2020-12-01
YO29,0,0,0,1,0,1,2020-12-01
YO30,1517,1761,3278,8873,7932,16805,2020-12-01
YO31,1667,2015,3682,8467,7500,15967,2020-12-01
YO32,1020,1308,2328,10321,10046,20367,2020-12-01
YO34,1,0,1,1,0,1,2020-12-01
YO35,0,0,0,0,1,1,2020-12-01
YO41,258,349,607,4444,4308,8752,2020-12-01
YO42,490,611,1101,6058,5853,11911,2020-12-01
YO43,363,440,803,5003,4709,9712,2020-12-01
YO45,0,0,0,0,1,1,2020-12-01
YO51,162,193,355,2439,2391,4830,2020-12-01
YO60,109,119,228,1912,1917,3829,2020-12-01
YO61,387,494,881,5660,5591,11251,2020-12-01
YO62,377,399,776,4633,4461,9094,2020-12-01
YO69,0,0,0,1,0,1,2020-12-01
ZE0,0,0,0,0,1,1,2020-12-01
ZE1,441,546,987,2684,2264,4948,2020-12-01
ZE2,612,784,1396,5367,4813,10180,2020-12-01
ZE3,18,21,39,160,138,298,2020-12-01
TotalNA,4145407,4691381,8836788,21801077,18763057,40564134,2020-12-01
AB1,51,62,113,200,130,330,2013-02-01
AB2,28,30,58,151,77,228,2013-02-01
AB3,1,5,6,40,39,79,2013-02-01
AB4,0,0,0,7,9,16,2013-02-01
AB5,0,1,1,11,4,15,2013-02-01
AB9,30,17,47,67,11,78,2013-02-01
AB10,1344,1482,2826,7613,5887,13500,2013-02-01
AB11,1810,1836,3646,6305,4132,10437,2013-02-01
AB12,1142,1539,2681,9713,8280,17993,2013-02-01
AB13,102,112,214,1327,1284,2611,2013-02-01
AB14,207,243,450,1956,1790,3746,2013-02-01
AB15,1363,1722,3085,14993,13865,28858,2013-02-01
AB16,2142,2869,5011,8348,5993,14341,2013-02-01
AB21,801,1026,1827,8337,7166,15503,2013-02-01
AB22,640,862,1502,6470,5657,12127,2013-02-01
AB23,378,497,875,4474,3844,8318,2013-02-01
AB24,2823,2948,5771,8954,5419,14373,2013-02-01
AB25,1354,1341,2695,5124,3620,8744,2013-02-01
AB30,190,270,460,2837,2583,5420,2013-02-01
AB31,415,524,939,6363,5873,12236,2013-02-01
AB32,417,524,941,5206,4972,10178,2013-02-01
AB33,129,152,281,2146,1911,4057,2013-02-01
AB34,179,225,404,2047,1964,4011,2013-02-01
AB35,92,123,215,984,898,1882,2013-02-01
AB36,15,15,30,203,196,399,2013-02-01
AB37,41,51,92,519,439,958,2013-02-01
AB38,127,193,320,1720,1445,3165,2013-02-01
AB39,605,719,1324,6675,6239,12914,2013-02-01
AB41,583,875,1458,8402,7543,15945,2013-02-01
AB42,1407,1757,3164,11890,9977,21867,2013-02-01
AB43,1018,1290,2308,8077,6910,14987,2013-02-01
AB44,176,237,413,1349,1165,2514,2013-02-01
AB45,429,526,955,3958,3401,7359,2013-02-01
AB51,923,1240,2163,13183,11967,25150,2013-02-01
AB52,107,165,272,1913,1767,3680,2013-02-01
AB53,332,493,825,4817,4093,8910,2013-02-01
AB54,368,477,845,4252,3684,7936,2013-02-01
AB55,293,416,709,3374,2821,6195,2013-02-01
AB56,643,790,1433,4863,4226,9089,2013-02-01
AL1,1692,1860,3552,13096,11554,24650,2013-02-01
AL2,834,992,1826,9230,8341,17571,2013-02-01
AL3,996,1212,2208,10438,9746,20184,2013-02-01
AL4,862,1033,1895,10414,9814,20228,2013-02-01
AL5,946,1054,2000,11829,11457,23286,2013-02-01
AL6,299,341,640,4773,4524,9297,2013-02-01
AL7,1753,2247,4000,11427,9878,21305,2013-02-01
AL8,506,660,1166,4875,4516,9391,2013-02-01
AL9,342,394,736,4543,4199,8742,2013-02-01
AL10,2549,2301,4850,9516,6884,16400,2013-02-01
B1,641,525,1166,1676,887,2563,2013-02-01
B2,42,42,84,78,29,107,2013-02-01
B3,99,97,196,500,313,813,2013-02-01
B4,151,82,233,229,58,287,2013-02-01
B5,1077,1088,2165,2517,1474,3991,2013-02-01
B6,2343,2522,4865,4358,2151,6509,2013-02-01
B7,950,1117,2067,1503,769,2272,2013-02-01
B8,4546,4676,9222,9314,4669,13983,2013-02-01
B9,2446,2909,5355,5265,2783,8048,2013-02-01
B10,3079,3261,6340,6013,2826,8839,2013-02-01
B11,5058,5086,10144,10793,5437,16230,2013-02-01
B12,2413,2374,4787,4138,1995,6133,2013-02-01
B13,2628,3157,5785,11631,8875,20506,2013-02-01
B14,2801,3564,6365,12533,9959,22492,2013-02-01
B15,1242,1334,2576,4548,3403,7951,2013-02-01
B16,2317,2441,4758,5483,3291,8774,2013-02-01
B17,1441,1767,3208,7834,6633,14467,2013-02-01
B18,1801,2159,3960,3052,1863,4915,2013-02-01
B19,2687,2756,5443,3644,1763,5407,2013-02-01
B20,3354,3888,7242,9435,6427,15862,2013-02-01
B21,4095,4088,8183,6618,3752,10370,2013-02-01
B23,3246,4099,7345,11289,8474,19763,2013-02-01
B24,1881,2392,4273,8109,6220,14329,2013-02-01
B25,1318,1622,2940,4211,2793,7004,2013-02-01
B26,1792,2259,4051,10506,7958,18464,2013-02-01
B27,1911,2371,4282,7079,4950,12029,2013-02-01
B28,1619,1996,3615,10261,8225,18486,2013-02-01
B29,2643,3171,5814,9073,6711,15784,2013-02-01
B30,1677,2086,3763,8590,7570,16160,2013-02-01
B31,3544,4680,8224,15835,12381,28216,2013-02-01
B32,2548,3638,6186,10751,8291,19042,2013-02-01
B33,2455,3370,5825,8808,6102,14910,2013-02-01
B34,1156,1604,2760,5182,3842,9024,2013-02-01
B35,763,1026,1789,2298,1725,4023,2013-02-01
B36,2161,3035,5196,10989,8337,19326,2013-02-01
B37,2540,3365,5905,10106,7530,17636,2013-02-01
B38,1382,1919,3301,5758,4638,10396,2013-02-01
B42,1301,1726,3027,7248,5818,13066,2013-02-01
B43,1250,1683,2933,10140,8370,18510,2013-02-01
B44,2432,3270,5702,10210,7782,17992,2013-02-01
B45,1703,2344,4047,10002,8045,18047,2013-02-01
B46,372,477,849,4859,4375,9234,2013-02-01
B47,301,304,605,3901,3628,7529,2013-02-01
B48,160,176,336,2295,2035,4330,2013-02-01
B49,364,448,812,3963,3700,7663,2013-02-01
B50,169,201,370,2084,1986,4070,2013-02-01
B60,801,989,1790,9949,9260,19209,2013-02-01
B61,912,1177,2089,8918,7803,16721,2013-02-01
B62,924,1177,2101,8855,7518,16373,2013-02-01
B63,1518,2050,3568,12471,10239,22710,2013-02-01
B64,885,1132,2017,4990,3785,8775,2013-02-01
B65,1261,1788,3049,7148,5298,12446,2013-02-01
B66,2461,2709,5170,4694,2597,7291,2013-02-01
B67,2621,2994,5615,8072,5494,13566,2013-02-01
B68,1879,2569,4448,9373,6982,16355,2013-02-01
B69,1777,2321,4098,8378,5962,14340,2013-02-01
B70,2307,2832,5139,7020,4210,11230,2013-02-01
B71,1879,2439,4318,8682,6058,14740,2013-02-01
B72,349,429,778,3723,3272,6995,2013-02-01
B73,849,1023,1872,8722,7802,16524,2013-02-01
B74,761,1010,1771,12752,11842,24594,2013-02-01
B75,948,1352,2300,9663,8872,18535,2013-02-01
B76,895,846,1741,8869,7737,16606,2013-02-01
B77,2545,3817,6362,19457,16068,35525,2013-02-01
B78,832,1161,1993,8825,7619,16444,2013-02-01
B79,823,1161,1984,7729,6551,14280,2013-02-01
B80,236,276,512,2691,2492,5183,2013-02-01
B90,1515,1852,3367,17515,15653,33168,2013-02-01
B91,1064,1214,2278,13298,12555,25853,2013-02-01
B92,1458,1866,3324,13375,11729,25104,2013-02-01
B93,462,492,954,7909,7644,15553,2013-02-01
B94,147,182,329,3124,3040,6164,2013-02-01
B95,181,188,369,2454,2349,4803,2013-02-01
B96,111,133,244,2041,1958,3999,2013-02-01
B97,1162,1497,2659,11430,9891,21321,2013-02-01
B98,2644,3810,6454,16949,13389,30338,2013-02-01
BA1,1979,2254,4233,13658,12165,25823,2013-02-01
BA2,3243,3680,6923,23254,20469,43723,2013-02-01
BA3,1206,1222,2428,12946,11675,24621,2013-02-01
BA4,564,705,1269,6658,5934,12592,2013-02-01
BA5,589,667,1256,6721,6198,12919,2013-02-01
BA6,582,634,1216,4866,4592,9458,2013-02-01
BA7,94,146,240,1348,1292,2640,2013-02-01
BA8,129,187,316,1706,1586,3292,2013-02-01
BA9,227,297,524,2732,2465,5197,2013-02-01
BA10,132,171,303,1311,1229,2540,2013-02-01
BA11,1154,1589,2743,11681,10757,22438,2013-02-01
BA12,1042,1370,2412,10923,9594,20517,2013-02-01
BA13,637,801,1438,7299,6592,13891,2013-02-01
BA14,1862,2122,3984,16704,14887,31591,2013-02-01
BA15,390,511,901,4995,4918,9913,2013-02-01
BA16,544,588,1132,4392,3941,8333,2013-02-01
BA20,397,487,884,4043,3414,7457,2013-02-01
BA21,1434,1940,3374,11388,9386,20774,2013-02-01
BA22,473,529,1002,7085,6479,13564,2013-02-01
BB1,3804,4929,8733,19989,14074,34063,2013-02-01
BB2,3197,4100,7297,18427,14145,32572,2013-02-01
BB3,1604,2128,3732,11166,9105,20271,2013-02-01
BB4,1612,2234,3846,14538,12508,27046,2013-02-01
BB5,3166,3957,7123,19327,15025,34352,2013-02-01
BB6,576,687,1263,5330,4566,9896,2013-02-01
BB7,927,1130,2057,11818,10910,22728,2013-02-01
BB8,1002,1307,2309,7757,6537,14294,2013-02-01
BB9,2346,2987,5333,13781,10250,24031,2013-02-01
BB10,1858,2489,4347,12272,9318,21590,2013-02-01
BB11,1368,1755,3123,6683,5075,11758,2013-02-01
BB12,1569,1918,3487,11988,9934,21922,2013-02-01
BB18,592,824,1416,5924,5074,10998,2013-02-01
BD1,409,239,648,674,253,927,2013-02-01
BD2,1588,2168,3756,9075,6993,16068,2013-02-01
BD3,3158,3450,6608,7278,3683,10961,2013-02-01
BD4,2030,2794,4824,7667,5353,13020,2013-02-01
BD5,2640,3060,5700,6531,3323,9854,2013-02-01
BD6,1574,2258,3832,8750,6799,15549,2013-02-01
BD7,3084,3145,6229,8653,4987,13640,2013-02-01
BD8,2638,3034,5672,7240,3859,11099,2013-02-01
BD9,1888,2468,4356,7324,4980,12304,2013-02-01
BD10,1248,1569,2817,8115,6819,14934,2013-02-01
BD11,341,502,843,3920,3496,7416,2013-02-01
BD12,816,1094,1910,5618,4513,10131,2013-02-01
BD13,1010,1350,2360,8751,7541,16292,2013-02-01
BD14,371,496,867,2648,2249,4897,2013-02-01
BD15,723,1014,1737,5007,4026,9033,2013-02-01
BD16,903,1117,2020,9160,8303,17463,2013-02-01
BD17,636,777,1413,6564,5819,12383,2013-02-01
BD18,1501,1920,3421,8161,6569,14730,2013-02-01
BD19,857,1056,1913,7509,6509,14018,2013-02-01
BD20,1084,1488,2572,13180,11747,24927,2013-02-01
BD21,1664,2252,3916,7030,4559,11589,2013-02-01
BD22,1235,1712,2947,10096,8519,18615,2013-02-01
BD23,872,1172,2044,11070,10235,21305,2013-02-01
BD24,156,212,368,1966,1787,3753,2013-02-01
BD99,0,0,0,0,1,1,2013-02-01
BH1,1528,1442,2970,5961,3959,9920,2013-02-01
BH2,607,548,1155,2760,1901,4661,2013-02-01
BH3,257,271,528,2081,1787,3868,2013-02-01
BH4,416,408,824,3595,2998,6593,2013-02-01
BH5,582,600,1182,3409,2725,6134,2013-02-01
BH6,846,1007,1853,8180,7595,15775,2013-02-01
BH7,568,614,1182,4158,3717,7875,2013-02-01
BH8,1608,1645,3253,9150,7558,16708,2013-02-01
BH9,1409,1551,2960,9715,8722,18437,2013-02-01
BH10,763,888,1651,7266,6442,13708,2013-02-01
BH11,918,1216,2134,6902,5977,12879,2013-02-01
BH12,1681,1956,3637,12168,10410,22578,2013-02-01
BH13,137,171,308,3291,3125,6416,2013-02-01
BH14,837,816,1653,8984,8263,17247,2013-02-01
BH15,1411,1638,3049,11660,10066,21726,2013-02-01
BH16,584,755,1339,5782,5328,11110,2013-02-01
BH17,908,1112,2020,8313,7711,16024,2013-02-01
BH18,240,250,490,4968,4729,9697,2013-02-01
BH19,380,573,953,4306,3830,8136,2013-02-01
BH20,924,856,1780,8132,7098,15230,2013-02-01
BH21,1020,1185,2205,16403,15898,32301,2013-02-01
BH22,585,729,1314,10978,10385,21363,2013-02-01
BH23,1660,1894,3554,20145,19075,39220,2013-02-01
BH24,623,675,1298,9593,9200,18793,2013-02-01
BH25,756,878,1634,9590,9144,18734,2013-02-01
BH31,302,318,620,5206,5175,10381,2013-02-01
BL0,530,708,1238,6520,5930,12450,2013-02-01
BL1,3316,3854,7170,19680,15236,34916,2013-02-01
BL2,2333,2900,5233,14850,12282,27132,2013-02-01
BL3,3981,4805,8786,19173,13470,32643,2013-02-01
BL4,1841,2477,4318,10161,7516,17677,2013-02-01
BL5,953,1165,2118,9882,8893,18775,2013-02-01
BL6,1082,1344,2426,10859,9530,20389,2013-02-01
BL7,385,447,832,6086,5817,11903,2013-02-01
BL8,1223,1504,2727,13462,12007,25469,2013-02-01
BL9,2635,3258,5893,15702,12291,27993,2013-02-01
BN1,5404,5350,10754,25079,20797,45876,2013-02-01
BN2,6151,6754,12905,26961,20862,47823,2013-02-01
BN3,4796,5156,9952,26717,22262,48979,2013-02-01
BN5,187,243,430,2872,2839,5711,2013-02-01
BN6,553,529,1082,6538,6498,13036,2013-02-01
BN7,1014,1215,2229,6871,6501,13372,2013-02-01
BN8,471,577,1048,6304,6074,12378,2013-02-01
BN9,666,902,1568,4441,3708,8149,2013-02-01
BN10,744,973,1717,6645,5635,12280,2013-02-01
BN11,1694,1919,3613,10272,8628,18900,2013-02-01
BN12,724,838,1562,7727,7313,15040,2013-02-01
BN13,1057,1240,2297,10006,9345,19351,2013-02-01
BN14,1228,1430,2658,11021,10119,21140,2013-02-01
BN15,1131,1466,2597,9889,8444,18333,2013-02-01
BN16,781,889,1670,10679,10319,20998,2013-02-01
BN17,1408,1749,3157,9833,8262,18095,2013-02-01
BN18,489,503,992,5087,4835,9922,2013-02-01
BN20,698,895,1593,7500,7300,14800,2013-02-01
BN21,1337,1385,2722,7645,6349,13994,2013-02-01
BN22,1645,2159,3804,10264,8864,19128,2013-02-01
BN23,1128,1597,2725,9634,8501,18135,2013-02-01
BN24,224,270,494,3542,3289,6831,2013-02-01
BN25,790,1129,1919,8759,8041,16800,2013-02-01
BN26,315,397,712,4158,3866,8024,2013-02-01
BN27,962,1217,2179,9899,9101,19000,2013-02-01
BN41,1203,1555,2758,6640,5784,12424,2013-02-01
BN42,493,572,1065,3604,3130,6734,2013-02-01
BN43,1012,1149,2161,8134,7340,15474,2013-02-01
BN44,277,343,620,4059,3915,7974,2013-02-01
BN45,18,19,37,251,213,464,2013-02-01
BR1,3472,4439,7911,18536,16424,34960,2013-02-01
BR2,2029,2268,4297,16541,15324,31865,2013-02-01
BR3,2266,2630,4896,17482,16174,33656,2013-02-01
BR4,822,772,1594,7378,6983,14361,2013-02-01
BR5,2447,3142,5589,15008,13399,28407,2013-02-01
BR6,1845,2082,3927,17721,16632,34353,2013-02-01
BR7,558,779,1337,6795,6512,13307,2013-02-01
BR8,949,1330,2279,8112,6961,15073,2013-02-01
BS1,625,564,1189,2670,1380,4050,2013-02-01
BS2,1495,1538,3033,3629,2326,5955,2013-02-01
BS3,1918,2243,4161,11466,9334,20800,2013-02-01
BS4,2704,3394,6098,15311,12176,27487,2013-02-01
BS5,4259,4523,8782,15235,10859,26094,2013-02-01
BS6,1674,1793,3467,10119,8945,19064,2013-02-01
BS7,2280,2450,4730,12511,10303,22814,2013-02-01
BS8,1126,1179,2305,8196,6835,15031,2013-02-01
BS9,1098,1158,2256,12025,11087,23112,2013-02-01
BS10,1573,2143,3716,8653,7076,15729,2013-02-01
BS11,1056,1387,2443,5449,4190,9639,2013-02-01
BS12,16,12,28,91,36,127,2013-02-01
BS13,1700,2329,4029,8754,6596,15350,2013-02-01
BS14,1112,1400,2512,10514,8953,19467,2013-02-01
BS15,1744,2207,3951,16838,14415,31253,2013-02-01
BS16,3029,3426,6455,25312,21831,47143,2013-02-01
BS17,9,16,25,82,51,133,2013-02-01
BS18,12,10,22,92,51,143,2013-02-01
BS19,3,8,11,64,49,113,2013-02-01
BS20,808,970,1778,11747,10786,22533,2013-02-01
BS21,713,941,1654,8988,8321,17309,2013-02-01
BS22,1172,1737,2909,14020,12284,26304,2013-02-01
BS23,1767,2117,3884,10913,8492,19405,2013-02-01
BS24,514,743,1257,6940,6398,13338,2013-02-01
BS25,163,170,333,2594,2445,5039,2013-02-01
BS26,150,134,284,1992,1963,3955,2013-02-01
BS27,191,196,387,2748,2612,5360,2013-02-01
BS28,90,65,155,1386,1368,2754,2013-02-01
BS29,80,91,171,1076,928,2004,2013-02-01
BS30,829,1006,1835,11341,10593,21934,2013-02-01
BS31,696,846,1542,7505,6808,14313,2013-02-01
BS32,752,897,1649,8817,8061,16878,2013-02-01
BS34,1368,1612,2980,10533,8919,19452,2013-02-01
BS35,674,805,1479,8900,8145,17045,2013-02-01
BS36,443,459,902,6313,5866,12179,2013-02-01
BS37,1267,1664,2931,14345,12647,26992,2013-02-01
BS39,340,467,807,6078,5575,11653,2013-02-01
BS40,255,322,577,5339,5094,10433,2013-02-01
BS41,143,169,312,2354,2219,4573,2013-02-01
BS48,681,829,1510,9394,8801,18195,2013-02-01
BS49,372,415,787,4529,4350,8879,2013-02-01
BS99,1,0,1,2,1,3,2013-02-01
BT4,0,0,0,1,0,1,2013-02-01
BT8,0,0,0,0,1,1,2013-02-01
BT9,0,1,1,1,0,1,2013-02-01
BT14,0,0,0,1,0,1,2013-02-01
BT15,0,0,0,0,2,2,2013-02-01
BT16,0,0,0,1,0,1,2013-02-01
BT17,0,0,0,0,1,1,2013-02-01
BT18,0,0,0,1,0,1,2013-02-01
BT19,0,0,0,9,3,12,2013-02-01
BT20,0,0,0,1,3,4,2013-02-01
BT21,0,0,0,0,1,1,2013-02-01
BT22,0,0,0,1,1,2,2013-02-01
BT23,0,2,2,2,1,3,2013-02-01
BT24,0,0,0,0,4,4,2013-02-01
BT25,0,0,0,1,3,4,2013-02-01
BT26,0,0,0,1,0,1,2013-02-01
BT27,0,1,1,1,1,2,2013-02-01
BT28,0,0,0,4,4,8,2013-02-01
BT29,0,0,0,2,3,5,2013-02-01
BT30,0,0,0,1,0,1,2013-02-01
BT32,0,0,0,3,1,4,2013-02-01
BT33,0,0,0,3,1,4,2013-02-01
BT34,0,0,0,4,3,7,2013-02-01
BT35,0,2,2,3,1,4,2013-02-01
BT36,1,0,1,2,2,4,2013-02-01
BT37,0,0,0,2,1,3,2013-02-01
BT38,0,1,1,2,4,6,2013-02-01
BT39,0,0,0,1,2,3,2013-02-01
BT40,0,1,1,3,3,6,2013-02-01
BT41,0,0,0,3,2,5,2013-02-01
BT42,0,0,0,2,2,4,2013-02-01
BT43,0,0,0,0,1,1,2013-02-01
BT44,0,0,0,0,1,1,2013-02-01
BT45,0,1,1,1,3,4,2013-02-01
BT47,0,1,1,2,0,2,2013-02-01
BT48,0,0,0,1,1,2,2013-02-01
BT49,0,1,1,0,1,1,2013-02-01
BT51,0,0,0,1,2,3,2013-02-01
BT52,0,0,0,0,1,1,2013-02-01
BT53,0,0,0,1,1,2,2013-02-01
BT54,0,0,0,2,3,5,2013-02-01
BT55,0,1,1,1,1,2,2013-02-01
BT60,0,0,0,2,2,4,2013-02-01
BT62,0,0,0,0,1,1,2013-02-01
BT63,0,0,0,1,0,1,2013-02-01
BT65,0,0,0,1,1,2,2013-02-01
BT66,0,0,0,1,3,4,2013-02-01
BT67,0,0,0,1,0,1,2013-02-01
BT70,0,0,0,0,1,1,2013-02-01
BT71,1,0,1,1,3,4,2013-02-01
BT74,0,1,1,0,4,4,2013-02-01
BT78,0,0,0,0,1,1,2013-02-01
BT79,0,0,0,1,0,1,2013-02-01
BT81,0,0,0,0,1,1,2013-02-01
BT82,0,0,0,0,2,2,2013-02-01
BT93,0,0,0,0,1,1,2013-02-01
CA1,1173,1630,2803,7105,5518,12623,2013-02-01
CA2,1691,2443,4134,12390,9622,22012,2013-02-01
CA3,449,569,1018,5100,4510,9610,2013-02-01
CA4,186,241,427,3822,3658,7480,2013-02-01
CA5,167,196,363,2819,2616,5435,2013-02-01
CA6,228,316,544,3656,3123,6779,2013-02-01
CA7,683,922,1605,8633,7706,16339,2013-02-01
CA8,271,420,691,3993,3526,7519,2013-02-01
CA9,74,116,190,880,715,1595,2013-02-01
CA10,324,423,747,5625,5155,10780,2013-02-01
CA11,662,912,1574,7933,6922,14855,2013-02-01
CA12,280,347,627,3009,2657,5666,2013-02-01
CA13,430,599,1029,5813,5245,11058,2013-02-01
CA14,1389,2053,3442,12181,9580,21761,2013-02-01
CA15,673,957,1630,5385,4193,9578,2013-02-01
CA16,131,196,327,2422,2208,4630,2013-02-01
CA17,119,172,291,1901,1637,3538,2013-02-01
CA18,9,11,20,128,125,253,2013-02-01
CA19,29,33,62,474,414,888,2013-02-01
CA20,81,102,183,1363,1212,2575,2013-02-01
CA21,20,22,42,356,298,654,2013-02-01
CA22,412,576,988,3200,2562,5762,2013-02-01
CA23,43,81,124,572,452,1024,2013-02-01
CA24,43,55,98,385,317,702,2013-02-01
CA25,311,387,698,1905,1473,3378,2013-02-01
CA26,153,209,362,1303,1042,2345,2013-02-01
CA27,58,64,122,633,556,1189,2013-02-01
CA28,1325,1714,3039,9390,7330,16720,2013-02-01
CB1,3004,3284,6288,17204,14761,31965,2013-02-01
CB2,1205,1270,2475,8161,7159,15320,2013-02-01
CB3,1028,1266,2294,9011,8379,17390,2013-02-01
CB4,3125,3638,6763,18842,15817,34659,2013-02-01
CB5,921,1114,2035,6278,5320,11598,2013-02-01
CB6,1043,1419,2462,13700,12237,25937,2013-02-01
CB7,776,1007,1783,9476,8326,17802,2013-02-01
CB8,1283,1535,2818,11554,10404,21958,2013-02-01
CB9,1341,1886,3227,10783,8930,19713,2013-02-01
CB10,411,554,965,5215,4880,10095,2013-02-01
CB11,588,686,1274,6804,6245,13049,2013-02-01
CB21,242,293,535,3495,3159,6654,2013-02-01
CB22,412,454,866,5222,4535,9757,2013-02-01
CB23,631,711,1342,7150,6514,13664,2013-02-01
CB24,621,670,1291,7214,6326,13540,2013-02-01
CB25,292,320,612,3857,3351,7208,2013-02-01
CF1,59,47,106,108,37,145,2013-02-01
CF2,36,27,63,111,59,170,2013-02-01
CF3,2286,3027,5313,12660,10954,23614,2013-02-01
CF4,32,21,53,148,93,241,2013-02-01
CF5,3330,4204,7534,19955,17407,37362,2013-02-01
CF6,75,64,139,101,50,151,2013-02-01
CF7,10,5,15,52,41,93,2013-02-01
CF8,26,30,56,122,76,198,2013-02-01
CF10,995,846,1841,3342,2078,5420,2013-02-01
CF11,2756,2593,5349,9755,6868,16623,2013-02-01
CF14,2721,3207,5928,25456,23409,48865,2013-02-01
CF15,474,630,1104,6813,6562,13375,2013-02-01
CF23,1989,2661,4650,15371,14175,29546,2013-02-01
CF24,4129,3687,7816,10973,7543,18516,2013-02-01
CF31,1583,2182,3765,15436,13635,29071,2013-02-01
CF32,1235,1773,3008,10187,8110,18297,2013-02-01
CF33,624,949,1573,4785,3883,8668,2013-02-01
CF34,926,1311,2237,6674,5010,11684,2013-02-01
CF35,396,535,931,5699,5082,10781,2013-02-01
CF36,448,625,1073,6076,5387,11463,2013-02-01
CF37,1924,2238,4162,11729,8983,20712,2013-02-01
CF38,683,1053,1736,8269,7414,15683,2013-02-01
CF39,1327,1943,3270,9058,7026,16084,2013-02-01
CF40,934,1387,2321,6365,4591,10956,2013-02-01
CF41,448,693,1141,3443,2547,5990,2013-02-01
CF42,600,871,1471,4115,3041,7156,2013-02-01
CF43,616,976,1592,3562,2410,5972,2013-02-01
CF44,1741,2681,4422,12878,9775,22653,2013-02-01
CF45,1045,1500,2545,5863,4289,10152,2013-02-01
CF46,556,867,1423,4881,4001,8882,2013-02-01
CF47,1207,1668,2875,6409,4566,10975,2013-02-01
CF48,1273,1854,3127,8549,6594,15143,2013-02-01
CF61,445,544,989,3753,3349,7102,2013-02-01
CF62,1747,2183,3930,13689,12239,25928,2013-02-01
CF63,1189,1554,2743,6287,5273,11560,2013-02-01
CF64,1310,1637,2947,13091,12262,25353,2013-02-01
CF71,196,201,397,3840,3599,7439,2013-02-01
CF72,746,1047,1793,9186,8425,17611,2013-02-01
CF81,878,1351,2229,4896,3387,8283,2013-02-01
CF82,816,1214,2030,6542,5260,11802,2013-02-01
CF83,2364,3243,5607,17373,14445,31818,2013-02-01
CH1,1736,2180,3916,8971,6882,15853,2013-02-01
CH2,1373,1762,3135,12364,10647,23011,2013-02-01
CH3,1088,1235,2323,12766,11910,24676,2013-02-01
CH4,1362,1801,3163,11633,10332,21965,2013-02-01
CH5,1876,2405,4281,14438,12066,26504,2013-02-01
CH6,820,1184,2004,5412,4342,9754,2013-02-01
CH7,1605,2147,3752,18550,16675,35225,2013-02-01
CH8,873,1235,2108,7484,6324,13808,2013-02-01
CH41,1478,1707,3185,4183,2856,7039,2013-02-01
CH42,2199,2671,4870,8152,6402,14554,2013-02-01
CH43,1874,2220,4094,12379,10667,23046,2013-02-01
CH44,1982,2491,4473,8112,6090,14202,2013-02-01
CH45,1561,1815,3376,10263,8933,19196,2013-02-01
CH46,1320,1704,3024,8180,6781,14961,2013-02-01
CH47,389,493,882,4045,3915,7960,2013-02-01
CH48,552,558,1110,5674,5473,11147,2013-02-01
CH49,1268,1691,2959,9783,8731,18514,2013-02-01
CH60,288,312,600,5279,5198,10477,2013-02-01
CH61,502,673,1175,6541,6272,12813,2013-02-01
CH62,1397,1747,3144,9587,8174,17761,2013-02-01
CH63,1135,1357,2492,11007,10226,21233,2013-02-01
CH64,529,659,1188,7504,6859,14363,2013-02-01
CH65,1611,2116,3727,8154,6449,14603,2013-02-01
CH66,1374,1783,3157,12763,11211,23974,2013-02-01
CM0,536,736,1272,6354,5594,11948,2013-02-01
CM1,2670,3207,5877,22148,19263,41411,2013-02-01
CM2,2303,2859,5162,21653,19223,40876,2013-02-01
CM3,1570,2044,3614,21910,20040,41950,2013-02-01
CM4,303,363,666,4197,3995,8192,2013-02-01
CM5,336,388,724,4269,3916,8185,2013-02-01
CM6,632,753,1385,9903,9115,19018,2013-02-01
CM7,1983,2570,4553,17107,14440,31547,2013-02-01
CM8,1402,1965,3367,11318,9588,20906,2013-02-01
CM9,1116,1453,2569,12900,11525,24425,2013-02-01
CM11,677,753,1430,7726,7089,14815,2013-02-01
CM12,670,725,1395,7987,7374,15361,2013-02-01
CM13,864,1023,1887,9591,8869,18460,2013-02-01
CM14,768,1001,1769,7229,6434,13663,2013-02-01
CM15,782,884,1666,9329,8725,18054,2013-02-01
CM16,703,809,1512,8778,7938,16716,2013-02-01
CM17,733,995,1728,7630,6930,14560,2013-02-01
CM18,1499,2048,3547,8086,6259,14345,2013-02-01
CM19,1207,1496,2703,7303,5754,13057,2013-02-01
CM20,1547,1899,3446,6755,4998,11753,2013-02-01
CM21,327,405,732,4424,3941,8365,2013-02-01
CM22,398,449,847,5585,5176,10761,2013-02-01
CM23,1491,1730,3221,15029,13698,28727,2013-02-01
CM24,231,254,485,2704,2416,5120,2013-02-01
CM77,434,485,919,5748,5472,11220,2013-02-01
CO1,943,1106,2049,4500,3513,8013,2013-02-01
CO2,1808,2427,4235,11278,8888,20166,2013-02-01
CO3,1226,1380,2606,10578,9631,20209,2013-02-01
CO4,2406,3088,5494,15162,12468,27630,2013-02-01
CO5,782,1036,1818,11252,10183,21435,2013-02-01
CO6,777,956,1733,11201,10417,21618,2013-02-01
CO7,1079,1270,2349,12926,11660,24586,2013-02-01
CO8,57,76,133,915,863,1778,2013-02-01
CO9,804,1033,1837,9481,8447,17928,2013-02-01
CO10,1634,2134,3768,17320,15115,32435,2013-02-01
CO11,418,529,947,4963,4486,9449,2013-02-01
CO12,936,1240,2176,7645,6081,13726,2013-02-01
CO13,318,417,735,4676,4260,8936,2013-02-01
CO14,248,342,590,2247,1814,4061,2013-02-01
CO15,1920,2355,4275,14742,11646,26388,2013-02-01
CO16,873,1119,1992,8861,7486,16347,2013-02-01
CR0,14514,16025,30539,46185,35525,81710,2013-02-01
CR2,2577,2947,5524,17353,15597,32950,2013-02-01
CR3,1093,1289,2382,10542,9917,20459,2013-02-01
CR4,7580,7430,15010,18402,12410,30812,2013-02-01
CR5,1189,1515,2704,10729,9910,20639,2013-02-01
CR6,312,351,663,3873,3673,7546,2013-02-01
CR7,6218,5909,12127,13169,9594,22763,2013-02-01
CR8,1533,1749,3282,11982,11037,23019,2013-02-01
CR9,59,43,102,65,26,91,2013-02-01
CT1,1755,1957,3712,7473,5966,13439,2013-02-01
CT2,1483,1742,3225,8368,7050,15418,2013-02-01
CT3,673,912,1585,6332,5672,12004,2013-02-01
CT4,494,603,1097,6745,6366,13111,2013-02-01
CT5,1191,1454,2645,12070,11101,23171,2013-02-01
CT6,1384,1689,3073,13681,12088,25769,2013-02-01
CT7,338,468,806,4422,3821,8243,2013-02-01
CT8,390,438,828,2353,2092,4445,2013-02-01
CT9,2615,3060,5675,12669,10173,22842,2013-02-01
CT10,1095,1295,2390,8755,7929,16684,2013-02-01
CT11,1797,2063,3860,8955,7267,16222,2013-02-01
CT12,960,1244,2204,5934,4783,10717,2013-02-01
CT13,371,400,771,3142,2865,6007,2013-02-01
CT14,1487,1921,3408,12141,10378,22519,2013-02-01
CT15,413,590,1003,5165,4632,9797,2013-02-01
CT16,1127,1291,2418,6367,4944,11311,2013-02-01
CT17,1161,1458,2619,6401,4904,11305,2013-02-01
CT18,384,502,886,5416,4962,10378,2013-02-01
CT19,1602,1950,3552,8805,7135,15940,2013-02-01
CT20,1272,1393,2665,7090,5321,12411,2013-02-01
CT21,527,660,1187,6399,5893,12292,2013-02-01
CV1,3496,2858,6354,6367,2762,9129,2013-02-01
CV2,4672,6015,10687,18893,13637,32530,2013-02-01
CV3,3753,4696,8449,21443,17018,38461,2013-02-01
CV4,1963,2290,4253,9283,7160,16443,2013-02-01
CV5,2192,2450,4642,16894,14212,31106,2013-02-01
CV6,6196,7937,14133,25789,18532,44321,2013-02-01
CV7,1009,1299,2308,10664,9375,20039,2013-02-01
CV8,961,1118,2079,12326,11398,23724,2013-02-01
CV9,797,1043,1840,7792,6523,14315,2013-02-01
CV10,2309,3181,5490,16926,13702,30628,2013-02-01
CV11,1742,2135,3877,13955,11384,25339,2013-02-01
CV12,1324,1874,3198,10887,8823,19710,2013-02-01
CV13,233,336,569,4299,3935,8234,2013-02-01
CV21,1958,2466,4424,11777,8886,20663,2013-02-01
CV22,1330,1634,2964,12805,11144,23949,2013-02-01
CV23,577,711,1288,8632,7758,16390,2013-02-01
CV31,1622,1976,3598,9489,7561,17050,2013-02-01
CV32,1289,1571,2860,11441,10035,21476,2013-02-01
CV33,186,240,426,2645,2434,5079,2013-02-01
CV34,1214,1472,2686,11046,9730,20776,2013-02-01
CV35,624,766,1390,10016,9705,19721,2013-02-01
CV36,234,309,543,3829,3596,7425,2013-02-01
CV37,1440,1735,3175,15315,14215,29530,2013-02-01
CV47,501,698,1199,6640,6030,12670,2013-02-01
CW1,2068,2617,4685,12921,10509,23430,2013-02-01
CW2,1757,2023,3780,13829,11777,25606,2013-02-01
CW3,248,316,564,3658,3386,7044,2013-02-01
CW4,232,248,480,3908,3735,7643,2013-02-01
CW5,794,966,1760,10964,10238,21202,2013-02-01
CW6,260,334,594,5134,5025,10159,2013-02-01
CW7,1561,2080,3641,10701,8876,19577,2013-02-01
CW8,1073,1278,2351,13784,12621,26405,2013-02-01
CW9,1048,1319,2367,12316,10882,23198,2013-02-01
CW10,397,530,927,5544,5121,10665,2013-02-01
CW11,638,806,1444,8709,8047,16756,2013-02-01
CW12,826,1015,1841,11315,10248,21563,2013-02-01
DA1,2994,3670,6664,17648,14196,31844,2013-02-01
DA2,820,1150,1970,7903,7002,14905,2013-02-01
DA3,561,619,1180,6913,6471,13384,2013-02-01
DA4,296,330,626,3656,3370,7026,2013-02-01
DA5,712,802,1514,7946,7271,15217,2013-02-01
DA6,467,569,1036,3606,3115,6721,2013-02-01
DA7,1397,1816,3213,12750,11068,23818,2013-02-01
DA8,2395,3190,5585,10078,7989,18067,2013-02-01
DA9,494,604,1098,4368,3732,8100,2013-02-01
DA10,360,491,851,2050,1577,3627,2013-02-01
DA11,2171,2655,4826,12068,9324,21392,2013-02-01
DA12,2580,3166,5746,15503,12465,27968,2013-02-01
DA13,375,427,802,6030,5646,11676,2013-02-01
DA14,937,1247,2184,7246,6583,13829,2013-02-01
DA15,1105,1400,2505,10627,9426,20053,2013-02-01
DA16,1778,2333,4111,12467,10615,23082,2013-02-01
DA17,1179,1528,2707,5445,4345,9790,2013-02-01
DA18,612,784,1396,1232,804,2036,2013-02-01
DD1,925,780,1705,1947,1335,3282,2013-02-01
DD2,2400,3127,5527,12099,9992,22091,2013-02-01
DD3,2493,3004,5497,10687,7956,18643,2013-02-01
DD4,2942,3836,6778,12207,9182,21389,2013-02-01
DD5,943,1220,2163,11945,11057,23002,2013-02-01
DD6,386,499,885,3467,3225,6692,2013-02-01
DD7,416,635,1051,4597,4037,8634,2013-02-01
DD8,989,1373,2362,10452,8970,19422,2013-02-01
DD9,474,653,1127,3948,3479,7427,2013-02-01
DD10,821,1148,1969,7738,6455,14193,2013-02-01
DD11,1206,1599,2805,9413,7738,17151,2013-02-01
DE1,986,926,1912,3466,1968,5434,2013-02-01
DE2,18,9,27,41,16,57,2013-02-01
DE3,510,654,1164,6707,5967,12674,2013-02-01
DE4,1030,1424,2454,12889,11235,24124,2013-02-01
DE5,769,1083,1852,7782,6468,14250,2013-02-01
DE6,644,821,1465,9766,8963,18729,2013-02-01
DE7,2094,2953,5047,16612,13191,29803,2013-02-01
DE11,1673,2251,3924,14839,12509,27348,2013-02-01
DE12,619,842,1461,7756,6698,14454,2013-02-01
DE13,1242,1673,2915,14869,13241,28110,2013-02-01
DE14,1720,2159,3879,8602,5981,14583,2013-02-01
DE15,1118,1418,2536,7970,6493,14463,2013-02-01
DE21,2636,3739,6375,19244,15409,34653,2013-02-01
DE22,2102,2595,4697,14168,11535,25703,2013-02-01
DE23,4083,4758,8841,17093,12392,29485,2013-02-01
DE24,3273,4545,7818,16288,11872,28160,2013-02-01
DE45,216,274,490,3375,3185,6560,2013-02-01
DE55,1854,2556,4410,17259,14061,31320,2013-02-01
DE56,1140,1554,2694,14726,13101,27827,2013-02-01
DE65,653,752,1405,8350,7756,16106,2013-02-01
DE72,594,864,1458,7885,7219,15104,2013-02-01
DE73,537,724,1261,6877,6427,13304,2013-02-01
DE74,377,442,819,4243,3674,7917,2013-02-01
DE75,779,1008,1787,6055,4991,11046,2013-02-01
DG1,1014,1379,2393,9590,8455,18045,2013-02-01
DG2,1227,1601,2828,7708,6478,14186,2013-02-01
DG3,160,258,418,1752,1561,3313,2013-02-01
DG4,227,357,584,1463,1020,2483,2013-02-01
DG5,210,253,463,1925,1743,3668,2013-02-01
DG6,232,294,526,1927,1745,3672,2013-02-01
DG7,411,502,913,4625,4342,8967,2013-02-01
DG8,482,682,1164,4727,4081,8808,2013-02-01
DG9,744,1027,1771,5673,4694,10367,2013-02-01
DG10,163,177,340,1469,1272,2741,2013-02-01
DG11,456,635,1091,4958,4307,9265,2013-02-01
DG12,596,755,1351,4313,3541,7854,2013-02-01
DG13,136,146,282,1094,911,2005,2013-02-01
DG14,39,47,86,561,479,1040,2013-02-01
DG16,128,191,319,1407,1133,2540,2013-02-01
DH1,1700,2074,3774,13532,11588,25120,2013-02-01
DH2,1279,1900,3179,10324,8293,18617,2013-02-01
DH3,1096,1577,2673,8547,6756,15303,2013-02-01
DH4,1434,1976,3410,10977,8729,19706,2013-02-01
DH5,940,1364,2304,6193,4461,10654,2013-02-01
DH6,1372,2088,3460,11015,8519,19534,2013-02-01
DH7,1677,2547,4224,13751,11051,24802,2013-02-01
DH8,1515,2208,3723,12511,10148,22659,2013-02-01
DH9,1825,2551,4376,11170,8170,19340,2013-02-01
DL1,2484,3288,5772,14277,10534,24811,2013-02-01
DL2,389,461,850,6759,6372,13131,2013-02-01
DL3,1877,2497,4374,14750,12255,27005,2013-02-01
DL4,571,718,1289,2833,2056,4889,2013-02-01
DL5,1326,1983,3309,9785,7907,17692,2013-02-01
DL6,469,655,1124,5825,5217,11042,2013-02-01
DL7,330,499,829,5928,5492,11420,2013-02-01
DL8,417,556,973,7412,6767,14179,2013-02-01
DL9,1510,1204,2714,4772,3021,7793,2013-02-01
DL10,598,845,1443,7182,6375,13557,2013-02-01
DL11,83,126,209,2150,2009,4159,2013-02-01
DL12,350,447,797,4489,4009,8498,2013-02-01
DL13,420,597,1017,5302,4374,9676,2013-02-01
DL14,1507,2171,3678,12219,9832,22051,2013-02-01
DL15,835,1301,2136,7422,5777,13199,2013-02-01
DL16,811,1142,1953,6581,5218,11799,2013-02-01
DL17,780,1272,2052,5818,4274,10092,2013-02-01
DN1,773,755,1528,2080,910,2990,2013-02-01
DN2,1392,1906,3298,7275,5365,12640,2013-02-01
DN3,993,1537,2530,10586,8702,19288,2013-02-01
DN4,2491,3301,5792,16651,12943,29594,2013-02-01
DN5,1749,2431,4180,13160,10755,23915,2013-02-01
DN6,1670,2253,3923,9549,7200,16749,2013-02-01
DN7,1050,1462,2512,7318,5694,13012,2013-02-01
DN8,895,1219,2114,5576,4084,9660,2013-02-01
DN9,506,704,1210,7696,7170,14866,2013-02-01
DN10,324,443,767,4902,4413,9315,2013-02-01
DN11,1234,1818,3052,9329,7501,16830,2013-02-01
DN12,1457,1897,3354,6716,4854,11570,2013-02-01
DN14,1738,2630,4368,16209,13012,29221,2013-02-01
DN15,1941,2394,4335,11417,8717,20134,2013-02-01
DN16,1435,1832,3267,9895,7827,17722,2013-02-01
DN17,1609,2080,3689,12814,10528,23342,2013-02-01
DN18,441,677,1118,4138,3271,7409,2013-02-01
DN19,183,241,424,2392,2113,4505,2013-02-01
DN20,557,788,1345,7266,6226,13492,2013-02-01
DN21,1411,2000,3411,12940,10962,23902,2013-02-01
DN22,1257,1717,2974,12576,10836,23412,2013-02-01
DN31,740,864,1604,2296,1447,3743,2013-02-01
DN32,2151,2477,4628,7683,5361,13044,2013-02-01
DN33,1111,1296,2407,5919,4813,10732,2013-02-01
DN34,1020,1374,2394,6202,4767,10969,2013-02-01
DN35,1827,2337,4164,10943,8456,19399,2013-02-01
DN36,570,702,1272,7731,6892,14623,2013-02-01
DN37,873,1104,1977,8020,6856,14876,2013-02-01
DN38,72,108,180,1113,989,2102,2013-02-01
DN39,74,111,185,1124,933,2057,2013-02-01
DN40,639,958,1597,4205,3134,7339,2013-02-01
DN41,141,221,362,2523,2323,4846,2013-02-01
DT1,726,870,1596,6568,5961,12529,2013-02-01
DT2,635,714,1349,10161,9814,19975,2013-02-01
DT3,788,993,1781,8959,8020,16979,2013-02-01
DT4,1933,2269,4202,12556,10357,22913,2013-02-01
DT5,646,843,1489,4003,3271,7274,2013-02-01
DT6,681,828,1509,8334,7865,16199,2013-02-01
DT7,179,239,418,2108,2013,4121,2013-02-01
DT8,157,211,368,2361,2260,4621,2013-02-01
DT9,606,792,1398,7888,7489,15377,2013-02-01
DT10,319,317,636,4686,4392,9078,2013-02-01
DT11,1113,1250,2363,11975,10383,22358,2013-02-01
DY1,1701,2139,3840,9587,7170,16757,2013-02-01
DY2,2102,2708,4810,9891,6817,16708,2013-02-01
DY3,1137,1561,2698,11958,9904,21862,2013-02-01
DY4,2463,3309,5772,12121,8508,20629,2013-02-01
DY5,1967,2662,4629,13439,10401,23840,2013-02-01
DY6,714,985,1699,10720,9390,20110,2013-02-01
DY7,206,231,437,3215,3037,6252,2013-02-01
DY8,1789,2372,4161,17867,15375,33242,2013-02-01
DY9,1178,1515,2693,10486,9038,19524,2013-02-01
DY10,1471,1878,3349,12567,10976,23543,2013-02-01
DY11,1222,1655,2877,10770,8983,19753,2013-02-01
DY12,350,448,798,5048,4439,9487,2013-02-01
DY13,742,979,1721,8519,7403,15922,2013-02-01
DY14,200,227,427,3349,3045,6394,2013-02-01
E1,10909,7189,18098,14547,6910,21457,2013-02-01
E1,915,995,1910,4035,2594,6629,2013-02-01
E2,5203,4760,9963,9939,5654,15593,2013-02-01
E3,6065,5419,11484,11451,6798,18249,2013-02-01
E4,3736,4367,8103,20672,17207,37879,2013-02-01
E5,6747,6810,13557,10539,6664,17203,2013-02-01
E6,15631,10973,26604,19960,10242,30202,2013-02-01
E7,12177,7638,19815,13731,7138,20869,2013-02-01
E8,5031,5400,10431,8853,6023,14876,2013-02-01
E9,5138,5673,10811,8338,5454,13792,2013-02-01
E10,7317,5826,13143,12426,6805,19231,2013-02-01
E11,6264,5849,12113,16800,12193,28993,2013-02-01
E12,9078,5844,14922,10614,5626,16240,2013-02-01
E13,9177,6619,15796,10891,5657,16548,2013-02-01
E14,8314,8024,16338,20414,11483,31897,2013-02-01
E15,8450,7097,15547,12503,6679,19182,2013-02-01
E16,5807,6252,12059,10911,6391,17302,2013-02-01
E17,13950,12343,26293,29372,18971,48343,2013-02-01
E18,1153,1232,2385,6669,5845,12514,2013-02-01
E98,0,0,0,1,0,1,2013-02-01
EC1,61,46,107,285,150,435,2013-02-01
EC1,87,80,167,441,250,691,2013-02-01
EC1,275,290,565,653,314,967,2013-02-01
EC1,1,2,3,4,0,4,2013-02-01
EC1,482,547,1029,1370,902,2272,2013-02-01
EC1,1338,1224,2562,3049,1793,4842,2013-02-01
EC1,329,323,652,949,519,1468,2013-02-01
EC2,107,67,174,514,207,721,2013-02-01
EC2,13,6,19,185,36,221,2013-02-01
EC2,4,3,7,31,5,36,2013-02-01
EC2,0,1,1,13,2,15,2013-02-01
EC2,2,1,3,44,12,56,2013-02-01
EC2,4,6,10,116,32,148,2013-02-01
EC2,158,137,295,1318,931,2249,2013-02-01
EC3,11,2,13,62,9,71,2013-02-01
EC3,8,4,12,20,10,30,2013-02-01
EC3,14,15,29,134,59,193,2013-02-01
EC3,1,0,1,3,4,7,2013-02-01
EC3,6,4,10,51,21,72,2013-02-01
EC3,6,2,8,49,13,62,2013-02-01
EC4,46,14,60,137,79,216,2013-02-01
EC4,10,10,20,150,53,203,2013-02-01
EC4,5,2,7,57,15,72,2013-02-01
EC4,0,0,0,15,6,21,2013-02-01
EC4,3,6,9,51,16,67,2013-02-01
EC4,24,17,41,173,84,257,2013-02-01
EC4,11,12,23,130,67,197,2013-02-01
EH1,470,435,905,1371,923,2294,2013-02-01
EH2,76,58,134,274,179,453,2013-02-01
EH3,1536,1598,3134,6885,5845,12730,2013-02-01
EH4,3315,3810,7125,16991,14855,31846,2013-02-01
EH5,1259,1512,2771,5532,4489,10021,2013-02-01
EH6,2715,2873,5588,10741,8483,19224,2013-02-01
EH7,2335,2549,4884,9231,7244,16475,2013-02-01
EH8,1597,1644,3241,5681,4479,10160,2013-02-01
EH9,1108,1250,2358,6215,5736,11951,2013-02-01
EH10,1697,1690,3387,12674,11127,23801,2013-02-01
EH11,3023,3357,6380,9679,6917,16596,2013-02-01
EH12,1627,2174,3801,13361,12236,25597,2013-02-01
EH13,820,973,1793,4735,4256,8991,2013-02-01
EH14,2338,2680,5018,12643,10590,23233,2013-02-01
EH15,1245,1436,2681,6539,5661,12200,2013-02-01
EH16,2062,2381,4443,7933,6412,14345,2013-02-01
EH17,1189,1691,2880,5441,4173,9614,2013-02-01
EH18,90,146,236,829,767,1596,2013-02-01
EH19,577,808,1385,4457,3864,8321,2013-02-01
EH20,309,469,778,2166,1645,3811,2013-02-01
EH21,1353,1785,3138,7340,6190,13530,2013-02-01
EH22,1637,2185,3822,9474,7640,17114,2013-02-01
EH23,415,574,989,2439,1942,4381,2013-02-01
EH24,65,111,176,553,474,1027,2013-02-01
EH25,134,169,303,1093,916,2009,2013-02-01
EH26,869,1151,2020,6031,5121,11152,2013-02-01
EH27,136,140,276,993,972,1965,2013-02-01
EH28,149,185,334,1057,910,1967,2013-02-01
EH29,154,219,373,1240,1094,2334,2013-02-01
EH30,437,658,1095,3363,2981,6344,2013-02-01
EH31,77,94,171,981,929,1910,2013-02-01
EH32,835,1119,1954,6577,5448,12025,2013-02-01
EH33,585,799,1384,4456,3711,8167,2013-02-01
EH34,72,83,155,1013,935,1948,2013-02-01
EH35,90,149,239,777,612,1389,2013-02-01
EH36,12,10,22,148,149,297,2013-02-01
EH37,43,91,134,601,552,1153,2013-02-01
EH38,11,17,28,162,162,324,2013-02-01
EH39,336,446,782,3268,3057,6325,2013-02-01
EH40,56,81,137,816,763,1579,2013-02-01
EH41,490,602,1092,4316,3775,8091,2013-02-01
EH42,397,550,947,3637,3112,6749,2013-02-01
EH43,32,62,94,279,231,510,2013-02-01
EH44,96,155,251,1228,1113,2341,2013-02-01
EH45,360,517,877,3786,3551,7337,2013-02-01
EH46,112,126,238,1334,1329,2663,2013-02-01
EH47,1292,1996,3288,8671,6544,15215,2013-02-01
EH48,1454,2120,3574,11868,9812,21680,2013-02-01
EH49,629,829,1458,6124,5524,11648,2013-02-01
EH51,672,913,1585,4994,4125,9119,2013-02-01
EH52,862,1248,2110,6527,5290,11817,2013-02-01
EH53,438,626,1064,3654,3121,6775,2013-02-01
EH54,3258,4553,7811,17674,14400,32074,2013-02-01
EH55,393,548,941,2827,2295,5122,2013-02-01
EN1,2868,3678,6546,14615,12343,26958,2013-02-01
EN2,1375,1782,3157,10405,9218,19623,2013-02-01
EN3,5041,6475,11516,16565,12075,28640,2013-02-01
EN4,1261,1561,2822,9390,8470,17860,2013-02-01
EN5,2069,2719,4788,13393,12038,25431,2013-02-01
EN6,1099,1221,2320,11105,10368,21473,2013-02-01
EN7,720,931,1651,8426,7748,16174,2013-02-01
EN8,1767,2264,4031,12317,10059,22376,2013-02-01
EN9,953,1141,2094,9152,7776,16928,2013-02-01
EN10,579,726,1305,6393,6007,12400,2013-02-01
EN11,806,981,1787,8168,7077,15245,2013-02-01
EX1,1015,1185,2200,6305,5499,11804,2013-02-01
EX2,1811,2207,4018,13769,12097,25866,2013-02-01
EX3,131,135,266,1876,1837,3713,2013-02-01
EX4,2635,3162,5797,15694,13029,28723,2013-02-01
EX5,439,606,1045,7561,7243,14804,2013-02-01
EX6,320,388,708,5782,5402,11184,2013-02-01
EX7,471,616,1087,4424,3950,8374,2013-02-01
EX8,1484,1992,3476,13177,11857,25034,2013-02-01
EX9,141,202,343,2521,2567,5088,2013-02-01
EX10,443,603,1046,6362,6174,12536,2013-02-01
EX11,226,231,457,3156,3130,6286,2013-02-01
EX12,264,374,638,3553,3177,6730,2013-02-01
EX13,342,436,778,4559,4250,8809,2013-02-01
EX14,594,806,1400,8108,7466,15574,2013-02-01
EX15,596,737,1333,8067,7375,15442,2013-02-01
EX16,1085,1319,2404,11686,10333,22019,2013-02-01
EX17,584,775,1359,7450,6754,14204,2013-02-01
EX18,93,101,194,1267,1193,2460,2013-02-01
EX19,67,76,143,1525,1395,2920,2013-02-01
EX20,579,810,1389,7910,7046,14956,2013-02-01
EX21,106,93,199,1848,1668,3516,2013-02-01
EX22,266,336,602,4376,3791,8167,2013-02-01
EX23,485,665,1150,5935,5317,11252,2013-02-01
EX24,90,118,208,1482,1468,2950,2013-02-01
EX31,762,1075,1837,9384,8459,17843,2013-02-01
EX32,1103,1467,2570,8014,6770,14784,2013-02-01
EX33,322,445,767,3962,3563,7525,2013-02-01
EX34,808,1067,1875,6238,5211,11449,2013-02-01
EX35,65,81,146,675,604,1279,2013-02-01
EX36,256,314,570,3326,2979,6305,2013-02-01
EX37,88,106,194,1537,1462,2999,2013-02-01
EX38,261,358,619,2986,2687,5673,2013-02-01
EX39,1355,1780,3135,13671,12073,25744,2013-02-01
FK1,1298,1765,3063,9594,7784,17378,2013-02-01
FK2,1934,2634,4568,15689,13225,28914,2013-02-01
FK3,950,1271,2221,5343,4196,9539,2013-02-01
FK4,575,821,1396,4534,3802,8336,2013-02-01
FK5,638,980,1618,6478,5884,12362,2013-02-01
FK6,641,909,1550,4588,3725,8313,2013-02-01
FK7,1350,2043,3393,10092,8564,18656,2013-02-01
FK8,913,1064,1977,5666,4918,10584,2013-02-01
FK9,562,688,1250,4188,3706,7894,2013-02-01
FK10,1728,2534,4262,11887,9934,21821,2013-02-01
FK11,86,130,216,1032,962,1994,2013-02-01
FK12,228,292,520,1809,1524,3333,2013-02-01
FK13,307,357,664,2137,1806,3943,2013-02-01
FK14,197,187,384,1784,1703,3487,2013-02-01
FK15,353,466,819,3912,3785,7697,2013-02-01
FK16,65,77,142,769,674,1443,2013-02-01
FK17,140,184,324,1395,1252,2647,2013-02-01
FK18,4,9,13,94,91,185,2013-02-01
FK19,19,26,45,249,219,468,2013-02-01
FK20,23,42,65,155,131,286,2013-02-01
FK21,30,49,79,390,318,708,2013-02-01
FY1,2943,2934,5877,9336,5861,15197,2013-02-01
FY2,1218,1366,2584,8094,6714,14808,2013-02-01
FY3,1829,2310,4139,9964,8251,18215,2013-02-01
FY4,2354,3023,5377,14404,11507,25911,2013-02-01
FY5,1505,1842,3347,16065,14194,30259,2013-02-01
FY6,689,923,1612,11019,10136,21155,2013-02-01
FY7,1714,1952,3666,7746,6012,13758,2013-02-01
FY8,1674,1938,3612,16241,14787,31028,2013-02-01
G1,430,303,733,1368,742,2110,2013-02-01
G2,234,137,371,458,183,641,2013-02-01
G3,1660,1379,3039,4184,2578,6762,2013-02-01
G4,1082,830,1912,2368,1217,3585,2013-02-01
G5,1157,971,2128,2399,1325,3724,2013-02-01
G11,1270,1382,2652,5566,4738,10304,2013-02-01
G12,1523,1425,2948,7619,6763,14382,2013-02-01
G13,2013,2345,4358,9247,7368,16615,2013-02-01
G14,1311,1567,2878,4679,3891,8570,2013-02-01
G15,1613,1839,3452,3739,2783,6522,2013-02-01
G20,2676,2855,5531,6909,5168,12077,2013-02-01
G21,3076,3497,6573,6169,3845,10014,2013-02-01
G22,1725,2040,3765,3856,2437,6293,2013-02-01
G23,503,699,1202,1964,1519,3483,2013-02-01
G31,2298,2476,4774,4943,3259,8202,2013-02-01
G32,2308,2949,5257,10101,7328,17429,2013-02-01
G33,3167,3895,7062,10842,8346,19188,2013-02-01
G34,1026,1262,2288,1725,1109,2834,2013-02-01
G40,1015,1165,2180,2292,1441,3733,2013-02-01
G41,2593,2562,5155,10202,8174,18376,2013-02-01
G42,3353,2927,6280,7566,5015,12581,2013-02-01
G43,1112,1274,2386,5067,4185,9252,2013-02-01
G44,1634,2217,3851,9282,8065,17347,2013-02-01
G45,1534,1777,3311,3007,1883,4890,2013-02-01
G46,1578,1864,3442,8419,7634,16053,2013-02-01
G51,2543,2473,5016,5169,3184,8353,2013-02-01
G52,2016,2626,4642,7785,5948,13733,2013-02-01
G53,2558,3089,5647,8364,6545,14909,2013-02-01
G60,228,294,522,1921,1825,3746,2013-02-01
G61,1051,1248,2299,10838,10406,21244,2013-02-01
G62,546,664,1210,4998,4769,9767,2013-02-01
G63,249,353,602,3653,3680,7333,2013-02-01
G64,1159,1604,2763,9541,8592,18133,2013-02-01
G65,763,1035,1798,4135,3174,7309,2013-02-01
G66,1895,2499,4394,12893,11188,24081,2013-02-01
G67,2490,3503,5993,10683,7832,18515,2013-02-01
G68,695,965,1660,6464,5690,12154,2013-02-01
G69,1693,2199,3892,11212,9449,20661,2013-02-01
G71,1350,1803,3153,9622,8372,17994,2013-02-01
G72,2562,3331,5893,14614,12118,26732,2013-02-01
G73,1993,2538,4531,9481,7715,17196,2013-02-01
G74,1679,2334,4013,12751,10548,23299,2013-02-01
G75,2237,3170,5407,12562,10263,22825,2013-02-01
G76,863,1044,1907,7993,7738,15731,2013-02-01
G77,706,890,1596,8930,8858,17788,2013-02-01
G78,1345,1728,3073,7561,6369,13930,2013-02-01
G81,2698,3477,6175,10990,8521,19511,2013-02-01
G82,1534,1936,3470,8071,6707,14778,2013-02-01
G83,1477,2053,3530,8146,6690,14836,2013-02-01
G84,1126,1433,2559,7818,6909,14727,2013-02-01
GL1,2468,2666,5134,10007,7111,17118,2013-02-01
GL2,1596,2053,3649,19320,17444,36764,2013-02-01
GL3,1077,1422,2499,11028,9932,20960,2013-02-01
GL4,2060,2734,4794,16415,14365,30780,2013-02-01
GL5,1310,1470,2780,11169,10056,21225,2013-02-01
GL6,739,877,1616,9773,9318,19091,2013-02-01
GL7,1404,1779,3183,16310,15047,31357,2013-02-01
GL8,247,309,556,3299,3139,6438,2013-02-01
GL9,54,48,102,1088,1018,2106,2013-02-01
GL10,552,576,1128,5168,4522,9690,2013-02-01
GL11,520,744,1264,6917,6181,13098,2013-02-01
GL12,460,494,954,5719,5357,11076,2013-02-01
GL13,139,174,313,2302,2010,4312,2013-02-01
GL14,590,819,1409,5499,4506,10005,2013-02-01
GL15,672,871,1543,7952,6947,14899,2013-02-01
GL16,422,569,991,4935,4374,9309,2013-02-01
GL17,378,515,893,4459,3905,8364,2013-02-01
GL18,260,279,539,3017,2703,5720,2013-02-01
GL19,201,234,435,3595,3401,6996,2013-02-01
GL20,968,1120,2088,10532,9536,20068,2013-02-01
GL50,1000,1230,2230,6954,5815,12769,2013-02-01
GL51,2432,3034,5466,17358,14781,32139,2013-02-01
GL52,1712,1969,3681,15388,14159,29547,2013-02-01
GL53,678,744,1422,7406,7211,14617,2013-02-01
GL54,656,776,1432,8962,8376,17338,2013-02-01
GL55,138,157,295,2078,2092,4170,2013-02-01
GL56,256,316,572,3308,3244,6552,2013-02-01
GU1,1541,1728,3269,10914,9450,20364,2013-02-01
GU2,1777,1962,3739,10374,8587,18961,2013-02-01
GU3,316,404,720,4676,4400,9076,2013-02-01
GU4,464,548,1012,6377,6385,12762,2013-02-01
GU5,316,365,681,4297,4308,8605,2013-02-01
GU6,500,516,1016,5725,5526,11251,2013-02-01
GU7,926,1101,2027,8326,7721,16047,2013-02-01
GU8,525,635,1160,6870,6835,13705,2013-02-01
GU9,995,1282,2277,10880,10221,21101,2013-02-01
GU10,603,721,1324,9269,8966,18235,2013-02-01
GU11,1581,1816,3397,8083,6078,14161,2013-02-01
GU12,1397,1746,3143,11638,10057,21695,2013-02-01
GU13,773,10,783,628,38,666,2013-02-01
GU14,2687,3159,5846,20081,17248,37329,2013-02-01
GU15,1638,1809,3447,13694,12224,25918,2013-02-01
GU16,1051,998,2049,9633,8522,18155,2013-02-01
GU17,574,483,1057,5294,3924,9218,2013-02-01
GU18,126,158,284,3050,2901,5951,2013-02-01
GU19,171,191,362,2316,2129,4445,2013-02-01
GU20,108,123,231,1926,1901,3827,2013-02-01
GU21,2586,2944,5530,18713,16230,34943,2013-02-01
GU22,1533,1799,3332,13147,11803,24950,2013-02-01
GU23,168,212,380,2746,2637,5383,2013-02-01
GU24,971,771,1742,6957,6317,13274,2013-02-01
GU25,312,352,664,2623,2689,5312,2013-02-01
GU26,238,213,451,3001,2879,5880,2013-02-01
GU27,615,754,1369,6810,6495,13305,2013-02-01
GU28,232,245,477,2676,2552,5228,2013-02-01
GU29,283,410,693,3626,3611,7237,2013-02-01
GU30,320,366,686,3731,3557,7288,2013-02-01
GU31,371,417,788,4359,4117,8476,2013-02-01
GU32,468,574,1042,4340,4024,8364,2013-02-01
GU33,250,342,592,3272,3138,6410,2013-02-01
GU34,977,1217,2194,11513,10658,22171,2013-02-01
GU35,1098,1245,2343,9777,8111,17888,2013-02-01
GU46,397,507,904,6267,5840,12107,2013-02-01
GU47,666,758,1424,7694,6997,14691,2013-02-01
GU51,657,692,1349,8981,8398,17379,2013-02-01
GU52,366,455,821,6321,6052,12373,2013-02-01
HA0,9747,7273,17020,16767,10222,26989,2013-02-01
HA1,3604,3749,7353,12941,9890,22831,2013-02-01
HA2,4956,5399,10355,19692,14997,34689,2013-02-01
HA3,6684,6724,13408,26112,20045,46157,2013-02-01
HA4,2225,2602,4827,18551,16608,35159,2013-02-01
HA5,2025,2304,4329,17591,16333,33924,2013-02-01
HA6,991,1235,2226,9105,8583,17688,2013-02-01
HA7,2117,2594,4711,13667,11946,25613,2013-02-01
HA8,6483,6862,13345,23711,18169,41880,2013-02-01
HA9,7676,6085,13761,16987,11105,28092,2013-02-01
HD1,2035,1862,3897,5537,3252,8789,2013-02-01
HD2,1796,2401,4197,8731,6882,15613,2013-02-01
HD3,1230,1767,2997,9869,8481,18350,2013-02-01
HD4,1519,2028,3547,9115,7257,16372,2013-02-01
HD5,1548,2177,3725,9486,7754,17240,2013-02-01
HD6,1070,1454,2524,9333,7789,17122,2013-02-01
HD7,884,1206,2090,8130,6944,15074,2013-02-01
HD8,909,1266,2175,12379,11294,23673,2013-02-01
HD9,1158,1501,2659,12602,11316,23918,2013-02-01
HG1,1375,1822,3197,11880,10385,22265,2013-02-01
HG2,1165,1438,2603,11604,11027,22631,2013-02-01
HG3,754,955,1709,10230,9803,20033,2013-02-01
HG4,809,1136,1945,9363,8356,17719,2013-02-01
HG5,513,679,1192,7071,6442,13513,2013-02-01
HP1,1083,1282,2365,8817,7890,16707,2013-02-01
HP2,2049,2714,4763,13293,11033,24326,2013-02-01
HP3,1338,1613,2951,11655,10221,21876,2013-02-01
HP4,760,806,1566,9145,8902,18047,2013-02-01
HP5,1052,1240,2292,9338,8430,17768,2013-02-01
HP6,512,544,1056,5337,5183,10520,2013-02-01
HP7,355,419,774,4162,3977,8139,2013-02-01
HP8,190,198,388,2904,2963,5867,2013-02-01
HP9,567,631,1198,6986,7042,14028,2013-02-01
HP10,511,624,1135,7919,7689,15608,2013-02-01
HP11,819,918,1737,4689,3765,8454,2013-02-01
HP12,1243,1597,2840,7505,5724,13229,2013-02-01
HP13,2098,2680,4778,14623,12121,26744,2013-02-01
HP14,535,608,1143,7153,6635,13788,2013-02-01
HP15,416,499,915,7169,6763,13932,2013-02-01
HP16,340,365,705,4918,4885,9803,2013-02-01
HP17,280,276,556,3977,3911,7888,2013-02-01
HP18,417,445,862,5333,5086,10419,2013-02-01
HP19,1050,1427,2477,7696,6471,14167,2013-02-01
HP20,792,917,1709,4755,3871,8626,2013-02-01
HP21,1474,1996,3470,11460,9801,21261,2013-02-01
HP22,708,767,1475,9870,9607,19477,2013-02-01
HP23,560,699,1259,6839,6476,13315,2013-02-01
HP27,337,445,782,4891,4673,9564,2013-02-01
HR1,1160,1435,2595,11629,10526,22155,2013-02-01
HR2,1627,2202,3829,13288,11391,24679,2013-02-01
HR3,159,221,380,3062,2804,5866,2013-02-01
HR4,1202,1403,2605,10621,9291,19912,2013-02-01
HR5,120,160,280,1788,1582,3370,2013-02-01
HR6,739,932,1671,7640,6713,14353,2013-02-01
HR7,174,255,429,2786,2410,5196,2013-02-01
HR8,404,555,959,5253,4821,10074,2013-02-01
HR9,573,789,1362,8016,7455,15471,2013-02-01
HS1,283,374,657,1527,1250,2777,2013-02-01
HS2,516,731,1247,4992,3995,8987,2013-02-01
HS3,65,78,143,459,327,786,2013-02-01
HS4,19,13,32,85,67,152,2013-02-01
HS5,14,25,39,112,79,191,2013-02-01
HS6,59,108,167,618,523,1141,2013-02-01
HS7,73,110,183,466,367,833,2013-02-01
HS8,107,120,227,703,522,1225,2013-02-01
HS9,79,61,140,411,359,770,2013-02-01
HU1,256,193,449,810,369,1179,2013-02-01
HU2,388,325,713,892,345,1237,2013-02-01
HU3,2711,2742,5453,6112,3077,9189,2013-02-01
HU4,1360,1708,3068,7209,5395,12604,2013-02-01
HU5,3088,3571,6659,13915,10311,24226,2013-02-01
HU6,2472,3066,5538,8410,5684,14094,2013-02-01
HU7,2852,3545,6397,12029,8832,20861,2013-02-01
HU8,2050,2653,4703,10643,7727,18370,2013-02-01
HU9,2903,3558,6461,10309,6697,17006,2013-02-01
HU10,565,755,1320,7238,6597,13835,2013-02-01
HU11,377,483,860,5161,4435,9596,2013-02-01
HU12,856,1196,2052,9964,8444,18408,2013-02-01
HU13,570,820,1390,5251,4486,9737,2013-02-01
HU14,211,234,445,3368,3241,6609,2013-02-01
HU15,585,797,1382,8947,8324,17271,2013-02-01
HU16,565,651,1216,5756,5113,10869,2013-02-01
HU17,1480,1878,3358,16132,14360,30492,2013-02-01
HU18,344,461,805,3189,2671,5860,2013-02-01
HU19,405,509,914,2326,1512,3838,2013-02-01
HU20,24,29,53,379,374,753,2013-02-01
HX1,1595,2183,3778,6228,3753,9981,2013-02-01
HX2,1746,2451,4197,11973,9726,21699,2013-02-01
HX3,1949,2615,4564,15398,12809,28207,2013-02-01
HX4,398,560,958,4417,3969,8386,2013-02-01
HX5,451,661,1112,3190,2567,5757,2013-02-01
HX6,779,1052,1831,6537,5473,12010,2013-02-01
HX7,618,718,1336,4564,4352,8916,2013-02-01
IG1,10482,7622,18104,19069,11675,30744,2013-02-01
IG2,2553,2496,5049,9027,6614,15641,2013-02-01
IG3,4623,3835,8458,11867,7846,19713,2013-02-01
IG4,732,795,1527,3355,2594,5949,2013-02-01
IG5,1011,1217,2228,5906,4923,10829,2013-02-01
IG6,1733,2066,3799,9148,7613,16761,2013-02-01
IG7,970,1294,2264,7319,6499,13818,2013-02-01
IG8,1866,2277,4143,12982,11641,24623,2013-02-01
IG9,458,554,1012,4845,4612,9457,2013-02-01
IG10,1310,1644,2954,11350,10498,21848,2013-02-01
IG11,7757,6558,14315,14027,8107,22134,2013-02-01
IP1,2179,2504,4683,12321,9399,21720,2013-02-01
IP2,1626,2150,3776,9772,7195,16967,2013-02-01
IP3,1506,1962,3468,10856,8455,19311,2013-02-01
IP4,1556,1881,3437,12229,10327,22556,2013-02-01
IP5,488,547,1035,7357,6755,14112,2013-02-01
IP6,392,524,916,6405,5769,12174,2013-02-01
IP7,445,604,1049,6164,5481,11645,2013-02-01
IP8,275,376,651,4351,3910,8261,2013-02-01
IP9,309,390,699,4438,4099,8537,2013-02-01
IP10,75,89,164,1431,1314,2745,2013-02-01
IP11,1017,1485,2502,10991,9228,20219,2013-02-01
IP12,777,907,1684,9214,8671,17885,2013-02-01
IP13,561,609,1170,7075,6710,13785,2013-02-01
IP14,1138,1417,2555,14497,12805,27302,2013-02-01
IP15,67,82,149,901,956,1857,2013-02-01
IP16,286,330,616,2355,1978,4333,2013-02-01
IP17,335,432,767,4404,4118,8522,2013-02-01
IP18,112,131,243,1422,1390,2812,2013-02-01
IP19,271,309,580,3931,3645,7576,2013-02-01
IP20,224,260,484,3037,2756,5793,2013-02-01
IP21,244,346,590,4494,4050,8544,2013-02-01
IP22,648,750,1398,8215,7433,15648,2013-02-01
IP23,209,261,470,2826,2580,5406,2013-02-01
IP24,1389,1820,3209,8603,6802,15405,2013-02-01
IP25,534,725,1259,6347,5487,11834,2013-02-01
IP26,266,347,613,3256,2935,6191,2013-02-01
IP27,811,1016,1827,5526,4779,10305,2013-02-01
IP28,837,1100,1937,8054,7407,15461,2013-02-01
IP29,208,259,467,3512,3359,6871,2013-02-01
IP30,351,429,780,5363,5043,10406,2013-02-01
IP31,483,701,1184,8113,7313,15426,2013-02-01
IP32,632,846,1478,5437,4769,10206,2013-02-01
IP33,887,1188,2075,8195,7196,15391,2013-02-01
IV1,152,141,293,905,758,1663,2013-02-01
IV2,2064,2744,4808,16424,14594,31018,2013-02-01
IV3,1212,1529,2741,5786,4473,10259,2013-02-01
IV4,157,199,356,1653,1498,3151,2013-02-01
IV5,47,63,110,486,457,943,2013-02-01
IV6,155,167,322,1672,1499,3171,2013-02-01
IV7,186,255,441,2222,2034,4256,2013-02-01
IV8,34,42,76,344,298,642,2013-02-01
IV9,46,60,106,439,408,847,2013-02-01
IV10,102,127,229,961,905,1866,2013-02-01
IV11,60,57,117,309,282,591,2013-02-01
IV12,616,708,1324,4385,3897,8282,2013-02-01
IV13,18,19,37,245,182,427,2013-02-01
IV14,81,103,184,799,723,1522,2013-02-01
IV15,316,358,674,1893,1677,3570,2013-02-01
IV16,55,67,122,710,627,1337,2013-02-01
IV17,358,436,794,2057,1667,3724,2013-02-01
IV18,290,379,669,2067,1710,3777,2013-02-01
IV19,222,271,493,1695,1501,3196,2013-02-01
IV20,154,190,344,1132,981,2113,2013-02-01
IV21,44,42,86,451,384,835,2013-02-01
IV22,59,71,130,590,521,1111,2013-02-01
IV23,36,42,78,339,287,626,2013-02-01
IV24,48,69,117,561,527,1088,2013-02-01
IV25,74,121,195,899,832,1731,2013-02-01
IV26,89,135,224,697,648,1345,2013-02-01
IV27,171,181,352,1465,1255,2720,2013-02-01
IV28,12,17,29,178,180,358,2013-02-01
IV30,1479,1996,3475,11400,9761,21161,2013-02-01
IV31,353,447,800,2616,2068,4684,2013-02-01
IV32,204,209,413,1826,1667,3493,2013-02-01
IV33,1,0,1,0,0,0,2013-02-01
IV36,629,873,1502,5602,4900,10502,2013-02-01
IV40,126,167,293,921,787,1708,2013-02-01
IV41,30,18,48,135,108,243,2013-02-01
IV42,16,23,39,195,159,354,2013-02-01
IV43,12,17,29,109,96,205,2013-02-01
IV44,13,9,22,102,98,200,2013-02-01
IV45,8,9,17,113,92,205,2013-02-01
IV46,2,4,6,32,31,63,2013-02-01
IV47,19,31,50,218,188,406,2013-02-01
IV48,1,6,7,39,37,76,2013-02-01
IV49,48,63,111,425,360,785,2013-02-01
IV51,222,287,509,1912,1658,3570,2013-02-01
IV52,18,23,41,132,145,277,2013-02-01
IV53,8,6,14,56,56,112,2013-02-01
IV54,55,73,128,556,463,1019,2013-02-01
IV55,57,50,107,512,445,957,2013-02-01
IV56,8,9,17,139,118,257,2013-02-01
IV63,104,135,239,940,871,1811,2013-02-01
KA1,1319,1765,3084,9462,7782,17244,2013-02-01
KA2,271,401,672,2557,2205,4762,2013-02-01
KA3,1742,2365,4107,12664,10816,23480,2013-02-01
KA4,216,343,559,1927,1679,3606,2013-02-01
KA5,392,627,1019,3553,2834,6387,2013-02-01
KA6,964,1315,2279,6366,5078,11444,2013-02-01
KA7,1114,1386,2500,10368,9453,19821,2013-02-01
KA8,1101,1494,2595,5466,3972,9438,2013-02-01
KA9,627,766,1393,5853,5294,11147,2013-02-01
KA10,617,802,1419,5828,5311,11139,2013-02-01
KA11,1097,1645,2742,6821,5554,12375,2013-02-01
KA12,1129,1518,2647,5417,4039,9456,2013-02-01
KA13,923,1315,2238,5443,4451,9894,2013-02-01
KA14,34,34,68,193,155,348,2013-02-01
KA15,310,429,739,2529,2202,4731,2013-02-01
KA16,162,181,343,1124,870,1994,2013-02-01
KA17,139,195,334,1527,1250,2777,2013-02-01
KA18,1046,1496,2542,7058,5306,12364,2013-02-01
KA19,335,465,800,2688,2265,4953,2013-02-01
KA20,618,827,1445,2599,1916,4515,2013-02-01
KA21,771,903,1674,3776,3011,6787,2013-02-01
KA22,629,894,1523,3462,2808,6270,2013-02-01
KA23,186,260,446,2023,1893,3916,2013-02-01
KA24,244,405,649,2063,1712,3775,2013-02-01
KA25,392,507,899,2205,1735,3940,2013-02-01
KA26,471,691,1162,3749,3024,6773,2013-02-01
KA27,200,276,476,1767,1621,3388,2013-02-01
KA28,47,67,114,444,370,814,2013-02-01
KA29,48,62,110,596,552,1148,2013-02-01
KA30,396,592,988,4162,3632,7794,2013-02-01
KT1,1585,1664,3249,7205,5630,12835,2013-02-01
KT2,1802,2167,3969,11099,10031,21130,2013-02-01
KT3,2846,2991,5837,14847,12585,27432,2013-02-01
KT4,1324,1521,2845,11236,10109,21345,2013-02-01
KT5,1110,1183,2293,7386,6321,13707,2013-02-01
KT6,1635,1959,3594,11114,9622,20736,2013-02-01
KT7,397,396,793,3886,3891,7777,2013-02-01
KT8,899,1035,1934,7689,7171,14860,2013-02-01
KT9,1107,1288,2395,7681,6664,14345,2013-02-01
KT10,778,829,1607,8851,8894,17745,2013-02-01
KT11,722,796,1518,6944,7159,14103,2013-02-01
KT12,1501,1701,3202,14410,13752,28162,2013-02-01
KT13,844,931,1775,9769,9606,19375,2013-02-01
KT14,484,566,1050,5221,5017,10238,2013-02-01
KT15,1007,1108,2115,10688,9657,20345,2013-02-01
KT16,720,899,1619,7355,6674,14029,2013-02-01
KT17,915,929,1844,9120,8396,17516,2013-02-01
KT18,581,741,1322,6411,6152,12563,2013-02-01
KT19,1700,1958,3658,12558,11215,23773,2013-02-01
KT20,613,754,1367,8170,7754,15924,2013-02-01
KT21,402,459,861,5357,5310,10667,2013-02-01
KT22,898,962,1860,9507,8994,18501,2013-02-01
KT23,325,328,653,4353,4356,8709,2013-02-01
KT24,255,282,537,3902,4016,7918,2013-02-01
KW1,484,603,1087,3842,3168,7010,2013-02-01
KW2,5,4,9,26,28,54,2013-02-01
KW3,39,51,90,400,306,706,2013-02-01
KW5,10,9,19,130,110,240,2013-02-01
KW6,14,13,27,148,119,267,2013-02-01
KW7,2,4,6,39,40,79,2013-02-01
KW8,26,40,66,317,264,581,2013-02-01
KW9,70,94,164,647,583,1230,2013-02-01
KW10,85,95,180,597,519,1116,2013-02-01
KW11,5,9,14,54,38,92,2013-02-01
KW12,44,68,112,656,573,1229,2013-02-01
KW13,2,6,8,38,40,78,2013-02-01
KW14,623,776,1399,4466,3650,8116,2013-02-01
KW15,390,525,915,2716,2395,5111,2013-02-01
KW16,164,246,410,1330,1156,2486,2013-02-01
KW17,381,516,897,3336,2944,6280,2013-02-01
KY1,1241,1592,2833,7792,6195,13987,2013-02-01
KY2,1386,1924,3310,10008,8411,18419,2013-02-01
KY3,469,646,1115,3824,3397,7221,2013-02-01
KY4,1005,1447,2452,7069,5397,12466,2013-02-01
KY5,974,1485,2459,6313,4664,10977,2013-02-01
KY6,990,1342,2332,6364,5180,11544,2013-02-01
KY7,1305,1896,3201,9366,7872,17238,2013-02-01
KY8,1779,2376,4155,11131,8903,20034,2013-02-01
KY9,48,78,126,779,729,1508,2013-02-01
KY10,326,478,804,3278,2870,6148,2013-02-01
KY11,2712,3655,6367,20201,17254,37455,2013-02-01
KY12,1601,2127,3728,13961,11930,25891,2013-02-01
KY13,325,380,705,4294,4155,8449,2013-02-01
KY14,211,305,516,2570,2241,4811,2013-02-01
KY15,732,979,1711,7966,7373,15339,2013-02-01
KY16,1036,1277,2313,6554,5745,12299,2013-02-01
L1,383,369,752,1064,606,1670,2013-02-01
L2,63,34,97,187,92,279,2013-02-01
L3,737,726,1463,2622,1636,4258,2013-02-01
L4,3350,4338,7688,9443,5989,15432,2013-02-01
L5,1287,1590,2877,2695,1494,4189,2013-02-01
L6,2075,2387,4462,4652,2607,7259,2013-02-01
L7,2026,1940,3966,3333,1672,5005,2013-02-01
L8,3532,3581,7113,6020,3461,9481,2013-02-01
L9,1955,2706,4661,8697,6354,15051,2013-02-01
L10,791,1182,1973,4959,3892,8851,2013-02-01
L11,2135,2891,5026,6053,4106,10159,2013-02-01
L12,1523,2036,3559,10388,8936,19324,2013-02-01
L13,2293,2917,5210,8142,5537,13679,2013-02-01
L14,1912,2757,4669,6914,5076,11990,2013-02-01
L15,2027,2449,4476,6809,4989,11798,2013-02-01
L16,617,783,1400,5358,4783,10141,2013-02-01
L17,1391,1523,2914,6478,5448,11926,2013-02-01
L18,1131,1401,2532,8637,7851,16488,2013-02-01
L19,1329,1532,2861,7102,5944,13046,2013-02-01
L20,2764,3257,6021,7689,4972,12661,2013-02-01
L21,1778,2264,4042,6721,4874,11595,2013-02-01
L22,848,996,1844,4456,3585,8041,2013-02-01
L23,1448,1801,3249,10660,9670,20330,2013-02-01
L24,1148,1491,2639,3866,2695,6561,2013-02-01
L25,1743,2263,4006,11099,9006,20105,2013-02-01
L26,908,1161,2069,4902,4130,9032,2013-02-01
L27,503,724,1227,1598,1083,2681,2013-02-01
L28,568,765,1333,1523,827,2350,2013-02-01
L29,23,21,44,190,184,374,2013-02-01
L30,1329,1775,3104,5462,3961,9423,2013-02-01
L31,1137,1500,2637,11522,10052,21574,2013-02-01
L32,1579,2161,3740,5509,3748,9257,2013-02-01
L33,1409,1884,3293,4476,3163,7639,2013-02-01
L34,514,675,1189,4189,3379,7568,2013-02-01
L35,1503,2179,3682,10400,8126,18526,2013-02-01
L36,2828,3871,6699,11301,8511,19812,2013-02-01
L37,707,869,1576,9242,8793,18035,2013-02-01
L38,72,102,174,1101,1081,2182,2013-02-01
L39,845,1061,1906,9949,9128,19077,2013-02-01
L40,532,591,1123,7305,6550,13855,2013-02-01
L41,89,79,168,56,25,81,2013-02-01
L42,49,38,87,79,37,116,2013-02-01
L43,90,140,230,213,190,403,2013-02-01
L44,40,29,69,60,25,85,2013-02-01
L45,16,21,37,64,42,106,2013-02-01
L46,13,18,31,62,29,91,2013-02-01
L47,14,13,27,60,43,103,2013-02-01
L48,12,11,23,84,79,163,2013-02-01
L49,20,30,50,56,47,103,2013-02-01
L60,4,16,20,177,171,348,2013-02-01
L61,10,10,20,78,77,155,2013-02-01
L62,26,27,53,65,58,123,2013-02-01
L63,14,11,25,95,49,144,2013-02-01
L64,21,23,44,158,149,307,2013-02-01
L65,17,20,37,47,40,87,2013-02-01
L66,24,42,66,165,141,306,2013-02-01
L69,21,5,26,39,5,44,2013-02-01
L71,0,1,1,0,0,0,2013-02-01
LA1,2699,3348,6047,14399,11702,26101,2013-02-01
LA2,560,716,1276,8207,7652,15859,2013-02-01
LA3,1174,1496,2670,8664,7234,15898,2013-02-01
LA4,1281,1575,2856,8494,6985,15479,2013-02-01
LA5,436,625,1061,6266,5976,12242,2013-02-01
LA6,280,384,664,5347,5077,10424,2013-02-01
LA7,121,148,269,2041,1937,3978,2013-02-01
LA8,185,213,398,3745,3591,7336,2013-02-01
LA9,1058,1347,2405,10904,9758,20662,2013-02-01
LA10,98,97,195,1379,1280,2659,2013-02-01
LA11,216,305,521,3900,3759,7659,2013-02-01
LA12,666,792,1458,7864,7037,14901,2013-02-01
LA13,924,1141,2065,6664,5604,12268,2013-02-01
LA14,2298,2842,5140,11836,9031,20867,2013-02-01
LA15,323,453,776,2724,2331,5055,2013-02-01
LA16,109,146,255,1262,1091,2353,2013-02-01
LA17,16,28,44,500,453,953,2013-02-01
LA18,337,484,821,2902,2289,5191,2013-02-01
LA19,30,33,63,414,372,786,2013-02-01
LA20,15,38,53,563,511,1074,2013-02-01
LA21,28,37,65,428,367,795,2013-02-01
LA22,201,241,442,1883,1731,3614,2013-02-01
LA23,381,415,796,3299,3021,6320,2013-02-01
LD1,342,448,790,4247,3728,7975,2013-02-01
LD2,156,175,331,2163,1943,4106,2013-02-01
LD3,715,835,1550,7312,6522,13834,2013-02-01
LD4,11,28,39,322,285,607,2013-02-01
LD5,35,41,76,454,377,831,2013-02-01
LD6,79,119,198,1040,929,1969,2013-02-01
LD7,124,158,282,1851,1616,3467,2013-02-01
LD8,119,143,262,1771,1627,3398,2013-02-01
LE1,1125,1094,2219,2021,905,2926,2013-02-01
LE2,7518,8700,16218,33096,25840,58936,2013-02-01
LE3,6104,7669,13773,29631,22420,52051,2013-02-01
LE4,6969,8948,15917,30091,21820,51911,2013-02-01
LE5,6620,7622,14242,25016,17694,42710,2013-02-01
LE6,331,451,782,4717,4230,8947,2013-02-01
LE7,1242,1670,2912,17323,15696,33019,2013-02-01
LE8,922,1237,2159,13253,12261,25514,2013-02-01
LE9,1619,2163,3782,21141,18523,39664,2013-02-01
LE10,1516,1939,3455,17998,15573,33571,2013-02-01
LE11,3139,3439,6578,17760,13432,31192,2013-02-01
LE12,1817,2348,4165,23419,21075,44494,2013-02-01
LE13,973,1236,2209,9490,8130,17620,2013-02-01
LE14,384,533,917,6973,6388,13361,2013-02-01
LE15,951,1329,2280,11902,10925,22827,2013-02-01
LE16,998,1323,2321,12671,11571,24242,2013-02-01
LE17,462,682,1144,8413,7502,15915,2013-02-01
LE18,1226,1758,2984,11362,9509,20871,2013-02-01
LE19,415,592,1007,5456,4899,10355,2013-02-01
LE65,463,611,1074,5250,4648,9898,2013-02-01
LE67,1972,2646,4618,20938,17568,38506,2013-02-01
LL11,1627,2146,3773,12276,10046,22322,2013-02-01
LL12,1085,1306,2391,10308,8968,19276,2013-02-01
LL13,1950,2268,4218,10363,8298,18661,2013-02-01
LL14,1496,2224,3720,10654,8317,18971,2013-02-01
LL15,334,462,796,3842,3561,7403,2013-02-01
LL16,591,795,1386,5505,4915,10420,2013-02-01
LL17,172,231,403,2023,1877,3900,2013-02-01
LL18,2206,3007,5213,13304,10981,24285,2013-02-01
LL19,877,1218,2095,6957,5908,12865,2013-02-01
LL20,318,363,681,3027,2588,5615,2013-02-01
LL21,211,293,504,2505,2173,4678,2013-02-01
LL22,603,849,1452,6656,5685,12341,2013-02-01
LL23,102,151,253,1540,1310,2850,2013-02-01
LL24,59,83,142,877,723,1600,2013-02-01
LL25,21,19,40,176,156,332,2013-02-01
LL26,162,260,422,1582,1333,2915,2013-02-01
LL27,33,52,85,310,233,543,2013-02-01
LL28,446,590,1036,4958,4623,9581,2013-02-01
LL29,1078,1389,2467,6554,5582,12136,2013-02-01
LL30,1003,1234,2237,7122,6113,13235,2013-02-01
LL31,354,491,845,3201,2892,6093,2013-02-01
LL32,281,367,648,2396,2164,4560,2013-02-01
LL33,173,222,395,1375,1182,2557,2013-02-01
LL34,213,270,483,1473,1269,2742,2013-02-01
LL35,25,24,49,305,257,562,2013-02-01
LL36,147,229,376,1633,1386,3019,2013-02-01
LL37,19,22,41,218,182,400,2013-02-01
LL38,11,32,43,272,212,484,2013-02-01
LL39,9,15,24,93,66,159,2013-02-01
LL40,136,182,318,1502,1326,2828,2013-02-01
LL41,326,438,764,2134,1610,3744,2013-02-01
LL42,144,183,327,767,617,1384,2013-02-01
LL43,10,14,24,212,190,402,2013-02-01
LL44,22,43,65,367,359,726,2013-02-01
LL45,24,23,47,236,209,445,2013-02-01
LL46,50,63,113,680,626,1306,2013-02-01
LL47,14,28,42,222,187,409,2013-02-01
LL48,74,138,212,862,739,1601,2013-02-01
LL49,186,200,386,1526,1231,2757,2013-02-01
LL51,20,32,52,343,275,618,2013-02-01
LL52,75,97,172,973,892,1865,2013-02-01
LL53,458,587,1045,5948,5267,11215,2013-02-01
LL54,379,509,888,3950,3414,7364,2013-02-01
LL55,876,1160,2036,7013,5912,12925,2013-02-01
LL56,90,82,172,729,648,1377,2013-02-01
LL57,1409,1573,2982,7161,5757,12918,2013-02-01
LL58,130,185,315,1418,1284,2702,2013-02-01
LL59,243,249,492,1995,1930,3925,2013-02-01
LL60,76,100,176,1074,1007,2081,2013-02-01
LL61,185,221,406,2277,2135,4412,2013-02-01
LL62,59,58,117,669,629,1298,2013-02-01
LL63,39,66,105,521,467,988,2013-02-01
LL64,36,36,72,340,312,652,2013-02-01
LL65,1131,1389,2520,8016,6646,14662,2013-02-01
LL66,10,6,16,112,97,209,2013-02-01
LL67,60,88,148,517,434,951,2013-02-01
LL68,226,325,551,2205,1882,4087,2013-02-01
LL69,30,37,67,259,214,473,2013-02-01
LL70,8,14,22,112,109,221,2013-02-01
LL71,75,82,157,727,617,1344,2013-02-01
LL72,31,44,75,285,271,556,2013-02-01
LL73,1,5,6,108,95,203,2013-02-01
LL74,62,70,132,935,874,1809,2013-02-01
LL75,53,57,110,558,517,1075,2013-02-01
LL76,12,8,20,121,94,215,2013-02-01
LL77,240,365,605,2398,2202,4600,2013-02-01
LL78,14,14,28,203,192,395,2013-02-01
LN1,1006,1259,2265,9039,7671,16710,2013-02-01
LN2,1833,2229,4062,12585,10665,23250,2013-02-01
LN3,215,325,540,3533,3081,6614,2013-02-01
LN4,1137,1579,2716,14641,12856,27497,2013-02-01
LN5,1502,1817,3319,10862,8832,19694,2013-02-01
LN6,2169,2826,4995,19654,16994,36648,2013-02-01
LN7,196,261,457,2499,2167,4666,2013-02-01
LN8,495,675,1170,6714,5960,12674,2013-02-01
LN9,283,360,643,3647,3188,6835,2013-02-01
LN10,130,186,316,2393,2134,4527,2013-02-01
LN11,941,1259,2200,10620,9403,20023,2013-02-01
LN12,550,690,1240,4788,3515,8303,2013-02-01
LN13,276,316,592,3066,2680,5746,2013-02-01
LS1,170,155,325,687,385,1072,2013-02-01
LS2,708,567,1275,1170,524,1694,2013-02-01
LS3,295,255,550,478,231,709,2013-02-01
LS4,637,674,1311,1991,1333,3324,2013-02-01
LS5,516,615,1131,2126,1601,3727,2013-02-01
LS6,2776,2608,5384,7929,5747,13676,2013-02-01
LS7,2795,3160,5955,7507,5760,13267,2013-02-01
LS8,3953,4336,8289,13766,10438,24204,2013-02-01
LS9,3517,4081,7598,7960,4260,12220,2013-02-01
LS10,2353,3283,5636,8928,5776,14704,2013-02-01
LS11,3123,3475,6598,8196,4482,12678,2013-02-01
LS12,2623,3242,5865,11318,7893,19211,2013-02-01
LS13,2194,3062,5256,10418,7797,18215,2013-02-01
LS14,2286,3150,5436,9381,6746,16127,2013-02-01
LS15,1576,2083,3659,12113,10063,22176,2013-02-01
LS16,1585,1968,3553,12580,11210,23790,2013-02-01
LS17,1552,2239,3791,16486,14948,31434,2013-02-01
LS18,1070,961,2031,7610,6342,13952,2013-02-01
LS19,728,1000,1728,7181,6531,13712,2013-02-01
LS20,404,520,924,4586,4183,8769,2013-02-01
LS21,631,825,1456,6615,5903,12518,2013-02-01
LS22,440,561,1001,6170,5893,12063,2013-02-01
LS23,238,285,523,3229,3116,6345,2013-02-01
LS24,372,460,832,4499,4050,8549,2013-02-01
LS25,1470,2028,3498,14696,12677,27373,2013-02-01
LS26,1147,1755,2902,10493,8762,19255,2013-02-01
LS27,1596,2242,3838,11918,9548,21466,2013-02-01
LS28,1479,2163,3642,13234,11535,24769,2013-02-01
LS29,864,1062,1926,11916,11648,23564,2013-02-01
LU1,4731,4126,8857,12293,7750,20043,2013-02-01
LU2,3320,4112,7432,19950,16149,36099,2013-02-01
LU3,4546,5391,9937,20237,14978,35215,2013-02-01
LU4,4478,5426,9904,16174,10682,26856,2013-02-01
LU5,1789,2394,4183,13529,11195,24724,2013-02-01
LU6,1116,1489,2605,12372,10843,23215,2013-02-01
LU7,1742,2251,3993,21330,19056,40386,2013-02-01
M1,664,449,1113,2125,1017,3142,2013-02-01
M2,9,8,17,30,13,43,2013-02-01
M3,734,621,1355,2673,1488,4161,2013-02-01
M4,615,514,1129,2068,1213,3281,2013-02-01
M5,1359,1408,2767,3644,2213,5857,2013-02-01
M6,2536,2763,5299,8824,6011,14835,2013-02-01
M7,2500,2196,4696,6934,4517,11451,2013-02-01
M8,4350,3452,7802,8495,4678,13173,2013-02-01
M9,3086,3896,6982,9772,6966,16738,2013-02-01
M10,67,49,116,50,14,64,2013-02-01
M11,2052,2498,4550,4573,2676,7249,2013-02-01
M12,2820,2124,4944,3836,1921,5757,2013-02-01
M13,3458,2527,5985,4960,2410,7370,2013-02-01
M14,4962,4196,9158,9152,5407,14559,2013-02-01
M15,1985,1602,3587,4432,2307,6739,2013-02-01
M16,3290,3469,6759,9878,7157,17035,2013-02-01
M17,0,2,2,12,6,18,2013-02-01
M18,2051,2418,4469,5243,3369,8612,2013-02-01
M19,3612,3362,6974,10010,7138,17148,2013-02-01
M20,2797,3135,5932,14342,12045,26387,2013-02-01
M21,1869,2112,3981,9132,8049,17181,2013-02-01
M22,3090,3834,6924,10976,8156,19132,2013-02-01
M23,1976,2608,4584,8680,6776,15456,2013-02-01
M24,2755,3404,6159,14587,11397,25984,2013-02-01
M25,1528,1933,3461,10556,8852,19408,2013-02-01
M26,1666,2114,3780,11358,9370,20728,2013-02-01
M27,1898,2498,4396,13013,10612,23625,2013-02-01
M28,1437,1932,3369,14010,12247,26257,2013-02-01
M29,858,1137,1995,8333,7152,15485,2013-02-01
M30,2243,2707,4950,10623,7989,18612,2013-02-01
M31,655,758,1413,2382,1880,4262,2013-02-01
M32,1745,2044,3789,8876,7355,16231,2013-02-01
M33,2449,2958,5407,21502,19357,40859,2013-02-01
M34,2249,2905,5154,15559,12549,28108,2013-02-01
M35,1036,1345,2381,6695,5292,11987,2013-02-01
M38,910,1231,2141,3415,2226,5641,2013-02-01
M40,3437,4115,7552,10513,7157,17670,2013-02-01
M41,1665,2018,3683,14750,13341,28091,2013-02-01
M43,1208,1799,3007,7447,5926,13373,2013-02-01
M44,924,1317,2241,6381,5112,11493,2013-02-01
M45,1051,1406,2457,7786,6719,14505,2013-02-01
M46,937,1252,2189,7181,5501,12682,2013-02-01
M50,161,165,326,940,560,1500,2013-02-01
M60,37,12,49,68,17,85,2013-02-01
M90,1,0,1,1,0,1,2013-02-01
ME1,1512,1882,3394,10205,8511,18716,2013-02-01
ME2,1739,2412,4151,13803,11559,25362,2013-02-01
ME3,888,1233,2121,10377,9164,19541,2013-02-01
ME4,2098,2482,4580,8464,5784,14248,2013-02-01
ME5,2276,3235,5511,18802,15919,34721,2013-02-01
ME6,417,570,987,3572,3082,6654,2013-02-01
ME7,3044,3926,6970,15732,12227,27959,2013-02-01
ME8,1916,2583,4499,18290,15957,34247,2013-02-01
ME9,654,807,1461,8251,7383,15634,2013-02-01
ME10,2070,2656,4726,15781,13224,29005,2013-02-01
ME11,225,327,552,1005,775,1780,2013-02-01
ME12,1803,2455,4258,12408,9715,22123,2013-02-01
ME13,1076,1409,2485,9763,8590,18353,2013-02-01
ME14,1184,1371,2555,11684,9932,21616,2013-02-01
ME15,2061,2647,4708,16616,13905,30521,2013-02-01
ME16,1122,1525,2647,10926,9192,20118,2013-02-01
ME17,604,759,1363,8967,8013,16980,2013-02-01
ME18,216,236,452,2803,2614,5417,2013-02-01
ME19,634,744,1378,7704,7359,15063,2013-02-01
ME20,652,928,1580,7725,6902,14627,2013-02-01
MK1,68,60,128,281,153,434,2013-02-01
MK2,1067,1467,2534,4494,3192,7686,2013-02-01
MK3,1120,1473,2593,7981,6806,14787,2013-02-01
MK4,729,1074,1803,7305,6727,14032,2013-02-01
MK5,691,831,1522,5314,4939,10253,2013-02-01
MK6,2927,3469,6396,8136,5506,13642,2013-02-01
MK7,645,849,1494,5168,4786,9954,2013-02-01
MK8,560,781,1341,4375,3816,8191,2013-02-01
MK9,323,304,627,1117,644,1761,2013-02-01
MK10,371,502,873,3597,3266,6863,2013-02-01
MK11,413,568,981,2807,2335,5142,2013-02-01
MK12,921,1132,2053,4218,3067,7285,2013-02-01
MK13,1378,1606,2984,6470,5187,11657,2013-02-01
MK14,1456,1852,3308,6752,5239,11991,2013-02-01
MK15,335,418,753,2799,2568,5367,2013-02-01
MK16,685,855,1540,7223,6584,13807,2013-02-01
MK17,416,470,886,7247,6809,14056,2013-02-01
MK18,1180,1364,2544,11811,10967,22778,2013-02-01
MK19,301,410,711,4564,4200,8764,2013-02-01
MK40,2182,2178,4360,9758,7099,16857,2013-02-01
MK41,1811,2323,4134,14818,13168,27986,2013-02-01
MK42,2574,3665,6239,13856,10876,24732,2013-02-01
MK43,1066,1147,2213,12884,11872,24756,2013-02-01
MK44,394,499,893,6560,6171,12731,2013-02-01
MK45,1281,1572,2853,17124,15781,32905,2013-02-01
MK46,223,275,498,3653,3432,7085,2013-02-01
ML1,2840,3831,6671,16410,12822,29232,2013-02-01
ML2,2043,2690,4733,12162,9494,21656,2013-02-01
ML3,2642,3546,6188,16764,13275,30039,2013-02-01
ML4,1330,1901,3231,6795,5104,11899,2013-02-01
ML5,2664,3492,6156,13714,10508,24222,2013-02-01
ML6,2646,3649,6295,17547,14004,31551,2013-02-01
ML7,730,1062,1792,5036,3774,8810,2013-02-01
ML8,632,918,1550,7087,6177,13264,2013-02-01
ML9,1100,1618,2718,7978,6364,14342,2013-02-01
ML10,374,472,846,4010,3678,7688,2013-02-01
ML11,1251,1912,3163,12296,10270,22566,2013-02-01
ML12,212,371,583,3423,3110,6533,2013-02-01
N1,9294,10255,19549,23193,16246,39439,2013-02-01
N2,2022,2090,4112,8764,7847,16611,2013-02-01
N3,2119,2358,4477,11125,9553,20678,2013-02-01
N4,6713,6160,12873,13886,9010,22896,2013-02-01
N5,2133,2408,4541,7028,5497,12525,2013-02-01
N6,1249,1488,2737,7199,6365,13564,2013-02-01
N7,5228,5461,10689,11704,7775,19479,2013-02-01
N8,4156,4162,8318,12266,9684,21950,2013-02-01
N9,5462,6651,12113,14019,9986,24005,2013-02-01
N10,2053,2476,4529,9083,7978,17061,2013-02-01
N11,2622,2837,5459,9853,7461,17314,2013-02-01
N12,2266,2556,4822,11680,9743,21423,2013-02-01
N13,2683,2905,5588,11469,8826,20295,2013-02-01
N14,1706,2017,3723,11423,9756,21179,2013-02-01
N15,7320,6414,13734,11596,6494,18090,2013-02-01
N16,8461,7531,15992,16350,10630,26980,2013-02-01
N17,10371,10445,20816,15673,9331,25004,2013-02-01
N18,3890,4506,8396,8582,5668,14250,2013-02-01
N19,3896,4441,8337,9537,7009,16546,2013-02-01
N20,1124,1277,2401,7702,7018,14720,2013-02-01
N21,1063,1238,2301,8863,8008,16871,2013-02-01
N22,5626,5573,11199,12915,8602,21517,2013-02-01
NE1,559,380,939,1544,665,2209,2013-02-01
NE2,1316,1176,2492,5414,3955,9369,2013-02-01
NE3,2547,3280,5827,17293,14794,32087,2013-02-01
NE4,4231,3595,7826,8112,4222,12334,2013-02-01
NE5,2633,3751,6384,13755,9724,23479,2013-02-01
NE6,3694,4204,7898,11092,7035,18127,2013-02-01
NE7,721,919,1640,5002,4224,9226,2013-02-01
NE8,2689,2731,5420,7557,4089,11646,2013-02-01
NE9,1932,2592,4524,11077,8169,19246,2013-02-01
NE10,1945,2769,4714,9962,6712,16674,2013-02-01
NE11,807,1202,2009,5073,3675,8748,2013-02-01
NE12,1658,2435,4093,10797,8398,19195,2013-02-01
NE13,468,601,1069,4361,3790,8151,2013-02-01
NE15,1854,2552,4406,9938,7164,17102,2013-02-01
NE16,902,1411,2313,8993,7300,16293,2013-02-01
NE17,228,324,552,1484,1167,2651,2013-02-01
NE18,21,30,51,357,349,706,2013-02-01
NE19,40,82,122,894,793,1687,2013-02-01
NE20,281,354,635,4976,4805,9781,2013-02-01
NE21,789,1154,1943,5403,3959,9362,2013-02-01
NE22,741,1010,1751,5944,4824,10768,2013-02-01
NE23,1698,2719,4417,13380,10752,24132,2013-02-01
NE24,1807,2569,4376,11626,8887,20513,2013-02-01
NE25,1099,1543,2642,10446,9298,19744,2013-02-01
NE26,760,920,1680,6905,6123,13028,2013-02-01
NE27,514,847,1361,3789,3093,6882,2013-02-01
NE28,2584,3760,6344,12827,9235,22062,2013-02-01
NE29,2126,2845,4971,9878,7511,17389,2013-02-01
NE30,869,1021,1890,7676,6881,14557,2013-02-01
NE31,1160,1528,2688,5545,4093,9638,2013-02-01
NE32,1517,2014,3531,7254,5351,12605,2013-02-01
NE33,1998,1922,3920,7676,5328,13004,2013-02-01
NE34,2909,3683,6592,15105,11346,26451,2013-02-01
NE35,315,422,737,2019,1562,3581,2013-02-01
NE36,233,283,516,2474,2189,4663,2013-02-01
NE37,1191,1804,2995,6022,4406,10428,2013-02-01
NE38,1693,2412,4105,10980,8688,19668,2013-02-01
NE39,299,490,789,3014,2545,5559,2013-02-01
NE40,601,881,1482,5258,4395,9653,2013-02-01
NE41,59,70,129,820,793,1613,2013-02-01
NE42,496,786,1282,4143,3660,7803,2013-02-01
NE43,94,140,234,1819,1718,3537,2013-02-01
NE44,15,29,44,438,428,866,2013-02-01
NE45,94,148,242,1400,1307,2707,2013-02-01
NE46,543,758,1301,5520,5071,10591,2013-02-01
NE47,224,289,513,3072,2820,5892,2013-02-01
NE48,105,159,264,1812,1589,3401,2013-02-01
NE49,163,254,417,1567,1200,2767,2013-02-01
NE61,1082,1584,2666,11636,10176,21812,2013-02-01
NE62,361,578,939,3251,2565,5816,2013-02-01
NE63,1411,2056,3467,8477,6191,14668,2013-02-01
NE64,346,511,857,1798,1316,3114,2013-02-01
NE65,599,880,1479,7526,6527,14053,2013-02-01
NE66,464,747,1211,6448,5661,12109,2013-02-01
NE67,17,20,37,357,347,704,2013-02-01
NE68,43,65,108,756,652,1408,2013-02-01
NE69,10,12,22,150,147,297,2013-02-01
NE70,39,76,115,678,632,1310,2013-02-01
NE71,78,120,198,1118,986,2104,2013-02-01
NE99,0,0,0,3,0,3,2013-02-01
NG1,678,550,1228,1762,948,2710,2013-02-01
NG2,3206,3862,7068,17368,14071,31439,2013-02-01
NG3,3109,4136,7245,13241,9924,23165,2013-02-01
NG4,1891,2632,4523,13635,11088,24723,2013-02-01
NG5,4829,6757,11586,26456,21313,47769,2013-02-01
NG6,2469,3480,5949,10198,7367,17565,2013-02-01
NG7,4593,4256,8849,9369,5112,14481,2013-02-01
NG8,3922,5542,9464,17084,12717,29801,2013-02-01
NG9,3443,4278,7721,24468,20197,44665,2013-02-01
NG10,2194,2822,5016,16142,13266,29408,2013-02-01
NG11,1847,2666,4513,11643,9024,20667,2013-02-01
NG12,1061,1511,2572,12447,11335,23782,2013-02-01
NG13,596,772,1368,7907,7220,15127,2013-02-01
NG14,577,711,1288,7242,6579,13821,2013-02-01
NG15,1622,2332,3954,13739,11391,25130,2013-02-01
NG16,2471,3406,5877,22840,18670,41510,2013-02-01
NG17,3090,4159,7249,23524,18698,42222,2013-02-01
NG18,2024,2495,4519,13437,11072,24509,2013-02-01
NG19,2245,3026,5271,17423,13801,31224,2013-02-01
NG20,1395,1919,3314,8046,5892,13938,2013-02-01
NG21,870,1188,2058,7659,6512,14171,2013-02-01
NG22,987,1386,2373,9725,8272,17997,2013-02-01
NG23,392,480,872,7220,6780,14000,2013-02-01
NG24,1959,2551,4510,15108,12437,27545,2013-02-01
NG25,241,327,568,3323,3200,6523,2013-02-01
NG31,2000,2610,4610,14874,11958,26832,2013-02-01
NG32,317,394,711,5371,4932,10303,2013-02-01
NG33,232,334,566,3949,3582,7531,2013-02-01
NG34,1349,1619,2968,15034,13464,28498,2013-02-01
NN1,2602,2400,5002,8629,5803,14432,2013-02-01
NN2,2192,2557,4749,12332,9681,22013,2013-02-01
NN3,4148,5527,9675,24105,19964,44069,2013-02-01
NN4,1780,2376,4156,16548,14742,31290,2013-02-01
NN5,1860,2352,4212,12675,10193,22868,2013-02-01
NN6,881,1105,1986,13679,12919,26598,2013-02-01
NN7,712,1002,1714,11443,10609,22052,2013-02-01
NN8,2798,3669,6467,16035,12808,28843,2013-02-01
NN9,849,1176,2025,9962,8636,18598,2013-02-01
NN10,1314,1807,3121,13720,11792,25512,2013-02-01
NN11,1501,2112,3613,13999,11890,25889,2013-02-01
NN12,651,885,1536,9630,8683,18313,2013-02-01
NN13,565,706,1271,7236,6667,13903,2013-02-01
NN14,1174,1588,2762,16543,14918,31461,2013-02-01
NN15,1224,1661,2885,12672,11261,23933,2013-02-01
NN16,1737,2019,3756,9432,7342,16774,2013-02-01
NN17,1592,2101,3693,8388,6396,14784,2013-02-01
NN18,2175,2886,5061,9795,7611,17406,2013-02-01
NN29,317,420,737,4452,3978,8430,2013-02-01
NP1,72,92,164,278,218,496,2013-02-01
NP2,14,21,35,106,64,170,2013-02-01
NP3,18,30,48,93,64,157,2013-02-01
NP4,1695,2370,4065,15356,12642,27998,2013-02-01
NP5,7,12,19,52,46,98,2013-02-01
NP6,27,25,52,131,80,211,2013-02-01
NP7,766,1056,1822,9675,8784,18459,2013-02-01
NP8,114,209,323,2213,2071,4284,2013-02-01
NP9,43,37,80,148,64,212,2013-02-01
NP10,790,1011,1801,8252,7493,15745,2013-02-01
NP11,1582,2255,3837,12168,9724,21892,2013-02-01
NP12,1262,1935,3197,11248,9112,20360,2013-02-01
NP13,972,1415,2387,6382,4518,10900,2013-02-01
NP15,144,189,333,3170,2992,6162,2013-02-01
NP16,795,1058,1853,8816,8005,16821,2013-02-01
NP18,496,689,1185,6422,5777,12199,2013-02-01
NP19,3113,4063,7176,15241,11153,26394,2013-02-01
NP20,2943,3712,6655,15075,11491,26566,2013-02-01
NP22,1046,1564,2610,6777,5029,11806,2013-02-01
NP23,1495,2168,3663,10600,8052,18652,2013-02-01
NP24,288,391,679,1395,971,2366,2013-02-01
NP25,461,532,993,5660,5289,10949,2013-02-01
NP26,716,941,1657,8468,7464,15932,2013-02-01
NP44,2145,2925,5070,15743,12931,28674,2013-02-01
NR1,1542,1588,3130,7803,5957,13760,2013-02-01
NR2,1307,1543,2850,7580,6318,13898,2013-02-01
NR3,2105,2286,4391,9899,7394,17293,2013-02-01
NR4,914,1112,2026,6824,6077,12901,2013-02-01
NR5,1586,1987,3573,8644,6943,15587,2013-02-01
NR6,776,1015,1791,9179,7846,17025,2013-02-01
NR7,1015,1297,2312,11693,10272,21965,2013-02-01
NR8,487,594,1081,7629,7190,14819,2013-02-01
NR9,394,530,924,6766,6307,13073,2013-02-01
NR10,567,739,1306,8742,7992,16734,2013-02-01
NR11,478,618,1096,6928,6333,13261,2013-02-01
NR12,551,713,1264,8127,7330,15457,2013-02-01
NR13,611,787,1398,10483,9708,20191,2013-02-01
NR14,616,697,1313,9243,8709,17952,2013-02-01
NR15,359,490,849,6122,5797,11919,2013-02-01
NR16,284,431,715,4841,4438,9279,2013-02-01
NR17,434,550,984,5935,5176,11111,2013-02-01
NR18,468,620,1088,6113,5655,11768,2013-02-01
NR19,658,912,1570,7004,6037,13041,2013-02-01
NR20,483,628,1111,7345,6552,13897,2013-02-01
NR21,462,627,1089,6014,5316,11330,2013-02-01
NR22,25,47,72,328,316,644,2013-02-01
NR23,119,147,266,1154,927,2081,2013-02-01
NR24,109,150,259,1705,1534,3239,2013-02-01
NR25,255,313,568,3274,3010,6284,2013-02-01
NR26,261,333,594,2944,2606,5550,2013-02-01
NR27,435,567,1002,3993,3447,7440,2013-02-01
NR28,581,683,1264,6221,5491,11712,2013-02-01
NR29,565,761,1326,8052,6995,15047,2013-02-01
NR30,1908,2130,4038,8898,6250,15148,2013-02-01
NR31,2243,2822,5065,16580,13287,29867,2013-02-01
NR32,1724,1978,3702,13103,10770,23873,2013-02-01
NR33,1510,1826,3336,13855,11727,25582,2013-02-01
NR34,634,801,1435,8476,7542,16018,2013-02-01
NR35,314,426,740,4101,3675,7776,2013-02-01
NW1,6550,6777,13327,15779,10187,25966,2013-02-01
NW2,9854,8747,18601,23532,15247,38779,2013-02-01
NW3,4220,5049,9269,19670,16388,36058,2013-02-01
NW4,3056,3182,6238,12067,9599,21666,2013-02-01
NW5,3020,3489,6509,7961,6146,14107,2013-02-01
NW6,7762,7659,15421,21037,15740,36777,2013-02-01
NW7,1688,2039,3727,9652,8469,18121,2013-02-01
NW8,3505,4344,7849,12268,9113,21381,2013-02-01
NW9,7461,7489,14950,21388,14486,35874,2013-02-01
NW10,14944,13894,28838,27482,17532,45014,2013-02-01
NW11,2904,2965,5869,13326,11580,24906,2013-02-01
OL1,1613,1829,3442,5344,3646,8990,2013-02-01
OL2,1702,2325,4027,14569,12318,26887,2013-02-01
OL3,450,505,955,5818,5379,11197,2013-02-01
OL4,2439,3031,5470,13757,10398,24155,2013-02-01
OL5,485,662,1147,3816,3196,7012,2013-02-01
OL6,1710,2218,3928,8750,6300,15050,2013-02-01
OL7,950,1320,2270,5127,3673,8800,2013-02-01
OL8,2827,3553,6380,10181,6420,16601,2013-02-01
OL9,2501,2974,5475,12118,8730,20848,2013-02-01
OL10,1552,1944,3496,8548,6820,15368,2013-02-01
OL11,2687,3254,5941,13922,10812,24734,2013-02-01
OL12,2243,2939,5182,14760,11879,26639,2013-02-01
OL13,695,991,1686,5226,4250,9476,2013-02-01
OL14,694,977,1671,5118,4341,9459,2013-02-01
OL15,528,690,1218,5280,4676,9956,2013-02-01
OL16,2212,2623,4835,11099,8575,19674,2013-02-01
OX1,1486,1163,2649,5917,4608,10525,2013-02-01
OX2,2490,2771,5261,12940,11694,24634,2013-02-01
OX3,2811,3545,6356,12846,10394,23240,2013-02-01
OX4,4989,5459,10448,16885,12255,29140,2013-02-01
OX5,1237,1354,2591,8986,7855,16841,2013-02-01
OX6,25,19,44,74,54,128,2013-02-01
OX7,765,1020,1785,9051,8435,17486,2013-02-01
OX8,35,37,72,187,173,360,2013-02-01
OX9,518,644,1162,5478,5107,10585,2013-02-01
OX10,959,1192,2151,9814,8871,18685,2013-02-01
OX11,1339,1771,3110,12091,10517,22608,2013-02-01
OX12,954,1228,2182,9777,8656,18433,2013-02-01
OX13,389,586,975,5205,4637,9842,2013-02-01
OX14,1866,2356,4222,16403,14351,30754,2013-02-01
OX15,544,587,1131,7473,7113,14586,2013-02-01
OX16,2397,3240,5637,15146,11990,27136,2013-02-01
OX17,406,546,952,7040,6575,13615,2013-02-01
OX18,831,1200,2031,9219,8183,17402,2013-02-01
OX20,171,198,369,1803,1748,3551,2013-02-01
OX25,310,454,764,3508,3231,6739,2013-02-01
OX26,1398,1818,3216,11421,9889,21310,2013-02-01
OX27,199,261,460,2562,2480,5042,2013-02-01
OX28,1170,1422,2592,9487,8490,17977,2013-02-01
OX29,740,877,1617,9242,8530,17772,2013-02-01
OX33,259,297,556,3100,2850,5950,2013-02-01
OX39,148,191,339,2849,2639,5488,2013-02-01
OX44,280,328,608,3304,3060,6364,2013-02-01
OX49,108,150,258,1626,1659,3285,2013-02-01
PA1,1198,1532,2730,6637,5168,11805,2013-02-01
PA2,2127,2800,4927,12844,10602,23446,2013-02-01
PA3,1786,2214,4000,6450,4471,10921,2013-02-01
PA4,1219,1694,2913,7516,6084,13600,2013-02-01
PA5,1328,1769,3097,6781,5160,11941,2013-02-01
PA6,175,245,420,2642,2611,5253,2013-02-01
PA7,202,272,474,2111,1840,3951,2013-02-01
PA8,709,968,1677,5309,4605,9914,2013-02-01
PA9,55,69,124,671,618,1289,2013-02-01
PA10,147,205,352,1455,1313,2768,2013-02-01
PA11,199,283,482,2177,1998,4175,2013-02-01
PA12,136,184,320,1267,1182,2449,2013-02-01
PA13,118,164,282,1823,1822,3645,2013-02-01
PA14,1284,1576,2860,4824,3717,8541,2013-02-01
PA15,1344,1509,2853,4387,3186,7573,2013-02-01
PA16,1903,2240,4143,8752,7388,16140,2013-02-01
PA17,74,87,161,926,780,1706,2013-02-01
PA18,77,133,210,1029,994,2023,2013-02-01
PA19,510,687,1197,4112,3609,7721,2013-02-01
PA20,335,450,785,2147,1772,3919,2013-02-01
PA21,40,37,77,332,275,607,2013-02-01
PA22,10,5,15,146,116,262,2013-02-01
PA23,709,988,1697,4312,3908,8220,2013-02-01
PA24,21,20,41,201,156,357,2013-02-01
PA25,0,4,4,25,26,51,2013-02-01
PA26,9,6,15,64,42,106,2013-02-01
PA27,18,37,55,292,285,577,2013-02-01
PA28,360,466,826,2593,2173,4766,2013-02-01
PA29,106,111,217,914,819,1733,2013-02-01
PA30,54,77,131,536,489,1025,2013-02-01
PA31,196,263,459,1932,1701,3633,2013-02-01
PA32,31,57,88,514,431,945,2013-02-01
PA33,31,35,66,305,250,555,2013-02-01
PA34,583,695,1278,3769,3221,6990,2013-02-01
PA35,44,64,108,542,490,1032,2013-02-01
PA36,2,1,3,21,14,35,2013-02-01
PA37,108,150,258,1116,1004,2120,2013-02-01
PA38,40,41,81,352,326,678,2013-02-01
PA39,2,0,2,6,12,18,2013-02-01
PA40,1,3,4,5,3,8,2013-02-01
PA41,6,8,14,47,46,93,2013-02-01
PA42,58,80,138,411,339,750,2013-02-01
PA43,46,66,112,299,236,535,2013-02-01
PA44,7,13,20,128,106,234,2013-02-01
PA45,12,12,24,55,34,89,2013-02-01
PA46,8,9,17,78,67,145,2013-02-01
PA47,6,9,15,71,61,132,2013-02-01
PA48,19,17,36,120,106,226,2013-02-01
PA49,6,10,16,71,62,133,2013-02-01
PA60,9,20,29,85,70,155,2013-02-01
PA61,7,18,25,58,53,111,2013-02-01
PA62,2,4,6,13,9,22,2013-02-01
PA63,1,0,1,3,5,8,2013-02-01
PA64,2,4,6,44,38,82,2013-02-01
PA65,9,18,27,86,82,168,2013-02-01
PA66,4,10,14,72,63,135,2013-02-01
PA67,18,21,39,103,109,212,2013-02-01
PA68,1,0,1,4,5,9,2013-02-01
PA69,1,2,3,9,10,19,2013-02-01
PA70,4,4,8,29,27,56,2013-02-01
PA71,2,0,2,25,15,40,2013-02-01
PA72,16,18,34,189,162,351,2013-02-01
PA73,1,1,2,32,27,59,2013-02-01
PA74,0,1,1,16,17,33,2013-02-01
PA75,58,70,128,524,501,1025,2013-02-01
PA76,5,8,13,54,58,112,2013-02-01
PA77,33,41,74,249,258,507,2013-02-01
PA78,11,17,28,66,69,135,2013-02-01
PA80,7,4,11,13,2,15,2013-02-01
PA81,2,6,8,19,12,31,2013-02-01
PA82,4,5,9,19,17,36,2013-02-01
PA83,0,0,0,2,1,3,2013-02-01
PA84,1,1,2,2,2,4,2013-02-01
PA85,4,3,7,3,5,8,2013-02-01
PA86,26,37,63,131,111,242,2013-02-01
PA87,10,17,27,26,26,52,2013-02-01
PA88,3,1,4,9,1,10,2013-02-01
PE1,3939,4088,8027,13376,8601,21977,2013-02-01
PE2,2284,3056,5340,14636,11858,26494,2013-02-01
PE3,1915,2545,4460,9433,7013,16446,2013-02-01
PE4,1301,1789,3090,9523,8220,17743,2013-02-01
PE5,34,33,67,584,554,1138,2013-02-01
PE6,1060,1407,2467,14036,12785,26821,2013-02-01
PE7,1331,1734,3065,15201,13477,28678,2013-02-01
PE8,495,710,1205,6559,6047,12606,2013-02-01
PE9,1139,1349,2488,11666,10813,22479,2013-02-01
PE10,621,826,1447,8091,7359,15450,2013-02-01
PE11,1462,1803,3265,14945,12782,27727,2013-02-01
PE12,1122,1571,2693,15140,12992,28132,2013-02-01
PE13,1548,1787,3335,11640,9676,21316,2013-02-01
PE14,641,817,1458,8243,7393,15636,2013-02-01
PE15,944,1213,2157,10491,8939,19430,2013-02-01
PE16,328,432,760,3918,3263,7181,2013-02-01
PE17,39,22,61,108,79,187,2013-02-01
PE18,37,78,115,114,102,216,2013-02-01
PE19,1466,2036,3502,16080,14144,30224,2013-02-01
PE20,444,601,1045,5332,4590,9922,2013-02-01
PE21,1969,2272,4241,12942,10653,23595,2013-02-01
PE22,476,613,1089,6775,5879,12654,2013-02-01
PE23,283,327,610,3338,2977,6315,2013-02-01
PE24,429,510,939,4611,3703,8314,2013-02-01
PE25,1018,1273,2291,7091,5412,12503,2013-02-01
PE26,390,513,903,4366,3899,8265,2013-02-01
PE27,708,952,1660,7414,6375,13789,2013-02-01
PE28,1343,1725,3068,18123,16903,35026,2013-02-01
PE29,1443,1926,3369,9374,7752,17126,2013-02-01
PE30,2067,2698,4765,13655,11249,24904,2013-02-01
PE31,466,596,1062,7663,7056,14719,2013-02-01
PE32,353,502,855,6204,5659,11863,2013-02-01
PE33,390,553,943,6003,5277,11280,2013-02-01
PE34,420,544,964,5458,4761,10219,2013-02-01
PE35,1,1,2,33,32,65,2013-02-01
PE36,209,263,472,2278,2057,4335,2013-02-01
PE37,308,430,738,3707,3144,6851,2013-02-01
PE38,421,516,937,5309,4518,9827,2013-02-01
PH1,2226,2906,5132,14062,11749,25811,2013-02-01
PH2,1368,1733,3101,12203,10829,23032,2013-02-01
PH3,209,266,475,2138,2029,4167,2013-02-01
PH4,21,43,64,317,285,602,2013-02-01
PH5,22,56,78,344,311,655,2013-02-01
PH6,90,109,199,946,951,1897,2013-02-01
PH7,348,472,820,3264,2916,6180,2013-02-01
PH8,79,101,180,786,750,1536,2013-02-01
PH9,19,40,59,390,330,720,2013-02-01
PH10,383,513,896,4032,3551,7583,2013-02-01
PH11,118,192,310,1314,1133,2447,2013-02-01
PH12,41,72,113,822,705,1527,2013-02-01
PH13,168,187,355,1545,1272,2817,2013-02-01
PH14,32,69,101,706,700,1406,2013-02-01
PH15,129,187,316,1333,1165,2498,2013-02-01
PH16,170,199,369,1497,1338,2835,2013-02-01
PH17,9,8,17,62,57,119,2013-02-01
PH18,38,35,73,313,261,574,2013-02-01
PH19,5,6,11,43,30,73,2013-02-01
PH20,56,86,142,595,533,1128,2013-02-01
PH21,84,110,194,825,737,1562,2013-02-01
PH22,178,243,421,1136,951,2087,2013-02-01
PH23,26,33,59,331,298,629,2013-02-01
PH24,24,32,56,273,241,514,2013-02-01
PH25,22,29,51,339,306,645,2013-02-01
PH26,139,162,301,1353,1232,2585,2013-02-01
PH30,0,0,0,7,2,9,2013-02-01
PH31,24,21,45,232,199,431,2013-02-01
PH32,36,48,84,265,231,496,2013-02-01
PH33,686,946,1632,4015,3162,7177,2013-02-01
PH34,37,43,80,424,380,804,2013-02-01
PH35,15,20,35,126,104,230,2013-02-01
PH36,39,63,102,494,425,919,2013-02-01
PH37,10,13,23,61,54,115,2013-02-01
PH38,12,14,26,76,70,146,2013-02-01
PH39,24,23,47,133,144,277,2013-02-01
PH40,23,21,44,110,92,202,2013-02-01
PH41,71,59,130,357,314,671,2013-02-01
PH42,2,7,9,32,22,54,2013-02-01
PH43,1,1,2,14,9,23,2013-02-01
PH44,2,2,4,4,2,6,2013-02-01
PH49,35,62,97,426,355,781,2013-02-01
PH50,52,74,126,305,239,544,2013-02-01
PL1,1855,1809,3664,6125,3809,9934,2013-02-01
PL2,2065,2509,4574,9357,7333,16690,2013-02-01
PL3,1538,1865,3403,10442,8933,19375,2013-02-01
PL4,2219,2181,4400,8072,5507,13579,2013-02-01
PL5,2507,3441,5948,13018,10444,23462,2013-02-01
PL6,1755,2399,4154,14917,12715,27632,2013-02-01
PL7,1054,1432,2486,11668,10719,22387,2013-02-01
PL8,167,149,316,2387,2331,4718,2013-02-01
PL9,856,1200,2056,10613,9655,20268,2013-02-01
PL10,142,183,325,1343,1152,2495,2013-02-01
PL11,467,643,1110,3940,3378,7318,2013-02-01
PL12,762,939,1701,8461,7592,16053,2013-02-01
PL13,352,450,802,3709,3185,6894,2013-02-01
PL14,720,1025,1745,8563,7823,16386,2013-02-01
PL15,543,726,1269,7439,6784,14223,2013-02-01
PL16,44,59,103,800,745,1545,2013-02-01
PL17,293,373,666,3964,3492,7456,2013-02-01
PL18,151,235,386,1997,1864,3861,2013-02-01
PL19,528,661,1189,6188,5769,11957,2013-02-01
PL20,375,491,866,4589,4382,8971,2013-02-01
PL21,521,759,1280,6869,6536,13405,2013-02-01
PL22,116,144,260,1330,1262,2592,2013-02-01
PL23,104,125,229,1250,1185,2435,2013-02-01
PL24,391,521,912,3606,3234,6840,2013-02-01
PL25,919,1178,2097,8753,7676,16429,2013-02-01
PL26,957,1143,2100,9884,8612,18496,2013-02-01
PL27,368,481,849,4417,4180,8597,2013-02-01
PL28,159,215,374,1569,1437,3006,2013-02-01
PL29,36,29,65,389,349,738,2013-02-01
PL30,234,290,524,4241,4000,8241,2013-02-01
PL31,625,760,1385,4896,4184,9080,2013-02-01
PL32,128,153,281,1543,1428,2971,2013-02-01
PL33,53,74,127,709,656,1365,2013-02-01
PL34,45,68,113,680,615,1295,2013-02-01
PL35,22,44,66,397,361,758,2013-02-01
PO1,2106,2419,4525,6526,4280,10806,2013-02-01
PO2,2869,3633,6502,12518,9529,22047,2013-02-01
PO3,969,1190,2159,6668,5503,12171,2013-02-01
PO4,2314,2692,5006,12075,9690,21765,2013-02-01
PO5,2067,2091,4158,7328,4893,12221,2013-02-01
PO6,2281,2823,5104,13402,11107,24509,2013-02-01
PO7,1511,1867,3378,15133,13631,28764,2013-02-01
PO8,1158,1452,2610,13377,12255,25632,2013-02-01
PO9,2788,3596,6384,15479,12832,28311,2013-02-01
PO10,549,738,1287,7256,6520,13776,2013-02-01
PO11,585,689,1274,7014,6426,13440,2013-02-01
PO12,2362,2866,5228,15928,13396,29324,2013-02-01
PO13,1689,2342,4031,11570,10074,21644,2013-02-01
PO14,1106,1302,2408,12761,11675,24436,2013-02-01
PO15,686,827,1513,8336,7596,15932,2013-02-01
PO16,1144,1364,2508,12200,10742,22942,2013-02-01
PO17,185,193,378,2544,2310,4854,2013-02-01
PO18,393,474,867,5409,5196,10605,2013-02-01
PO19,1409,1603,3012,9543,9085,18628,2013-02-01
PO20,1016,1281,2297,12756,11879,24635,2013-02-01
PO21,1678,1844,3522,13306,11657,24963,2013-02-01
PO22,1046,1216,2262,10682,9877,20559,2013-02-01
PO30,1206,1553,2759,9736,8764,18500,2013-02-01
PO31,621,735,1356,5205,4769,9974,2013-02-01
PO32,355,432,787,2694,2396,5090,2013-02-01
PO33,1493,1876,3369,10418,9178,19596,2013-02-01
PO34,51,59,110,930,956,1886,2013-02-01
PO35,152,148,300,1426,1380,2806,2013-02-01
PO36,743,864,1607,5730,5095,10825,2013-02-01
PO37,427,491,918,3283,2810,6093,2013-02-01
PO38,518,652,1170,4989,4368,9357,2013-02-01
PO39,72,102,174,949,849,1798,2013-02-01
PO40,211,266,477,2012,1880,3892,2013-02-01
PO41,57,76,133,980,943,1923,2013-02-01
PR1,4186,4949,9135,19734,14332,34066,2013-02-01
PR2,3530,4599,8129,26013,21823,47836,2013-02-01
PR3,837,1114,1951,15035,13880,28915,2013-02-01
PR4,1608,2173,3781,22857,20673,43530,2013-02-01
PR5,1437,1959,3396,14694,12803,27497,2013-02-01
PR6,1129,1498,2627,12759,11193,23952,2013-02-01
PR7,1756,2387,4143,20250,17707,37957,2013-02-01
PR8,2264,2684,4948,18806,16859,35665,2013-02-01
PR9,1574,2074,3648,14914,12863,27777,2013-02-01
PR25,1175,1577,2752,10674,9180,19854,2013-02-01
PR26,411,533,944,5100,4630,9730,2013-02-01
RG1,4682,4328,9010,13450,8122,21572,2013-02-01
RG2,2809,3252,6061,12077,9091,21168,2013-02-01
RG3,18,11,29,81,34,115,2013-02-01
RG4,1544,1972,3516,15134,13718,28852,2013-02-01
RG5,985,1229,2214,10010,8934,18944,2013-02-01
RG6,1807,1931,3738,13872,12011,25883,2013-02-01
RG7,967,1227,2194,12603,11647,24250,2013-02-01
RG8,674,703,1377,7764,7360,15124,2013-02-01
RG9,842,865,1707,9234,8879,18113,2013-02-01
RG10,554,584,1138,7498,7294,14792,2013-02-01
RG11,19,18,37,61,46,107,2013-02-01
RG12,2667,3491,6158,19380,16263,35643,2013-02-01
RG13,14,22,36,45,41,86,2013-02-01
RG14,1635,1906,3541,13603,11676,25279,2013-02-01
RG15,12,21,33,69,63,132,2013-02-01
RG16,19,14,33,131,110,241,2013-02-01
RG17,514,603,1117,5819,5385,11204,2013-02-01
RG18,617,770,1387,7141,6483,13624,2013-02-01
RG19,570,753,1323,6326,5658,11984,2013-02-01
RG20,571,719,1290,7979,7507,15486,2013-02-01
RG21,1653,1976,3629,9113,6954,16067,2013-02-01
RG22,1807,2431,4238,15044,12933,27977,2013-02-01
RG23,524,650,1174,4754,4159,8913,2013-02-01
RG24,1231,1707,2938,11413,10032,21445,2013-02-01
RG25,235,277,512,3530,3177,6707,2013-02-01
RG26,685,842,1527,8819,7998,16817,2013-02-01
RG27,545,585,1130,8464,8163,16627,2013-02-01
RG28,204,248,452,2147,1934,4081,2013-02-01
RG29,152,281,433,2553,2347,4900,2013-02-01
RG30,3240,3850,7090,14710,11015,25725,2013-02-01
RG31,1095,1383,2478,11035,9918,20953,2013-02-01
RG40,853,973,1826,10911,10287,21198,2013-02-01
RG41,896,1060,1956,11329,10835,22164,2013-02-01
RG42,970,1084,2054,9929,9379,19308,2013-02-01
RG45,452,492,944,5478,5201,10679,2013-02-01
RH1,1980,2487,4467,16961,15057,32018,2013-02-01
RH2,799,954,1753,9634,9144,18778,2013-02-01
RH3,110,117,227,1736,1755,3491,2013-02-01
RH4,582,706,1288,5653,5263,10916,2013-02-01
RH5,554,600,1154,6798,6317,13115,2013-02-01
RH6,1180,1343,2523,11499,10359,21858,2013-02-01
RH7,401,355,756,3517,3112,6629,2013-02-01
RH8,521,620,1141,5796,5680,11476,2013-02-01
RH9,166,208,374,2051,2033,4084,2013-02-01
RH10,3092,3491,6583,24444,20817,45261,2013-02-01
RH11,3786,4748,8534,18324,14117,32441,2013-02-01
RH12,1408,1779,3187,16607,15508,32115,2013-02-01
RH13,1171,1378,2549,14493,13562,28055,2013-02-01
RH14,387,472,859,5859,5325,11184,2013-02-01
RH15,1189,1399,2588,11315,10345,21660,2013-02-01
RH16,1303,1623,2926,12273,11428,23701,2013-02-01
RH17,564,663,1227,7309,7004,14313,2013-02-01
RH18,245,274,519,1842,1802,3644,2013-02-01
RH19,1280,1475,2755,13113,12140,25253,2013-02-01
RH20,635,707,1342,10289,10028,20317,2013-02-01
RM1,1009,1237,2246,6895,5831,12726,2013-02-01
RM2,490,586,1076,4836,4378,9214,2013-02-01
RM3,2340,3178,5518,12720,10099,22819,2013-02-01
RM4,119,143,262,1862,1698,3560,2013-02-01
RM5,936,1290,2226,6639,5663,12302,2013-02-01
RM6,2467,2902,5369,9929,7727,17656,2013-02-01
RM7,1566,2131,3697,9200,7421,16621,2013-02-01
RM8,3570,4179,7749,10711,7581,18292,2013-02-01
RM9,3070,3888,6958,9428,6526,15954,2013-02-01
RM10,3259,4194,7453,9955,6833,16788,2013-02-01
RM11,1207,1363,2570,12067,10958,23025,2013-02-01
RM12,1514,1965,3479,12408,10457,22865,2013-02-01
RM13,1567,1959,3526,9875,8164,18039,2013-02-01
RM14,841,990,1831,10491,9479,19970,2013-02-01
RM15,1461,1871,3332,8957,7177,16134,2013-02-01
RM16,1647,2148,3795,14048,12131,26179,2013-02-01
RM17,1586,2092,3678,8869,6663,15532,2013-02-01
RM18,1139,1565,2704,4913,3750,8663,2013-02-01
RM19,405,597,1002,2101,1580,3681,2013-02-01
RM20,360,449,809,1599,1124,2723,2013-02-01
S1,345,240,585,804,342,1146,2013-02-01
S2,3193,3787,6980,9322,5612,14934,2013-02-01
S3,1505,1156,2661,2800,1215,4015,2013-02-01
S4,1173,1178,2351,2932,1628,4560,2013-02-01
S5,4014,5318,9332,14993,9904,24897,2013-02-01
S6,2652,3370,6022,18447,14626,33073,2013-02-01
S7,1146,1028,2174,5665,4604,10269,2013-02-01
S8,2193,2859,5052,14438,11606,26044,2013-02-01
S9,1913,2277,4190,7683,4589,12272,2013-02-01
S10,1854,1883,3737,12703,11100,23803,2013-02-01
S11,1440,1581,3021,10327,9251,19578,2013-02-01
S12,1328,2144,3472,11666,8598,20264,2013-02-01
S13,1346,1893,3239,9444,7078,16522,2013-02-01
S14,659,851,1510,2053,1232,3285,2013-02-01
S17,414,531,945,5977,5746,11723,2013-02-01
S18,655,902,1557,9644,8649,18293,2013-02-01
S19,3,3,6,27,19,46,2013-02-01
S20,1045,1634,2679,10850,8883,19733,2013-02-01
S21,768,1073,1841,7383,5927,13310,2013-02-01
S25,764,1135,1899,7367,6171,13538,2013-02-01
S26,820,1278,2098,9313,7734,17047,2013-02-01
S30,16,23,39,168,145,313,2013-02-01
S31,11,26,37,63,26,89,2013-02-01
S32,127,180,307,2310,2238,4548,2013-02-01
S33,134,167,301,1952,1786,3738,2013-02-01
S35,1255,1834,3089,15080,12901,27981,2013-02-01
S36,843,1252,2095,9993,8550,18543,2013-02-01
S40,1488,2070,3558,11724,9575,21299,2013-02-01
S41,1630,2166,3796,11633,9285,20918,2013-02-01
S42,976,1375,2351,10336,8548,18884,2013-02-01
S43,1730,2549,4279,13409,10349,23758,2013-02-01
S44,967,1329,2296,7276,5667,12943,2013-02-01
S45,545,766,1311,4648,3665,8313,2013-02-01
S60,1608,2246,3854,12566,9701,22267,2013-02-01
S61,1866,2549,4415,11073,8274,19347,2013-02-01
S62,972,1348,2320,5988,4362,10350,2013-02-01
S63,2138,2941,5079,11582,8501,20083,2013-02-01
S64,1612,2087,3699,9456,7072,16528,2013-02-01
S65,2277,2745,5022,9572,6487,16059,2013-02-01
S66,1882,2764,4646,15232,12331,27563,2013-02-01
S70,2120,2723,4843,11204,8080,19284,2013-02-01
S71,2376,3067,5443,14208,10653,24861,2013-02-01
S72,1212,1699,2911,7986,6188,14174,2013-02-01
S73,1298,1846,3144,8388,6474,14862,2013-02-01
S74,816,1216,2032,5558,4248,9806,2013-02-01
S75,1475,2033,3508,15715,13262,28977,2013-02-01
S80,1491,1980,3471,9467,7143,16610,2013-02-01
S81,1307,1849,3156,13511,11596,25107,2013-02-01
SA1,3288,3597,6885,12496,8091,20587,2013-02-01
SA2,1472,1673,3145,12621,11090,23711,2013-02-01
SA3,697,841,1538,10365,9874,20239,2013-02-01
SA4,1254,1799,3053,15917,14408,30325,2013-02-01
SA5,1787,2635,4422,11148,8602,19750,2013-02-01
SA6,1391,2059,3450,11350,9393,20743,2013-02-01
SA7,473,740,1213,5231,4588,9819,2013-02-01
SA8,437,581,1018,4403,3894,8297,2013-02-01
SA9,486,722,1208,5444,4584,10028,2013-02-01
SA10,954,1402,2356,10652,8989,19641,2013-02-01
SA11,1521,2202,3723,11856,9218,21074,2013-02-01
SA12,1626,2096,3722,10326,8283,18609,2013-02-01
SA13,922,1204,2126,6476,4987,11463,2013-02-01
SA14,1069,1436,2505,11605,10109,21714,2013-02-01
SA15,1535,1900,3435,11686,9490,21176,2013-02-01
SA16,255,412,667,3029,2553,5582,2013-02-01
SA17,317,418,735,3225,2726,5951,2013-02-01
SA18,1000,1306,2306,10391,9046,19437,2013-02-01
SA19,253,333,586,3862,3491,7353,2013-02-01
SA20,123,131,254,1327,1149,2476,2013-02-01
SA31,609,821,1430,5244,4799,10043,2013-02-01
SA32,142,171,313,3080,2938,6018,2013-02-01
SA33,296,399,695,5058,4512,9570,2013-02-01
SA34,149,159,308,2034,1782,3816,2013-02-01
SA35,16,28,44,349,313,662,2013-02-01
SA36,5,14,19,134,130,264,2013-02-01
SA37,34,36,70,570,532,1102,2013-02-01
SA38,131,165,296,1750,1590,3340,2013-02-01
SA39,67,76,143,1001,863,1864,2013-02-01
SA40,106,120,226,1103,948,2051,2013-02-01
SA41,57,58,115,810,729,1539,2013-02-01
SA42,57,84,141,831,775,1606,2013-02-01
SA43,416,543,959,4759,4233,8992,2013-02-01
SA44,281,353,634,4451,4109,8560,2013-02-01
SA45,67,51,118,607,542,1149,2013-02-01
SA46,89,98,187,979,847,1826,2013-02-01
SA47,39,44,83,408,364,772,2013-02-01
SA48,327,326,653,3226,2919,6145,2013-02-01
SA61,661,936,1597,4672,4085,8757,2013-02-01
SA62,537,736,1273,7889,7263,15152,2013-02-01
SA63,27,28,55,482,459,941,2013-02-01
SA64,71,133,204,843,676,1519,2013-02-01
SA65,152,207,359,1509,1314,2823,2013-02-01
SA66,73,80,153,1223,1199,2422,2013-02-01
SA67,181,264,445,2650,2516,5166,2013-02-01
SA68,99,127,226,1588,1402,2990,2013-02-01
SA69,93,149,242,1467,1280,2747,2013-02-01
SA70,375,489,864,3407,2979,6386,2013-02-01
SA71,427,485,912,3870,3250,7120,2013-02-01
SA72,450,584,1034,3387,2882,6269,2013-02-01
SA73,846,1149,1995,6883,5696,12579,2013-02-01
SA99,0,1,1,0,0,0,2013-02-01
SE1,7554,7453,15007,16540,9785,26325,2013-02-01
SE2,2719,3446,6165,7325,5299,12624,2013-02-01
SE3,2458,2939,5397,10545,8941,19486,2013-02-01
SE4,3274,3589,6863,7648,6072,13720,2013-02-01
SE5,6923,7331,14254,11020,7230,18250,2013-02-01
SE6,5606,6502,12108,13918,11096,25014,2013-02-01
SE7,2381,2663,5044,5712,4048,9760,2013-02-01
SE8,4029,4187,8216,6230,3780,10010,2013-02-01
SE9,4076,5065,9141,19738,16306,36044,2013-02-01
SE10,1863,2146,4009,6579,5148,11727,2013-02-01
SE11,2882,2988,5870,5698,3401,9099,2013-02-01
SE12,2134,2514,4648,8166,6925,15091,2013-02-01
SE13,4692,4805,9497,10688,8149,18837,2013-02-01
SE14,3490,3527,7017,5911,3772,9683,2013-02-01
SE15,10495,10433,20928,14555,9649,24204,2013-02-01
SE16,4684,5321,10005,12098,7951,20049,2013-02-01
SE17,5605,5725,11330,7371,3934,11305,2013-02-01
SE18,10083,10167,20250,18682,12222,30904,2013-02-01
SE19,2468,3017,5485,8591,6878,15469,2013-02-01
SE20,2189,2610,4799,6392,5062,11454,2013-02-01
SE21,1217,1448,2665,4893,4438,9331,2013-02-01
SE22,2821,3090,5911,8807,7525,16332,2013-02-01
SE23,3130,3711,6841,9730,7896,17626,2013-02-01
SE24,1716,1821,3537,5406,4602,10008,2013-02-01
SE25,3509,4149,7658,9744,7834,17578,2013-02-01
SE26,2730,3265,5995,7987,6598,14585,2013-02-01
SE27,2297,2593,4890,5914,4663,10577,2013-02-01
SE28,3049,3922,6971,6936,4791,11727,2013-02-01
SG1,2725,3541,6266,17438,14271,31709,2013-02-01
SG2,1970,2795,4765,14780,12485,27265,2013-02-01
SG3,228,231,459,2778,2629,5407,2013-02-01
SG4,1042,1263,2305,11011,10163,21174,2013-02-01
SG5,1209,1353,2562,11481,10249,21730,2013-02-01
SG6,1508,1999,3507,11650,10030,21680,2013-02-01
SG7,467,552,1019,4919,4554,9473,2013-02-01
SG8,1345,1475,2820,15317,13336,28653,2013-02-01
SG9,242,295,537,3894,3654,7548,2013-02-01
SG10,38,52,90,773,743,1516,2013-02-01
SG11,205,220,425,3229,2990,6219,2013-02-01
SG12,1031,1249,2280,11055,10078,21133,2013-02-01
SG13,625,669,1294,5965,5571,11536,2013-02-01
SG14,764,823,1587,7152,6511,13663,2013-02-01
SG15,196,235,431,2098,1807,3905,2013-02-01
SG16,150,217,367,2312,2156,4468,2013-02-01
SG17,363,457,820,4524,4207,8731,2013-02-01
SG18,782,1027,1809,8973,7846,16819,2013-02-01
SG19,730,997,1727,9425,8322,17747,2013-02-01
SK1,550,727,1277,3455,2572,6027,2013-02-01
SK2,1286,1611,2897,10473,9018,19491,2013-02-01
SK3,1470,1944,3414,8615,7077,15692,2013-02-01
SK4,1628,1775,3403,12725,11331,24056,2013-02-01
SK5,1747,2219,3966,8712,6837,15549,2013-02-01
SK6,1711,2229,3940,19001,17117,36118,2013-02-01
SK7,1223,1450,2673,16252,15375,31627,2013-02-01
SK8,2038,2544,4582,22707,21003,43710,2013-02-01
SK9,1207,1447,2654,15020,14242,29262,2013-02-01
SK10,1267,1542,2809,15192,14323,29515,2013-02-01
SK11,1437,1761,3198,13233,11727,24960,2013-02-01
SK12,515,567,1082,7978,7563,15541,2013-02-01
SK13,1329,1765,3094,11586,10181,21767,2013-02-01
SK14,2417,2976,5393,14680,12060,26740,2013-02-01
SK15,1299,1680,2979,9241,7701,16942,2013-02-01
SK16,905,1202,2107,6434,5110,11544,2013-02-01
SK17,1021,1281,2302,11520,9768,21288,2013-02-01
SK22,437,565,1002,4580,3955,8535,2013-02-01
SK23,523,637,1160,6615,5935,12550,2013-02-01
SL0,398,432,830,4617,4119,8736,2013-02-01
SL1,6380,5993,12373,23728,17270,40998,2013-02-01
SL2,4063,4626,8689,18358,13975,32333,2013-02-01
SL3,2286,2981,5267,16599,13791,30390,2013-02-01
SL4,1843,2215,4058,16700,14954,31654,2013-02-01
SL5,971,1166,2137,9636,9749,19385,2013-02-01
SL6,3258,3712,6970,30866,27987,58853,2013-02-01
SL7,688,773,1461,8465,8219,16684,2013-02-01
SL8,191,201,392,2596,2514,5110,2013-02-01
SL9,793,860,1653,8881,8898,17779,2013-02-01
SM1,2199,2670,4869,13298,11103,24401,2013-02-01
SM2,1155,1579,2734,10597,9514,20111,2013-02-01
SM3,1045,1106,2151,7674,6797,14471,2013-02-01
SM4,2794,2933,5727,12435,9512,21947,2013-02-01
SM5,2170,2782,4952,12777,11213,23990,2013-02-01
SM6,2049,2588,4637,12471,11037,23508,2013-02-01
SM7,548,549,1097,7133,7126,14259,2013-02-01
SN1,2329,2041,4370,9268,6139,15407,2013-02-01
SN2,2330,3019,5349,13115,9904,23019,2013-02-01
SN3,2552,3361,5913,18011,14531,32542,2013-02-01
SN4,909,1139,2048,10723,9560,20283,2013-02-01
SN5,1400,1989,3389,12634,10862,23496,2013-02-01
SN6,686,870,1556,8467,7554,16021,2013-02-01
SN7,409,569,978,5131,4693,9824,2013-02-01
SN8,816,918,1734,9238,8687,17925,2013-02-01
SN9,254,316,570,3104,2912,6016,2013-02-01
SN10,1016,1332,2348,11533,10427,21960,2013-02-01
SN11,706,975,1681,8081,7220,15301,2013-02-01
SN12,807,1033,1840,9406,8317,17723,2013-02-01
SN13,512,656,1168,6065,5767,11832,2013-02-01
SN14,963,1167,2130,10417,9472,19889,2013-02-01
SN15,1130,1512,2642,12984,11446,24430,2013-02-01
SN16,347,363,710,5562,5176,10738,2013-02-01
SN25,877,1207,2084,12492,10989,23481,2013-02-01
SN26,55,46,101,722,606,1328,2013-02-01
SO1,22,25,47,74,31,105,2013-02-01
SO2,54,27,81,109,49,158,2013-02-01
SO3,22,17,39,109,69,178,2013-02-01
SO4,10,20,30,73,48,121,2013-02-01
SO5,10,13,23,50,36,86,2013-02-01
SO9,17,12,29,29,8,37,2013-02-01
SO14,2497,2033,4530,6175,3136,9311,2013-02-01
SO15,2334,2490,4824,12220,9483,21703,2013-02-01
SO16,3642,4728,8370,21085,16731,37816,2013-02-01
SO17,1169,1115,2284,4820,3377,8197,2013-02-01
SO18,1776,2136,3912,12276,10019,22295,2013-02-01
SO19,2978,3964,6942,17982,14705,32687,2013-02-01
SO20,241,284,525,3443,3035,6478,2013-02-01
SO21,509,642,1151,7698,7463,15161,2013-02-01
SO22,1657,1470,3127,9585,8404,17989,2013-02-01
SO23,988,1089,2077,6902,6323,13225,2013-02-01
SO24,340,364,704,4596,4353,8949,2013-02-01
SO30,843,1070,1913,12173,11486,23659,2013-02-01
SO31,1349,1532,2881,17279,16094,33373,2013-02-01
SO32,484,583,1067,8141,7879,16020,2013-02-01
SO40,1296,1653,2949,15927,14264,30191,2013-02-01
SO41,792,949,1741,12266,12191,24457,2013-02-01
SO42,126,164,290,2023,1943,3966,2013-02-01
SO43,104,144,248,1783,1695,3478,2013-02-01
SO45,1156,1575,2731,13395,12231,25626,2013-02-01
SO50,1905,2420,4325,16511,14153,30664,2013-02-01
SO51,775,908,1683,10583,10162,20745,2013-02-01
SO52,176,223,399,2666,2461,5127,2013-02-01
SO53,919,1142,2061,12532,11878,24410,2013-02-01
SP1,922,1041,1963,7349,6643,13992,2013-02-01
SP2,1356,1685,3041,9729,8349,18078,2013-02-01
SP3,332,445,777,4560,4331,8891,2013-02-01
SP4,1424,1746,3170,11665,9634,21299,2013-02-01
SP5,528,635,1163,9025,8694,17719,2013-02-01
SP6,354,410,764,5782,5525,11307,2013-02-01
SP7,398,579,977,5051,4836,9887,2013-02-01
SP8,379,520,899,5458,5074,10532,2013-02-01
SP9,446,838,1284,3078,2088,5166,2013-02-01
SP10,1996,2774,4770,13624,11192,24816,2013-02-01
SP11,697,1001,1698,8841,7936,16777,2013-02-01
SR1,427,342,769,1116,435,1551,2013-02-01
SR2,2116,2282,4398,9784,7134,16918,2013-02-01
SR3,1931,2662,4593,12132,9398,21530,2013-02-01
SR4,2699,3348,6047,11537,7942,19479,2013-02-01
SR5,2332,2811,5143,8895,5835,14730,2013-02-01
SR6,1186,1501,2687,10678,8947,19625,2013-02-01
SR7,1448,2085,3533,9240,6945,16185,2013-02-01
SR8,2016,2893,4909,10615,7853,18468,2013-02-01
SS0,2712,3167,5879,12571,10037,22608,2013-02-01
SS1,1692,1829,3521,8493,7027,15520,2013-02-01
SS2,2265,2841,5106,11059,8689,19748,2013-02-01
SS3,1431,1873,3304,9539,8344,17883,2013-02-01
SS4,824,1039,1863,7382,6585,13967,2013-02-01
SS5,747,824,1571,8513,7645,16158,2013-02-01
SS6,1032,1291,2323,11895,10702,22597,2013-02-01
SS7,1725,2221,3946,19109,16804,35913,2013-02-01
SS8,1782,2584,4366,13932,11037,24969,2013-02-01
SS9,1948,2402,4350,18065,16235,34300,2013-02-01
SS11,553,772,1325,6521,5624,12145,2013-02-01
SS12,568,774,1342,6868,6180,13048,2013-02-01
SS13,1444,2060,3504,7332,5722,13054,2013-02-01
SS14,1727,2379,4106,7405,5446,12851,2013-02-01
SS15,1839,2512,4351,9428,7821,17249,2013-02-01
SS16,1642,2376,4018,10205,8052,18257,2013-02-01
SS17,1279,1715,2994,12198,10534,22732,2013-02-01
SS99,0,1,1,0,0,0,2013-02-01
ST1,2012,2278,4290,8925,5804,14729,2013-02-01
ST2,1822,2449,4271,10177,7593,17770,2013-02-01
ST3,3225,4303,7528,21776,16611,38387,2013-02-01
ST4,3114,3678,6792,17392,13266,30658,2013-02-01
ST5,3516,4332,7848,26214,21558,47772,2013-02-01
ST6,3607,4648,8255,19237,13777,33014,2013-02-01
ST7,1803,2405,4208,19898,17211,37109,2013-02-01
ST8,598,804,1402,7549,6537,14086,2013-02-01
ST9,250,307,557,4867,4446,9313,2013-02-01
ST10,705,918,1623,9722,8400,18122,2013-02-01
ST11,264,321,585,3902,3433,7335,2013-02-01
ST12,109,125,234,1338,1241,2579,2013-02-01
ST13,837,1143,1980,10043,8693,18736,2013-02-01
ST14,730,943,1673,7167,6177,13344,2013-02-01
ST15,600,777,1377,7883,7118,15001,2013-02-01
ST16,1391,1741,3132,9568,7755,17323,2013-02-01
ST17,1605,2042,3647,13629,11901,25530,2013-02-01
ST18,374,411,785,6702,6128,12830,2013-02-01
ST19,440,551,991,5842,5361,11203,2013-02-01
ST20,148,219,367,2789,2491,5280,2013-02-01
ST21,119,159,278,2417,2190,4607,2013-02-01
SW1,58,55,113,424,222,646,2013-02-01
SW1,119,84,203,425,214,639,2013-02-01
SW1,47,39,86,330,170,500,2013-02-01
SW1,981,1234,2215,3793,2507,6300,2013-02-01
SW1,1847,2077,3924,6871,5004,11875,2013-02-01
SW1,712,791,1503,2753,2201,4954,2013-02-01
SW1,656,819,1475,2927,2248,5175,2013-02-01
SW1,69,59,128,393,182,575,2013-02-01
SW2,6644,7056,13700,14520,10243,24763,2013-02-01
SW3,1830,2338,4168,8606,7408,16014,2013-02-01
SW4,4229,4362,8591,12326,8925,21251,2013-02-01
SW5,2075,1792,3867,5932,3738,9670,2013-02-01
SW6,4985,5780,10765,20479,16843,37322,2013-02-01
SW7,2501,2193,4694,8890,6124,15014,2013-02-01
SW8,4746,5018,9764,9950,6104,16054,2013-02-01
SW9,6924,7078,14002,10898,6413,17311,2013-02-01
SW10,1790,2047,3837,6449,5196,11645,2013-02-01
SW11,5785,6630,12415,21803,17464,39267,2013-02-01
SW12,2316,2440,4756,10424,8782,19206,2013-02-01
SW13,850,1068,1918,6082,5823,11905,2013-02-01
SW14,879,974,1853,6277,5943,12220,2013-02-01
SW15,4319,5135,9454,20694,17283,37977,2013-02-01
SW16,9368,9025,18393,24892,18825,43717,2013-02-01
SW17,7961,6980,14941,19904,14616,34520,2013-02-01
SW18,3919,4602,8521,20737,17902,38639,2013-02-01
SW19,5692,6306,11998,30054,25086,55140,2013-02-01
SW20,1703,1905,3608,11642,10342,21984,2013-02-01
SY1,1274,1632,2906,8204,6580,14784,2013-02-01
SY2,724,901,1625,5932,5044,10976,2013-02-01
SY3,1190,1469,2659,11712,10884,22596,2013-02-01
SY4,642,860,1502,9193,8590,17783,2013-02-01
SY5,623,651,1274,8056,7317,15373,2013-02-01
SY6,145,191,336,2781,2574,5355,2013-02-01
SY7,286,384,670,4396,4019,8415,2013-02-01
SY8,515,669,1184,7143,6368,13511,2013-02-01
SY9,79,87,166,1081,941,2022,2013-02-01
SY10,402,476,878,6178,5535,11713,2013-02-01
SY11,985,1282,2267,8852,7743,16595,2013-02-01
SY12,241,326,567,2927,2623,5550,2013-02-01
SY13,563,652,1215,7321,6446,13767,2013-02-01
SY14,117,177,294,2447,2336,4783,2013-02-01
SY15,114,151,265,2153,2025,4178,2013-02-01
SY16,604,775,1379,5505,4732,10237,2013-02-01
SY17,76,106,182,1494,1321,2815,2013-02-01
SY18,109,146,255,1781,1516,3297,2013-02-01
SY19,12,33,45,435,379,814,2013-02-01
SY20,221,282,503,2516,2127,4643,2013-02-01
SY21,494,709,1203,6309,5519,11828,2013-02-01
SY22,209,254,463,3448,3201,6649,2013-02-01
SY23,1103,1298,2401,8569,7324,15893,2013-02-01
SY24,128,185,313,1712,1508,3220,2013-02-01
SY25,111,188,299,1733,1537,3270,2013-02-01
TA1,1609,2018,3627,13255,11793,25048,2013-02-01
TA2,1059,1246,2305,9162,8228,17390,2013-02-01
TA3,323,348,671,5958,5664,11622,2013-02-01
TA4,528,611,1139,7375,7165,14540,2013-02-01
TA5,246,310,556,4083,3821,7904,2013-02-01
TA6,2041,2503,4544,15134,12420,27554,2013-02-01
TA7,401,464,865,6282,5952,12234,2013-02-01
TA8,520,656,1176,6351,5548,11899,2013-02-01
TA9,455,512,967,4698,4084,8782,2013-02-01
TA10,234,259,493,3803,3621,7424,2013-02-01
TA11,213,294,507,3663,3520,7183,2013-02-01
TA12,183,242,425,2448,2281,4729,2013-02-01
TA13,97,130,227,1516,1456,2972,2013-02-01
TA14,79,112,191,1252,1093,2345,2013-02-01
TA15,15,34,49,274,240,514,2013-02-01
TA16,45,61,106,754,650,1404,2013-02-01
TA17,5,10,15,211,231,442,2013-02-01
TA18,284,380,664,3914,3484,7398,2013-02-01
TA19,267,394,661,4540,4275,8815,2013-02-01
TA20,666,797,1463,7395,6660,14055,2013-02-01
TA21,661,745,1406,6821,6174,12995,2013-02-01
TA22,56,87,143,1048,1047,2095,2013-02-01
TA23,230,293,523,2054,1833,3887,2013-02-01
TA24,616,790,1406,6725,6060,12785,2013-02-01
TD1,729,1031,1760,5902,4949,10851,2013-02-01
TD2,73,82,155,1028,993,2021,2013-02-01
TD3,31,32,63,402,351,753,2013-02-01
TD4,67,87,154,903,779,1682,2013-02-01
TD5,334,409,743,4271,4037,8308,2013-02-01
TD6,219,285,504,2941,2853,5794,2013-02-01
TD7,277,364,641,2764,2460,5224,2013-02-01
TD8,213,276,489,2282,2046,4328,2013-02-01
TD9,772,1070,1842,6439,5280,11719,2013-02-01
TD10,34,53,87,435,393,828,2013-02-01
TD11,206,316,522,2901,2514,5415,2013-02-01
TD12,115,166,281,1651,1481,3132,2013-02-01
TD13,41,33,74,381,340,721,2013-02-01
TD14,260,353,613,2346,1993,4339,2013-02-01
TD15,720,992,1712,6398,5226,11624,2013-02-01
TF1,1734,2191,3925,12121,9953,22074,2013-02-01
TF2,1683,2123,3806,12912,10963,23875,2013-02-01
TF3,1521,2110,3631,7286,5698,12984,2013-02-01
TF4,732,1027,1759,5915,5057,10972,2013-02-01
TF5,167,182,349,1993,1905,3898,2013-02-01
TF6,140,156,296,2187,1942,4129,2013-02-01
TF7,1102,1524,2626,5057,3856,8913,2013-02-01
TF8,76,104,180,1208,1112,2320,2013-02-01
TF9,769,980,1749,9486,8252,17738,2013-02-01
TF10,496,594,1090,6757,5947,12704,2013-02-01
TF11,297,309,606,3748,3330,7078,2013-02-01
TF12,190,232,422,1984,1713,3697,2013-02-01
TF13,83,119,202,1417,1386,2803,2013-02-01
TN1,652,741,1393,3659,3052,6711,2013-02-01
TN2,1011,1334,2345,10022,8968,18990,2013-02-01
TN3,302,342,644,4735,4599,9334,2013-02-01
TN4,1251,1619,2870,10449,9609,20058,2013-02-01
TN5,251,330,581,3415,3454,6869,2013-02-01
TN6,765,912,1677,9818,9188,19006,2013-02-01
TN7,57,84,141,1010,974,1984,2013-02-01
TN8,430,550,980,4968,4664,9632,2013-02-01
TN9,837,969,1806,5812,5048,10860,2013-02-01
TN10,655,797,1452,5910,5418,11328,2013-02-01
TN11,395,497,892,5453,5186,10639,2013-02-01
TN12,851,1203,2054,11347,10248,21595,2013-02-01
TN13,841,971,1812,9152,8919,18071,2013-02-01
TN14,443,500,943,5999,5646,11645,2013-02-01
TN15,649,816,1465,9991,9435,19426,2013-02-01
TN16,592,716,1308,7805,7239,15044,2013-02-01
TN17,509,647,1156,5323,4999,10322,2013-02-01
TN18,176,219,395,2487,2341,4828,2013-02-01
TN19,139,178,317,2088,1913,4001,2013-02-01
TN20,109,140,249,1518,1482,3000,2013-02-01
TN21,409,515,924,6506,6249,12755,2013-02-01
TN22,834,1046,1880,10485,9852,20337,2013-02-01
TN23,1856,2477,4333,12844,10800,23644,2013-02-01
TN24,1394,1829,3223,10603,9157,19760,2013-02-01
TN25,418,485,903,6339,6047,12386,2013-02-01
TN26,282,350,632,4652,4355,9007,2013-02-01
TN27,299,397,696,5227,4850,10077,2013-02-01
TN28,250,388,638,3284,2851,6135,2013-02-01
TN29,474,619,1093,5188,4223,9411,2013-02-01
TN30,255,313,568,3727,3586,7313,2013-02-01
TN31,498,641,1139,5413,4795,10208,2013-02-01
TN32,179,179,358,2102,1943,4045,2013-02-01
TN33,421,474,895,4769,4591,9360,2013-02-01
TN34,1690,2211,3901,9440,7613,17053,2013-02-01
TN35,847,1160,2007,6031,5305,11336,2013-02-01
TN36,65,93,158,890,848,1738,2013-02-01
TN37,1183,1370,2553,6362,5106,11468,2013-02-01
TN38,1574,1950,3524,8866,7371,16237,2013-02-01
TN39,893,1101,1994,9235,8695,17930,2013-02-01
TN40,641,872,1513,5651,4994,10645,2013-02-01
TQ1,1646,1943,3589,10975,9175,20150,2013-02-01
TQ2,1767,2155,3922,11638,10086,21724,2013-02-01
TQ3,1298,1584,2882,10821,9335,20156,2013-02-01
TQ4,715,862,1577,6835,5998,12833,2013-02-01
TQ5,743,970,1713,7117,6150,13267,2013-02-01
TQ6,316,421,737,3126,2709,5835,2013-02-01
TQ7,483,625,1108,6474,6142,12616,2013-02-01
TQ8,79,75,154,798,734,1532,2013-02-01
TQ9,672,790,1462,6696,6636,13332,2013-02-01
TQ10,116,172,288,1483,1416,2899,2013-02-01
TQ11,160,219,379,1571,1450,3021,2013-02-01
TQ12,1732,2189,3921,19626,18098,37724,2013-02-01
TQ13,655,770,1425,9102,8829,17931,2013-02-01
TQ14,707,857,1564,7183,6604,13787,2013-02-01
TR1,972,1233,2205,6882,6350,13232,2013-02-01
TR2,233,370,603,3762,3566,7328,2013-02-01
TR3,358,388,746,4866,4677,9543,2013-02-01
TR4,336,422,758,4446,4119,8565,2013-02-01
TR5,124,145,269,1432,1470,2902,2013-02-01
TR6,150,161,311,1441,1266,2707,2013-02-01
TR7,1072,1249,2321,7349,6197,13546,2013-02-01
TR8,279,323,602,3414,3059,6473,2013-02-01
TR9,256,382,638,2995,2588,5583,2013-02-01
TR10,424,476,900,3320,2885,6205,2013-02-01
TR11,1179,1412,2591,9622,8756,18378,2013-02-01
TR12,260,291,551,3689,3227,6916,2013-02-01
TR13,663,840,1503,7307,6697,14004,2013-02-01
TR14,1124,1277,2401,8524,7216,15740,2013-02-01
TR15,837,1038,1875,6653,5689,12342,2013-02-01
TR16,470,601,1071,5905,5382,11287,2013-02-01
TR17,50,78,128,564,493,1057,2013-02-01
TR18,1050,1268,2318,6338,5418,11756,2013-02-01
TR19,362,448,810,3335,3037,6372,2013-02-01
TR20,329,346,675,3766,3475,7241,2013-02-01
TR21,75,91,166,572,467,1039,2013-02-01
TR22,5,8,13,24,20,44,2013-02-01
TR23,3,5,8,34,29,63,2013-02-01
TR24,3,5,8,52,32,84,2013-02-01
TR25,2,3,5,44,32,76,2013-02-01
TR26,532,642,1174,4064,3643,7707,2013-02-01
TR27,545,754,1299,5293,4764,10057,2013-02-01
TS1,1780,1456,3236,3080,1405,4485,2013-02-01
TS2,113,122,235,192,116,308,2013-02-01
TS3,2273,2831,5104,6611,4057,10668,2013-02-01
TS4,1272,1500,2772,4088,2686,6774,2013-02-01
TS5,1903,2471,4374,13114,10859,23973,2013-02-01
TS6,1780,2393,4173,9251,6900,16151,2013-02-01
TS7,695,987,1682,8611,7533,16144,2013-02-01
TS8,926,1259,2185,6986,6053,13039,2013-02-01
TS9,257,344,601,5350,4933,10283,2013-02-01
TS10,1797,2390,4187,11992,9668,21660,2013-02-01
TS11,368,564,932,4617,3868,8485,2013-02-01
TS12,908,1215,2123,7656,6294,13950,2013-02-01
TS13,545,692,1237,3306,2416,5722,2013-02-01
TS14,567,796,1363,6580,5728,12308,2013-02-01
TS15,326,389,715,5576,5044,10620,2013-02-01
TS16,306,397,703,4022,3706,7728,2013-02-01
TS17,1766,2343,4109,14243,12114,26357,2013-02-01
TS18,1310,1517,2827,7367,5785,13152,2013-02-01
TS19,1892,2646,4538,11130,8821,19951,2013-02-01
TS20,971,1241,2212,6711,5398,12109,2013-02-01
TS21,345,448,793,4747,4119,8866,2013-02-01
TS22,212,238,450,3567,3220,6787,2013-02-01
TS23,1420,2017,3437,9448,7697,17145,2013-02-01
TS24,1380,1708,3088,5597,3885,9482,2013-02-01
TS25,1828,2482,4310,11776,9198,20974,2013-02-01
TS26,1101,1251,2352,8121,6994,15115,2013-02-01
TS27,424,577,1001,4416,3734,8150,2013-02-01
TS28,217,298,515,1714,1384,3098,2013-02-01
TS29,278,380,658,2032,1571,3603,2013-02-01
TS90,0,0,0,1,0,1,2013-02-01
TW1,1234,1414,2648,9964,8955,18919,2013-02-01
TW2,1484,1674,3158,11048,9907,20955,2013-02-01
TW3,6832,4764,11596,13437,8287,21724,2013-02-01
TW4,4525,3711,8236,9671,5742,15413,2013-02-01
TW5,4215,3430,7645,10976,7261,18237,2013-02-01
TW6,9,1,10,42,11,53,2013-02-01
TW7,2914,3364,6278,13285,10296,23581,2013-02-01
TW8,1637,1902,3539,6380,4750,11130,2013-02-01
TW9,1287,1462,2749,8477,7621,16098,2013-02-01
TW10,1219,1412,2631,7723,6891,14614,2013-02-01
TW11,1020,1244,2264,8594,8106,16700,2013-02-01
TW12,1139,1277,2416,8540,8075,16615,2013-02-01
TW13,2770,3239,6009,11610,8491,20101,2013-02-01
TW14,2385,2742,5127,9490,6733,16223,2013-02-01
TW15,1015,1218,2233,10916,9543,20459,2013-02-01
TW16,797,958,1755,7906,6973,14879,2013-02-01
TW17,451,484,935,5827,5436,11263,2013-02-01
TW18,1042,1111,2153,9988,8849,18837,2013-02-01
TW19,729,965,1694,6299,5259,11558,2013-02-01
TW20,1197,1321,2518,8193,7109,15302,2013-02-01
UB1,9307,6098,15405,13841,7811,21652,2013-02-01
UB2,6710,4399,11109,10884,6552,17436,2013-02-01
UB3,5812,5577,11389,16388,10346,26734,2013-02-01
UB4,4191,3796,7987,13489,9824,23313,2013-02-01
UB5,4227,5016,9243,14662,10519,25181,2013-02-01
UB6,5569,5215,10784,19443,12994,32437,2013-02-01
UB7,2221,2549,4770,9703,7098,16801,2013-02-01
UB8,2212,2405,4617,10709,8324,19033,2013-02-01
UB9,606,661,1267,5590,5057,10647,2013-02-01
UB10,1658,1924,3582,12420,10868,23288,2013-02-01
UB11,2,0,2,13,4,17,2013-02-01
W1,35,15,50,51,13,64,2013-02-01
W1,62,58,120,321,185,506,2013-02-01
W1,9,2,11,15,2,17,2013-02-01
W1,206,122,328,440,178,618,2013-02-01
W1,125,88,213,469,203,672,2013-02-01
W1,203,214,417,1159,805,1964,2013-02-01
W1,753,679,1432,2354,1564,3918,2013-02-01
W1,191,138,329,861,461,1322,2013-02-01
W1,348,342,690,1207,750,1957,2013-02-01
W1,82,62,144,111,79,190,2013-02-01
W1,61,64,125,140,72,212,2013-02-01
W1,69,70,139,111,49,160,2013-02-01
W1,51,13,64,79,13,92,2013-02-01
W1,42,22,64,155,64,219,2013-02-01
W1,396,279,675,1061,546,1607,2013-02-01
W1,455,478,933,1811,1167,2978,2013-02-01
W1,94,56,150,126,55,181,2013-02-01
W1,320,355,675,1018,592,1610,2013-02-01
W1,58,24,82,164,64,228,2013-02-01
W1,55,51,106,124,52,176,2013-02-01
W2,6631,5846,12477,16363,10335,26698,2013-02-01
W3,5851,5724,11575,18791,12947,31738,2013-02-01
W4,3013,3448,6461,16694,14398,31092,2013-02-01
W5,3741,4046,7787,19721,15899,35620,2013-02-01
W6,3410,3466,6876,10613,8095,18708,2013-02-01
W7,2663,3037,5700,9628,7568,17196,2013-02-01
W8,1869,2274,4143,8401,7072,15473,2013-02-01
W9,4076,4468,8544,12205,8858,21063,2013-02-01
W10,4215,4580,8795,8613,6237,14850,2013-02-01
W11,3556,4003,7559,10327,8150,18477,2013-02-01
W12,6128,6182,12310,13449,9148,22597,2013-02-01
W13,2823,2950,5773,12085,9577,21662,2013-02-01
W14,4001,4326,8327,12363,9503,21866,2013-02-01
WA1,889,1023,1912,7669,6378,14047,2013-02-01
WA2,2221,2781,5002,12513,10020,22533,2013-02-01
WA3,1612,2264,3876,17182,15023,32205,2013-02-01
WA4,1599,1899,3498,17690,15909,33599,2013-02-01
WA5,2282,3084,5366,20964,18178,39142,2013-02-01
WA6,527,608,1135,7589,7021,14610,2013-02-01
WA7,3525,4984,8509,20011,15700,35711,2013-02-01
WA8,2949,3989,6938,20383,16423,36806,2013-02-01
WA9,2717,3604,6321,14663,10876,25539,2013-02-01
WA10,1794,2340,4134,12462,9941,22403,2013-02-01
WA11,1607,2214,3821,14590,12040,26630,2013-02-01
WA12,978,1385,2363,7227,5840,13067,2013-02-01
WA13,320,383,703,5058,4814,9872,2013-02-01
WA14,1186,1274,2460,10674,9671,20345,2013-02-01
WA15,1571,1740,3311,16574,15078,31652,2013-02-01
WA16,720,721,1441,9483,8925,18408,2013-02-01
WC1,77,55,132,249,115,364,2013-02-01
WC1,183,217,400,425,250,675,2013-02-01
WC1,216,211,427,473,321,794,2013-02-01
WC1,869,750,1619,1719,919,2638,2013-02-01
WC1,714,672,1386,1835,1116,2951,2013-02-01
WC1,36,26,62,185,107,292,2013-02-01
WC1,41,33,74,82,42,124,2013-02-01
WC1,922,799,1721,1787,1122,2909,2013-02-01
WC2,11,8,19,84,54,138,2013-02-01
WC2,194,142,336,493,241,734,2013-02-01
WC2,60,41,101,219,107,326,2013-02-01
WC2,389,254,643,828,370,1198,2013-02-01
WC2,76,45,121,226,114,340,2013-02-01
WC2,26,16,42,100,46,146,2013-02-01
WD1,36,35,71,125,71,196,2013-02-01
WD2,88,64,152,204,108,312,2013-02-01
WD3,1353,1699,3052,15857,15048,30905,2013-02-01
WD4,319,353,672,4369,4160,8529,2013-02-01
WD5,404,455,859,4234,3991,8225,2013-02-01
WD6,2091,2554,4645,13365,11302,24667,2013-02-01
WD7,409,507,916,5122,4897,10019,2013-02-01
WD17,825,840,1665,5993,5016,11009,2013-02-01
WD18,2155,2265,4420,7953,5685,13638,2013-02-01
WD19,1292,1742,3034,9576,8753,18329,2013-02-01
WD23,965,1217,2182,9536,9147,18683,2013-02-01
WD24,1472,1614,3086,7845,6170,14015,2013-02-01
WD25,1311,1614,2925,9950,8633,18583,2013-02-01
WF1,2176,2638,4814,10533,7310,17843,2013-02-01
WF2,2461,3462,5923,16070,12834,28904,2013-02-01
WF3,1196,1793,2989,11603,9991,21594,2013-02-01
WF4,1691,2330,4021,15341,12799,28140,2013-02-01
WF5,824,1171,1995,7397,6279,13676,2013-02-01
WF6,1063,1473,2536,6930,5346,12276,2013-02-01
WF7,928,1383,2311,6697,5386,12083,2013-02-01
WF8,1487,1982,3469,10645,8518,19163,2013-02-01
WF9,2298,3041,5339,11942,8717,20659,2013-02-01
WF10,2411,3422,5833,14031,10169,24200,2013-02-01
WF11,897,1250,2147,5377,4054,9431,2013-02-01
WF12,1876,2567,4443,10566,7624,18190,2013-02-01
WF13,1808,2324,4132,7090,4377,11467,2013-02-01
WF14,695,959,1654,6956,6077,13033,2013-02-01
WF15,763,1041,1804,5879,4956,10835,2013-02-01
WF16,622,855,1477,3714,2593,6307,2013-02-01
WF17,2316,3232,5548,12821,8833,21654,2013-02-01
WN1,887,1052,1939,6430,5007,11437,2013-02-01
WN2,2133,3042,5175,17152,13420,30572,2013-02-01
WN3,1189,1722,2911,10404,8329,18733,2013-02-01
WN4,1081,1481,2562,10285,8545,18830,2013-02-01
WN5,1933,2426,4359,14148,11082,25230,2013-02-01
WN6,1415,1790,3205,14439,12374,26813,2013-02-01
WN7,2296,2985,5281,15086,11733,26819,2013-02-01
WN8,2709,3894,6603,14703,11480,26183,2013-02-01
WR1,557,525,1082,2786,2182,4968,2013-02-01
WR2,1051,1270,2321,10218,8867,19085,2013-02-01
WR3,689,922,1611,7613,6745,14358,2013-02-01
WR4,1288,1793,3081,8279,6852,15131,2013-02-01
WR5,1191,1623,2814,11054,9532,20586,2013-02-01
WR6,294,344,638,5306,4981,10287,2013-02-01
WR7,105,121,226,2319,2174,4493,2013-02-01
WR8,240,239,479,3302,3201,6503,2013-02-01
WR9,1112,1451,2563,11606,10492,22098,2013-02-01
WR10,476,659,1135,7085,6508,13593,2013-02-01
WR11,1501,1963,3464,15473,13473,28946,2013-02-01
WR12,155,168,323,2285,2169,4454,2013-02-01
WR13,235,254,489,3390,3347,6737,2013-02-01
WR14,1486,1856,3342,12151,11075,23226,2013-02-01
WR15,238,247,485,2866,2518,5384,2013-02-01
WS1,2014,2448,4462,6938,4240,11178,2013-02-01
WS2,2600,3605,6205,9660,6102,15762,2013-02-01
WS3,2818,3696,6514,14520,10676,25196,2013-02-01
WS4,762,978,1740,5638,4542,10180,2013-02-01
WS5,879,1300,2179,7264,6114,13378,2013-02-01
WS6,547,810,1357,6815,5734,12549,2013-02-01
WS7,894,1279,2173,11176,9514,20690,2013-02-01
WS8,690,886,1576,5139,4004,9143,2013-02-01
WS9,833,1092,1925,9675,8303,17978,2013-02-01
WS10,2818,3787,6605,12792,8797,21589,2013-02-01
WS11,1691,2245,3936,14269,11852,26121,2013-02-01
WS12,1078,1510,2588,12504,10447,22951,2013-02-01
WS13,1013,1249,2262,9067,7985,17052,2013-02-01
WS14,429,525,954,6780,6332,13112,2013-02-01
WS15,1397,1897,3294,13186,11242,24428,2013-02-01
WV1,1497,1472,2969,3908,2309,6217,2013-02-01
WV2,1632,1620,3252,3720,2296,6016,2013-02-01
WV3,1584,1896,3480,9567,7891,17458,2013-02-01
WV4,1556,2147,3703,11610,9341,20951,2013-02-01
WV5,381,552,933,5971,5253,11224,2013-02-01
WV6,2235,2782,5017,15235,12888,28123,2013-02-01
WV7,235,264,499,2273,1933,4206,2013-02-01
WV8,621,933,1554,5453,4760,10213,2013-02-01
WV9,259,397,656,2617,2294,4911,2013-02-01
WV10,3716,5141,8857,15625,11346,26971,2013-02-01
WV11,1708,2273,3981,11167,8440,19607,2013-02-01
WV12,1088,1502,2590,8573,6842,15415,2013-02-01
WV13,1215,1587,2802,6118,4531,10649,2013-02-01
WV14,2611,3500,6111,13450,9857,23307,2013-02-01
WV15,248,321,569,3312,2877,6189,2013-02-01
WV16,485,618,1103,6691,5926,12617,2013-02-01
YO1,260,263,523,1196,871,2067,2013-02-01
YO2,16,22,38,58,34,92,2013-02-01
YO3,29,29,58,73,43,116,2013-02-01
YO4,8,12,20,122,91,213,2013-02-01
YO5,4,9,13,37,30,67,2013-02-01
YO6,14,29,43,123,82,205,2013-02-01
YO7,550,744,1294,7775,6769,14544,2013-02-01
YO8,1546,2366,3912,16025,13542,29567,2013-02-01
YO10,1193,1517,2710,6688,5490,12178,2013-02-01
YO11,1148,1407,2555,6911,5202,12113,2013-02-01
YO12,1886,2624,4510,13075,10570,23645,2013-02-01
YO13,209,321,530,4057,3785,7842,2013-02-01
YO14,417,560,977,4116,3523,7639,2013-02-01
YO15,670,805,1475,4817,3702,8519,2013-02-01
YO16,937,1420,2357,8355,6573,14928,2013-02-01
YO17,664,860,1524,7900,6762,14662,2013-02-01
YO18,293,375,668,4192,3788,7980,2013-02-01
YO19,328,410,738,4877,4566,9443,2013-02-01
YO21,510,620,1130,5415,4611,10026,2013-02-01
YO22,333,468,801,3110,2615,5725,2013-02-01
YO23,677,942,1619,6769,6307,13076,2013-02-01
YO24,1426,2057,3483,9812,8278,18090,2013-02-01
YO25,956,1265,2221,12862,11423,24285,2013-02-01
YO26,1218,1679,2897,10411,9076,19487,2013-02-01
YO30,1245,1578,2823,8472,7432,15904,2013-02-01
YO31,1305,1684,2989,8159,6954,15113,2013-02-01
YO32,928,1356,2284,10659,9888,20547,2013-02-01
YO41,228,326,554,4205,3947,8152,2013-02-01
YO42,386,568,954,5579,4965,10544,2013-02-01
YO43,289,446,735,4808,4290,9098,2013-02-01
YO51,134,197,331,2122,2001,4123,2013-02-01
YO60,118,125,243,1882,1818,3700,2013-02-01
YO61,365,408,773,5391,5151,10542,2013-02-01
YO62,357,372,729,4565,4159,8724,2013-02-01
ZE1,445,549,994,2688,2184,4872,2013-02-01
ZE2,591,865,1456,5310,4465,9775,2013-02-01
ZE3,18,25,43,178,131,309,2013-02-01
AB1,51,62,113,191,127,318,2013-07-01
AB2,28,30,58,146,73,219,2013-07-01
AB3,1,5,6,38,38,76,2013-07-01
AB4,0,0,0,7,10,17,2013-07-01
AB5,0,1,1,11,5,16,2013-07-01
AB9,30,17,47,67,11,78,2013-07-01
AB10,1348,1484,2832,7656,5957,13613,2013-07-01
AB11,1824,1820,3644,6376,4161,10537,2013-07-01
AB12,1172,1540,2712,9738,8301,18039,2013-07-01
AB13,104,115,219,1321,1285,2606,2013-07-01
AB14,205,242,447,1956,1798,3754,2013-07-01
AB15,1434,1752,3186,14987,13872,28859,2013-07-01
AB16,2186,2861,5047,8374,6018,14392,2013-07-01
AB21,805,1040,1845,8388,7218,15606,2013-07-01
AB22,636,855,1491,6496,5679,12175,2013-07-01
AB23,391,500,891,4458,3865,8323,2013-07-01
AB24,2865,2989,5854,8983,5476,14459,2013-07-01
AB25,1376,1340,2716,5200,3655,8855,2013-07-01
AB30,188,265,453,2834,2583,5417,2013-07-01
AB31,425,526,951,6379,5904,12283,2013-07-01
AB32,411,513,924,5233,4966,10199,2013-07-01
AB33,127,156,283,2147,1918,4065,2013-07-01
AB34,176,231,407,2068,1971,4039,2013-07-01
AB35,87,124,211,983,903,1886,2013-07-01
AB36,14,17,31,204,195,399,2013-07-01
AB37,42,54,96,522,445,967,2013-07-01
AB38,137,195,332,1726,1467,3193,2013-07-01
AB39,617,724,1341,6681,6266,12947,2013-07-01
AB41,586,883,1469,8408,7547,15955,2013-07-01
AB42,1434,1757,3191,11878,10017,21895,2013-07-01
AB43,1026,1298,2324,8109,6926,15035,2013-07-01
AB44,178,236,414,1351,1164,2515,2013-07-01
AB45,416,527,943,3961,3403,7364,2013-07-01
AB51,922,1225,2147,13297,12064,25361,2013-07-01
AB52,104,166,270,1927,1767,3694,2013-07-01
AB53,328,478,806,4822,4122,8944,2013-07-01
AB54,376,484,860,4287,3707,7994,2013-07-01
AB55,298,426,724,3385,2820,6205,2013-07-01
AB56,642,788,1430,4852,4246,9098,2013-07-01
AL1,1715,1870,3585,13171,11635,24806,2013-07-01
AL2,844,1003,1847,9268,8415,17683,2013-07-01
AL3,1016,1219,2235,10502,9823,20325,2013-07-01
AL4,858,1033,1891,10414,9904,20318,2013-07-01
AL5,977,1055,2032,11786,11516,23302,2013-07-01
AL6,311,335,646,4770,4559,9329,2013-07-01
AL7,1770,2214,3984,11469,9979,21448,2013-07-01
AL8,498,661,1159,4904,4517,9421,2013-07-01
AL9,348,395,743,4558,4216,8774,2013-07-01
AL10,2591,2337,4928,9619,6949,16568,2013-07-01
B1,648,542,1190,1699,908,2607,2013-07-01
B2,40,41,81,80,31,111,2013-07-01
B3,108,109,217,512,317,829,2013-07-01
B4,154,86,240,230,56,286,2013-07-01
B5,1081,1103,2184,2548,1508,4056,2013-07-01
B6,2354,2519,4873,4337,2173,6510,2013-07-01
B7,972,1148,2120,1519,796,2315,2013-07-01
B8,4546,4698,9244,9230,4671,13901,2013-07-01
B9,2456,2947,5403,5266,2786,8052,2013-07-01
B10,3074,3265,6339,5955,2830,8785,2013-07-01
B11,5081,5120,10201,10660,5431,16091,2013-07-01
B12,2465,2385,4850,4157,1982,6139,2013-07-01
B13,2641,3163,5804,11657,8922,20579,2013-07-01
B14,2823,3590,6413,12594,10022,22616,2013-07-01
B15,1262,1339,2601,4575,3439,8014,2013-07-01
B16,2366,2462,4828,5528,3313,8841,2013-07-01
B17,1470,1781,3251,7879,6635,14514,2013-07-01
B18,1801,2161,3962,3068,1857,4925,2013-07-01
B19,2701,2789,5490,3637,1783,5420,2013-07-01
B20,3388,3903,7291,9451,6469,15920,2013-07-01
B21,4149,4093,8242,6585,3764,10349,2013-07-01
B23,3283,4147,7430,11369,8523,19892,2013-07-01
B24,1910,2401,4311,8127,6260,14387,2013-07-01
B25,1320,1628,2948,4228,2820,7048,2013-07-01
B26,1806,2284,4090,10560,8013,18573,2013-07-01
B27,1932,2380,4312,7120,5004,12124,2013-07-01
B28,1630,2037,3667,10344,8290,18634,2013-07-01
B29,2646,3218,5864,9089,6753,15842,2013-07-01
B30,1701,2113,3814,8643,7613,16256,2013-07-01
B31,3576,4758,8334,15876,12457,28333,2013-07-01
B32,2584,3672,6256,10754,8362,19116,2013-07-01
B33,2524,3420,5944,8893,6129,15022,2013-07-01
B34,1172,1607,2779,5240,3937,9177,2013-07-01
B35,764,1032,1796,2310,1730,4040,2013-07-01
B36,2170,3082,5252,11055,8410,19465,2013-07-01
B37,2589,3406,5995,10101,7593,17694,2013-07-01
B38,1408,1902,3310,5785,4662,10447,2013-07-01
B42,1329,1750,3079,7319,5859,13178,2013-07-01
B43,1254,1671,2925,10169,8398,18567,2013-07-01
B44,2465,3302,5767,10248,7858,18106,2013-07-01
B45,1707,2373,4080,10038,8059,18097,2013-07-01
B46,385,465,850,4882,4383,9265,2013-07-01
B47,306,295,601,3906,3659,7565,2013-07-01
B48,162,172,334,2302,2063,4365,2013-07-01
B49,363,462,825,3985,3724,7709,2013-07-01
B50,176,203,379,2085,1996,4081,2013-07-01
B60,814,998,1812,9980,9327,19307,2013-07-01
B61,943,1176,2119,8946,7816,16762,2013-07-01
B62,940,1196,2136,8883,7560,16443,2013-07-01
B63,1535,2062,3597,12496,10312,22808,2013-07-01
B64,874,1139,2013,5023,3825,8848,2013-07-01
B65,1289,1797,3086,7159,5324,12483,2013-07-01
B66,2495,2737,5232,4720,2610,7330,2013-07-01
B67,2633,3038,5671,8118,5510,13628,2013-07-01
B68,1892,2611,4503,9441,7006,16447,2013-07-01
B69,1787,2364,4151,8445,6007,14452,2013-07-01
B70,2344,2854,5198,7038,4251,11289,2013-07-01
B71,1912,2455,4367,8700,6114,14814,2013-07-01
B72,358,428,786,3732,3305,7037,2013-07-01
B73,859,1035,1894,8755,7850,16605,2013-07-01
B74,773,1026,1799,12782,11885,24667,2013-07-01
B75,937,1325,2262,9675,8912,18587,2013-07-01
B76,904,863,1767,8896,7753,16649,2013-07-01
B77,2554,3837,6391,19475,16145,35620,2013-07-01
B78,859,1178,2037,8802,7638,16440,2013-07-01
B79,815,1156,1971,7748,6579,14327,2013-07-01
B80,227,266,493,2708,2500,5208,2013-07-01
B90,1556,1902,3458,17604,15715,33319,2013-07-01
B91,1079,1228,2307,13362,12624,25986,2013-07-01
B92,1487,1907,3394,13435,11772,25207,2013-07-01
B93,476,512,988,7940,7650,15590,2013-07-01
B94,151,186,337,3138,3039,6177,2013-07-01
B95,183,179,362,2472,2365,4837,2013-07-01
B96,107,134,241,2046,1978,4024,2013-07-01
B97,1190,1537,2727,11479,9915,21394,2013-07-01
B98,2689,3828,6517,16955,13420,30375,2013-07-01
BA1,2016,2270,4286,13694,12247,25941,2013-07-01
BA2,3275,3730,7005,23265,20541,43806,2013-07-01
BA3,1214,1225,2439,13020,11739,24759,2013-07-01
BA4,569,717,1286,6647,5947,12594,2013-07-01
BA5,595,677,1272,6727,6224,12951,2013-07-01
BA6,590,644,1234,4854,4586,9440,2013-07-01
BA7,89,142,231,1360,1300,2660,2013-07-01
BA8,129,181,310,1709,1584,3293,2013-07-01
BA9,230,304,534,2728,2456,5184,2013-07-01
BA10,133,171,304,1292,1239,2531,2013-07-01
BA11,1170,1607,2777,11705,10787,22492,2013-07-01
BA12,1043,1373,2416,10947,9641,20588,2013-07-01
BA13,666,829,1495,7343,6601,13944,2013-07-01
BA14,1898,2139,4037,16762,14934,31696,2013-07-01
BA15,399,514,913,4986,4932,9918,2013-07-01
BA16,546,607,1153,4384,3937,8321,2013-07-01
BA20,408,500,908,4052,3420,7472,2013-07-01
BA21,1469,1943,3412,11382,9397,20779,2013-07-01
BA22,483,520,1003,7100,6515,13615,2013-07-01
BB1,3797,4981,8778,20043,14129,34172,2013-07-01
BB2,3266,4128,7394,18359,14174,32533,2013-07-01
BB3,1623,2147,3770,11184,9152,20336,2013-07-01
BB4,1652,2231,3883,14586,12548,27134,2013-07-01
BB5,3188,3986,7174,19327,15056,34383,2013-07-01
BB6,578,709,1287,5317,4576,9893,2013-07-01
BB7,945,1141,2086,11891,10965,22856,2013-07-01
BB8,1003,1314,2317,7779,6587,14366,2013-07-01
BB9,2368,3013,5381,13750,10258,24008,2013-07-01
BB10,1888,2500,4388,12240,9352,21592,2013-07-01
BB11,1389,1767,3156,6687,5109,11796,2013-07-01
BB12,1565,1931,3496,12015,9956,21971,2013-07-01
BB18,610,828,1438,5970,5096,11066,2013-07-01
BD1,410,254,664,692,251,943,2013-07-01
BD2,1625,2178,3803,9071,7013,16084,2013-07-01
BD3,3160,3453,6613,7199,3643,10842,2013-07-01
BD4,2054,2810,4864,7655,5360,13015,2013-07-01
BD5,2646,3069,5715,6492,3369,9861,2013-07-01
BD6,1604,2294,3898,8797,6826,15623,2013-07-01
BD7,3088,3167,6255,8604,4960,13564,2013-07-01
BD8,2655,3033,5688,7209,3886,11095,2013-07-01
BD9,1912,2464,4376,7287,4987,12274,2013-07-01
BD10,1256,1569,2825,8138,6851,14989,2013-07-01
BD11,349,509,858,3915,3503,7418,2013-07-01
BD12,830,1104,1934,5652,4546,10198,2013-07-01
BD13,1012,1364,2376,8782,7613,16395,2013-07-01
BD14,380,504,884,2651,2257,4908,2013-07-01
BD15,742,1033,1775,5040,4051,9091,2013-07-01
BD16,915,1123,2038,9280,8358,17638,2013-07-01
BD17,626,780,1406,6562,5840,12402,2013-07-01
BD18,1519,1947,3466,8218,6597,14815,2013-07-01
BD19,868,1075,1943,7535,6524,14059,2013-07-01
BD20,1091,1492,2583,13211,11782,24993,2013-07-01
BD21,1647,2251,3898,7043,4593,11636,2013-07-01
BD22,1231,1709,2940,10118,8542,18660,2013-07-01
BD23,901,1207,2108,11132,10285,21417,2013-07-01
BD24,162,209,371,1982,1789,3771,2013-07-01
BD99,0,0,0,0,1,1,2013-07-01
BH1,1547,1485,3032,6004,3984,9988,2013-07-01
BH2,628,554,1182,2818,1926,4744,2013-07-01
BH3,255,268,523,2082,1802,3884,2013-07-01
BH4,416,407,823,3607,3015,6622,2013-07-01
BH5,585,617,1202,3468,2739,6207,2013-07-01
BH6,870,1009,1879,8213,7647,15860,2013-07-01
BH7,574,632,1206,4186,3728,7914,2013-07-01
BH8,1638,1694,3332,9167,7614,16781,2013-07-01
BH9,1427,1570,2997,9764,8760,18524,2013-07-01
BH10,755,901,1656,7256,6501,13757,2013-07-01
BH11,920,1222,2142,6902,6022,12924,2013-07-01
BH12,1706,1970,3676,12196,10407,22603,2013-07-01
BH13,140,175,315,3282,3118,6400,2013-07-01
BH14,862,819,1681,9007,8343,17350,2013-07-01
BH15,1433,1646,3079,11704,10124,21828,2013-07-01
BH16,583,760,1343,5832,5357,11189,2013-07-01
BH17,917,1119,2036,8277,7671,15948,2013-07-01
BH18,245,252,497,4965,4738,9703,2013-07-01
BH19,382,579,961,4283,3834,8117,2013-07-01
BH20,964,836,1800,8148,7111,15259,2013-07-01
BH21,1014,1179,2193,16415,15973,32388,2013-07-01
BH22,577,727,1304,10969,10392,21361,2013-07-01
BH23,1669,1910,3579,20213,19162,39375,2013-07-01
BH24,645,691,1336,9624,9203,18827,2013-07-01
BH25,781,891,1672,9600,9147,18747,2013-07-01
BH31,300,324,624,5258,5194,10452,2013-07-01
BL0,531,727,1258,6519,5989,12508,2013-07-01
BL1,3339,3914,7253,19690,15269,34959,2013-07-01
BL2,2372,2947,5319,14838,12264,27102,2013-07-01
BL3,4055,4827,8882,19166,13506,32672,2013-07-01
BL4,1838,2494,4332,10204,7552,17756,2013-07-01
BL5,970,1169,2139,9926,8928,18854,2013-07-01
BL6,1106,1355,2461,10864,9573,20437,2013-07-01
BL7,391,449,840,6085,5858,11943,2013-07-01
BL8,1225,1536,2761,13430,12030,25460,2013-07-01
BL9,2652,3283,5935,15752,12343,28095,2013-07-01
BN1,5486,5393,10879,25152,20890,46042,2013-07-01
BN2,6237,6842,13079,27007,21000,48007,2013-07-01
BN3,4869,5190,10059,26817,22354,49171,2013-07-01
BN5,184,237,421,2888,2857,5745,2013-07-01
BN6,566,539,1105,6543,6532,13075,2013-07-01
BN7,1029,1251,2280,6878,6523,13401,2013-07-01
BN8,488,571,1059,6302,6087,12389,2013-07-01
BN9,671,907,1578,4445,3706,8151,2013-07-01
BN10,774,991,1765,6661,5643,12304,2013-07-01
BN11,1742,1948,3690,10299,8650,18949,2013-07-01
BN12,746,831,1577,7758,7377,15135,2013-07-01
BN13,1061,1246,2307,9992,9352,19344,2013-07-01
BN14,1244,1452,2696,11061,10156,21217,2013-07-01
BN15,1149,1489,2638,9930,8496,18426,2013-07-01
BN16,793,894,1687,10663,10377,21040,2013-07-01
BN17,1412,1769,3181,9909,8318,18227,2013-07-01
BN18,488,515,1003,5089,4833,9922,2013-07-01
BN20,705,896,1601,7474,7290,14764,2013-07-01
BN21,1351,1400,2751,7667,6384,14051,2013-07-01
BN22,1675,2184,3859,10318,8905,19223,2013-07-01
BN23,1142,1601,2743,9663,8556,18219,2013-07-01
BN24,228,268,496,3569,3298,6867,2013-07-01
BN25,800,1124,1924,8811,8070,16881,2013-07-01
BN26,315,393,708,4204,3900,8104,2013-07-01
BN27,956,1228,2184,9907,9139,19046,2013-07-01
BN41,1227,1567,2794,6652,5827,12479,2013-07-01
BN42,509,567,1076,3634,3160,6794,2013-07-01
BN43,1028,1157,2185,8136,7398,15534,2013-07-01
BN44,282,355,637,4044,3909,7953,2013-07-01
BN45,18,17,35,246,219,465,2013-07-01
BR1,3516,4467,7983,18660,16512,35172,2013-07-01
BR2,2055,2279,4334,16589,15406,31995,2013-07-01
BR3,2276,2656,4932,17558,16221,33779,2013-07-01
BR4,822,784,1606,7406,7022,14428,2013-07-01
BR5,2491,3184,5675,15053,13495,28548,2013-07-01
BR6,1857,2099,3956,17771,16704,34475,2013-07-01
BR7,575,779,1354,6816,6529,13345,2013-07-01
BR8,945,1336,2281,8165,7003,15168,2013-07-01
BS1,646,581,1227,2705,1401,4106,2013-07-01
BS2,1524,1572,3096,3673,2364,6037,2013-07-01
BS3,1938,2279,4217,11602,9405,21007,2013-07-01
BS4,2727,3429,6156,15389,12229,27618,2013-07-01
BS5,4280,4601,8881,15348,10976,26324,2013-07-01
BS6,1681,1819,3500,10118,8997,19115,2013-07-01
BS7,2316,2489,4805,12582,10366,22948,2013-07-01
BS8,1138,1179,2317,8214,6816,15030,2013-07-01
BS9,1098,1169,2267,12022,11101,23123,2013-07-01
BS10,1620,2169,3789,8669,7101,15770,2013-07-01
BS11,1081,1394,2475,5490,4224,9714,2013-07-01
BS12,16,12,28,86,35,121,2013-07-01
BS13,1721,2343,4064,8742,6638,15380,2013-07-01
BS14,1127,1423,2550,10533,8984,19517,2013-07-01
BS15,1781,2234,4015,16860,14457,31317,2013-07-01
BS16,3081,3461,6542,25455,21963,47418,2013-07-01
BS17,9,15,24,80,50,130,2013-07-01
BS18,11,10,21,88,51,139,2013-07-01
BS19,3,8,11,62,47,109,2013-07-01
BS20,824,987,1811,11819,10866,22685,2013-07-01
BS21,731,933,1664,8977,8370,17347,2013-07-01
BS22,1183,1752,2935,14016,12295,26311,2013-07-01
BS23,1798,2168,3966,10948,8502,19450,2013-07-01
BS24,526,740,1266,6945,6456,13401,2013-07-01
BS25,164,170,334,2591,2453,5044,2013-07-01
BS26,147,136,283,2007,1953,3960,2013-07-01
BS27,184,191,375,2774,2634,5408,2013-07-01
BS28,80,69,149,1393,1355,2748,2013-07-01
BS29,79,91,170,1080,931,2011,2013-07-01
BS30,833,1019,1852,11353,10620,21973,2013-07-01
BS31,722,830,1552,7517,6827,14344,2013-07-01
BS32,736,893,1629,8885,8118,17003,2013-07-01
BS34,1389,1612,3001,10608,8983,19591,2013-07-01
BS35,667,824,1491,8900,8146,17046,2013-07-01
BS36,453,453,906,6333,5912,12245,2013-07-01
BS37,1310,1689,2999,14340,12660,27000,2013-07-01
BS39,360,464,824,6072,5584,11656,2013-07-01
BS40,258,341,599,5316,5120,10436,2013-07-01
BS41,150,177,327,2360,2206,4566,2013-07-01
BS48,703,831,1534,9390,8828,18218,2013-07-01
BS49,384,406,790,4519,4348,8867,2013-07-01
BS99,1,0,1,2,1,3,2013-07-01
BT4,0,0,0,1,0,1,2013-07-01
BT8,0,0,0,0,1,1,2013-07-01
BT9,0,1,1,1,0,1,2013-07-01
BT14,0,0,0,1,0,1,2013-07-01
BT15,0,0,0,0,2,2,2013-07-01
BT16,0,0,0,1,0,1,2013-07-01
BT17,0,0,0,0,1,1,2013-07-01
BT18,0,0,0,1,0,1,2013-07-01
BT19,0,0,0,9,3,12,2013-07-01
BT20,0,0,0,1,3,4,2013-07-01
BT21,0,0,0,0,1,1,2013-07-01
BT22,0,0,0,1,1,2,2013-07-01
BT23,0,2,2,2,1,3,2013-07-01
BT24,0,0,0,0,4,4,2013-07-01
BT25,0,0,0,1,3,4,2013-07-01
BT26,0,0,0,1,0,1,2013-07-01
BT27,0,1,1,1,1,2,2013-07-01
BT28,0,0,0,3,4,7,2013-07-01
BT29,0,0,0,2,3,5,2013-07-01
BT30,0,0,0,1,0,1,2013-07-01
BT32,0,0,0,3,1,4,2013-07-01
BT33,0,0,0,3,1,4,2013-07-01
BT34,0,0,0,4,3,7,2013-07-01
BT35,0,2,2,3,1,4,2013-07-01
BT36,1,0,1,2,2,4,2013-07-01
BT37,0,0,0,2,1,3,2013-07-01
BT38,0,1,1,2,4,6,2013-07-01
BT39,0,0,0,1,2,3,2013-07-01
BT40,0,1,1,3,3,6,2013-07-01
BT41,0,0,0,2,2,4,2013-07-01
BT42,0,0,0,2,2,4,2013-07-01
BT43,0,0,0,0,1,1,2013-07-01
BT44,0,0,0,0,1,1,2013-07-01
BT45,0,1,1,1,3,4,2013-07-01
BT47,0,1,1,2,0,2,2013-07-01
BT48,0,0,0,1,1,2,2013-07-01
BT49,0,1,1,0,1,1,2013-07-01
BT51,0,0,0,1,2,3,2013-07-01
BT52,0,0,0,0,1,1,2013-07-01
BT53,0,0,0,1,1,2,2013-07-01
BT54,0,0,0,2,3,5,2013-07-01
BT55,0,1,1,1,1,2,2013-07-01
BT60,0,0,0,1,2,3,2013-07-01
BT62,0,0,0,0,1,1,2013-07-01
BT63,0,0,0,1,0,1,2013-07-01
BT65,0,0,0,1,1,2,2013-07-01
BT66,0,0,0,1,3,4,2013-07-01
BT67,0,0,0,1,0,1,2013-07-01
BT70,0,0,0,0,1,1,2013-07-01
BT71,1,0,1,1,3,4,2013-07-01
BT74,0,1,1,0,3,3,2013-07-01
BT78,0,0,0,0,1,1,2013-07-01
BT79,0,0,0,1,0,1,2013-07-01
BT81,0,0,0,0,1,1,2013-07-01
BT82,0,0,0,0,2,2,2013-07-01
BT93,0,0,0,0,1,1,2013-07-01
CA1,1209,1645,2854,7126,5531,12657,2013-07-01
CA2,1731,2482,4213,12371,9628,21999,2013-07-01
CA3,454,568,1022,5098,4524,9622,2013-07-01
CA4,190,249,439,3845,3674,7519,2013-07-01
CA5,173,181,354,2821,2633,5454,2013-07-01
CA6,239,326,565,3646,3116,6762,2013-07-01
CA7,687,929,1616,8630,7707,16337,2013-07-01
CA8,268,414,682,3990,3532,7522,2013-07-01
CA9,77,113,190,875,725,1600,2013-07-01
CA10,326,425,751,5655,5165,10820,2013-07-01
CA11,688,909,1597,7928,6941,14869,2013-07-01
CA12,263,338,601,3042,2671,5713,2013-07-01
CA13,443,595,1038,5802,5265,11067,2013-07-01
CA14,1403,2077,3480,12189,9624,21813,2013-07-01
CA15,675,954,1629,5394,4221,9615,2013-07-01
CA16,132,203,335,2430,2211,4641,2013-07-01
CA17,112,171,283,1910,1633,3543,2013-07-01
CA18,8,10,18,124,120,244,2013-07-01
CA19,29,33,62,471,415,886,2013-07-01
CA20,79,102,181,1360,1200,2560,2013-07-01
CA21,22,19,41,350,296,646,2013-07-01
CA22,418,576,994,3211,2576,5787,2013-07-01
CA23,45,82,127,567,454,1021,2013-07-01
CA24,38,59,97,387,321,708,2013-07-01
CA25,313,375,688,1906,1470,3376,2013-07-01
CA26,159,206,365,1310,1046,2356,2013-07-01
CA27,57,66,123,644,560,1204,2013-07-01
CA28,1321,1719,3040,9436,7342,16778,2013-07-01
CB1,3020,3310,6330,17108,14658,31766,2013-07-01
CB2,1205,1276,2481,7921,6908,14829,2013-07-01
CB3,1019,1269,2288,8723,8122,16845,2013-07-01
CB4,3150,3640,6790,18575,15607,34182,2013-07-01
CB5,929,1113,2042,6153,5211,11364,2013-07-01
CB6,1067,1427,2494,13758,12326,26084,2013-07-01
CB7,804,1017,1821,9500,8391,17891,2013-07-01
CB8,1310,1533,2843,11643,10439,22082,2013-07-01
CB9,1367,1917,3284,10797,8937,19734,2013-07-01
CB10,420,545,965,5240,4912,10152,2013-07-01
CB11,588,697,1285,6828,6259,13087,2013-07-01
CB21,247,306,553,3682,3362,7044,2013-07-01
CB22,445,481,926,5522,4850,10372,2013-07-01
CB23,678,727,1405,7474,6850,14324,2013-07-01
CB24,632,693,1325,7604,6708,14312,2013-07-01
CB25,310,313,623,4001,3506,7507,2013-07-01
CF1,58,47,105,106,36,142,2013-07-01
CF2,36,27,63,105,55,160,2013-07-01
CF3,2317,3049,5366,12688,10992,23680,2013-07-01
CF4,32,20,52,144,88,232,2013-07-01
CF5,3429,4259,7688,19938,17450,37388,2013-07-01
CF6,75,64,139,98,48,146,2013-07-01
CF7,10,5,15,51,37,88,2013-07-01
CF8,26,30,56,114,74,188,2013-07-01
CF10,1013,856,1869,3392,2111,5503,2013-07-01
CF11,2814,2644,5458,9817,6947,16764,2013-07-01
CF14,2749,3264,6013,25538,23529,49067,2013-07-01
CF15,487,635,1122,6868,6600,13468,2013-07-01
CF23,2015,2681,4696,15412,14266,29678,2013-07-01
CF24,4198,3708,7906,11000,7519,18519,2013-07-01
CF31,1594,2217,3811,15502,13661,29163,2013-07-01
CF32,1260,1770,3030,10171,8156,18327,2013-07-01
CF33,639,961,1600,4801,3888,8689,2013-07-01
CF34,931,1305,2236,6671,5020,11691,2013-07-01
CF35,404,539,943,5691,5095,10786,2013-07-01
CF36,467,629,1096,6041,5387,11428,2013-07-01
CF37,1941,2260,4201,11736,8986,20722,2013-07-01
CF38,694,1056,1750,8286,7452,15738,2013-07-01
CF39,1322,1965,3287,9077,7081,16158,2013-07-01
CF40,958,1395,2353,6357,4623,10980,2013-07-01
CF41,451,702,1153,3462,2547,6009,2013-07-01
CF42,593,875,1468,4113,3055,7168,2013-07-01
CF43,622,967,1589,3549,2420,5969,2013-07-01
CF44,1758,2680,4438,12864,9830,22694,2013-07-01
CF45,1047,1517,2564,5894,4307,10201,2013-07-01
CF46,565,866,1431,4884,4008,8892,2013-07-01
CF47,1219,1688,2907,6423,4589,11012,2013-07-01
CF48,1269,1884,3153,8532,6636,15168,2013-07-01
CF61,443,545,988,3733,3358,7091,2013-07-01
CF62,1763,2202,3965,13668,12256,25924,2013-07-01
CF63,1216,1555,2771,6265,5327,11592,2013-07-01
CF64,1325,1663,2988,13138,12310,25448,2013-07-01
CF71,205,205,410,3831,3588,7419,2013-07-01
CF72,753,1047,1800,9211,8483,17694,2013-07-01
CF81,910,1357,2267,4897,3397,8294,2013-07-01
CF82,807,1210,2017,6560,5299,11859,2013-07-01
CF83,2417,3278,5695,17401,14520,31921,2013-07-01
CH1,1778,2187,3965,9014,6938,15952,2013-07-01
CH2,1391,1785,3176,12384,10685,23069,2013-07-01
CH3,1124,1244,2368,12807,11941,24748,2013-07-01
CH4,1390,1799,3189,11624,10355,21979,2013-07-01
CH5,1905,2436,4341,14487,12116,26603,2013-07-01
CH6,817,1181,1998,5390,4353,9743,2013-07-01
CH7,1625,2151,3776,18499,16688,35187,2013-07-01
CH8,896,1234,2130,7495,6338,13833,2013-07-01
CH41,1487,1727,3214,4177,2874,7051,2013-07-01
CH42,2240,2682,4922,8138,6417,14555,2013-07-01
CH43,1885,2229,4114,12423,10663,23086,2013-07-01
CH44,2030,2503,4533,8110,6087,14197,2013-07-01
CH45,1568,1822,3390,10283,8958,19241,2013-07-01
CH46,1359,1748,3107,8175,6815,14990,2013-07-01
CH47,388,493,881,4054,3923,7977,2013-07-01
CH48,562,569,1131,5687,5479,11166,2013-07-01
CH49,1305,1722,3027,9776,8766,18542,2013-07-01
CH60,291,309,600,5297,5193,10490,2013-07-01
CH61,516,667,1183,6536,6324,12860,2013-07-01
CH62,1413,1750,3163,9626,8227,17853,2013-07-01
CH63,1140,1356,2496,10970,10266,21236,2013-07-01
CH64,528,667,1195,7530,6895,14425,2013-07-01
CH65,1642,2143,3785,8153,6514,14667,2013-07-01
CH66,1398,1775,3173,12765,11241,24006,2013-07-01
CM0,536,731,1267,6333,5579,11912,2013-07-01
CM1,2737,3235,5972,22228,19382,41610,2013-07-01
CM2,2354,2841,5195,21625,19327,40952,2013-07-01
CM3,1599,2016,3615,21893,20154,42047,2013-07-01
CM4,299,369,668,4194,4005,8199,2013-07-01
CM5,336,390,726,4296,3955,8251,2013-07-01
CM6,642,759,1401,9966,9214,19180,2013-07-01
CM7,2029,2596,4625,17200,14535,31735,2013-07-01
CM8,1422,1976,3398,11345,9670,21015,2013-07-01
CM9,1132,1467,2599,12927,11577,24504,2013-07-01
CM11,684,764,1448,7731,7115,14846,2013-07-01
CM12,677,732,1409,8008,7422,15430,2013-07-01
CM13,874,1021,1895,9614,8891,18505,2013-07-01
CM14,783,1007,1790,7298,6519,13817,2013-07-01
CM15,785,921,1706,9314,8738,18052,2013-07-01
CM16,714,814,1528,8829,8032,16861,2013-07-01
CM17,735,1000,1735,7672,6973,14645,2013-07-01
CM18,1528,2078,3606,8119,6300,14419,2013-07-01
CM19,1217,1499,2716,7340,5762,13102,2013-07-01
CM20,1564,1921,3485,6775,5049,11824,2013-07-01
CM21,317,404,721,4443,3967,8410,2013-07-01
CM22,402,441,843,5593,5208,10801,2013-07-01
CM23,1529,1782,3311,15079,13766,28845,2013-07-01
CM24,238,247,485,2742,2437,5179,2013-07-01
CM77,450,492,942,5730,5477,11207,2013-07-01
CO1,997,1128,2125,4538,3541,8079,2013-07-01
CO2,1821,2440,4261,11311,8961,20272,2013-07-01
CO3,1231,1389,2620,10592,9684,20276,2013-07-01
CO4,2477,3109,5586,15217,12531,27748,2013-07-01
CO5,797,1044,1841,11243,10202,21445,2013-07-01
CO6,768,958,1726,11207,10484,21691,2013-07-01
CO7,1094,1275,2369,12931,11689,24620,2013-07-01
CO8,54,73,127,917,866,1783,2013-07-01
CO9,810,1039,1849,9464,8465,17929,2013-07-01
CO10,1658,2153,3811,17362,15230,32592,2013-07-01
CO11,423,524,947,4990,4503,9493,2013-07-01
CO12,946,1254,2200,7669,6105,13774,2013-07-01
CO13,325,433,758,4683,4255,8938,2013-07-01
CO14,254,338,592,2260,1834,4094,2013-07-01
CO15,1947,2403,4350,14745,11684,26429,2013-07-01
CO16,886,1153,2039,8870,7493,16363,2013-07-01
CR0,14689,16142,30831,46648,35859,82507,2013-07-01
CR2,2612,2944,5556,17435,15694,33129,2013-07-01
CR3,1101,1327,2428,10575,9933,20508,2013-07-01
CR4,7592,7430,15022,18525,12536,31061,2013-07-01
CR5,1230,1535,2765,10701,9936,20637,2013-07-01
CR6,316,344,660,3869,3680,7549,2013-07-01
CR7,6354,5972,12326,13245,9660,22905,2013-07-01
CR8,1582,1771,3353,12036,11077,23113,2013-07-01
CR9,57,42,99,64,25,89,2013-07-01
CT1,1767,1970,3737,7496,5992,13488,2013-07-01
CT2,1508,1744,3252,8401,7105,15506,2013-07-01
CT3,677,908,1585,6333,5700,12033,2013-07-01
CT4,496,603,1099,6733,6394,13127,2013-07-01
CT5,1240,1473,2713,12037,11154,23191,2013-07-01
CT6,1386,1705,3091,13722,12134,25856,2013-07-01
CT7,337,479,816,4453,3849,8302,2013-07-01
CT8,391,453,844,2341,2094,4435,2013-07-01
CT9,2669,3091,5760,12728,10233,22961,2013-07-01
CT10,1123,1298,2421,8759,7990,16749,2013-07-01
CT11,1814,2078,3892,8995,7303,16298,2013-07-01
CT12,960,1234,2194,5939,4832,10771,2013-07-01
CT13,367,405,772,3143,2868,6011,2013-07-01
CT14,1511,1917,3428,12164,10416,22580,2013-07-01
CT15,406,597,1003,5145,4628,9773,2013-07-01
CT16,1142,1312,2454,6391,4962,11353,2013-07-01
CT17,1207,1467,2674,6383,4927,11310,2013-07-01
CT18,398,494,892,5444,5015,10459,2013-07-01
CT19,1630,1966,3596,8813,7156,15969,2013-07-01
CT20,1278,1404,2682,7095,5337,12432,2013-07-01
CT21,533,677,1210,6423,5900,12323,2013-07-01
CV1,3518,2886,6404,6372,2749,9121,2013-07-01
CV2,4709,6074,10783,18922,13697,32619,2013-07-01
CV3,3765,4723,8488,21564,17137,38701,2013-07-01
CV4,1981,2323,4304,9323,7188,16511,2013-07-01
CV5,2175,2454,4629,16941,14297,31238,2013-07-01
CV6,6230,7981,14211,25829,18624,44453,2013-07-01
CV7,1031,1323,2354,10699,9404,20103,2013-07-01
CV8,961,1117,2078,12322,11428,23750,2013-07-01
CV9,789,1031,1820,7795,6530,14325,2013-07-01
CV10,2319,3193,5512,16938,13762,30700,2013-07-01
CV11,1773,2132,3905,13993,11441,25434,2013-07-01
CV12,1338,1899,3237,10895,8829,19724,2013-07-01
CV13,240,326,566,4332,3966,8298,2013-07-01
CV21,1984,2482,4466,11850,8970,20820,2013-07-01
CV22,1333,1612,2945,12872,11207,24079,2013-07-01
CV23,580,715,1295,8650,7806,16456,2013-07-01
CV31,1619,1999,3618,9542,7592,17134,2013-07-01
CV32,1286,1589,2875,11508,10068,21576,2013-07-01
CV33,190,238,428,2650,2449,5099,2013-07-01
CV34,1225,1483,2708,11038,9772,20810,2013-07-01
CV35,623,773,1396,9977,9714,19691,2013-07-01
CV36,240,327,567,3829,3605,7434,2013-07-01
CV37,1455,1748,3203,15378,14355,29733,2013-07-01
CV47,517,706,1223,6660,6053,12713,2013-07-01
CW1,2076,2616,4692,12962,10550,23512,2013-07-01
CW2,1800,2078,3878,13853,11838,25691,2013-07-01
CW3,252,316,568,3672,3417,7089,2013-07-01
CW4,234,229,463,3895,3738,7633,2013-07-01
CW5,810,986,1796,11004,10268,21272,2013-07-01
CW6,243,334,577,5112,5014,10126,2013-07-01
CW7,1547,2088,3635,10723,8939,19662,2013-07-01
CW8,1079,1323,2402,13778,12626,26404,2013-07-01
CW9,1078,1331,2409,12352,10909,23261,2013-07-01
CW10,401,529,930,5581,5152,10733,2013-07-01
CW11,646,833,1479,8709,8058,16767,2013-07-01
CW12,834,1035,1869,11328,10270,21598,2013-07-01
DA1,3045,3751,6796,17774,14268,32042,2013-07-01
DA2,826,1159,1985,7919,7051,14970,2013-07-01
DA3,544,625,1169,6939,6489,13428,2013-07-01
DA4,303,340,643,3681,3389,7070,2013-07-01
DA5,740,828,1568,7962,7290,15252,2013-07-01
DA6,462,593,1055,3621,3110,6731,2013-07-01
DA7,1421,1806,3227,12783,11119,23902,2013-07-01
DA8,2436,3199,5635,10057,8053,18110,2013-07-01
DA9,508,617,1125,4382,3777,8159,2013-07-01
DA10,364,496,860,2078,1575,3653,2013-07-01
DA11,2216,2664,4880,12124,9394,21518,2013-07-01
DA12,2612,3189,5801,15602,12553,28155,2013-07-01
DA13,367,418,785,6014,5675,11689,2013-07-01
DA14,958,1285,2243,7282,6607,13889,2013-07-01
DA15,1138,1418,2556,10631,9457,20088,2013-07-01
DA16,1774,2363,4137,12516,10674,23190,2013-07-01
DA17,1195,1557,2752,5491,4355,9846,2013-07-01
DA18,608,779,1387,1245,820,2065,2013-07-01
DD1,917,791,1708,1935,1352,3287,2013-07-01
DD2,2450,3141,5591,12116,10038,22154,2013-07-01
DD3,2526,3005,5531,10678,7978,18656,2013-07-01
DD4,2990,3872,6862,12267,9239,21506,2013-07-01
DD5,966,1224,2190,11968,11089,23057,2013-07-01
DD6,380,524,904,3461,3222,6683,2013-07-01
DD7,426,642,1068,4577,4037,8614,2013-07-01
DD8,984,1371,2355,10416,8981,19397,2013-07-01
DD9,468,675,1143,3988,3490,7478,2013-07-01
DD10,850,1130,1980,7756,6483,14239,2013-07-01
DD11,1229,1596,2825,9430,7763,17193,2013-07-01
DE1,1009,943,1952,3490,1968,5458,2013-07-01
DE2,18,9,27,38,16,54,2013-07-01
DE3,505,647,1152,6742,5997,12739,2013-07-01
DE4,1056,1441,2497,12881,11282,24163,2013-07-01
DE5,754,1101,1855,7832,6477,14309,2013-07-01
DE6,635,801,1436,9824,9027,18851,2013-07-01
DE7,2114,2961,5075,16607,13271,29878,2013-07-01
DE11,1704,2273,3977,14912,12592,27504,2013-07-01
DE12,641,823,1464,7744,6756,14500,2013-07-01
DE13,1263,1665,2928,14958,13309,28267,2013-07-01
DE14,1743,2228,3971,8718,6044,14762,2013-07-01
DE15,1143,1449,2592,7968,6483,14451,2013-07-01
DE21,2646,3775,6421,19277,15464,34741,2013-07-01
DE22,2128,2595,4723,14254,11627,25881,2013-07-01
DE23,4121,4730,8851,17112,12457,29569,2013-07-01
DE24,3343,4545,7888,16299,11931,28230,2013-07-01
DE45,215,266,481,3376,3179,6555,2013-07-01
DE55,1878,2555,4433,17302,14134,31436,2013-07-01
DE56,1177,1535,2712,14761,13165,27926,2013-07-01
DE65,644,762,1406,8396,7813,16209,2013-07-01
DE72,622,865,1487,7912,7264,15176,2013-07-01
DE73,557,707,1264,6898,6451,13349,2013-07-01
DE74,369,428,797,4235,3693,7928,2013-07-01
DE75,775,1018,1793,6116,5047,11163,2013-07-01
DG1,1051,1364,2415,9581,8495,18076,2013-07-01
DG2,1232,1601,2833,7696,6469,14165,2013-07-01
DG3,164,266,430,1753,1564,3317,2013-07-01
DG4,226,362,588,1466,1016,2482,2013-07-01
DG5,209,250,459,1935,1740,3675,2013-07-01
DG6,226,296,522,1921,1726,3647,2013-07-01
DG7,404,490,894,4611,4363,8974,2013-07-01
DG8,476,675,1151,4714,4079,8793,2013-07-01
DG9,743,1014,1757,5658,4711,10369,2013-07-01
DG10,166,187,353,1467,1277,2744,2013-07-01
DG11,464,620,1084,4965,4314,9279,2013-07-01
DG12,600,755,1355,4313,3556,7869,2013-07-01
DG13,131,148,279,1098,913,2011,2013-07-01
DG14,34,49,83,565,487,1052,2013-07-01
DG16,132,187,319,1417,1146,2563,2013-07-01
DH1,1745,2081,3826,13570,11580,25150,2013-07-01
DH2,1287,1898,3185,10356,8317,18673,2013-07-01
DH3,1102,1605,2707,8554,6803,15357,2013-07-01
DH4,1456,2002,3458,10956,8765,19721,2013-07-01
DH5,942,1365,2307,6169,4486,10655,2013-07-01
DH6,1413,2108,3521,11023,8546,19569,2013-07-01
DH7,1662,2524,4186,13768,11136,24904,2013-07-01
DH8,1526,2217,3743,12564,10198,22762,2013-07-01
DH9,1861,2548,4409,11160,8203,19363,2013-07-01
DL1,2527,3349,5876,14268,10569,24837,2013-07-01
DL2,393,467,860,6771,6370,13141,2013-07-01
DL3,1899,2529,4428,14782,12319,27101,2013-07-01
DL4,564,734,1298,2841,2056,4897,2013-07-01
DL5,1329,1995,3324,9759,7913,17672,2013-07-01
DL6,470,646,1116,5829,5246,11075,2013-07-01
DL7,329,522,851,5926,5509,11435,2013-07-01
DL8,423,559,982,7442,6793,14235,2013-07-01
DL9,1471,1227,2698,4869,3030,7899,2013-07-01
DL10,595,856,1451,7137,6387,13524,2013-07-01
DL11,80,127,207,2140,1986,4126,2013-07-01
DL12,360,448,808,4499,4025,8524,2013-07-01
DL13,421,580,1001,5304,4403,9707,2013-07-01
DL14,1541,2187,3728,12288,9908,22196,2013-07-01
DL15,841,1305,2146,7405,5819,13224,2013-07-01
DL16,813,1172,1985,6612,5236,11848,2013-07-01
DL17,795,1280,2075,5813,4271,10084,2013-07-01
DN1,793,769,1562,2078,910,2988,2013-07-01
DN2,1407,1929,3336,7283,5388,12671,2013-07-01
DN3,1010,1521,2531,10575,8732,19307,2013-07-01
DN4,2573,3335,5908,16706,12990,29696,2013-07-01
DN5,1723,2432,4155,13140,10808,23948,2013-07-01
DN6,1677,2269,3946,9547,7243,16790,2013-07-01
DN7,1033,1469,2502,7362,5723,13085,2013-07-01
DN8,904,1224,2128,5602,4115,9717,2013-07-01
DN9,529,693,1222,7712,7221,14933,2013-07-01
DN10,332,443,775,4896,4420,9316,2013-07-01
DN11,1236,1799,3035,9357,7554,16911,2013-07-01
DN12,1458,1900,3358,6705,4871,11576,2013-07-01
DN14,1762,2686,4448,16292,13036,29328,2013-07-01
DN15,1942,2386,4328,11433,8735,20168,2013-07-01
DN16,1447,1842,3289,9988,7877,17865,2013-07-01
DN17,1637,2094,3731,12811,10519,23330,2013-07-01
DN18,451,689,1140,4148,3315,7463,2013-07-01
DN19,199,235,434,2399,2117,4516,2013-07-01
DN20,564,808,1372,7262,6230,13492,2013-07-01
DN21,1444,2033,3477,12964,11011,23975,2013-07-01
DN22,1271,1708,2979,12643,10884,23527,2013-07-01
DN31,752,876,1628,2293,1444,3737,2013-07-01
DN32,2170,2497,4667,7664,5361,13025,2013-07-01
DN33,1121,1309,2430,5882,4835,10717,2013-07-01
DN34,1030,1401,2431,6244,4772,11016,2013-07-01
DN35,1843,2366,4209,10957,8478,19435,2013-07-01
DN36,586,700,1286,7725,6923,14648,2013-07-01
DN37,870,1105,1975,7973,6851,14824,2013-07-01
DN38,71,115,186,1120,991,2111,2013-07-01
DN39,79,114,193,1126,937,2063,2013-07-01
DN40,640,954,1594,4210,3147,7357,2013-07-01
DN41,147,230,377,2538,2331,4869,2013-07-01
DT1,743,875,1618,6582,5968,12550,2013-07-01
DT2,664,710,1374,10169,9889,20058,2013-07-01
DT3,796,1009,1805,8916,7983,16899,2013-07-01
DT4,1947,2305,4252,12583,10364,22947,2013-07-01
DT5,654,845,1499,4024,3307,7331,2013-07-01
DT6,691,855,1546,8329,7884,16213,2013-07-01
DT7,184,253,437,2094,2017,4111,2013-07-01
DT8,159,211,370,2372,2245,4617,2013-07-01
DT9,608,813,1421,7883,7504,15387,2013-07-01
DT10,306,326,632,4698,4400,9098,2013-07-01
DT11,1110,1252,2362,12035,10393,22428,2013-07-01
DY1,1743,2161,3904,9636,7237,16873,2013-07-01
DY2,2130,2716,4846,9946,6866,16812,2013-07-01
DY3,1176,1560,2736,11941,9882,21823,2013-07-01
DY4,2505,3371,5876,12150,8608,20758,2013-07-01
DY5,1974,2673,4647,13468,10471,23939,2013-07-01
DY6,728,999,1727,10693,9416,20109,2013-07-01
DY7,200,240,440,3230,3044,6274,2013-07-01
DY8,1794,2364,4158,17919,15440,33359,2013-07-01
DY9,1186,1509,2695,10465,9059,19524,2013-07-01
DY10,1487,1886,3373,12551,10984,23535,2013-07-01
DY11,1232,1645,2877,10729,9017,19746,2013-07-01
DY12,346,439,785,5048,4425,9473,2013-07-01
DY13,749,976,1725,8513,7421,15934,2013-07-01
DY14,200,224,424,3373,3070,6443,2013-07-01
E1,10933,7229,18162,14602,6960,21562,2013-07-01
E1,936,1003,1939,4092,2631,6723,2013-07-01
E2,5233,4821,10054,10068,5733,15801,2013-07-01
E3,6100,5425,11525,11592,6876,18468,2013-07-01
E4,3808,4421,8229,20800,17308,38108,2013-07-01
E5,6753,6807,13560,10655,6738,17393,2013-07-01
E6,15651,11062,26713,20241,10358,30599,2013-07-01
E7,12161,7700,19861,13840,7192,21032,2013-07-01
E8,5051,5438,10489,8947,6127,15074,2013-07-01
E9,5141,5693,10834,8393,5520,13913,2013-07-01
E10,7361,5847,13208,12543,6895,19438,2013-07-01
E11,6328,5930,12258,16904,12250,29154,2013-07-01
E12,9119,5893,15012,10667,5696,16363,2013-07-01
E13,9226,6675,15901,10965,5729,16694,2013-07-01
E14,8366,8142,16508,20698,11703,32401,2013-07-01
E15,8529,7132,15661,12653,6780,19433,2013-07-01
E16,5865,6350,12215,11028,6511,17539,2013-07-01
E17,14016,12453,26469,29647,19229,48876,2013-07-01
E18,1171,1270,2441,6706,5878,12584,2013-07-01
E98,0,0,0,1,0,1,2013-07-01
EC1,61,50,111,294,155,449,2013-07-01
EC1,88,83,171,446,264,710,2013-07-01
EC1,278,288,566,656,322,978,2013-07-01
EC1,1,2,3,4,0,4,2013-07-01
EC1,492,547,1039,1394,921,2315,2013-07-01
EC1,1352,1238,2590,3047,1813,4860,2013-07-01
EC1,333,332,665,963,512,1475,2013-07-01
EC2,111,69,180,512,219,731,2013-07-01
EC2,13,5,18,186,36,222,2013-07-01
EC2,4,3,7,31,5,36,2013-07-01
EC2,0,1,1,13,2,15,2013-07-01
EC2,2,1,3,43,11,54,2013-07-01
EC2,4,6,10,116,32,148,2013-07-01
EC2,161,136,297,1327,935,2262,2013-07-01
EC3,11,2,13,61,9,70,2013-07-01
EC3,8,4,12,20,10,30,2013-07-01
EC3,16,16,32,128,57,185,2013-07-01
EC3,1,0,1,3,4,7,2013-07-01
EC3,6,4,10,50,22,72,2013-07-01
EC3,5,2,7,50,14,64,2013-07-01
EC4,46,13,59,136,80,216,2013-07-01
EC4,11,10,21,149,54,203,2013-07-01
EC4,5,2,7,57,15,72,2013-07-01
EC4,0,0,0,15,6,21,2013-07-01
EC4,5,7,12,53,17,70,2013-07-01
EC4,23,19,42,178,81,259,2013-07-01
EC4,10,9,19,126,66,192,2013-07-01
EH1,476,442,918,1372,927,2299,2013-07-01
EH2,72,60,132,274,191,465,2013-07-01
EH3,1553,1628,3181,6912,5894,12806,2013-07-01
EH4,3329,3834,7163,17028,14913,31941,2013-07-01
EH5,1265,1530,2795,5573,4509,10082,2013-07-01
EH6,2746,2896,5642,10807,8590,19397,2013-07-01
EH7,2348,2559,4907,9293,7292,16585,2013-07-01
EH8,1568,1653,3221,5709,4485,10194,2013-07-01
EH9,1124,1269,2393,6241,5750,11991,2013-07-01
EH10,1676,1715,3391,12716,11150,23866,2013-07-01
EH11,3062,3394,6456,9684,6938,16622,2013-07-01
EH12,1640,2177,3817,13432,12257,25689,2013-07-01
EH13,823,984,1807,4715,4253,8968,2013-07-01
EH14,2367,2682,5049,12710,10649,23359,2013-07-01
EH15,1241,1430,2671,6569,5669,12238,2013-07-01
EH16,2090,2377,4467,7969,6471,14440,2013-07-01
EH17,1201,1693,2894,5429,4190,9619,2013-07-01
EH18,98,139,237,828,771,1599,2013-07-01
EH19,589,803,1392,4469,3900,8369,2013-07-01
EH20,314,472,786,2184,1663,3847,2013-07-01
EH21,1360,1787,3147,7392,6236,13628,2013-07-01
EH22,1624,2202,3826,9479,7705,17184,2013-07-01
EH23,407,572,979,2436,1950,4386,2013-07-01
EH24,66,108,174,560,476,1036,2013-07-01
EH25,139,167,306,1085,917,2002,2013-07-01
EH26,862,1154,2016,6001,5113,11114,2013-07-01
EH27,135,143,278,999,974,1973,2013-07-01
EH28,153,184,337,1054,902,1956,2013-07-01
EH29,153,218,371,1248,1116,2364,2013-07-01
EH30,443,662,1105,3368,2988,6356,2013-07-01
EH31,70,96,166,985,926,1911,2013-07-01
EH32,862,1124,1986,6603,5527,12130,2013-07-01
EH33,583,803,1386,4485,3765,8250,2013-07-01
EH34,70,88,158,1026,941,1967,2013-07-01
EH35,90,148,238,766,614,1380,2013-07-01
EH36,13,11,24,153,151,304,2013-07-01
EH37,46,87,133,606,558,1164,2013-07-01
EH38,10,15,25,168,167,335,2013-07-01
EH39,332,444,776,3267,3056,6323,2013-07-01
EH40,53,75,128,812,776,1588,2013-07-01
EH41,487,602,1089,4347,3812,8159,2013-07-01
EH42,396,545,941,3627,3134,6761,2013-07-01
EH43,34,61,95,284,238,522,2013-07-01
EH44,94,159,253,1239,1117,2356,2013-07-01
EH45,381,519,900,3810,3562,7372,2013-07-01
EH46,112,125,237,1360,1340,2700,2013-07-01
EH47,1308,1972,3280,8671,6589,15260,2013-07-01
EH48,1470,2125,3595,11963,9905,21868,2013-07-01
EH49,633,838,1471,6141,5527,11668,2013-07-01
EH51,657,923,1580,4988,4136,9124,2013-07-01
EH52,850,1254,2104,6537,5297,11834,2013-07-01
EH53,433,620,1053,3646,3143,6789,2013-07-01
EH54,3266,4562,7828,17714,14518,32232,2013-07-01
EH55,386,525,911,2830,2303,5133,2013-07-01
EN1,2919,3685,6604,14662,12400,27062,2013-07-01
EN2,1400,1833,3233,10432,9268,19700,2013-07-01
EN3,5084,6532,11616,16572,12160,28732,2013-07-01
EN4,1275,1572,2847,9394,8524,17918,2013-07-01
EN5,2112,2741,4853,13445,12070,25515,2013-07-01
EN6,1112,1224,2336,11164,10448,21612,2013-07-01
EN7,728,932,1660,8436,7766,16202,2013-07-01
EN8,1805,2308,4113,12340,10166,22506,2013-07-01
EN9,979,1156,2135,9226,7840,17066,2013-07-01
EN10,605,738,1343,6453,6084,12537,2013-07-01
EN11,827,987,1814,8160,7096,15256,2013-07-01
EX1,1022,1205,2227,6326,5495,11821,2013-07-01
EX2,1827,2247,4074,13796,12187,25983,2013-07-01
EX3,138,135,273,1870,1829,3699,2013-07-01
EX4,2696,3205,5901,15709,13078,28787,2013-07-01
EX5,454,620,1074,7603,7267,14870,2013-07-01
EX6,333,395,728,5810,5388,11198,2013-07-01
EX7,468,623,1091,4412,3953,8365,2013-07-01
EX8,1535,1988,3523,13200,11900,25100,2013-07-01
EX9,143,201,344,2529,2594,5123,2013-07-01
EX10,463,598,1061,6363,6174,12537,2013-07-01
EX11,229,253,482,3169,3122,6291,2013-07-01
EX12,271,384,655,3553,3205,6758,2013-07-01
EX13,340,447,787,4580,4286,8866,2013-07-01
EX14,580,829,1409,8150,7445,15595,2013-07-01
EX15,612,747,1359,8052,7374,15426,2013-07-01
EX16,1088,1332,2420,11724,10373,22097,2013-07-01
EX17,596,778,1374,7482,6784,14266,2013-07-01
EX18,102,103,205,1260,1189,2449,2013-07-01
EX19,66,80,146,1519,1389,2908,2013-07-01
EX20,590,824,1414,7903,7057,14960,2013-07-01
EX21,107,97,204,1839,1677,3516,2013-07-01
EX22,273,340,613,4396,3822,8218,2013-07-01
EX23,497,659,1156,5914,5319,11233,2013-07-01
EX24,96,119,215,1470,1475,2945,2013-07-01
EX31,776,1090,1866,9405,8504,17909,2013-07-01
EX32,1110,1488,2598,8027,6763,14790,2013-07-01
EX33,321,447,768,3961,3582,7543,2013-07-01
EX34,825,1078,1903,6244,5251,11495,2013-07-01
EX35,64,81,145,688,608,1296,2013-07-01
EX36,259,323,582,3345,2994,6339,2013-07-01
EX37,88,109,197,1556,1472,3028,2013-07-01
EX38,274,366,640,2989,2701,5690,2013-07-01
EX39,1398,1799,3197,13727,12152,25879,2013-07-01
FK1,1300,1775,3075,9605,7808,17413,2013-07-01
FK2,1950,2644,4594,15681,13286,28967,2013-07-01
FK3,943,1263,2206,5330,4212,9542,2013-07-01
FK4,574,822,1396,4547,3828,8375,2013-07-01
FK5,652,974,1626,6491,5889,12380,2013-07-01
FK6,642,918,1560,4587,3721,8308,2013-07-01
FK7,1362,2060,3422,10104,8606,18710,2013-07-01
FK8,929,1089,2018,5699,4928,10627,2013-07-01
FK9,565,701,1266,4207,3713,7920,2013-07-01
FK10,1749,2542,4291,11892,9955,21847,2013-07-01
FK11,89,130,219,1033,977,2010,2013-07-01
FK12,236,304,540,1787,1510,3297,2013-07-01
FK13,310,351,661,2143,1813,3956,2013-07-01
FK14,191,183,374,1770,1685,3455,2013-07-01
FK15,367,458,825,3905,3777,7682,2013-07-01
FK16,66,79,145,761,670,1431,2013-07-01
FK17,139,179,318,1403,1241,2644,2013-07-01
FK18,3,11,14,93,88,181,2013-07-01
FK19,20,25,45,247,218,465,2013-07-01
FK20,24,44,68,158,134,292,2013-07-01
FK21,32,49,81,391,317,708,2013-07-01
FY1,2964,2955,5919,9294,5834,15128,2013-07-01
FY2,1238,1378,2616,8072,6730,14802,2013-07-01
FY3,1842,2340,4182,9966,8241,18207,2013-07-01
FY4,2368,3080,5448,14401,11513,25914,2013-07-01
FY5,1524,1857,3381,16090,14223,30313,2013-07-01
FY6,702,919,1621,10995,10160,21155,2013-07-01
FY7,1719,1941,3660,7739,6025,13764,2013-07-01
FY8,1680,1923,3603,16246,14811,31057,2013-07-01
G1,433,310,743,1409,743,2152,2013-07-01
G2,236,142,378,476,188,664,2013-07-01
G3,1674,1378,3052,4273,2626,6899,2013-07-01
G4,1089,830,1919,2384,1217,3601,2013-07-01
G5,1179,967,2146,2443,1341,3784,2013-07-01
G11,1300,1406,2706,5563,4776,10339,2013-07-01
G12,1556,1437,2993,7686,6817,14503,2013-07-01
G13,2036,2374,4410,9296,7457,16753,2013-07-01
G14,1341,1564,2905,4746,3926,8672,2013-07-01
G15,1643,1872,3515,3752,2815,6567,2013-07-01
G20,2680,2879,5559,6962,5201,12163,2013-07-01
G21,3089,3485,6574,6119,3867,9986,2013-07-01
G22,1715,2055,3770,3863,2471,6334,2013-07-01
G23,512,709,1221,1968,1522,3490,2013-07-01
G31,2350,2497,4847,4986,3297,8283,2013-07-01
G32,2336,2970,5306,10122,7368,17490,2013-07-01
G33,3193,3904,7097,10922,8430,19352,2013-07-01
G34,1031,1253,2284,1745,1127,2872,2013-07-01
G40,1024,1205,2229,2310,1467,3777,2013-07-01
G41,2622,2574,5196,10258,8218,18476,2013-07-01
G42,3370,2935,6305,7607,5009,12616,2013-07-01
G43,1115,1274,2389,5067,4193,9260,2013-07-01
G44,1648,2186,3834,9277,8080,17357,2013-07-01
G45,1553,1790,3343,3031,1912,4943,2013-07-01
G46,1592,1876,3468,8432,7675,16107,2013-07-01
G51,2595,2490,5085,5166,3167,8333,2013-07-01
G52,2022,2632,4654,7778,5995,13773,2013-07-01
G53,2585,3109,5694,8419,6649,15068,2013-07-01
G60,233,294,527,1937,1819,3756,2013-07-01
G61,1070,1222,2292,10858,10464,21322,2013-07-01
G62,543,662,1205,4972,4771,9743,2013-07-01
G63,256,354,610,3663,3695,7358,2013-07-01
G64,1151,1576,2727,9519,8617,18136,2013-07-01
G65,768,1042,1810,4122,3182,7304,2013-07-01
G66,1915,2505,4420,12864,11219,24083,2013-07-01
G67,2522,3492,6014,10647,7815,18462,2013-07-01
G68,708,981,1689,6463,5730,12193,2013-07-01
G69,1684,2189,3873,11232,9487,20719,2013-07-01
G71,1354,1801,3155,9646,8428,18074,2013-07-01
G72,2574,3339,5913,14644,12193,26837,2013-07-01
G73,2005,2561,4566,9523,7753,17276,2013-07-01
G74,1725,2351,4076,12779,10608,23387,2013-07-01
G75,2265,3155,5420,12582,10314,22896,2013-07-01
G76,875,1051,1926,8007,7760,15767,2013-07-01
G77,714,913,1627,8947,8912,17859,2013-07-01
G78,1334,1726,3060,7581,6396,13977,2013-07-01
G81,2695,3442,6137,10978,8589,19567,2013-07-01
G82,1547,1936,3483,8073,6723,14796,2013-07-01
G83,1483,2043,3526,8132,6684,14816,2013-07-01
G84,1139,1438,2577,7812,6938,14750,2013-07-01
GL1,2504,2656,5160,10045,7172,17217,2013-07-01
GL2,1587,2027,3614,19459,17553,37012,2013-07-01
GL3,1102,1458,2560,11061,9997,21058,2013-07-01
GL4,2065,2752,4817,16450,14436,30886,2013-07-01
GL5,1344,1471,2815,11205,10097,21302,2013-07-01
GL6,738,894,1632,9742,9308,19050,2013-07-01
GL7,1430,1806,3236,16378,15167,31545,2013-07-01
GL8,249,319,568,3313,3147,6460,2013-07-01
GL9,55,49,104,1092,1032,2124,2013-07-01
GL10,554,572,1126,5207,4562,9769,2013-07-01
GL11,526,742,1268,6922,6189,13111,2013-07-01
GL12,453,491,944,5729,5358,11087,2013-07-01
GL13,143,172,315,2329,2027,4356,2013-07-01
GL14,599,823,1422,5497,4515,10012,2013-07-01
GL15,670,880,1550,7957,6962,14919,2013-07-01
GL16,424,570,994,4923,4400,9323,2013-07-01
GL17,368,507,875,4455,3936,8391,2013-07-01
GL18,256,290,546,3028,2721,5749,2013-07-01
GL19,200,235,435,3600,3432,7032,2013-07-01
GL20,958,1108,2066,10558,9595,20153,2013-07-01
GL50,1028,1239,2267,6978,5808,12786,2013-07-01
GL51,2413,3062,5475,17408,14853,32261,2013-07-01
GL52,1719,1974,3693,15369,14212,29581,2013-07-01
GL53,691,766,1457,7386,7273,14659,2013-07-01
GL54,654,766,1420,8943,8383,17326,2013-07-01
GL55,151,158,309,2086,2105,4191,2013-07-01
GL56,269,311,580,3288,3269,6557,2013-07-01
GU1,1577,1754,3331,10976,9490,20466,2013-07-01
GU2,1814,1974,3788,10408,8615,19023,2013-07-01
GU3,321,395,716,4682,4424,9106,2013-07-01
GU4,472,551,1023,6393,6398,12791,2013-07-01
GU5,317,371,688,4301,4313,8614,2013-07-01
GU6,505,532,1037,5711,5539,11250,2013-07-01
GU7,948,1120,2068,8313,7755,16068,2013-07-01
GU8,533,626,1159,6907,6866,13773,2013-07-01
GU9,1010,1285,2295,10893,10258,21151,2013-07-01
GU10,620,717,1337,9295,9024,18319,2013-07-01
GU11,1570,1844,3414,8078,6074,14152,2013-07-01
GU12,1425,1750,3175,11735,10151,21886,2013-07-01
GU13,771,10,781,623,36,659,2013-07-01
GU14,2731,3186,5917,20140,17364,37504,2013-07-01
GU15,1645,1828,3473,13733,12276,26009,2013-07-01
GU16,1089,988,2077,9688,8577,18265,2013-07-01
GU17,589,471,1060,5215,3919,9134,2013-07-01
GU18,131,163,294,3040,2914,5954,2013-07-01
GU19,178,200,378,2317,2136,4453,2013-07-01
GU20,111,126,237,1945,1900,3845,2013-07-01
GU21,2603,2991,5594,18789,16319,35108,2013-07-01
GU22,1563,1833,3396,13264,11863,25127,2013-07-01
GU23,174,229,403,2723,2642,5365,2013-07-01
GU24,951,763,1714,6881,6345,13226,2013-07-01
GU25,304,362,666,2651,2694,5345,2013-07-01
GU26,249,227,476,2987,2879,5866,2013-07-01
GU27,622,766,1388,6835,6504,13339,2013-07-01
GU28,241,248,489,2684,2573,5257,2013-07-01
GU29,293,399,692,3620,3619,7239,2013-07-01
GU30,328,359,687,3750,3580,7330,2013-07-01
GU31,378,425,803,4380,4136,8516,2013-07-01
GU32,461,587,1048,4326,4016,8342,2013-07-01
GU33,254,344,598,3279,3156,6435,2013-07-01
GU34,983,1220,2203,11539,10691,22230,2013-07-01
GU35,1115,1247,2362,9704,8101,17805,2013-07-01
GU46,393,493,886,6262,5870,12132,2013-07-01
GU47,660,772,1432,7700,7038,14738,2013-07-01
GU51,649,698,1347,9032,8406,17438,2013-07-01
GU52,378,447,825,6331,6102,12433,2013-07-01
HA0,9881,7385,17266,16840,10294,27134,2013-07-01
HA1,3642,3782,7424,13037,9938,22975,2013-07-01
HA2,4983,5426,10409,19821,15119,34940,2013-07-01
HA3,6729,6747,13476,26218,20181,46399,2013-07-01
HA4,2237,2620,4857,18697,16683,35380,2013-07-01
HA5,2070,2349,4419,17635,16400,34035,2013-07-01
HA6,1015,1247,2262,9120,8635,17755,2013-07-01
HA7,2177,2650,4827,13735,12020,25755,2013-07-01
HA8,6591,6907,13498,23928,18214,42142,2013-07-01
HA9,7750,6167,13917,17148,11190,28338,2013-07-01
HD1,2050,1891,3941,5542,3265,8807,2013-07-01
HD2,1837,2400,4237,8745,6910,15655,2013-07-01
HD3,1254,1767,3021,9911,8563,18474,2013-07-01
HD4,1530,2041,3571,9128,7273,16401,2013-07-01
HD5,1578,2184,3762,9480,7782,17262,2013-07-01
HD6,1102,1462,2564,9358,7836,17194,2013-07-01
HD7,876,1220,2096,8122,6962,15084,2013-07-01
HD8,923,1260,2183,12407,11314,23721,2013-07-01
HD9,1190,1517,2707,12627,11386,24013,2013-07-01
HG1,1397,1828,3225,11873,10443,22316,2013-07-01
HG2,1193,1444,2637,11633,11081,22714,2013-07-01
HG3,779,964,1743,10279,9834,20113,2013-07-01
HG4,826,1142,1968,9366,8403,17769,2013-07-01
HG5,551,684,1235,7100,6469,13569,2013-07-01
HP1,1081,1284,2365,8850,7970,16820,2013-07-01
HP2,2074,2725,4799,13346,11145,24491,2013-07-01
HP3,1354,1655,3009,11717,10277,21994,2013-07-01
HP4,781,817,1598,9181,8940,18121,2013-07-01
HP5,1061,1274,2335,9401,8461,17862,2013-07-01
HP6,536,533,1069,5384,5225,10609,2013-07-01
HP7,357,429,786,4174,3987,8161,2013-07-01
HP8,193,199,392,2920,2944,5864,2013-07-01
HP9,565,631,1196,7038,7037,14075,2013-07-01
HP10,519,646,1165,7943,7680,15623,2013-07-01
HP11,817,919,1736,4729,3806,8535,2013-07-01
HP12,1267,1583,2850,7521,5766,13287,2013-07-01
HP13,2153,2746,4899,14697,12182,26879,2013-07-01
HP14,550,598,1148,7128,6665,13793,2013-07-01
HP15,453,506,959,7175,6802,13977,2013-07-01
HP16,330,369,699,4904,4901,9805,2013-07-01
HP17,283,284,567,3993,3932,7925,2013-07-01
HP18,427,446,873,5345,5101,10446,2013-07-01
HP19,1082,1458,2540,7727,6470,14197,2013-07-01
HP20,787,931,1718,4814,3893,8707,2013-07-01
HP21,1523,2033,3556,11466,9833,21299,2013-07-01
HP22,716,794,1510,9912,9638,19550,2013-07-01
HP23,589,704,1293,6855,6519,13374,2013-07-01
HP27,345,443,788,4915,4693,9608,2013-07-01
HR1,1158,1412,2570,11618,10599,22217,2013-07-01
HR2,1629,2195,3824,13334,11477,24811,2013-07-01
HR3,166,225,391,3059,2801,5860,2013-07-01
HR4,1195,1395,2590,10685,9344,20029,2013-07-01
HR5,129,169,298,1775,1594,3369,2013-07-01
HR6,744,935,1679,7679,6743,14422,2013-07-01
HR7,172,252,424,2779,2418,5197,2013-07-01
HR8,402,558,960,5268,4830,10098,2013-07-01
HR9,578,813,1391,8070,7475,15545,2013-07-01
HS1,287,372,659,1523,1248,2771,2013-07-01
HS2,525,723,1248,5033,4047,9080,2013-07-01
HS3,67,79,146,460,332,792,2013-07-01
HS4,21,15,36,86,67,153,2013-07-01
HS5,13,28,41,110,80,190,2013-07-01
HS6,59,107,166,615,521,1136,2013-07-01
HS7,74,113,187,468,370,838,2013-07-01
HS8,113,125,238,703,526,1229,2013-07-01
HS9,79,62,141,411,360,771,2013-07-01
HU1,259,194,453,814,366,1180,2013-07-01
HU2,391,340,731,887,335,1222,2013-07-01
HU3,2735,2743,5478,6075,3110,9185,2013-07-01
HU4,1381,1707,3088,7188,5401,12589,2013-07-01
HU5,3121,3612,6733,13928,10369,24297,2013-07-01
HU6,2500,3095,5595,8395,5723,14118,2013-07-01
HU7,2878,3588,6466,12080,8914,20994,2013-07-01
HU8,2071,2671,4742,10664,7756,18420,2013-07-01
HU9,2949,3603,6552,10323,6762,17085,2013-07-01
HU10,576,761,1337,7232,6609,13841,2013-07-01
HU11,376,492,868,5154,4419,9573,2013-07-01
HU12,863,1203,2066,9961,8458,18419,2013-07-01
HU13,576,824,1400,5245,4475,9720,2013-07-01
HU14,192,232,424,3354,3235,6589,2013-07-01
HU15,582,805,1387,8996,8357,17353,2013-07-01
HU16,575,659,1234,5746,5102,10848,2013-07-01
HU17,1563,1896,3459,16159,14408,30567,2013-07-01
HU18,351,457,808,3193,2690,5883,2013-07-01
HU19,414,506,920,2338,1504,3842,2013-07-01
HU20,27,31,58,377,372,749,2013-07-01
HX1,1586,2202,3788,6228,3789,10017,2013-07-01
HX2,1762,2477,4239,12010,9792,21802,2013-07-01
HX3,1960,2619,4579,15391,12865,28256,2013-07-01
HX4,388,565,953,4440,3985,8425,2013-07-01
HX5,461,652,1113,3191,2562,5753,2013-07-01
HX6,778,1048,1826,6570,5510,12080,2013-07-01
HX7,639,723,1362,4572,4363,8935,2013-07-01
IG1,10466,7761,18227,19248,11763,31011,2013-07-01
IG2,2564,2547,5111,9112,6686,15798,2013-07-01
IG3,4638,3859,8497,12039,7915,19954,2013-07-01
IG4,734,788,1522,3374,2617,5991,2013-07-01
IG5,1019,1216,2235,5985,4976,10961,2013-07-01
IG6,1723,2066,3789,9260,7685,16945,2013-07-01
IG7,989,1304,2293,7402,6576,13978,2013-07-01
IG8,1854,2322,4176,13048,11722,24770,2013-07-01
IG9,478,547,1025,4864,4639,9503,2013-07-01
IG10,1312,1660,2972,11396,10594,21990,2013-07-01
IG11,7784,6677,14461,14266,8233,22499,2013-07-01
IP1,2198,2514,4712,12376,9464,21840,2013-07-01
IP2,1663,2156,3819,9803,7257,17060,2013-07-01
IP3,1554,1989,3543,10887,8545,19432,2013-07-01
IP4,1584,1872,3456,12269,10394,22663,2013-07-01
IP5,487,548,1035,7355,6758,14113,2013-07-01
IP6,390,525,915,6411,5764,12175,2013-07-01
IP7,445,618,1063,6120,5447,11567,2013-07-01
IP8,291,381,672,4359,3944,8303,2013-07-01
IP9,310,399,709,4454,4124,8578,2013-07-01
IP10,77,87,164,1434,1313,2747,2013-07-01
IP11,1031,1493,2524,10972,9269,20241,2013-07-01
IP12,778,927,1705,9271,8686,17957,2013-07-01
IP13,561,623,1184,7088,6747,13835,2013-07-01
IP14,1126,1415,2541,14511,12845,27356,2013-07-01
IP15,66,86,152,899,948,1847,2013-07-01
IP16,290,337,627,2364,1988,4352,2013-07-01
IP17,351,441,792,4413,4163,8576,2013-07-01
IP18,110,136,246,1438,1395,2833,2013-07-01
IP19,272,302,574,3933,3664,7597,2013-07-01
IP20,232,262,494,3025,2752,5777,2013-07-01
IP21,243,332,575,4504,4074,8578,2013-07-01
IP22,655,759,1414,8229,7463,15692,2013-07-01
IP23,209,272,481,2846,2585,5431,2013-07-01
IP24,1407,1855,3262,8664,6858,15522,2013-07-01
IP25,539,733,1272,6366,5519,11885,2013-07-01
IP26,276,346,622,3242,2935,6177,2013-07-01
IP27,812,1013,1825,5562,4796,10358,2013-07-01
IP28,858,1123,1981,8105,7466,15571,2013-07-01
IP29,225,262,487,3537,3375,6912,2013-07-01
IP30,356,439,795,5387,5049,10436,2013-07-01
IP31,482,693,1175,8102,7360,15462,2013-07-01
IP32,647,859,1506,5468,4832,10300,2013-07-01
IP33,896,1193,2089,8198,7207,15405,2013-07-01
IV1,154,143,297,908,761,1669,2013-07-01
IV2,2054,2779,4833,16498,14620,31118,2013-07-01
IV3,1231,1522,2753,5787,4496,10283,2013-07-01
IV4,161,200,361,1665,1502,3167,2013-07-01
IV5,50,61,111,487,463,950,2013-07-01
IV6,148,170,318,1674,1504,3178,2013-07-01
IV7,186,260,446,2213,2052,4265,2013-07-01
IV8,33,40,73,345,306,651,2013-07-01
IV9,50,59,109,435,410,845,2013-07-01
IV10,100,130,230,955,897,1852,2013-07-01
IV11,61,55,116,311,286,597,2013-07-01
IV12,618,707,1325,4384,3906,8290,2013-07-01
IV13,18,20,38,247,186,433,2013-07-01
IV14,80,102,182,796,733,1529,2013-07-01
IV15,325,364,689,1897,1669,3566,2013-07-01
IV16,55,66,121,713,631,1344,2013-07-01
IV17,366,425,791,2067,1675,3742,2013-07-01
IV18,293,387,680,2065,1714,3779,2013-07-01
IV19,222,262,484,1705,1499,3204,2013-07-01
IV20,152,189,341,1119,968,2087,2013-07-01
IV21,44,47,91,440,386,826,2013-07-01
IV22,62,71,133,593,519,1112,2013-07-01
IV23,34,44,78,349,290,639,2013-07-01
IV24,44,68,112,560,529,1089,2013-07-01
IV25,69,118,187,913,829,1742,2013-07-01
IV26,95,135,230,702,652,1354,2013-07-01
IV27,166,181,347,1456,1263,2719,2013-07-01
IV28,11,15,26,176,177,353,2013-07-01
IV30,1502,2028,3530,11414,9765,21179,2013-07-01
IV31,362,448,810,2608,2095,4703,2013-07-01
IV32,204,208,412,1839,1681,3520,2013-07-01
IV33,1,0,1,0,0,0,2013-07-01
IV36,645,886,1531,5594,4937,10531,2013-07-01
IV40,127,165,292,927,788,1715,2013-07-01
IV41,31,18,49,138,103,241,2013-07-01
IV42,16,24,40,196,155,351,2013-07-01
IV43,11,18,29,111,94,205,2013-07-01
IV44,11,8,19,103,98,201,2013-07-01
IV45,8,8,16,114,91,205,2013-07-01
IV46,2,4,6,33,31,64,2013-07-01
IV47,18,30,48,224,192,416,2013-07-01
IV48,1,6,7,38,37,75,2013-07-01
IV49,50,59,109,433,372,805,2013-07-01
IV51,227,281,508,1930,1690,3620,2013-07-01
IV52,17,25,42,134,147,281,2013-07-01
IV53,8,6,14,57,56,113,2013-07-01
IV54,54,73,127,563,460,1023,2013-07-01
IV55,54,53,107,517,447,964,2013-07-01
IV56,8,10,18,138,115,253,2013-07-01
IV63,103,133,236,951,872,1823,2013-07-01
KA1,1327,1749,3076,9457,7802,17259,2013-07-01
KA2,271,409,680,2568,2219,4787,2013-07-01
KA3,1773,2358,4131,12666,10837,23503,2013-07-01
KA4,219,339,558,1934,1674,3608,2013-07-01
KA5,386,622,1008,3552,2859,6411,2013-07-01
KA6,961,1324,2285,6374,5119,11493,2013-07-01
KA7,1126,1400,2526,10343,9441,19784,2013-07-01
KA8,1096,1509,2605,5473,3994,9467,2013-07-01
KA9,638,778,1416,5852,5329,11181,2013-07-01
KA10,611,812,1423,5811,5299,11110,2013-07-01
KA11,1113,1636,2749,6793,5590,12383,2013-07-01
KA12,1133,1532,2665,5426,4032,9458,2013-07-01
KA13,930,1319,2249,5451,4466,9917,2013-07-01
KA14,33,32,65,197,158,355,2013-07-01
KA15,314,439,753,2517,2206,4723,2013-07-01
KA16,165,186,351,1121,862,1983,2013-07-01
KA17,136,191,327,1536,1259,2795,2013-07-01
KA18,1045,1499,2544,7087,5348,12435,2013-07-01
KA19,350,477,827,2707,2254,4961,2013-07-01
KA20,629,840,1469,2586,1919,4505,2013-07-01
KA21,780,896,1676,3771,3030,6801,2013-07-01
KA22,637,897,1534,3463,2807,6270,2013-07-01
KA23,197,259,456,2020,1889,3909,2013-07-01
KA24,260,413,673,2020,1707,3727,2013-07-01
KA25,395,508,903,2202,1730,3932,2013-07-01
KA26,469,676,1145,3743,3056,6799,2013-07-01
KA27,200,288,488,1770,1628,3398,2013-07-01
KA28,51,67,118,439,375,814,2013-07-01
KA29,50,61,111,591,551,1142,2013-07-01
KA30,405,587,992,4164,3644,7808,2013-07-01
KT1,1629,1700,3329,7215,5645,12860,2013-07-01
KT2,1852,2213,4065,11106,10075,21181,2013-07-01
KT3,2888,3033,5921,14923,12663,27586,2013-07-01
KT4,1338,1522,2860,11252,10166,21418,2013-07-01
KT5,1126,1170,2296,7381,6349,13730,2013-07-01
KT6,1664,1984,3648,11189,9667,20856,2013-07-01
KT7,407,417,824,3873,3887,7760,2013-07-01
KT8,931,1058,1989,7701,7232,14933,2013-07-01
KT9,1134,1310,2444,7715,6670,14385,2013-07-01
KT10,827,831,1658,8922,8958,17880,2013-07-01
KT11,741,807,1548,6975,7207,14182,2013-07-01
KT12,1503,1744,3247,14471,13760,28231,2013-07-01
KT13,879,973,1852,9779,9618,19397,2013-07-01
KT14,515,577,1092,5192,5057,10249,2013-07-01
KT15,1001,1115,2116,10780,9739,20519,2013-07-01
KT16,716,920,1636,7384,6717,14101,2013-07-01
KT17,936,961,1897,9108,8402,17510,2013-07-01
KT18,593,755,1348,6436,6184,12620,2013-07-01
KT19,1718,1980,3698,12624,11259,23883,2013-07-01
KT20,605,760,1365,8214,7787,16001,2013-07-01
KT21,395,446,841,5364,5338,10702,2013-07-01
KT22,919,948,1867,9545,9078,18623,2013-07-01
KT23,322,338,660,4363,4363,8726,2013-07-01
KT24,246,286,532,3900,3993,7893,2013-07-01
KW1,486,593,1079,3821,3168,6989,2013-07-01
KW2,5,3,8,28,28,56,2013-07-01
KW3,41,55,96,398,305,703,2013-07-01
KW5,8,9,17,130,111,241,2013-07-01
KW6,12,12,24,145,118,263,2013-07-01
KW7,2,5,7,40,40,80,2013-07-01
KW8,27,41,68,317,265,582,2013-07-01
KW9,70,89,159,649,582,1231,2013-07-01
KW10,84,97,181,596,511,1107,2013-07-01
KW11,3,8,11,56,38,94,2013-07-01
KW12,49,66,115,655,578,1233,2013-07-01
KW13,2,7,9,41,41,82,2013-07-01
KW14,603,770,1373,4477,3674,8151,2013-07-01
KW15,407,523,930,2720,2392,5112,2013-07-01
KW16,168,245,413,1335,1154,2489,2013-07-01
KW17,386,504,890,3359,2979,6338,2013-07-01
KY1,1279,1590,2869,7827,6212,14039,2013-07-01
KY2,1399,1952,3351,10015,8446,18461,2013-07-01
KY3,476,660,1136,3849,3398,7247,2013-07-01
KY4,1010,1445,2455,7105,5447,12552,2013-07-01
KY5,982,1490,2472,6336,4697,11033,2013-07-01
KY6,1029,1347,2376,6371,5196,11567,2013-07-01
KY7,1314,1933,3247,9285,7851,17136,2013-07-01
KY8,1770,2390,4160,11174,8923,20097,2013-07-01
KY9,51,81,132,767,729,1496,2013-07-01
KY10,333,477,810,3258,2880,6138,2013-07-01
KY11,2744,3677,6421,20266,17334,37600,2013-07-01
KY12,1610,2130,3740,13915,11939,25854,2013-07-01
KY13,333,400,733,4306,4204,8510,2013-07-01
KY14,216,313,529,2560,2233,4793,2013-07-01
KY15,744,1015,1759,7950,7370,15320,2013-07-01
KY16,1055,1281,2336,6508,5738,12246,2013-07-01
L1,379,383,762,1081,623,1704,2013-07-01
L2,60,29,89,194,89,283,2013-07-01
L3,764,734,1498,2644,1670,4314,2013-07-01
L4,3367,4342,7709,9390,5990,15380,2013-07-01
L5,1285,1604,2889,2675,1508,4183,2013-07-01
L6,2127,2413,4540,4595,2600,7195,2013-07-01
L7,2056,1951,4007,3303,1684,4987,2013-07-01
L8,3586,3615,7201,6019,3510,9529,2013-07-01
L9,1985,2730,4715,8684,6322,15006,2013-07-01
L10,795,1184,1979,4952,3901,8853,2013-07-01
L11,2151,2877,5028,6076,4136,10212,2013-07-01
L12,1546,2038,3584,10431,9000,19431,2013-07-01
L13,2314,2955,5269,8111,5589,13700,2013-07-01
L14,1922,2775,4697,6908,5081,11989,2013-07-01
L15,2062,2474,4536,6830,5012,11842,2013-07-01
L16,632,787,1419,5353,4786,10139,2013-07-01
L17,1402,1515,2917,6530,5512,12042,2013-07-01
L18,1162,1427,2589,8643,7866,16509,2013-07-01
L19,1354,1568,2922,7121,5995,13116,2013-07-01
L20,2756,3290,6046,7697,4964,12661,2013-07-01
L21,1798,2280,4078,6712,4872,11584,2013-07-01
L22,860,1004,1864,4433,3608,8041,2013-07-01
L23,1479,1815,3294,10704,9697,20401,2013-07-01
L24,1163,1497,2660,3879,2725,6604,2013-07-01
L25,1771,2271,4042,11103,9048,20151,2013-07-01
L26,906,1165,2071,4917,4171,9088,2013-07-01
L27,506,712,1218,1604,1099,2703,2013-07-01
L28,581,773,1354,1522,828,2350,2013-07-01
L29,25,20,45,192,190,382,2013-07-01
L30,1345,1796,3141,5454,4001,9455,2013-07-01
L31,1118,1527,2645,11532,10061,21593,2013-07-01
L32,1592,2165,3757,5515,3762,9277,2013-07-01
L33,1403,1900,3303,4485,3194,7679,2013-07-01
L34,534,677,1211,4213,3388,7601,2013-07-01
L35,1525,2207,3732,10426,8169,18595,2013-07-01
L36,2836,3899,6735,11294,8533,19827,2013-07-01
L37,708,857,1565,9218,8830,18048,2013-07-01
L38,74,104,178,1108,1082,2190,2013-07-01
L39,862,1074,1936,9927,9179,19106,2013-07-01
L40,541,598,1139,7309,6538,13847,2013-07-01
L41,87,77,164,53,24,77,2013-07-01
L42,49,38,87,77,36,113,2013-07-01
L43,88,139,227,209,188,397,2013-07-01
L44,39,29,68,57,22,79,2013-07-01
L45,15,20,35,61,42,103,2013-07-01
L46,13,17,30,59,29,88,2013-07-01
L47,14,13,27,60,41,101,2013-07-01
L48,11,11,22,81,74,155,2013-07-01
L49,19,30,49,55,47,102,2013-07-01
L60,4,16,20,167,167,334,2013-07-01
L61,9,10,19,71,73,144,2013-07-01
L62,26,27,53,64,54,118,2013-07-01
L63,13,11,24,95,48,143,2013-07-01
L64,21,22,43,153,143,296,2013-07-01
L65,18,18,36,46,38,84,2013-07-01
L66,23,42,65,157,139,296,2013-07-01
L69,21,5,26,39,5,44,2013-07-01
L71,0,1,1,0,0,0,2013-07-01
LA1,2743,3395,6138,14404,11723,26127,2013-07-01
LA2,575,714,1289,8234,7707,15941,2013-07-01
LA3,1175,1493,2668,8718,7259,15977,2013-07-01
LA4,1296,1598,2894,8498,7009,15507,2013-07-01
LA5,458,621,1079,6236,5975,12211,2013-07-01
LA6,265,380,645,5341,5075,10416,2013-07-01
LA7,125,145,270,2018,1941,3959,2013-07-01
LA8,189,209,398,3759,3600,7359,2013-07-01
LA9,1076,1330,2406,10930,9834,20764,2013-07-01
LA10,97,104,201,1383,1281,2664,2013-07-01
LA11,217,305,522,3901,3750,7651,2013-07-01
LA12,658,792,1450,7888,7054,14942,2013-07-01
LA13,924,1147,2071,6673,5615,12288,2013-07-01
LA14,2327,2892,5219,11830,9056,20886,2013-07-01
LA15,329,454,783,2729,2330,5059,2013-07-01
LA16,106,143,249,1265,1106,2371,2013-07-01
LA17,16,30,46,498,460,958,2013-07-01
LA18,341,488,829,2909,2301,5210,2013-07-01
LA19,28,31,59,405,376,781,2013-07-01
LA20,17,42,59,554,498,1052,2013-07-01
LA21,30,35,65,422,361,783,2013-07-01
LA22,207,242,449,1888,1736,3624,2013-07-01
LA23,384,423,807,3324,3028,6352,2013-07-01
LD1,349,442,791,4263,3746,8009,2013-07-01
LD2,149,184,333,2182,1944,4126,2013-07-01
LD3,738,853,1591,7326,6544,13870,2013-07-01
LD4,9,29,38,320,286,606,2013-07-01
LD5,35,42,77,455,380,835,2013-07-01
LD6,87,118,205,1036,923,1959,2013-07-01
LD7,128,163,291,1854,1609,3463,2013-07-01
LD8,113,152,265,1776,1623,3399,2013-07-01
LE1,1128,1105,2233,2051,937,2988,2013-07-01
LE2,7655,8747,16402,33182,26016,59198,2013-07-01
LE3,6148,7729,13877,29708,22533,52241,2013-07-01
LE4,7060,9021,16081,30178,21898,52076,2013-07-01
LE5,6710,7653,14363,25171,17857,43028,2013-07-01
LE6,327,451,778,4745,4243,8988,2013-07-01
LE7,1279,1676,2955,17322,15759,33081,2013-07-01
LE8,945,1260,2205,13306,12339,25645,2013-07-01
LE9,1645,2155,3800,21207,18596,39803,2013-07-01
LE10,1548,1930,3478,18051,15670,33721,2013-07-01
LE11,3177,3483,6660,17830,13477,31307,2013-07-01
LE12,1849,2357,4206,23480,21177,44657,2013-07-01
LE13,977,1263,2240,9494,8148,17642,2013-07-01
LE14,382,540,922,7035,6417,13452,2013-07-01
LE15,955,1331,2286,11945,10988,22933,2013-07-01
LE16,1024,1343,2367,12731,11610,24341,2013-07-01
LE17,460,674,1134,8408,7537,15945,2013-07-01
LE18,1231,1770,3001,11424,9581,21005,2013-07-01
LE19,413,594,1007,5434,4908,10342,2013-07-01
LE65,456,610,1066,5247,4648,9895,2013-07-01
LE67,1996,2650,4646,21000,17706,38706,2013-07-01
LL11,1651,2158,3809,12326,10093,22419,2013-07-01
LL12,1110,1306,2416,10316,8995,19311,2013-07-01
LL13,2002,2278,4280,10350,8307,18657,2013-07-01
LL14,1541,2244,3785,10632,8379,19011,2013-07-01
LL15,339,456,795,3871,3574,7445,2013-07-01
LL16,603,796,1399,5513,4937,10450,2013-07-01
LL17,169,229,398,2036,1897,3933,2013-07-01
LL18,2238,3033,5271,13372,10997,24369,2013-07-01
LL19,882,1230,2112,6965,5945,12910,2013-07-01
LL20,323,359,682,3017,2621,5638,2013-07-01
LL21,214,297,511,2517,2189,4706,2013-07-01
LL22,621,857,1478,6661,5671,12332,2013-07-01
LL23,98,151,249,1544,1308,2852,2013-07-01
LL24,56,83,139,881,721,1602,2013-07-01
LL25,18,18,36,178,156,334,2013-07-01
LL26,160,258,418,1582,1330,2912,2013-07-01
LL27,34,54,88,308,242,550,2013-07-01
LL28,470,603,1073,4938,4631,9569,2013-07-01
LL29,1088,1392,2480,6548,5582,12130,2013-07-01
LL30,1003,1247,2250,7100,6137,13237,2013-07-01
LL31,371,501,872,3222,2899,6121,2013-07-01
LL32,293,362,655,2389,2171,4560,2013-07-01
LL33,181,229,410,1387,1188,2575,2013-07-01
LL34,201,275,476,1483,1268,2751,2013-07-01
LL35,25,24,49,300,256,556,2013-07-01
LL36,149,224,373,1643,1399,3042,2013-07-01
LL37,19,21,40,219,180,399,2013-07-01
LL38,11,35,46,266,208,474,2013-07-01
LL39,10,16,26,94,65,159,2013-07-01
LL40,136,176,312,1500,1321,2821,2013-07-01
LL41,325,446,771,2144,1621,3765,2013-07-01
LL42,142,184,326,767,622,1389,2013-07-01
LL43,13,15,28,209,186,395,2013-07-01
LL44,20,49,69,376,359,735,2013-07-01
LL45,22,25,47,235,210,445,2013-07-01
LL46,49,65,114,675,625,1300,2013-07-01
LL47,13,26,39,231,187,418,2013-07-01
LL48,81,132,213,865,738,1603,2013-07-01
LL49,184,202,386,1531,1232,2763,2013-07-01
LL51,21,32,53,339,280,619,2013-07-01
LL52,75,98,173,977,890,1867,2013-07-01
LL53,468,583,1051,5914,5275,11189,2013-07-01
LL54,370,508,878,3936,3411,7347,2013-07-01
LL55,906,1155,2061,7021,5945,12966,2013-07-01
LL56,94,83,177,738,663,1401,2013-07-01
LL57,1420,1573,2993,7153,5771,12924,2013-07-01
LL58,129,188,317,1414,1279,2693,2013-07-01
LL59,244,250,494,1987,1944,3931,2013-07-01
LL60,77,109,186,1068,1012,2080,2013-07-01
LL61,192,223,415,2282,2145,4427,2013-07-01
LL62,56,59,115,670,634,1304,2013-07-01
LL63,41,63,104,524,463,987,2013-07-01
LL64,35,39,74,338,312,650,2013-07-01
LL65,1142,1404,2546,7989,6649,14638,2013-07-01
LL66,10,7,17,113,102,215,2013-07-01
LL67,57,87,144,520,431,951,2013-07-01
LL68,235,320,555,2198,1893,4091,2013-07-01
LL69,30,39,69,262,211,473,2013-07-01
LL70,8,16,24,109,107,216,2013-07-01
LL71,75,81,156,732,631,1363,2013-07-01
LL72,28,44,72,285,271,556,2013-07-01
LL73,1,4,5,107,94,201,2013-07-01
LL74,64,76,140,938,879,1817,2013-07-01
LL75,47,57,104,560,515,1075,2013-07-01
LL76,13,8,21,121,93,214,2013-07-01
LL77,250,361,611,2415,2204,4619,2013-07-01
LL78,14,16,30,196,193,389,2013-07-01
LN1,1023,1261,2284,9058,7741,16799,2013-07-01
LN2,1847,2264,4111,12648,10747,23395,2013-07-01
LN3,226,326,552,3540,3113,6653,2013-07-01
LN4,1161,1603,2764,14627,12863,27490,2013-07-01
LN5,1533,1819,3352,10878,8815,19693,2013-07-01
LN6,2217,2870,5087,19759,17095,36854,2013-07-01
LN7,204,253,457,2496,2161,4657,2013-07-01
LN8,503,685,1188,6711,5972,12683,2013-07-01
LN9,292,357,649,3638,3197,6835,2013-07-01
LN10,134,191,325,2411,2150,4561,2013-07-01
LN11,969,1246,2215,10621,9424,20045,2013-07-01
LN12,548,693,1241,4796,3536,8332,2013-07-01
LN13,286,305,591,3053,2672,5725,2013-07-01
LS1,173,147,320,705,417,1122,2013-07-01
LS2,732,576,1308,1184,541,1725,2013-07-01
LS3,294,267,561,480,235,715,2013-07-01
LS4,655,687,1342,2014,1330,3344,2013-07-01
LS5,532,632,1164,2162,1614,3776,2013-07-01
LS6,2797,2649,5446,7938,5783,13721,2013-07-01
LS7,2801,3172,5973,7572,5832,13404,2013-07-01
LS8,3975,4365,8340,13799,10487,24286,2013-07-01
LS9,3528,4114,7642,7975,4293,12268,2013-07-01
LS10,2405,3338,5743,8984,5855,14839,2013-07-01
LS11,3155,3480,6635,8212,4518,12730,2013-07-01
LS12,2686,3270,5956,11385,7952,19337,2013-07-01
LS13,2227,3094,5321,10429,7812,18241,2013-07-01
LS14,2325,3178,5503,9409,6811,16220,2013-07-01
LS15,1570,2074,3644,12162,10163,22325,2013-07-01
LS16,1593,1975,3568,12630,11262,23892,2013-07-01
LS17,1582,2241,3823,16508,15023,31531,2013-07-01
LS18,1094,949,2043,7641,6399,14040,2013-07-01
LS19,748,1015,1763,7217,6564,13781,2013-07-01
LS20,407,512,919,4611,4203,8814,2013-07-01
LS21,622,819,1441,6656,5934,12590,2013-07-01
LS22,447,579,1026,6166,5885,12051,2013-07-01
LS23,238,278,516,3242,3132,6374,2013-07-01
LS24,377,465,842,4522,4054,8576,2013-07-01
LS25,1449,2047,3496,14710,12733,27443,2013-07-01
LS26,1168,1768,2936,10522,8773,19295,2013-07-01
LS27,1636,2284,3920,11965,9623,21588,2013-07-01
LS28,1508,2197,3705,13299,11620,24919,2013-07-01
LS29,882,1060,1942,11901,11684,23585,2013-07-01
LU1,4758,4208,8966,12371,7776,20147,2013-07-01
LU2,3370,4179,7549,20057,16200,36257,2013-07-01
LU3,4576,5470,10046,20246,15070,35316,2013-07-01
LU4,4541,5460,10001,16191,10763,26954,2013-07-01
LU5,1859,2418,4277,13575,11250,24825,2013-07-01
LU6,1122,1511,2633,12397,10867,23264,2013-07-01
LU7,1775,2265,4040,21393,19186,40579,2013-07-01
M1,680,456,1136,2172,1039,3211,2013-07-01
M2,10,8,18,33,13,46,2013-07-01
M3,759,642,1401,2718,1492,4210,2013-07-01
M4,630,540,1170,2119,1210,3329,2013-07-01
M5,1368,1415,2783,3677,2250,5927,2013-07-01
M6,2562,2788,5350,8839,6034,14873,2013-07-01
M7,2533,2220,4753,6987,4577,11564,2013-07-01
M8,4331,3480,7811,8553,4707,13260,2013-07-01
M9,3128,3958,7086,9802,7016,16818,2013-07-01
M10,65,49,114,50,14,64,2013-07-01
M11,2082,2538,4620,4637,2728,7365,2013-07-01
M12,2801,2156,4957,3866,1930,5796,2013-07-01
M13,3507,2546,6053,4976,2448,7424,2013-07-01
M14,5079,4269,9348,9171,5425,14596,2013-07-01
M15,1997,1616,3613,4484,2334,6818,2013-07-01
M16,3322,3487,6809,9945,7175,17120,2013-07-01
M17,0,2,2,11,5,16,2013-07-01
M18,2066,2419,4485,5284,3408,8692,2013-07-01
M19,3611,3388,6999,10021,7196,17217,2013-07-01
M20,2855,3145,6000,14426,12150,26576,2013-07-01
M21,1880,2148,4028,9178,8095,17273,2013-07-01
M22,3128,3849,6977,11039,8242,19281,2013-07-01
M23,2041,2643,4684,8724,6839,15563,2013-07-01
M24,2812,3425,6237,14588,11421,26009,2013-07-01
M25,1579,1947,3526,10569,8914,19483,2013-07-01
M26,1683,2154,3837,11350,9437,20787,2013-07-01
M27,1920,2498,4418,13066,10658,23724,2013-07-01
M28,1466,1927,3393,14005,12337,26342,2013-07-01
M29,876,1150,2026,8366,7178,15544,2013-07-01
M30,2284,2738,5022,10691,8038,18729,2013-07-01
M31,659,773,1432,2401,1887,4288,2013-07-01
M32,1742,2079,3821,8883,7403,16286,2013-07-01
M33,2490,2941,5431,21560,19440,41000,2013-07-01
M34,2296,2907,5203,15584,12645,28229,2013-07-01
M35,1059,1345,2404,6723,5296,12019,2013-07-01
M38,937,1249,2186,3439,2258,5697,2013-07-01
M40,3455,4179,7634,10589,7211,17800,2013-07-01
M41,1719,2048,3767,14799,13380,28179,2013-07-01
M43,1225,1778,3003,7444,5939,13383,2013-07-01
M44,944,1319,2263,6384,5131,11515,2013-07-01
M45,1041,1427,2468,7814,6774,14588,2013-07-01
M46,947,1269,2216,7191,5541,12732,2013-07-01
M50,166,172,338,982,573,1555,2013-07-01
M60,37,13,50,67,17,84,2013-07-01
M90,1,0,1,1,0,1,2013-07-01
ME1,1503,1909,3412,10235,8583,18818,2013-07-01
ME2,1755,2443,4198,13863,11655,25518,2013-07-01
ME3,893,1232,2125,10436,9185,19621,2013-07-01
ME4,2147,2523,4670,8546,5845,14391,2013-07-01
ME5,2291,3287,5578,18794,15986,34780,2013-07-01
ME6,416,575,991,3610,3112,6722,2013-07-01
ME7,3084,4000,7084,15870,12309,28179,2013-07-01
ME8,1927,2584,4511,18303,16010,34313,2013-07-01
ME9,669,804,1473,8279,7434,15713,2013-07-01
ME10,2141,2720,4861,15817,13291,29108,2013-07-01
ME11,233,333,566,1036,784,1820,2013-07-01
ME12,1864,2463,4327,12488,9809,22297,2013-07-01
ME13,1092,1422,2514,9816,8612,18428,2013-07-01
ME14,1205,1403,2608,11712,9974,21686,2013-07-01
ME15,2071,2674,4745,16721,13972,30693,2013-07-01
ME16,1159,1533,2692,10953,9216,20169,2013-07-01
ME17,594,793,1387,8988,8020,17008,2013-07-01
ME18,213,245,458,2844,2629,5473,2013-07-01
ME19,634,757,1391,7784,7428,15212,2013-07-01
ME20,662,921,1583,7749,6964,14713,2013-07-01
MK1,66,56,122,282,160,442,2013-07-01
MK2,1079,1487,2566,4527,3228,7755,2013-07-01
MK3,1138,1487,2625,7986,6849,14835,2013-07-01
MK4,749,1119,1868,7361,6786,14147,2013-07-01
MK5,702,826,1528,5352,4964,10316,2013-07-01
MK6,2960,3526,6486,8199,5549,13748,2013-07-01
MK7,648,847,1495,5238,4804,10042,2013-07-01
MK8,552,783,1335,4408,3825,8233,2013-07-01
MK9,340,316,656,1150,647,1797,2013-07-01
MK10,389,521,910,3610,3310,6920,2013-07-01
MK11,423,571,994,2796,2346,5142,2013-07-01
MK12,938,1138,2076,4246,3099,7345,2013-07-01
MK13,1388,1616,3004,6472,5258,11730,2013-07-01
MK14,1510,1846,3356,6740,5275,12015,2013-07-01
MK15,334,420,754,2785,2562,5347,2013-07-01
MK16,703,851,1554,7228,6628,13856,2013-07-01
MK17,416,493,909,7274,6810,14084,2013-07-01
MK18,1210,1387,2597,11844,11044,22888,2013-07-01
MK19,303,419,722,4566,4233,8799,2013-07-01
MK40,2213,2203,4416,9837,7144,16981,2013-07-01
MK41,1856,2345,4201,14839,13195,28034,2013-07-01
MK42,2605,3702,6307,13956,10956,24912,2013-07-01
MK43,1098,1166,2264,12903,11868,24771,2013-07-01
MK44,408,495,903,6589,6207,12796,2013-07-01
MK45,1300,1587,2887,17182,15863,33045,2013-07-01
MK46,224,284,508,3639,3461,7100,2013-07-01
ML1,2851,3810,6661,16479,12883,29362,2013-07-01
ML2,2062,2706,4768,12198,9530,21728,2013-07-01
ML3,2640,3580,6220,16757,13314,30071,2013-07-01
ML4,1342,1909,3251,6815,5150,11965,2013-07-01
ML5,2685,3485,6170,13734,10549,24283,2013-07-01
ML6,2675,3681,6356,17588,14060,31648,2013-07-01
ML7,725,1057,1782,5043,3787,8830,2013-07-01
ML8,629,931,1560,7059,6165,13224,2013-07-01
ML9,1108,1625,2733,7986,6390,14376,2013-07-01
ML10,388,465,853,3997,3680,7677,2013-07-01
ML11,1254,1922,3176,12349,10310,22659,2013-07-01
ML12,228,385,613,3397,3107,6504,2013-07-01
N1,9375,10227,19602,23297,16417,39714,2013-07-01
N2,2030,2091,4121,8798,7904,16702,2013-07-01
N3,2142,2365,4507,11189,9564,20753,2013-07-01
N4,6708,6177,12885,13910,9065,22975,2013-07-01
N5,2144,2413,4557,7052,5576,12628,2013-07-01
N6,1256,1507,2763,7176,6347,13523,2013-07-01
N7,5279,5495,10774,11795,7840,19635,2013-07-01
N8,4175,4194,8369,12368,9730,22098,2013-07-01
N9,5510,6685,12195,14091,10063,24154,2013-07-01
N10,2099,2491,4590,9148,7979,17127,2013-07-01
N11,2632,2853,5485,9933,7521,17454,2013-07-01
N12,2291,2560,4851,11699,9772,21471,2013-07-01
N13,2728,2890,5618,11509,8883,20392,2013-07-01
N14,1732,2027,3759,11425,9790,21215,2013-07-01
N15,7359,6474,13833,11648,6508,18156,2013-07-01
N16,8514,7565,16079,16465,10775,27240,2013-07-01
N17,10413,10477,20890,15724,9393,25117,2013-07-01
N18,3935,4515,8450,8642,5743,14385,2013-07-01
N19,3912,4434,8346,9565,7068,16633,2013-07-01
N20,1143,1300,2443,7754,7019,14773,2013-07-01
N21,1075,1231,2306,8887,8052,16939,2013-07-01
N22,5666,5535,11201,13031,8685,21716,2013-07-01
NE1,572,395,967,1566,665,2231,2013-07-01
NE2,1320,1187,2507,5436,3951,9387,2013-07-01
NE3,2574,3309,5883,17282,14849,32131,2013-07-01
NE4,4277,3658,7935,8179,4285,12464,2013-07-01
NE5,2676,3787,6463,13756,9774,23530,2013-07-01
NE6,3739,4260,7999,11111,7058,18169,2013-07-01
NE7,726,916,1642,5058,4277,9335,2013-07-01
NE8,2678,2750,5428,7569,4107,11676,2013-07-01
NE9,1922,2616,4538,11067,8227,19294,2013-07-01
NE10,1993,2798,4791,9970,6754,16724,2013-07-01
NE11,817,1217,2034,5084,3702,8786,2013-07-01
NE12,1668,2475,4143,10793,8477,19270,2013-07-01
NE13,484,610,1094,4378,3816,8194,2013-07-01
NE15,1883,2594,4477,9912,7137,17049,2013-07-01
NE16,911,1413,2324,8994,7336,16330,2013-07-01
NE17,228,335,563,1496,1161,2657,2013-07-01
NE18,25,29,54,362,353,715,2013-07-01
NE19,42,82,124,901,786,1687,2013-07-01
NE20,261,354,615,4974,4813,9787,2013-07-01
NE21,794,1160,1954,5434,3989,9423,2013-07-01
NE22,763,1017,1780,5974,4854,10828,2013-07-01
NE23,1701,2710,4411,13410,10781,24191,2013-07-01
NE24,1822,2579,4401,11651,8939,20590,2013-07-01
NE25,1117,1564,2681,10448,9331,19779,2013-07-01
NE26,764,916,1680,6917,6167,13084,2013-07-01
NE27,525,844,1369,3830,3149,6979,2013-07-01
NE28,2593,3787,6380,12849,9265,22114,2013-07-01
NE29,2140,2837,4977,9888,7561,17449,2013-07-01
NE30,876,1033,1909,7705,6888,14593,2013-07-01
NE31,1172,1527,2699,5586,4113,9699,2013-07-01
NE32,1533,2004,3537,7285,5429,12714,2013-07-01
NE33,2031,1938,3969,7695,5324,13019,2013-07-01
NE34,2921,3721,6642,15137,11412,26549,2013-07-01
NE35,313,422,735,2042,1563,3605,2013-07-01
NE36,235,289,524,2477,2185,4662,2013-07-01
NE37,1203,1816,3019,6023,4416,10439,2013-07-01
NE38,1710,2419,4129,10962,8672,19634,2013-07-01
NE39,291,496,787,3018,2549,5567,2013-07-01
NE40,607,898,1505,5248,4373,9621,2013-07-01
NE41,56,70,126,822,800,1622,2013-07-01
NE42,506,790,1296,4147,3655,7802,2013-07-01
NE43,93,137,230,1833,1730,3563,2013-07-01
NE44,16,30,46,440,431,871,2013-07-01
NE45,99,150,249,1415,1317,2732,2013-07-01
NE46,560,747,1307,5521,5091,10612,2013-07-01
NE47,221,300,521,3041,2814,5855,2013-07-01
NE48,106,160,266,1811,1567,3378,2013-07-01
NE49,150,256,406,1569,1203,2772,2013-07-01
NE61,1106,1576,2682,11659,10199,21858,2013-07-01
NE62,376,583,959,3254,2588,5842,2013-07-01
NE63,1409,2075,3484,8477,6230,14707,2013-07-01
NE64,356,500,856,1794,1316,3110,2013-07-01
NE65,593,883,1476,7545,6550,14095,2013-07-01
NE66,470,752,1222,6435,5699,12134,2013-07-01
NE67,17,21,38,366,350,716,2013-07-01
NE68,44,61,105,747,658,1405,2013-07-01
NE69,10,12,22,150,147,297,2013-07-01
NE70,45,79,124,681,632,1313,2013-07-01
NE71,78,120,198,1120,998,2118,2013-07-01
NE99,0,0,0,2,0,2,2013-07-01
NG1,703,570,1273,1777,948,2725,2013-07-01
NG2,3213,3843,7056,17488,14178,31666,2013-07-01
NG3,3166,4177,7343,13289,9974,23263,2013-07-01
NG4,1894,2631,4525,13659,11091,24750,2013-07-01
NG5,4864,6835,11699,26512,21362,47874,2013-07-01
NG6,2460,3545,6005,10214,7439,17653,2013-07-01
NG7,4623,4281,8904,9434,5146,14580,2013-07-01
NG8,3949,5589,9538,17147,12816,29963,2013-07-01
NG9,3473,4322,7795,24404,20257,44661,2013-07-01
NG10,2194,2836,5030,16235,13351,29586,2013-07-01
NG11,1867,2673,4540,11704,9088,20792,2013-07-01
NG12,1079,1508,2587,12458,11388,23846,2013-07-01
NG13,598,776,1374,7913,7244,15157,2013-07-01
NG14,583,715,1298,7245,6590,13835,2013-07-01
NG15,1677,2347,4024,13802,11460,25262,2013-07-01
NG16,2498,3402,5900,22850,18730,41580,2013-07-01
NG17,3120,4188,7308,23552,18804,42356,2013-07-01
NG18,2062,2528,4590,13418,11070,24488,2013-07-01
NG19,2222,3019,5241,17425,13885,31310,2013-07-01
NG20,1408,1946,3354,8063,5923,13986,2013-07-01
NG21,887,1198,2085,7689,6550,14239,2013-07-01
NG22,1015,1379,2394,9741,8294,18035,2013-07-01
NG23,393,492,885,7229,6796,14025,2013-07-01
NG24,1980,2559,4539,15177,12545,27722,2013-07-01
NG25,241,332,573,3340,3211,6551,2013-07-01
NG31,2040,2656,4696,14896,12041,26937,2013-07-01
NG32,323,394,717,5400,4942,10342,2013-07-01
NG33,235,333,568,3941,3590,7531,2013-07-01
NG34,1353,1652,3005,15090,13558,28648,2013-07-01
NN1,2613,2457,5070,8718,5843,14561,2013-07-01
NN2,2254,2572,4826,12334,9747,22081,2013-07-01
NN3,4162,5556,9718,24183,20096,44279,2013-07-01
NN4,1784,2416,4200,16696,14862,31558,2013-07-01
NN5,1881,2401,4282,12820,10272,23092,2013-07-01
NN6,898,1104,2002,13710,12995,26705,2013-07-01
NN7,738,1001,1739,11444,10635,22079,2013-07-01
NN8,2837,3660,6497,16139,12874,29013,2013-07-01
NN9,878,1177,2055,10004,8678,18682,2013-07-01
NN10,1328,1825,3153,13763,11838,25601,2013-07-01
NN11,1491,2117,3608,14033,11972,26005,2013-07-01
NN12,637,881,1518,9622,8694,18316,2013-07-01
NN13,575,714,1289,7290,6701,13991,2013-07-01
NN14,1200,1605,2805,16589,14926,31515,2013-07-01
NN15,1247,1636,2883,12693,11319,24012,2013-07-01
NN16,1769,2049,3818,9456,7338,16794,2013-07-01
NN17,1613,2118,3731,8450,6440,14890,2013-07-01
NN18,2194,2913,5107,9886,7722,17608,2013-07-01
NN29,321,413,734,4443,4012,8455,2013-07-01
NP1,70,91,161,263,205,468,2013-07-01
NP2,15,19,34,104,60,164,2013-07-01
NP3,18,30,48,87,60,147,2013-07-01
NP4,1721,2399,4120,15334,12698,28032,2013-07-01
NP5,7,12,19,50,44,94,2013-07-01
NP6,26,25,51,123,78,201,2013-07-01
NP7,769,1048,1817,9663,8787,18450,2013-07-01
NP8,128,205,333,2203,2088,4291,2013-07-01
NP9,43,36,79,143,58,201,2013-07-01
NP10,785,1011,1796,8285,7518,15803,2013-07-01
NP11,1617,2271,3888,12169,9773,21942,2013-07-01
NP12,1287,1935,3222,11220,9155,20375,2013-07-01
NP13,958,1419,2377,6399,4528,10927,2013-07-01
NP15,146,186,332,3194,3007,6201,2013-07-01
NP16,798,1056,1854,8821,8034,16855,2013-07-01
NP18,506,704,1210,6445,5788,12233,2013-07-01
NP19,3136,4099,7235,15316,11221,26537,2013-07-01
NP20,2960,3708,6668,15041,11583,26624,2013-07-01
NP22,1056,1566,2622,6790,5058,11848,2013-07-01
NP23,1510,2197,3707,10629,8076,18705,2013-07-01
NP24,284,400,684,1405,975,2380,2013-07-01
NP25,477,538,1015,5627,5286,10913,2013-07-01
NP26,708,963,1671,8477,7495,15972,2013-07-01
NP44,2165,2934,5099,15732,12960,28692,2013-07-01
NR1,1590,1590,3180,7832,6003,13835,2013-07-01
NR2,1334,1552,2886,7615,6355,13970,2013-07-01
NR3,2146,2350,4496,9883,7412,17295,2013-07-01
NR4,918,1125,2043,6861,6055,12916,2013-07-01
NR5,1597,2031,3628,8691,6934,15625,2013-07-01
NR6,800,1011,1811,9217,7882,17099,2013-07-01
NR7,1036,1301,2337,11724,10296,22020,2013-07-01
NR8,508,611,1119,7649,7226,14875,2013-07-01
NR9,404,529,933,6761,6344,13105,2013-07-01
NR10,591,734,1325,8765,8017,16782,2013-07-01
NR11,488,625,1113,6937,6383,13320,2013-07-01
NR12,574,718,1292,8089,7350,15439,2013-07-01
NR13,647,788,1435,10497,9772,20269,2013-07-01
NR14,614,675,1289,9288,8750,18038,2013-07-01
NR15,365,496,861,6132,5860,11992,2013-07-01
NR16,294,453,747,4869,4447,9316,2013-07-01
NR17,436,561,997,5934,5206,11140,2013-07-01
NR18,480,626,1106,6188,5725,11913,2013-07-01
NR19,681,922,1603,7042,6073,13115,2013-07-01
NR20,498,643,1141,7346,6547,13893,2013-07-01
NR21,465,627,1092,6038,5324,11362,2013-07-01
NR22,28,46,74,329,318,647,2013-07-01
NR23,125,142,267,1144,923,2067,2013-07-01
NR24,111,150,261,1727,1553,3280,2013-07-01
NR25,262,318,580,3280,2995,6275,2013-07-01
NR26,262,346,608,2931,2605,5536,2013-07-01
NR27,444,572,1016,3979,3444,7423,2013-07-01
NR28,590,689,1279,6226,5521,11747,2013-07-01
NR29,571,764,1335,8069,7038,15107,2013-07-01
NR30,1922,2170,4092,8914,6273,15187,2013-07-01
NR31,2285,2843,5128,16588,13393,29981,2013-07-01
NR32,1751,2013,3764,13072,10774,23846,2013-07-01
NR33,1524,1841,3365,13864,11795,25659,2013-07-01
NR34,632,805,1437,8497,7566,16063,2013-07-01
NR35,319,434,753,4106,3688,7794,2013-07-01
NW1,6627,6834,13461,15815,10261,26076,2013-07-01
NW2,9943,8796,18739,23666,15311,38977,2013-07-01
NW3,4298,5086,9384,19648,16387,36035,2013-07-01
NW4,3061,3236,6297,12187,9659,21846,2013-07-01
NW5,3022,3479,6501,7963,6144,14107,2013-07-01
NW6,7759,7707,15466,21003,15795,36798,2013-07-01
NW7,1699,2068,3767,9737,8536,18273,2013-07-01
NW8,3520,4363,7883,12248,9120,21368,2013-07-01
NW9,7544,7537,15081,21735,14690,36425,2013-07-01
NW10,15116,13984,29100,27596,17634,45230,2013-07-01
NW11,2925,3017,5942,13375,11610,24985,2013-07-01
OL1,1646,1825,3471,5322,3693,9015,2013-07-01
OL2,1722,2348,4070,14581,12328,26909,2013-07-01
OL3,454,527,981,5832,5421,11253,2013-07-01
OL4,2485,3065,5550,13712,10407,24119,2013-07-01
OL5,495,646,1141,3806,3236,7042,2013-07-01
OL6,1737,2228,3965,8770,6320,15090,2013-07-01
OL7,963,1319,2282,5122,3692,8814,2013-07-01
OL8,2876,3567,6443,10186,6441,16627,2013-07-01
OL9,2516,2987,5503,12119,8767,20886,2013-07-01
OL10,1565,1950,3515,8578,6851,15429,2013-07-01
OL11,2706,3306,6012,13945,10807,24752,2013-07-01
OL12,2290,2946,5236,14725,11923,26648,2013-07-01
OL13,708,994,1702,5218,4252,9470,2013-07-01
OL14,700,986,1686,5131,4364,9495,2013-07-01
OL15,521,686,1207,5290,4670,9960,2013-07-01
OL16,2201,2645,4846,11121,8585,19706,2013-07-01
OX1,1514,1189,2703,5951,4631,10582,2013-07-01
OX2,2549,2806,5355,12900,11766,24666,2013-07-01
OX3,2865,3604,6469,12922,10464,23386,2013-07-01
OX4,5077,5483,10560,16970,12340,29310,2013-07-01
OX5,1238,1361,2599,9028,7882,16910,2013-07-01
OX6,23,19,42,68,53,121,2013-07-01
OX7,770,1028,1798,9082,8477,17559,2013-07-01
OX8,35,37,72,183,165,348,2013-07-01
OX9,512,653,1165,5477,5099,10576,2013-07-01
OX10,979,1199,2178,9770,8890,18660,2013-07-01
OX11,1367,1775,3142,12138,10547,22685,2013-07-01
OX12,971,1237,2208,9797,8662,18459,2013-07-01
OX13,398,571,969,5214,4673,9887,2013-07-01
OX14,1905,2372,4277,16412,14347,30759,2013-07-01
OX15,539,583,1122,7472,7150,14622,2013-07-01
OX16,2445,3265,5710,15216,12060,27276,2013-07-01
OX17,409,553,962,7047,6596,13643,2013-07-01
OX18,861,1216,2077,9258,8259,17517,2013-07-01
OX20,167,206,373,1813,1757,3570,2013-07-01
OX25,316,453,769,3539,3241,6780,2013-07-01
OX26,1412,1842,3254,11469,9895,21364,2013-07-01
OX27,200,259,459,2584,2505,5089,2013-07-01
OX28,1167,1418,2585,9499,8512,18011,2013-07-01
OX29,765,894,1659,9245,8545,17790,2013-07-01
OX33,266,303,569,3098,2861,5959,2013-07-01
OX39,144,203,347,2860,2667,5527,2013-07-01
OX44,280,325,605,3293,3048,6341,2013-07-01
OX49,115,161,276,1625,1670,3295,2013-07-01
PA1,1224,1546,2770,6623,5168,11791,2013-07-01
PA2,2148,2811,4959,12853,10641,23494,2013-07-01
PA3,1798,2245,4043,6447,4473,10920,2013-07-01
PA4,1230,1687,2917,7560,6154,13714,2013-07-01
PA5,1340,1754,3094,6759,5200,11959,2013-07-01
PA6,170,244,414,2642,2596,5238,2013-07-01
PA7,197,275,472,2119,1842,3961,2013-07-01
PA8,721,971,1692,5309,4623,9932,2013-07-01
PA9,50,71,121,677,611,1288,2013-07-01
PA10,150,205,355,1461,1321,2782,2013-07-01
PA11,205,286,491,2183,2005,4188,2013-07-01
PA12,137,184,321,1256,1180,2436,2013-07-01
PA13,118,159,277,1809,1817,3626,2013-07-01
PA14,1273,1564,2837,4796,3717,8513,2013-07-01
PA15,1329,1503,2832,4402,3199,7601,2013-07-01
PA16,1902,2236,4138,8768,7433,16201,2013-07-01
PA17,72,82,154,921,791,1712,2013-07-01
PA18,77,128,205,1026,988,2014,2013-07-01
PA19,514,672,1186,4102,3620,7722,2013-07-01
PA20,337,456,793,2150,1760,3910,2013-07-01
PA21,41,39,80,327,274,601,2013-07-01
PA22,9,6,15,140,118,258,2013-07-01
PA23,713,978,1691,4309,3900,8209,2013-07-01
PA24,22,19,41,209,160,369,2013-07-01
PA25,0,4,4,25,23,48,2013-07-01
PA26,8,6,14,64,42,106,2013-07-01
PA27,17,36,53,294,285,579,2013-07-01
PA28,350,472,822,2595,2170,4765,2013-07-01
PA29,102,112,214,924,818,1742,2013-07-01
PA30,55,78,133,534,495,1029,2013-07-01
PA31,188,260,448,1948,1696,3644,2013-07-01
PA32,31,60,91,519,434,953,2013-07-01
PA33,32,36,68,312,253,565,2013-07-01
PA34,577,708,1285,3783,3242,7025,2013-07-01
PA35,47,65,112,547,495,1042,2013-07-01
PA36,2,1,3,19,14,33,2013-07-01
PA37,113,147,260,1122,1008,2130,2013-07-01
PA38,40,43,83,357,332,689,2013-07-01
PA39,2,0,2,5,12,17,2013-07-01
PA40,1,3,4,5,3,8,2013-07-01
PA41,6,8,14,46,46,92,2013-07-01
PA42,57,81,138,415,336,751,2013-07-01
PA43,46,65,111,302,239,541,2013-07-01
PA44,6,11,17,128,106,234,2013-07-01
PA45,12,12,24,53,34,87,2013-07-01
PA46,7,10,17,78,67,145,2013-07-01
PA47,6,8,14,70,65,135,2013-07-01
PA48,19,16,35,118,106,224,2013-07-01
PA49,6,10,16,73,60,133,2013-07-01
PA60,8,24,32,83,70,153,2013-07-01
PA61,6,19,25,58,55,113,2013-07-01
PA62,2,3,5,12,9,21,2013-07-01
PA63,1,0,1,3,5,8,2013-07-01
PA64,1,4,5,41,38,79,2013-07-01
PA65,7,14,21,86,77,163,2013-07-01
PA66,5,10,15,72,64,136,2013-07-01
PA67,17,19,36,106,113,219,2013-07-01
PA68,1,0,1,4,5,9,2013-07-01
PA69,1,2,3,9,9,18,2013-07-01
PA70,4,4,8,32,24,56,2013-07-01
PA71,2,0,2,25,15,40,2013-07-01
PA72,15,17,32,182,167,349,2013-07-01
PA73,1,2,3,32,28,60,2013-07-01
PA74,0,1,1,16,15,31,2013-07-01
PA75,55,72,127,529,500,1029,2013-07-01
PA76,5,9,14,55,59,114,2013-07-01
PA77,30,43,73,249,258,507,2013-07-01
PA78,12,17,29,69,71,140,2013-07-01
PA80,7,4,11,12,2,14,2013-07-01
PA81,1,5,6,19,12,31,2013-07-01
PA82,4,5,9,19,17,36,2013-07-01
PA83,0,0,0,2,1,3,2013-07-01
PA84,0,1,1,2,2,4,2013-07-01
PA85,4,2,6,3,5,8,2013-07-01
PA86,25,37,62,124,110,234,2013-07-01
PA87,10,17,27,25,24,49,2013-07-01
PA88,3,1,4,9,1,10,2013-07-01
PE1,3967,4150,8117,13496,8679,22175,2013-07-01
PE2,2322,3077,5399,14720,11906,26626,2013-07-01
PE3,1944,2608,4552,9438,7000,16438,2013-07-01
PE4,1346,1814,3160,9464,8234,17698,2013-07-01
PE5,38,39,77,596,550,1146,2013-07-01
PE6,1096,1407,2503,14024,12823,26847,2013-07-01
PE7,1349,1757,3106,15344,13613,28957,2013-07-01
PE8,507,702,1209,6595,6098,12693,2013-07-01
PE9,1144,1369,2513,11729,10915,22644,2013-07-01
PE10,640,847,1487,8160,7390,15550,2013-07-01
PE11,1491,1829,3320,15002,12843,27845,2013-07-01
PE12,1162,1568,2730,15208,13050,28258,2013-07-01
PE13,1578,1803,3381,11665,9730,21395,2013-07-01
PE14,642,808,1450,8280,7438,15718,2013-07-01
PE15,940,1227,2167,10534,8966,19500,2013-07-01
PE16,336,419,755,3944,3292,7236,2013-07-01
PE17,39,22,61,100,75,175,2013-07-01
PE18,38,77,115,111,100,211,2013-07-01
PE19,1508,2066,3574,16141,14213,30354,2013-07-01
PE20,461,587,1048,5359,4630,9989,2013-07-01
PE21,1992,2304,4296,13008,10691,23699,2013-07-01
PE22,485,616,1101,6784,5916,12700,2013-07-01
PE23,285,326,611,3323,3017,6340,2013-07-01
PE24,427,523,950,4628,3715,8343,2013-07-01
PE25,1029,1286,2315,7087,5440,12527,2013-07-01
PE26,385,508,893,4399,3928,8327,2013-07-01
PE27,740,974,1714,7397,6375,13772,2013-07-01
PE28,1360,1731,3091,18172,16964,35136,2013-07-01
PE29,1446,1964,3410,9391,7760,17151,2013-07-01
PE30,2118,2716,4834,13665,11334,24999,2013-07-01
PE31,448,585,1033,7687,7071,14758,2013-07-01
PE32,378,487,865,6210,5665,11875,2013-07-01
PE33,397,563,960,6039,5319,11358,2013-07-01
PE34,414,545,959,5463,4784,10247,2013-07-01
PE35,2,1,3,31,33,64,2013-07-01
PE36,212,257,469,2260,2065,4325,2013-07-01
PE37,310,427,737,3723,3190,6913,2013-07-01
PE38,422,505,927,5312,4561,9873,2013-07-01
PH1,2269,2946,5215,14092,11752,25844,2013-07-01
PH2,1369,1754,3123,12212,10853,23065,2013-07-01
PH3,207,253,460,2163,2044,4207,2013-07-01
PH4,19,44,63,322,289,611,2013-07-01
PH5,21,54,75,346,310,656,2013-07-01
PH6,85,108,193,948,951,1899,2013-07-01
PH7,368,475,843,3274,2930,6204,2013-07-01
PH8,79,99,178,785,754,1539,2013-07-01
PH9,20,39,59,380,333,713,2013-07-01
PH10,401,517,918,4017,3545,7562,2013-07-01
PH11,122,193,315,1316,1133,2449,2013-07-01
PH12,39,72,111,828,703,1531,2013-07-01
PH13,171,194,365,1533,1286,2819,2013-07-01
PH14,33,71,104,724,719,1443,2013-07-01
PH15,139,195,334,1336,1156,2492,2013-07-01
PH16,168,193,361,1498,1333,2831,2013-07-01
PH17,10,9,19,63,55,118,2013-07-01
PH18,33,41,74,313,258,571,2013-07-01
PH19,4,7,11,42,30,72,2013-07-01
PH20,58,81,139,598,536,1134,2013-07-01
PH21,88,109,197,826,729,1555,2013-07-01
PH22,187,244,431,1132,952,2084,2013-07-01
PH23,26,37,63,331,303,634,2013-07-01
PH24,21,30,51,275,243,518,2013-07-01
PH25,21,27,48,340,306,646,2013-07-01
PH26,146,162,308,1352,1239,2591,2013-07-01
PH30,0,0,0,6,2,8,2013-07-01
PH31,22,22,44,237,205,442,2013-07-01
PH32,38,43,81,267,236,503,2013-07-01
PH33,671,935,1606,4021,3179,7200,2013-07-01
PH34,34,42,76,418,380,798,2013-07-01
PH35,15,19,34,123,105,228,2013-07-01
PH36,40,64,104,491,425,916,2013-07-01
PH37,10,12,22,63,54,117,2013-07-01
PH38,13,14,27,74,67,141,2013-07-01
PH39,24,23,47,138,146,284,2013-07-01
PH40,22,22,44,119,96,215,2013-07-01
PH41,73,62,135,361,315,676,2013-07-01
PH42,2,7,9,33,22,55,2013-07-01
PH43,1,1,2,13,10,23,2013-07-01
PH44,2,2,4,3,3,6,2013-07-01
PH49,38,66,104,428,353,781,2013-07-01
PH50,48,77,125,311,240,551,2013-07-01
PL1,1852,1843,3695,6153,3865,10018,2013-07-01
PL2,2086,2532,4618,9398,7336,16734,2013-07-01
PL3,1562,1873,3435,10433,8968,19401,2013-07-01
PL4,2246,2177,4423,8073,5519,13592,2013-07-01
PL5,2554,3480,6034,13074,10512,23586,2013-07-01
PL6,1763,2412,4175,14876,12744,27620,2013-07-01
PL7,1080,1417,2497,11690,10736,22426,2013-07-01
PL8,170,153,323,2374,2326,4700,2013-07-01
PL9,864,1207,2071,10631,9689,20320,2013-07-01
PL10,142,188,330,1335,1150,2485,2013-07-01
PL11,461,629,1090,3939,3402,7341,2013-07-01
PL12,757,961,1718,8448,7587,16035,2013-07-01
PL13,346,444,790,3715,3172,6887,2013-07-01
PL14,715,1042,1757,8587,7845,16432,2013-07-01
PL15,541,730,1271,7438,6778,14216,2013-07-01
PL16,52,56,108,797,755,1552,2013-07-01
PL17,297,368,665,3950,3509,7459,2013-07-01
PL18,158,245,403,1985,1868,3853,2013-07-01
PL19,547,656,1203,6187,5796,11983,2013-07-01
PL20,398,505,903,4602,4384,8986,2013-07-01
PL21,560,752,1312,6859,6528,13387,2013-07-01
PL22,112,146,258,1321,1259,2580,2013-07-01
PL23,104,126,230,1232,1182,2414,2013-07-01
PL24,400,520,920,3607,3223,6830,2013-07-01
PL25,946,1172,2118,8752,7700,16452,2013-07-01
PL26,959,1151,2110,9893,8637,18530,2013-07-01
PL27,369,492,861,4443,4197,8640,2013-07-01
PL28,159,203,362,1555,1446,3001,2013-07-01
PL29,35,29,64,384,346,730,2013-07-01
PL30,242,297,539,4256,4023,8279,2013-07-01
PL31,629,764,1393,4907,4172,9079,2013-07-01
PL32,123,162,285,1544,1446,2990,2013-07-01
PL33,50,74,124,703,656,1359,2013-07-01
PL34,48,66,114,682,608,1290,2013-07-01
PL35,22,41,63,402,371,773,2013-07-01
PO1,2131,2468,4599,6576,4240,10816,2013-07-01
PO2,2896,3680,6576,12591,9575,22166,2013-07-01
PO3,987,1217,2204,6699,5517,12216,2013-07-01
PO4,2352,2709,5061,12098,9764,21862,2013-07-01
PO5,2121,2115,4236,7344,4909,12253,2013-07-01
PO6,2320,2854,5174,13479,11202,24681,2013-07-01
PO7,1526,1899,3425,15127,13660,28787,2013-07-01
PO8,1154,1478,2632,13393,12247,25640,2013-07-01
PO9,2791,3632,6423,15493,12841,28334,2013-07-01
PO10,564,733,1297,7245,6536,13781,2013-07-01
PO11,597,676,1273,7031,6441,13472,2013-07-01
PO12,2413,2906,5319,15858,13408,29266,2013-07-01
PO13,1704,2361,4065,11618,10121,21739,2013-07-01
PO14,1127,1317,2444,12794,11722,24516,2013-07-01
PO15,712,843,1555,8418,7634,16052,2013-07-01
PO16,1130,1349,2479,12157,10793,22950,2013-07-01
PO17,178,190,368,2550,2319,4869,2013-07-01
PO18,387,469,856,5427,5218,10645,2013-07-01
PO19,1423,1631,3054,9590,9151,18741,2013-07-01
PO20,1017,1283,2300,12823,11923,24746,2013-07-01
PO21,1709,1862,3571,13304,11704,25008,2013-07-01
PO22,1067,1229,2296,10668,9811,20479,2013-07-01
PO30,1230,1543,2773,9759,8789,18548,2013-07-01
PO31,644,737,1381,5231,4790,10021,2013-07-01
PO32,361,438,799,2695,2408,5103,2013-07-01
PO33,1498,1893,3391,10434,9205,19639,2013-07-01
PO34,54,63,117,931,942,1873,2013-07-01
PO35,161,145,306,1427,1377,2804,2013-07-01
PO36,764,877,1641,5749,5136,10885,2013-07-01
PO37,429,480,909,3278,2804,6082,2013-07-01
PO38,520,667,1187,4962,4377,9339,2013-07-01
PO39,76,105,181,951,859,1810,2013-07-01
PO40,223,260,483,2024,1884,3908,2013-07-01
PO41,57,78,135,973,936,1909,2013-07-01
PR1,4284,4978,9262,19677,14309,33986,2013-07-01
PR2,3631,4655,8286,26010,21882,47892,2013-07-01
PR3,832,1138,1970,15057,13940,28997,2013-07-01
PR4,1646,2189,3835,22852,20755,43607,2013-07-01
PR5,1465,1982,3447,14700,12820,27520,2013-07-01
PR6,1141,1499,2640,12744,11259,24003,2013-07-01
PR7,1785,2372,4157,20304,17796,38100,2013-07-01
PR8,2291,2715,5006,18819,16921,35740,2013-07-01
PR9,1611,2117,3728,14871,12881,27752,2013-07-01
PR25,1198,1578,2776,10647,9208,19855,2013-07-01
PR26,421,528,949,5116,4622,9738,2013-07-01
RG1,4703,4344,9047,13581,8212,21793,2013-07-01
RG2,2862,3231,6093,12199,9223,21422,2013-07-01
RG3,18,11,29,80,34,114,2013-07-01
RG4,1578,1982,3560,15190,13795,28985,2013-07-01
RG5,991,1236,2227,10000,8982,18982,2013-07-01
RG6,1817,1966,3783,13925,12056,25981,2013-07-01
RG7,962,1221,2183,12628,11733,24361,2013-07-01
RG8,683,698,1381,7762,7362,15124,2013-07-01
RG9,847,864,1711,9238,8905,18143,2013-07-01
RG10,552,581,1133,7507,7318,14825,2013-07-01
RG11,19,18,37,60,43,103,2013-07-01
RG12,2686,3509,6195,19494,16396,35890,2013-07-01
RG13,14,22,36,44,39,83,2013-07-01
RG14,1657,1943,3600,13659,11708,25367,2013-07-01
RG15,12,20,32,63,62,125,2013-07-01
RG16,19,14,33,128,106,234,2013-07-01
RG17,522,605,1127,5835,5388,11223,2013-07-01
RG18,625,774,1399,7197,6529,13726,2013-07-01
RG19,587,772,1359,6329,5703,12032,2013-07-01
RG20,558,741,1299,8027,7516,15543,2013-07-01
RG21,1673,1999,3672,9146,7014,16160,2013-07-01
RG22,1826,2458,4284,15095,12989,28084,2013-07-01
RG23,536,651,1187,4752,4179,8931,2013-07-01
RG24,1233,1760,2993,11501,10160,21661,2013-07-01
RG25,250,294,544,3510,3174,6684,2013-07-01
RG26,695,861,1556,8857,8019,16876,2013-07-01
RG27,550,602,1152,8462,8190,16652,2013-07-01
RG28,203,253,456,2165,1934,4099,2013-07-01
RG29,145,279,424,2560,2363,4923,2013-07-01
RG30,3255,3887,7142,14855,11102,25957,2013-07-01
RG31,1126,1421,2547,11055,9929,20984,2013-07-01
RG40,862,965,1827,10955,10357,21312,2013-07-01
RG41,902,1064,1966,11364,10876,22240,2013-07-01
RG42,948,1089,2037,9996,9446,19442,2013-07-01
RG45,446,493,939,5518,5240,10758,2013-07-01
RH1,1972,2525,4497,17019,15109,32128,2013-07-01
RH2,843,962,1805,9664,9211,18875,2013-07-01
RH3,119,123,242,1746,1766,3512,2013-07-01
RH4,614,702,1316,5658,5293,10951,2013-07-01
RH5,560,608,1168,6810,6351,13161,2013-07-01
RH6,1240,1346,2586,11586,10408,21994,2013-07-01
RH7,407,364,771,3518,3107,6625,2013-07-01
RH8,523,623,1146,5809,5703,11512,2013-07-01
RH9,163,214,377,2058,2065,4123,2013-07-01
RH10,3176,3507,6683,24550,20949,45499,2013-07-01
RH11,3830,4785,8615,18451,14220,32671,2013-07-01
RH12,1439,1797,3236,16669,15556,32225,2013-07-01
RH13,1212,1411,2623,14517,13609,28126,2013-07-01
RH14,422,476,898,5869,5382,11251,2013-07-01
RH15,1232,1399,2631,11308,10396,21704,2013-07-01
RH16,1316,1655,2971,12311,11448,23759,2013-07-01
RH17,597,669,1266,7312,7017,14329,2013-07-01
RH18,247,274,521,1849,1833,3682,2013-07-01
RH19,1285,1485,2770,13158,12154,25312,2013-07-01
RH20,648,714,1362,10330,10066,20396,2013-07-01
RM1,1045,1234,2279,6916,5845,12761,2013-07-01
RM2,508,600,1108,4845,4391,9236,2013-07-01
RM3,2409,3226,5635,12750,10204,22954,2013-07-01
RM4,120,142,262,1847,1714,3561,2013-07-01
RM5,978,1298,2276,6630,5697,12327,2013-07-01
RM6,2555,2914,5469,10011,7832,17843,2013-07-01
RM7,1617,2154,3771,9254,7478,16732,2013-07-01
RM8,3628,4258,7886,10805,7667,18472,2013-07-01
RM9,3089,3933,7022,9529,6602,16131,2013-07-01
RM10,3308,4237,7545,10046,6912,16958,2013-07-01
RM11,1213,1380,2593,12076,10968,23044,2013-07-01
RM12,1559,1932,3491,12416,10511,22927,2013-07-01
RM13,1573,1977,3550,9878,8206,18084,2013-07-01
RM14,862,986,1848,10523,9523,20046,2013-07-01
RM15,1536,1891,3427,9014,7266,16280,2013-07-01
RM16,1661,2209,3870,14115,12206,26321,2013-07-01
RM17,1622,2135,3757,8920,6715,15635,2013-07-01
RM18,1160,1576,2736,4917,3791,8708,2013-07-01
RM19,406,616,1022,2134,1600,3734,2013-07-01
RM20,378,461,839,1623,1116,2739,2013-07-01
S1,360,252,612,797,357,1154,2013-07-01
S2,3252,3809,7061,9319,5612,14931,2013-07-01
S3,1524,1171,2695,2822,1246,4068,2013-07-01
S4,1177,1206,2383,2939,1595,4534,2013-07-01
S5,4032,5342,9374,15024,9993,25017,2013-07-01
S6,2709,3413,6122,18459,14658,33117,2013-07-01
S7,1159,1028,2187,5700,4645,10345,2013-07-01
S8,2205,2896,5101,14455,11689,26144,2013-07-01
S9,1915,2289,4204,7721,4639,12360,2013-07-01
S10,1859,1884,3743,12747,11151,23898,2013-07-01
S11,1427,1592,3019,10386,9296,19682,2013-07-01
S12,1342,2181,3523,11692,8650,20342,2013-07-01
S13,1385,1912,3297,9478,7127,16605,2013-07-01
S14,668,864,1532,2042,1218,3260,2013-07-01
S17,422,514,936,5978,5738,11716,2013-07-01
S18,668,905,1573,9642,8690,18332,2013-07-01
S19,3,3,6,27,19,46,2013-07-01
S20,1054,1625,2679,10883,8911,19794,2013-07-01
S21,793,1072,1865,7410,5961,13371,2013-07-01
S25,772,1149,1921,7379,6195,13574,2013-07-01
S26,817,1300,2117,9336,7737,17073,2013-07-01
S30,16,23,39,161,140,301,2013-07-01
S31,11,26,37,59,23,82,2013-07-01
S32,131,194,325,2304,2244,4548,2013-07-01
S33,138,163,301,1924,1794,3718,2013-07-01
S35,1272,1815,3087,15114,13000,28114,2013-07-01
S36,842,1231,2073,10020,8632,18652,2013-07-01
S40,1499,2103,3602,11751,9617,21368,2013-07-01
S41,1645,2173,3818,11673,9320,20993,2013-07-01
S42,996,1376,2372,10310,8619,18929,2013-07-01
S43,1714,2569,4283,13482,10394,23876,2013-07-01
S44,988,1329,2317,7265,5699,12964,2013-07-01
S45,542,768,1310,4631,3692,8323,2013-07-01
S60,1622,2273,3895,12607,9767,22374,2013-07-01
S61,1850,2543,4393,11142,8315,19457,2013-07-01
S62,984,1354,2338,5987,4366,10353,2013-07-01
S63,2187,2920,5107,11618,8550,20168,2013-07-01
S64,1612,2099,3711,9463,7130,16593,2013-07-01
S65,2308,2744,5052,9583,6500,16083,2013-07-01
S66,1890,2766,4656,15226,12379,27605,2013-07-01
S70,2113,2708,4821,11250,8131,19381,2013-07-01
S71,2389,3099,5488,14259,10717,24976,2013-07-01
S72,1258,1735,2993,8020,6224,14244,2013-07-01
S73,1295,1853,3148,8451,6534,14985,2013-07-01
S74,830,1217,2047,5601,4293,9894,2013-07-01
S75,1499,2036,3535,15727,13352,29079,2013-07-01
S80,1531,1983,3514,9478,7149,16627,2013-07-01
S81,1322,1845,3167,13521,11641,25162,2013-07-01
SA1,3322,3641,6963,12524,8102,20626,2013-07-01
SA2,1469,1666,3135,12671,11117,23788,2013-07-01
SA3,695,850,1545,10367,9853,20220,2013-07-01
SA4,1307,1815,3122,15888,14422,30310,2013-07-01
SA5,1809,2675,4484,11118,8626,19744,2013-07-01
SA6,1408,2070,3478,11356,9403,20759,2013-07-01
SA7,481,748,1229,5236,4625,9861,2013-07-01
SA8,423,576,999,4397,3891,8288,2013-07-01
SA9,482,711,1193,5477,4608,10085,2013-07-01
SA10,948,1411,2359,10688,9034,19722,2013-07-01
SA11,1549,2178,3727,11871,9272,21143,2013-07-01
SA12,1632,2122,3754,10352,8314,18666,2013-07-01
SA13,913,1229,2142,6458,4993,11451,2013-07-01
SA14,1071,1440,2511,11634,10187,21821,2013-07-01
SA15,1556,1903,3459,11720,9536,21256,2013-07-01
SA16,265,411,676,3010,2548,5558,2013-07-01
SA17,321,405,726,3204,2723,5927,2013-07-01
SA18,1042,1309,2351,10369,9072,19441,2013-07-01
SA19,256,341,597,3836,3510,7346,2013-07-01
SA20,120,131,251,1322,1144,2466,2013-07-01
SA31,615,840,1455,5261,4807,10068,2013-07-01
SA32,148,173,321,3082,2941,6023,2013-07-01
SA33,299,392,691,5043,4527,9570,2013-07-01
SA34,158,165,323,2042,1787,3829,2013-07-01
SA35,19,29,48,344,315,659,2013-07-01
SA36,5,12,17,137,131,268,2013-07-01
SA37,35,39,74,568,532,1100,2013-07-01
SA38,134,175,309,1733,1583,3316,2013-07-01
SA39,67,77,144,1006,878,1884,2013-07-01
SA40,104,115,219,1095,960,2055,2013-07-01
SA41,56,51,107,812,743,1555,2013-07-01
SA42,60,87,147,822,763,1585,2013-07-01
SA43,419,547,966,4743,4212,8955,2013-07-01
SA44,281,366,647,4459,4101,8560,2013-07-01
SA45,69,51,120,615,535,1150,2013-07-01
SA46,93,96,189,982,849,1831,2013-07-01
SA47,40,42,82,407,368,775,2013-07-01
SA48,328,335,663,3216,2920,6136,2013-07-01
SA61,660,938,1598,4654,4077,8731,2013-07-01
SA62,536,726,1262,7897,7310,15207,2013-07-01
SA63,28,30,58,486,459,945,2013-07-01
SA64,71,133,204,836,676,1512,2013-07-01
SA65,150,208,358,1514,1333,2847,2013-07-01
SA66,76,85,161,1221,1199,2420,2013-07-01
SA67,181,261,442,2666,2521,5187,2013-07-01
SA68,102,126,228,1575,1394,2969,2013-07-01
SA69,88,147,235,1477,1290,2767,2013-07-01
SA70,367,496,863,3402,2985,6387,2013-07-01
SA71,433,499,932,3858,3247,7105,2013-07-01
SA72,458,585,1043,3387,2889,6276,2013-07-01
SA73,859,1149,2008,6868,5702,12570,2013-07-01
SA99,0,1,1,0,0,0,2013-07-01
SE1,7625,7524,15149,16598,9869,26467,2013-07-01
SE2,2785,3487,6272,7364,5362,12726,2013-07-01
SE3,2484,2945,5429,10585,8969,19554,2013-07-01
SE4,3282,3615,6897,7668,6123,13791,2013-07-01
SE5,6942,7382,14324,11086,7292,18378,2013-07-01
SE6,5637,6574,12211,13966,11211,25177,2013-07-01
SE7,2404,2673,5077,5809,4097,9906,2013-07-01
SE8,4060,4246,8306,6282,3824,10106,2013-07-01
SE9,4143,5102,9245,19873,16396,36269,2013-07-01
SE10,1847,2179,4026,6605,5189,11794,2013-07-01
SE11,2877,3006,5883,5778,3438,9216,2013-07-01
SE12,2155,2547,4702,8191,6953,15144,2013-07-01
SE13,4755,4819,9574,10778,8262,19040,2013-07-01
SE14,3528,3544,7072,5991,3813,9804,2013-07-01
SE15,10522,10531,21053,14676,9775,24451,2013-07-01
SE16,4762,5384,10146,12175,8027,20202,2013-07-01
SE17,5623,5737,11360,7386,3994,11380,2013-07-01
SE18,10220,10352,20572,18836,12327,31163,2013-07-01
SE19,2501,3021,5522,8627,6986,15613,2013-07-01
SE20,2208,2636,4844,6422,5095,11517,2013-07-01
SE21,1231,1444,2675,4911,4448,9359,2013-07-01
SE22,2856,3127,5983,8832,7573,16405,2013-07-01
SE23,3131,3704,6835,9759,7933,17692,2013-07-01
SE24,1713,1833,3546,5453,4642,10095,2013-07-01
SE25,3573,4195,7768,9799,7938,17737,2013-07-01
SE26,2746,3296,6042,8038,6659,14697,2013-07-01
SE27,2311,2599,4910,5951,4690,10641,2013-07-01
SE28,3063,3951,7014,7009,4844,11853,2013-07-01
SG1,2743,3533,6276,17506,14357,31863,2013-07-01
SG2,2008,2801,4809,14851,12552,27403,2013-07-01
SG3,224,235,459,2789,2642,5431,2013-07-01
SG4,1082,1264,2346,11029,10217,21246,2013-07-01
SG5,1207,1369,2576,11543,10315,21858,2013-07-01
SG6,1544,1996,3540,11728,10131,21859,2013-07-01
SG7,469,553,1022,4921,4583,9504,2013-07-01
SG8,1338,1463,2801,15204,13354,28558,2013-07-01
SG9,234,301,535,3905,3677,7582,2013-07-01
SG10,40,54,94,776,733,1509,2013-07-01
SG11,204,206,410,3227,2985,6212,2013-07-01
SG12,1039,1236,2275,11098,10127,21225,2013-07-01
SG13,630,668,1298,5994,5591,11585,2013-07-01
SG14,763,842,1605,7175,6563,13738,2013-07-01
SG15,207,250,457,2091,1826,3917,2013-07-01
SG16,157,218,375,2316,2163,4479,2013-07-01
SG17,374,465,839,4548,4234,8782,2013-07-01
SG18,787,1037,1824,8982,7873,16855,2013-07-01
SG19,731,1008,1739,9445,8322,17767,2013-07-01
SK1,565,713,1278,3452,2582,6034,2013-07-01
SK2,1307,1614,2921,10475,9055,19530,2013-07-01
SK3,1514,1967,3481,8630,7113,15743,2013-07-01
SK4,1653,1780,3433,12741,11354,24095,2013-07-01
SK5,1786,2239,4025,8695,6848,15543,2013-07-01
SK6,1753,2245,3998,19033,17172,36205,2013-07-01
SK7,1235,1479,2714,16322,15396,31718,2013-07-01
SK8,2077,2560,4637,22759,21068,43827,2013-07-01
SK9,1208,1481,2689,15097,14303,29400,2013-07-01
SK10,1280,1542,2822,15234,14378,29612,2013-07-01
SK11,1415,1759,3174,13306,11769,25075,2013-07-01
SK12,507,580,1087,7958,7559,15517,2013-07-01
SK13,1348,1798,3146,11661,10218,21879,2013-07-01
SK14,2446,3019,5465,14742,12146,26888,2013-07-01
SK15,1288,1684,2972,9284,7735,17019,2013-07-01
SK16,900,1223,2123,6480,5113,11593,2013-07-01
SK17,1022,1309,2331,11568,9768,21336,2013-07-01
SK22,449,581,1030,4604,3974,8578,2013-07-01
SK23,511,631,1142,6623,5979,12602,2013-07-01
SL0,397,440,837,4634,4132,8766,2013-07-01
SL1,6379,6077,12456,23938,17405,41343,2013-07-01
SL2,4086,4692,8778,18457,14120,32577,2013-07-01
SL3,2310,3009,5319,16739,13869,30608,2013-07-01
SL4,1858,2210,4068,16732,15052,31784,2013-07-01
SL5,983,1162,2145,9694,9772,19466,2013-07-01
SL6,3299,3751,7050,30946,28089,59035,2013-07-01
SL7,707,776,1483,8475,8252,16727,2013-07-01
SL8,193,207,400,2604,2529,5133,2013-07-01
SL9,803,861,1664,8919,8947,17866,2013-07-01
SM1,2215,2723,4938,13394,11162,24556,2013-07-01
SM2,1176,1610,2786,10616,9586,20202,2013-07-01
SM3,1075,1121,2196,7699,6855,14554,2013-07-01
SM4,2833,2962,5795,12543,9573,22116,2013-07-01
SM5,2217,2823,5040,12842,11272,24114,2013-07-01
SM6,2087,2619,4706,12508,11062,23570,2013-07-01
SM7,562,558,1120,7145,7162,14307,2013-07-01
SN1,2384,2067,4451,9409,6190,15599,2013-07-01
SN2,2392,3057,5449,13193,9967,23160,2013-07-01
SN3,2568,3388,5956,18012,14564,32576,2013-07-01
SN4,938,1150,2088,10759,9591,20350,2013-07-01
SN5,1441,1984,3425,12615,10897,23512,2013-07-01
SN6,695,881,1576,8446,7588,16034,2013-07-01
SN7,410,589,999,5158,4710,9868,2013-07-01
SN8,834,945,1779,9267,8722,17989,2013-07-01
SN9,257,316,573,3107,2940,6047,2013-07-01
SN10,1016,1347,2363,11571,10476,22047,2013-07-01
SN11,723,998,1721,8068,7216,15284,2013-07-01
SN12,821,1069,1890,9395,8305,17700,2013-07-01
SN13,521,678,1199,6084,5788,11872,2013-07-01
SN14,990,1196,2186,10412,9528,19940,2013-07-01
SN15,1148,1537,2685,12957,11436,24393,2013-07-01
SN16,350,366,716,5571,5215,10786,2013-07-01
SN25,916,1219,2135,12618,11108,23726,2013-07-01
SN26,57,49,106,716,605,1321,2013-07-01
SO1,21,25,46,69,31,100,2013-07-01
SO2,54,26,80,108,47,155,2013-07-01
SO3,22,16,38,103,64,167,2013-07-01
SO4,10,20,30,72,46,118,2013-07-01
SO5,10,13,23,50,34,84,2013-07-01
SO9,17,12,29,29,8,37,2013-07-01
SO14,2539,2071,4610,6233,3142,9375,2013-07-01
SO15,2386,2516,4902,12262,9544,21806,2013-07-01
SO16,3710,4770,8480,21154,16799,37953,2013-07-01
SO17,1193,1130,2323,4818,3392,8210,2013-07-01
SO18,1810,2169,3979,12330,10029,22359,2013-07-01
SO19,2992,3999,6991,18018,14770,32788,2013-07-01
SO20,255,290,545,3426,3031,6457,2013-07-01
SO21,532,649,1181,7705,7514,15219,2013-07-01
SO22,1414,1480,2894,9563,8413,17976,2013-07-01
SO23,1018,1108,2126,6925,6340,13265,2013-07-01
SO24,349,359,708,4609,4390,8999,2013-07-01
SO30,856,1063,1919,12223,11578,23801,2013-07-01
SO31,1366,1558,2924,17317,16166,33483,2013-07-01
SO32,511,609,1120,8143,7910,16053,2013-07-01
SO40,1282,1698,2980,15935,14260,30195,2013-07-01
SO41,808,967,1775,12223,12196,24419,2013-07-01
SO42,125,171,296,2024,1950,3974,2013-07-01
SO43,112,138,250,1784,1703,3487,2013-07-01
SO45,1184,1576,2760,13407,12213,25620,2013-07-01
SO50,1939,2449,4388,16525,14171,30696,2013-07-01
SO51,780,940,1720,10619,10174,20793,2013-07-01
SO52,178,229,407,2681,2487,5168,2013-07-01
SO53,926,1158,2084,12524,11875,24399,2013-07-01
SP1,947,1040,1987,7349,6707,14056,2013-07-01
SP2,1431,1713,3144,9710,8355,18065,2013-07-01
SP3,332,442,774,4561,4339,8900,2013-07-01
SP4,1420,1772,3192,11627,9587,21214,2013-07-01
SP5,527,631,1158,9045,8739,17784,2013-07-01
SP6,351,397,748,5766,5537,11303,2013-07-01
SP7,405,585,990,5072,4850,9922,2013-07-01
SP8,403,526,929,5459,5072,10531,2013-07-01
SP9,434,827,1261,3070,2129,5199,2013-07-01
SP10,2058,2751,4809,13652,11247,24899,2013-07-01
SP11,722,1009,1731,8841,7979,16820,2013-07-01
SR1,423,339,762,1121,434,1555,2013-07-01
SR2,2138,2324,4462,9787,7156,16943,2013-07-01
SR3,1973,2681,4654,12078,9380,21458,2013-07-01
SR4,2689,3393,6082,11553,7955,19508,2013-07-01
SR5,2332,2841,5173,8907,5864,14771,2013-07-01
SR6,1175,1482,2657,10652,8961,19613,2013-07-01
SR7,1463,2081,3544,9282,7005,16287,2013-07-01
SR8,2048,2909,4957,10647,7861,18508,2013-07-01
SS0,2766,3185,5951,12632,10115,22747,2013-07-01
SS1,1719,1849,3568,8485,7042,15527,2013-07-01
SS2,2324,2872,5196,11081,8780,19861,2013-07-01
SS3,1456,1904,3360,9581,8392,17973,2013-07-01
SS4,838,1030,1868,7358,6621,13979,2013-07-01
SS5,740,803,1543,8507,7699,16206,2013-07-01
SS6,1069,1303,2372,11877,10718,22595,2013-07-01
SS7,1730,2234,3964,19150,16887,36037,2013-07-01
SS8,1805,2608,4413,13940,11097,25037,2013-07-01
SS9,1976,2425,4401,18113,16322,34435,2013-07-01
SS11,564,776,1340,6551,5673,12224,2013-07-01
SS12,564,786,1350,6893,6194,13087,2013-07-01
SS13,1471,2060,3531,7338,5771,13109,2013-07-01
SS14,1766,2391,4157,7438,5480,12918,2013-07-01
SS15,1858,2542,4400,9419,7859,17278,2013-07-01
SS16,1670,2390,4060,10225,8088,18313,2013-07-01
SS17,1279,1730,3009,12238,10569,22807,2013-07-01
SS99,0,1,1,0,0,0,2013-07-01
ST1,2025,2298,4323,8929,5844,14773,2013-07-01
ST2,1827,2466,4293,10180,7604,17784,2013-07-01
ST3,3292,4290,7582,21780,16720,38500,2013-07-01
ST4,3130,3708,6838,17390,13267,30657,2013-07-01
ST5,3557,4355,7912,26256,21621,47877,2013-07-01
ST6,3663,4703,8366,19276,13900,33176,2013-07-01
ST7,1834,2427,4261,19901,17213,37114,2013-07-01
ST8,608,809,1417,7518,6560,14078,2013-07-01
ST9,261,312,573,4898,4439,9337,2013-07-01
ST10,699,901,1600,9738,8446,18184,2013-07-01
ST11,277,337,614,3925,3451,7376,2013-07-01
ST12,108,125,233,1326,1264,2590,2013-07-01
ST13,851,1144,1995,10041,8716,18757,2013-07-01
ST14,730,960,1690,7210,6214,13424,2013-07-01
ST15,586,777,1363,7911,7152,15063,2013-07-01
ST16,1427,1742,3169,9585,7796,17381,2013-07-01
ST17,1633,2053,3686,13659,11929,25588,2013-07-01
ST18,381,410,791,6700,6122,12822,2013-07-01
ST19,444,549,993,5850,5380,11230,2013-07-01
ST20,150,221,371,2803,2494,5297,2013-07-01
ST21,109,167,276,2415,2198,4613,2013-07-01
SW1,57,56,113,410,204,614,2013-07-01
SW1,122,80,202,430,217,647,2013-07-01
SW1,45,40,85,333,172,505,2013-07-01
SW1,981,1231,2212,3784,2509,6293,2013-07-01
SW1,1870,2101,3971,6865,5015,11880,2013-07-01
SW1,726,812,1538,2721,2194,4915,2013-07-01
SW1,658,819,1477,2897,2260,5157,2013-07-01
SW1,67,57,124,385,184,569,2013-07-01
SW2,6700,7072,13772,14601,10385,24986,2013-07-01
SW3,1819,2351,4170,8625,7410,16035,2013-07-01
SW4,4218,4361,8579,12384,8950,21334,2013-07-01
SW5,2068,1805,3873,5911,3744,9655,2013-07-01
SW6,5100,5855,10955,20668,16985,37653,2013-07-01
SW7,2546,2209,4755,8807,6127,14934,2013-07-01
SW8,4789,5017,9806,10092,6182,16274,2013-07-01
SW9,6946,7069,14015,10937,6461,17398,2013-07-01
SW10,1805,2049,3854,6468,5200,11668,2013-07-01
SW11,5834,6687,12521,21866,17567,39433,2013-07-01
SW12,2315,2445,4760,10466,8847,19313,2013-07-01
SW13,853,1069,1922,6050,5848,11898,2013-07-01
SW14,890,969,1859,6335,5967,12302,2013-07-01
SW15,4395,5201,9596,20818,17370,38188,2013-07-01
SW16,9359,9080,18439,25185,19061,44246,2013-07-01
SW17,7941,6980,14921,20010,14752,34762,2013-07-01
SW18,3975,4619,8594,20850,18071,38921,2013-07-01
SW19,5734,6381,12115,30161,25205,55366,2013-07-01
SW20,1706,1922,3628,11702,10416,22118,2013-07-01
SY1,1303,1633,2936,8241,6605,14846,2013-07-01
SY2,752,929,1681,5942,5070,11012,2013-07-01
SY3,1227,1495,2722,11694,10886,22580,2013-07-01
SY4,654,880,1534,9222,8616,17838,2013-07-01
SY5,603,670,1273,8062,7348,15410,2013-07-01
SY6,147,192,339,2790,2587,5377,2013-07-01
SY7,303,381,684,4375,3995,8370,2013-07-01
SY8,518,672,1190,7170,6423,13593,2013-07-01
SY9,79,87,166,1076,948,2024,2013-07-01
SY10,412,490,902,6184,5548,11732,2013-07-01
SY11,1015,1291,2306,8817,7758,16575,2013-07-01
SY12,243,332,575,2937,2622,5559,2013-07-01
SY13,570,672,1242,7321,6477,13798,2013-07-01
SY14,120,176,296,2457,2344,4801,2013-07-01
SY15,118,149,267,2155,2051,4206,2013-07-01
SY16,607,791,1398,5502,4702,10204,2013-07-01
SY17,71,106,177,1503,1308,2811,2013-07-01
SY18,121,150,271,1772,1516,3288,2013-07-01
SY19,11,34,45,431,372,803,2013-07-01
SY20,223,273,496,2521,2148,4669,2013-07-01
SY21,510,707,1217,6301,5526,11827,2013-07-01
SY22,203,261,464,3457,3213,6670,2013-07-01
SY23,1135,1304,2439,8556,7317,15873,2013-07-01
SY24,133,186,319,1715,1540,3255,2013-07-01
SY25,115,193,308,1736,1542,3278,2013-07-01
TA1,1631,2056,3687,13280,11844,25124,2013-07-01
TA2,1090,1274,2364,9161,8239,17400,2013-07-01
TA3,328,356,684,5961,5685,11646,2013-07-01
TA4,524,622,1146,7433,7182,14615,2013-07-01
TA5,254,302,556,4084,3836,7920,2013-07-01
TA6,2066,2509,4575,15200,12490,27690,2013-07-01
TA7,396,456,852,6291,5955,12246,2013-07-01
TA8,526,644,1170,6406,5579,11985,2013-07-01
TA9,459,523,982,4699,4123,8822,2013-07-01
TA10,242,256,498,3790,3666,7456,2013-07-01
TA11,216,293,509,3682,3535,7217,2013-07-01
TA12,186,240,426,2440,2269,4709,2013-07-01
TA13,106,123,229,1526,1470,2996,2013-07-01
TA14,86,113,199,1242,1095,2337,2013-07-01
TA15,15,30,45,275,242,517,2013-07-01
TA16,44,61,105,751,648,1399,2013-07-01
TA17,6,10,16,216,238,454,2013-07-01
TA18,289,389,678,3943,3516,7459,2013-07-01
TA19,270,386,656,4499,4304,8803,2013-07-01
TA20,668,791,1459,7430,6647,14077,2013-07-01
TA21,667,745,1412,6857,6204,13061,2013-07-01
TA22,55,89,144,1053,1050,2103,2013-07-01
TA23,231,295,526,2052,1846,3898,2013-07-01
TA24,629,796,1425,6685,6053,12738,2013-07-01
TD1,726,1039,1765,5882,4987,10869,2013-07-01
TD2,76,86,162,1035,983,2018,2013-07-01
TD3,32,30,62,402,355,757,2013-07-01
TD4,70,85,155,903,773,1676,2013-07-01
TD5,332,415,747,4266,4041,8307,2013-07-01
TD6,213,284,497,2932,2846,5778,2013-07-01
TD7,286,369,655,2754,2457,5211,2013-07-01
TD8,198,280,478,2288,2058,4346,2013-07-01
TD9,781,1065,1846,6445,5276,11721,2013-07-01
TD10,36,51,87,434,394,828,2013-07-01
TD11,207,306,513,2914,2542,5456,2013-07-01
TD12,122,165,287,1663,1489,3152,2013-07-01
TD13,44,35,79,384,341,725,2013-07-01
TD14,241,355,596,2353,1981,4334,2013-07-01
TD15,728,985,1713,6380,5244,11624,2013-07-01
TF1,1770,2240,4010,12153,10007,22160,2013-07-01
TF2,1713,2119,3832,12957,10970,23927,2013-07-01
TF3,1554,2107,3661,7277,5678,12955,2013-07-01
TF4,756,1054,1810,5920,5093,11013,2013-07-01
TF5,163,187,350,1997,1908,3905,2013-07-01
TF6,140,158,298,2194,1949,4143,2013-07-01
TF7,1123,1530,2653,5044,3852,8896,2013-07-01
TF8,78,112,190,1218,1100,2318,2013-07-01
TF9,778,970,1748,9540,8299,17839,2013-07-01
TF10,508,588,1096,6731,5955,12686,2013-07-01
TF11,304,312,616,3773,3332,7105,2013-07-01
TF12,196,241,437,1971,1715,3686,2013-07-01
TF13,90,127,217,1415,1382,2797,2013-07-01
TN1,640,743,1383,3668,3052,6720,2013-07-01
TN2,1034,1360,2394,10041,8993,19034,2013-07-01
TN3,299,338,637,4730,4637,9367,2013-07-01
TN4,1279,1610,2889,10455,9658,20113,2013-07-01
TN5,256,330,586,3417,3473,6890,2013-07-01
TN6,777,930,1707,9813,9234,19047,2013-07-01
TN7,57,85,142,1011,971,1982,2013-07-01
TN8,413,545,958,4988,4710,9698,2013-07-01
TN9,842,978,1820,5842,5098,10940,2013-07-01
TN10,652,806,1458,5938,5447,11385,2013-07-01
TN11,404,511,915,5449,5183,10632,2013-07-01
TN12,881,1189,2070,11368,10332,21700,2013-07-01
TN13,835,980,1815,9193,8944,18137,2013-07-01
TN14,452,491,943,5994,5672,11666,2013-07-01
TN15,646,838,1484,10028,9502,19530,2013-07-01
TN16,612,712,1324,7843,7250,15093,2013-07-01
TN17,522,634,1156,5324,5031,10355,2013-07-01
TN18,178,214,392,2475,2345,4820,2013-07-01
TN19,137,183,320,2095,1907,4002,2013-07-01
TN20,111,145,256,1535,1503,3038,2013-07-01
TN21,413,501,914,6501,6248,12749,2013-07-01
TN22,857,1039,1896,10518,9925,20443,2013-07-01
TN23,1889,2508,4397,12974,10920,23894,2013-07-01
TN24,1416,1833,3249,10673,9226,19899,2013-07-01
TN25,424,498,922,6364,6038,12402,2013-07-01
TN26,275,351,626,4689,4363,9052,2013-07-01
TN27,320,404,724,5249,4882,10131,2013-07-01
TN28,246,373,619,3288,2848,6136,2013-07-01
TN29,486,627,1113,5187,4248,9435,2013-07-01
TN30,253,323,576,3734,3596,7330,2013-07-01
TN31,502,642,1144,5410,4821,10231,2013-07-01
TN32,180,187,367,2109,1928,4037,2013-07-01
TN33,443,490,933,4770,4640,9410,2013-07-01
TN34,1737,2233,3970,9503,7647,17150,2013-07-01
TN35,858,1179,2037,6047,5328,11375,2013-07-01
TN36,64,94,158,891,862,1753,2013-07-01
TN37,1188,1401,2589,6376,5129,11505,2013-07-01
TN38,1613,1967,3580,8946,7389,16335,2013-07-01
TN39,904,1105,2009,9248,8715,17963,2013-07-01
TN40,661,872,1533,5633,5026,10659,2013-07-01
TQ1,1655,1967,3622,11013,9196,20209,2013-07-01
TQ2,1760,2148,3908,11696,10138,21834,2013-07-01
TQ3,1337,1581,2918,10841,9381,20222,2013-07-01
TQ4,707,868,1575,6815,6016,12831,2013-07-01
TQ5,744,976,1720,7128,6141,13269,2013-07-01
TQ6,314,414,728,3137,2720,5857,2013-07-01
TQ7,481,633,1114,6467,6150,12617,2013-07-01
TQ8,77,70,147,792,717,1509,2013-07-01
TQ9,668,794,1462,6735,6674,13409,2013-07-01
TQ10,123,170,293,1486,1428,2914,2013-07-01
TQ11,162,221,383,1572,1452,3024,2013-07-01
TQ12,1780,2207,3987,19611,18124,37735,2013-07-01
TQ13,647,769,1416,9093,8829,17922,2013-07-01
TQ14,718,866,1584,7187,6645,13832,2013-07-01
TR1,984,1218,2202,6900,6413,13313,2013-07-01
TR2,233,370,603,3765,3579,7344,2013-07-01
TR3,347,390,737,4868,4662,9530,2013-07-01
TR4,340,415,755,4428,4119,8547,2013-07-01
TR5,121,139,260,1443,1470,2913,2013-07-01
TR6,149,159,308,1433,1268,2701,2013-07-01
TR7,1085,1252,2337,7352,6222,13574,2013-07-01
TR8,284,328,612,3437,3066,6503,2013-07-01
TR9,260,396,656,2994,2604,5598,2013-07-01
TR10,416,479,895,3321,2896,6217,2013-07-01
TR11,1192,1417,2609,9639,8781,18420,2013-07-01
TR12,265,299,564,3673,3230,6903,2013-07-01
TR13,669,855,1524,7307,6730,14037,2013-07-01
TR14,1163,1283,2446,8515,7235,15750,2013-07-01
TR15,830,1047,1877,6643,5703,12346,2013-07-01
TR16,496,597,1093,5914,5438,11352,2013-07-01
TR17,50,77,127,560,488,1048,2013-07-01
TR18,1054,1278,2332,6324,5388,11712,2013-07-01
TR19,355,451,806,3358,3027,6385,2013-07-01
TR20,329,346,675,3752,3454,7206,2013-07-01
TR21,74,90,164,578,468,1046,2013-07-01
TR22,5,7,12,25,20,45,2013-07-01
TR23,3,4,7,33,30,63,2013-07-01
TR24,4,6,10,51,33,84,2013-07-01
TR25,3,2,5,44,31,75,2013-07-01
TR26,537,647,1184,4083,3644,7727,2013-07-01
TR27,561,746,1307,5319,4791,10110,2013-07-01
TS1,1813,1468,3281,3072,1393,4465,2013-07-01
TS2,114,126,240,194,114,308,2013-07-01
TS3,2274,2906,5180,6606,4082,10688,2013-07-01
TS4,1282,1515,2797,4097,2724,6821,2013-07-01
TS5,1946,2501,4447,13136,10880,24016,2013-07-01
TS6,1799,2406,4205,9226,6906,16132,2013-07-01
TS7,708,990,1698,8609,7525,16134,2013-07-01
TS8,953,1293,2246,6960,6037,12997,2013-07-01
TS9,270,359,629,5336,4946,10282,2013-07-01
TS10,1820,2406,4226,11965,9710,21675,2013-07-01
TS11,367,569,936,4594,3850,8444,2013-07-01
TS12,911,1244,2155,7684,6308,13992,2013-07-01
TS13,549,687,1236,3294,2423,5717,2013-07-01
TS14,587,801,1388,6595,5732,12327,2013-07-01
TS15,322,397,719,5601,5072,10673,2013-07-01
TS16,306,400,706,3996,3688,7684,2013-07-01
TS17,1820,2367,4187,14306,12191,26497,2013-07-01
TS18,1308,1526,2834,7386,5814,13200,2013-07-01
TS19,1909,2666,4575,11138,8865,20003,2013-07-01
TS20,972,1246,2218,6720,5390,12110,2013-07-01
TS21,323,447,770,4756,4142,8898,2013-07-01
TS22,206,222,428,3568,3242,6810,2013-07-01
TS23,1426,2028,3454,9454,7744,17198,2013-07-01
TS24,1393,1718,3111,5597,3913,9510,2013-07-01
TS25,1845,2495,4340,11807,9261,21068,2013-07-01
TS26,1104,1251,2355,8177,7043,15220,2013-07-01
TS27,417,559,976,4419,3775,8194,2013-07-01
TS28,222,300,522,1698,1386,3084,2013-07-01
TS29,279,381,660,2059,1592,3651,2013-07-01
TS90,0,0,0,1,0,1,2013-07-01
TW1,1234,1430,2664,10016,9010,19026,2013-07-01
TW2,1511,1696,3207,11046,9967,21013,2013-07-01
TW3,6866,4810,11676,13582,8315,21897,2013-07-01
TW4,4571,3734,8305,9735,5777,15512,2013-07-01
TW5,4194,3445,7639,11027,7313,18340,2013-07-01
TW6,9,1,10,41,11,52,2013-07-01
TW7,2945,3391,6336,13401,10419,23820,2013-07-01
TW8,1647,1950,3597,6448,4807,11255,2013-07-01
TW9,1290,1480,2770,8521,7665,16186,2013-07-01
TW10,1229,1412,2641,7707,6891,14598,2013-07-01
TW11,1032,1256,2288,8618,8171,16789,2013-07-01
TW12,1177,1321,2498,8574,8094,16668,2013-07-01
TW13,2807,3271,6078,11696,8564,20260,2013-07-01
TW14,2416,2778,5194,9587,6784,16371,2013-07-01
TW15,1009,1215,2224,11000,9596,20596,2013-07-01
TW16,789,973,1762,7962,7010,14972,2013-07-01
TW17,437,485,922,5855,5461,11316,2013-07-01
TW18,1060,1131,2191,10023,8897,18920,2013-07-01
TW19,759,977,1736,6372,5287,11659,2013-07-01
TW20,1221,1313,2534,8236,7149,15385,2013-07-01
UB1,9314,6159,15473,13825,7825,21650,2013-07-01
UB2,6663,4460,11123,10939,6563,17502,2013-07-01
UB3,5844,5646,11490,16588,10482,27070,2013-07-01
UB4,4239,3892,8131,13571,9875,23446,2013-07-01
UB5,4311,5067,9378,14705,10551,25256,2013-07-01
UB6,5614,5287,10901,19519,13047,32566,2013-07-01
UB7,2252,2581,4833,9773,7174,16947,2013-07-01
UB8,2241,2460,4701,10810,8385,19195,2013-07-01
UB9,617,674,1291,5627,5084,10711,2013-07-01
UB10,1653,1944,3597,12503,10932,23435,2013-07-01
UB11,2,0,2,13,4,17,2013-07-01
W1,34,15,49,51,13,64,2013-07-01
W1,63,63,126,329,189,518,2013-07-01
W1,9,2,11,14,2,16,2013-07-01
W1,212,122,334,429,185,614,2013-07-01
W1,125,90,215,462,209,671,2013-07-01
W1,203,224,427,1141,807,1948,2013-07-01
W1,768,683,1451,2327,1555,3882,2013-07-01
W1,192,145,337,864,473,1337,2013-07-01
W1,354,342,696,1201,744,1945,2013-07-01
W1,82,62,144,108,78,186,2013-07-01
W1,60,64,124,137,69,206,2013-07-01
W1,66,70,136,110,48,158,2013-07-01
W1,49,13,62,77,13,90,2013-07-01
W1,41,22,63,161,62,223,2013-07-01
W1,397,275,672,1061,546,1607,2013-07-01
W1,463,481,944,1810,1173,2983,2013-07-01
W1,94,55,149,123,53,176,2013-07-01
W1,326,353,679,1012,594,1606,2013-07-01
W1,58,23,81,161,61,222,2013-07-01
W1,53,51,104,119,52,171,2013-07-01
W2,6649,5889,12538,16384,10380,26764,2013-07-01
W3,5862,5783,11645,18951,13070,32021,2013-07-01
W4,3030,3484,6514,16756,14538,31294,2013-07-01
W5,3821,4097,7918,19801,15942,35743,2013-07-01
W6,3424,3467,6891,10595,8149,18744,2013-07-01
W7,2686,3042,5728,9665,7636,17301,2013-07-01
W8,1880,2286,4166,8385,7054,15439,2013-07-01
W9,4113,4496,8609,12233,8892,21125,2013-07-01
W10,4219,4627,8846,8640,6262,14902,2013-07-01
W11,3587,4020,7607,10307,8105,18412,2013-07-01
W12,6175,6235,12410,13531,9220,22751,2013-07-01
W13,2858,2964,5822,12105,9626,21731,2013-07-01
W14,4065,4353,8418,12386,9501,21887,2013-07-01
WA1,896,1025,1921,7715,6422,14137,2013-07-01
WA2,2237,2779,5016,12534,10068,22602,2013-07-01
WA3,1606,2251,3857,17183,15076,32259,2013-07-01
WA4,1609,1937,3546,17814,16006,33820,2013-07-01
WA5,2313,3033,5346,21003,18305,39308,2013-07-01
WA6,546,615,1161,7579,6994,14573,2013-07-01
WA7,3559,4978,8537,20000,15746,35746,2013-07-01
WA8,2994,4017,7011,20450,16491,36941,2013-07-01
WA9,2739,3625,6364,14621,10949,25570,2013-07-01
WA10,1834,2352,4186,12446,9947,22393,2013-07-01
WA11,1640,2218,3858,14584,12059,26643,2013-07-01
WA12,1009,1385,2394,7234,5856,13090,2013-07-01
WA13,320,376,696,5085,4861,9946,2013-07-01
WA14,1196,1285,2481,10726,9760,20486,2013-07-01
WA15,1578,1733,3311,16609,15177,31786,2013-07-01
WA16,731,717,1448,9522,8982,18504,2013-07-01
WC1,77,57,134,243,116,359,2013-07-01
WC1,181,217,398,415,244,659,2013-07-01
WC1,210,212,422,479,318,797,2013-07-01
WC1,878,763,1641,1736,926,2662,2013-07-01
WC1,704,671,1375,1847,1116,2963,2013-07-01
WC1,36,29,65,182,105,287,2013-07-01
WC1,39,29,68,84,45,129,2013-07-01
WC1,925,820,1745,1790,1107,2897,2013-07-01
WC2,11,8,19,82,55,137,2013-07-01
WC2,190,150,340,504,236,740,2013-07-01
WC2,61,41,102,220,107,327,2013-07-01
WC2,381,257,638,828,376,1204,2013-07-01
WC2,75,46,121,228,113,341,2013-07-01
WC2,28,16,44,99,45,144,2013-07-01
WD1,36,35,71,117,69,186,2013-07-01
WD2,86,64,150,193,103,296,2013-07-01
WD3,1376,1698,3074,15915,15090,31005,2013-07-01
WD4,327,356,683,4383,4179,8562,2013-07-01
WD5,409,463,872,4251,4020,8271,2013-07-01
WD6,2119,2590,4709,13403,11380,24783,2013-07-01
WD7,421,517,938,5133,4936,10069,2013-07-01
WD17,846,870,1716,6041,5043,11084,2013-07-01
WD18,2178,2314,4492,8018,5716,13734,2013-07-01
WD19,1308,1755,3063,9646,8808,18454,2013-07-01
WD23,982,1212,2194,9604,9204,18808,2013-07-01
WD24,1491,1612,3103,7891,6258,14149,2013-07-01
WD25,1310,1623,2933,9996,8663,18659,2013-07-01
WF1,2198,2655,4853,10537,7352,17889,2013-07-01
WF2,2511,3516,6027,16060,12870,28930,2013-07-01
WF3,1229,1806,3035,11641,10056,21697,2013-07-01
WF4,1705,2383,4088,15407,12846,28253,2013-07-01
WF5,827,1152,1979,7414,6307,13721,2013-07-01
WF6,1073,1474,2547,6948,5396,12344,2013-07-01
WF7,938,1401,2339,6727,5402,12129,2013-07-01
WF8,1496,1987,3483,10697,8552,19249,2013-07-01
WF9,2311,3055,5366,11967,8755,20722,2013-07-01
WF10,2433,3449,5882,14063,10251,24314,2013-07-01
WF11,909,1249,2158,5390,4094,9484,2013-07-01
WF12,1901,2589,4490,10523,7628,18151,2013-07-01
WF13,1822,2347,4169,7153,4436,11589,2013-07-01
WF14,699,969,1668,6990,6105,13095,2013-07-01
WF15,764,1043,1807,5900,4975,10875,2013-07-01
WF16,638,859,1497,3699,2582,6281,2013-07-01
WF17,2338,3269,5607,12864,8898,21762,2013-07-01
WN1,921,1043,1964,6460,5038,11498,2013-07-01
WN2,2182,3058,5240,17172,13451,30623,2013-07-01
WN3,1183,1752,2935,10417,8318,18735,2013-07-01
WN4,1100,1483,2583,10314,8571,18885,2013-07-01
WN5,1965,2445,4410,14221,11128,25349,2013-07-01
WN6,1443,1814,3257,14398,12404,26802,2013-07-01
WN7,2330,3037,5367,15141,11808,26949,2013-07-01
WN8,2746,3906,6652,14706,11531,26237,2013-07-01
WR1,567,522,1089,2809,2199,5008,2013-07-01
WR2,1072,1283,2355,10211,8856,19067,2013-07-01
WR3,696,931,1627,7604,6780,14384,2013-07-01
WR4,1342,1805,3147,8288,6921,15209,2013-07-01
WR5,1207,1618,2825,11099,9598,20697,2013-07-01
WR6,305,341,646,5317,5012,10329,2013-07-01
WR7,104,127,231,2317,2175,4492,2013-07-01
WR8,242,238,480,3309,3160,6469,2013-07-01
WR9,1152,1456,2608,11596,10514,22110,2013-07-01
WR10,458,664,1122,7099,6531,13630,2013-07-01
WR11,1509,1951,3460,15489,13501,28990,2013-07-01
WR12,155,180,335,2289,2199,4488,2013-07-01
WR13,246,241,487,3388,3354,6742,2013-07-01
WR14,1504,1861,3365,12219,11138,23357,2013-07-01
WR15,233,245,478,2865,2527,5392,2013-07-01
WS1,2023,2470,4493,6977,4224,11201,2013-07-01
WS2,2622,3613,6235,9720,6180,15900,2013-07-01
WS3,2854,3724,6578,14569,10689,25258,2013-07-01
WS4,763,959,1722,5659,4589,10248,2013-07-01
WS5,885,1315,2200,7320,6150,13470,2013-07-01
WS6,568,801,1369,6812,5742,12554,2013-07-01
WS7,912,1295,2207,11165,9538,20703,2013-07-01
WS8,695,902,1597,5164,4038,9202,2013-07-01
WS9,867,1121,1988,9638,8305,17943,2013-07-01
WS10,2854,3854,6708,12895,8883,21778,2013-07-01
WS11,1676,2254,3930,14347,11948,26295,2013-07-01
WS12,1088,1513,2601,12499,10528,23027,2013-07-01
WS13,1014,1270,2284,9112,7974,17086,2013-07-01
WS14,443,541,984,6762,6342,13104,2013-07-01
WS15,1418,1924,3342,13203,11289,24492,2013-07-01
WV1,1502,1496,2998,3913,2318,6231,2013-07-01
WV2,1648,1635,3283,3712,2328,6040,2013-07-01
WV3,1620,1915,3535,9600,7912,17512,2013-07-01
WV4,1567,2137,3704,11633,9363,20996,2013-07-01
WV5,388,571,959,5955,5263,11218,2013-07-01
WV6,2253,2781,5034,15250,12960,28210,2013-07-01
WV7,248,262,510,2254,1939,4193,2013-07-01
WV8,625,928,1553,5462,4790,10252,2013-07-01
WV9,254,399,653,2609,2292,4901,2013-07-01
WV10,3787,5180,8967,15581,11384,26965,2013-07-01
WV11,1746,2290,4036,11196,8442,19638,2013-07-01
WV12,1115,1497,2612,8617,6879,15496,2013-07-01
WV13,1210,1612,2822,6145,4566,10711,2013-07-01
WV14,2630,3563,6193,13512,9951,23463,2013-07-01
WV15,257,314,571,3300,2907,6207,2013-07-01
WV16,486,622,1108,6706,5920,12626,2013-07-01
YO1,257,270,527,1216,892,2108,2013-07-01
YO2,16,22,38,57,33,90,2013-07-01
YO3,29,28,57,69,41,110,2013-07-01
YO4,7,12,19,119,90,209,2013-07-01
YO5,4,9,13,36,29,65,2013-07-01
YO6,14,29,43,116,79,195,2013-07-01
YO7,538,756,1294,7762,6793,14555,2013-07-01
YO8,1565,2352,3917,15991,13585,29576,2013-07-01
YO10,1212,1551,2763,6685,5525,12210,2013-07-01
YO11,1149,1436,2585,6875,5182,12057,2013-07-01
YO12,1951,2627,4578,13060,10608,23668,2013-07-01
YO13,204,315,519,4050,3784,7834,2013-07-01
YO14,412,565,977,4097,3507,7604,2013-07-01
YO15,666,800,1466,4792,3674,8466,2013-07-01
YO16,967,1460,2427,8403,6581,14984,2013-07-01
YO17,694,866,1560,7952,6791,14743,2013-07-01
YO18,296,390,686,4202,3770,7972,2013-07-01
YO19,321,420,741,4839,4559,9398,2013-07-01
YO21,533,629,1162,5423,4631,10054,2013-07-01
YO22,326,468,794,3092,2627,5719,2013-07-01
YO23,679,936,1615,6808,6330,13138,2013-07-01
YO24,1446,2062,3508,9853,8328,18181,2013-07-01
YO25,953,1275,2228,12913,11437,24350,2013-07-01
YO26,1251,1718,2969,10410,9087,19497,2013-07-01
YO30,1274,1592,2866,8510,7488,15998,2013-07-01
YO31,1299,1717,3016,8209,6968,15177,2013-07-01
YO32,915,1352,2267,10666,9920,20586,2013-07-01
YO41,233,343,576,4216,3965,8181,2013-07-01
YO42,391,568,959,5575,5003,10578,2013-07-01
YO43,287,441,728,4797,4318,9115,2013-07-01
YO51,139,199,338,2121,1990,4111,2013-07-01
YO60,126,128,254,1902,1824,3726,2013-07-01
YO61,367,421,788,5367,5133,10500,2013-07-01
YO62,365,379,744,4569,4196,8765,2013-07-01
ZE1,438,553,991,2723,2180,4903,2013-07-01
ZE2,572,861,1433,5321,4512,9833,2013-07-01
ZE3,15,25,40,181,129,310,2013-07-01
AA78,0,0,0,0,1,1,2021-07-01
AB1,68,74,142,168,116,284,2021-07-01
AB2,22,31,53,93,52,145,2021-07-01
AB3,6,9,15,31,31,62,2021-07-01
AB4,3,3,6,21,21,42,2021-07-01
AB5,1,2,3,11,13,24,2021-07-01
AB9,27,17,44,63,11,74,2021-07-01
AB10,1642,1676,3318,7332,5995,13327,2021-07-01
AB11,2074,2125,4199,6269,4330,10599,2021-07-01
AB12,1277,1590,2867,10390,9353,19743,2021-07-01
AB13,114,123,237,1435,1424,2859,2021-07-01
AB14,220,268,488,1920,1793,3713,2021-07-01
AB15,1554,2040,3594,15670,14801,30471,2021-07-01
AB16,2351,2939,5290,7984,6206,14190,2021-07-01
AB18,0,0,0,0,1,1,2021-07-01
AB21,986,1159,2145,9284,8343,17627,2021-07-01
AB22,596,769,1365,6124,5672,11796,2021-07-01
AB23,445,487,932,4736,4359,9095,2021-07-01
AB24,3273,3352,6625,9086,5784,14870,2021-07-01
AB25,1629,1513,3142,5004,3668,8672,2021-07-01
AB28,0,0,0,1,0,1,2021-07-01
AB29,0,1,1,0,0,0,2021-07-01
AB30,232,269,501,3019,2799,5818,2021-07-01
AB31,484,558,1042,6404,6129,12533,2021-07-01
AB32,458,567,1025,5568,5370,10938,2021-07-01
AB33,140,177,317,2335,2113,4448,2021-07-01
AB34,187,219,406,2180,2122,4302,2021-07-01
AB35,95,115,210,983,894,1877,2021-07-01
AB36,22,21,43,226,204,430,2021-07-01
AB37,35,46,81,532,463,995,2021-07-01
AB38,125,180,305,1710,1536,3246,2021-07-01
AB39,728,769,1497,6708,6470,13178,2021-07-01
AB41,611,869,1480,8397,7955,16352,2021-07-01
AB42,1588,1815,3403,12285,10937,23222,2021-07-01
AB43,1114,1312,2426,8048,7228,15276,2021-07-01
AB44,189,248,437,1332,1181,2513,2021-07-01
AB45,455,527,982,4012,3676,7688,2021-07-01
AB51,1118,1328,2446,14008,13287,27295,2021-07-01
AB52,138,191,329,2033,1902,3935,2021-07-01
AB53,342,441,783,4769,4185,8954,2021-07-01
AB54,402,519,921,4156,3749,7905,2021-07-01
AB55,318,448,766,3351,2950,6301,2021-07-01
AB56,698,750,1448,5109,4707,9816,2021-07-01
AL1,2267,2455,4722,14034,12661,26695,2021-07-01
AL2,1067,1206,2273,9464,8993,18457,2021-07-01
AL3,1374,1477,2851,10981,10563,21544,2021-07-01
AL4,1129,1308,2437,10574,10410,20984,2021-07-01
AL5,1314,1427,2741,12178,11863,24041,2021-07-01
AL6,399,429,828,5104,5009,10113,2021-07-01
AL7,2245,2613,4858,12251,11125,23376,2021-07-01
AL8,645,772,1417,4918,4729,9647,2021-07-01
AL9,493,562,1055,4821,4475,9296,2021-07-01
AL10,4297,3501,7798,11520,8059,19579,2021-07-01
B0,2,0,2,0,0,0,2021-07-01
B1,1143,992,2135,2375,1328,3703,2021-07-01
B2,89,68,157,106,57,163,2021-07-01
B3,240,222,462,735,471,1206,2021-07-01
B4,347,186,533,328,139,467,2021-07-01
B5,1478,1605,3083,3117,1846,4963,2021-07-01
B5,0,0,0,1,1,2,2021-07-01
B6,2975,3251,6226,4734,2437,7171,2021-07-01
B7,1169,1566,2735,1864,1089,2953,2021-07-01
B8,5491,6207,11698,10493,5790,16283,2021-07-01
B9,3097,3865,6962,6053,3456,9509,2021-07-01
B10,3625,3966,7591,6435,3309,9744,2021-07-01
B11,6106,6651,12757,11522,6320,17842,2021-07-01
B12,3029,3071,6100,4701,2450,7151,2021-07-01
B13,3153,3799,6952,12187,9516,21703,2021-07-01
B14,3388,4213,7601,12794,10725,23519,2021-07-01
B15,1779,1840,3619,5053,3886,8939,2021-07-01
B16,3256,3304,6560,6430,4003,10433,2021-07-01
B17,2017,2286,4303,8344,7051,15395,2021-07-01
B18,2360,2805,5165,3762,2341,6103,2021-07-01
B19,3433,3812,7245,4666,2467,7133,2021-07-01
B20,4273,4744,9017,10313,7157,17470,2021-07-01
B21,5438,5407,10845,7338,4158,11496,2021-07-01
B23,4451,5421,9872,12805,9643,22448,2021-07-01
B24,2514,2935,5449,8883,6861,15744,2021-07-01
B25,1677,2124,3801,4761,3227,7988,2021-07-01
B26,2255,2814,5069,11162,8837,19999,2021-07-01
B27,2413,2808,5221,7599,5474,13073,2021-07-01
B28,2015,2544,4559,10819,8903,19722,2021-07-01
B29,3538,4038,7576,9411,7519,16930,2021-07-01
B30,2055,2470,4525,8901,8047,16948,2021-07-01
B31,4471,5771,10242,16963,14327,31290,2021-07-01
B32,3179,4479,7658,11081,9002,20083,2021-07-01
B33,3261,4323,7584,9944,7312,17256,2021-07-01
B34,1501,1998,3499,5856,4682,10538,2021-07-01
B35,911,1227,2138,2349,2051,4400,2021-07-01
B36,2645,3463,6108,11371,9203,20574,2021-07-01
B37,3039,3928,6967,10369,8516,18885,2021-07-01
B38,1721,2142,3863,5916,5126,11042,2021-07-01
B41,1,0,1,1,0,1,2021-07-01
B42,1852,2139,3991,7795,6550,14345,2021-07-01
B43,1575,2000,3575,10361,9040,19401,2021-07-01
B44,3031,4039,7070,10708,8519,19227,2021-07-01
B45,2067,2625,4692,10457,9187,19644,2021-07-01
B46,468,492,960,5008,4651,9659,2021-07-01
B47,278,320,598,3899,3909,7808,2021-07-01
B48,215,191,406,2299,2211,4510,2021-07-01
B49,357,452,809,4132,3950,8082,2021-07-01
B50,214,247,461,2605,2487,5092,2021-07-01
B60,1041,1183,2224,10322,9755,20077,2021-07-01
B61,1133,1327,2460,9268,8712,17980,2021-07-01
B62,1114,1349,2463,8948,8126,17074,2021-07-01
B63,1898,2393,4291,12421,10842,23263,2021-07-01
B64,1120,1486,2606,5450,4349,9799,2021-07-01
B65,1658,2221,3879,7532,5975,13507,2021-07-01
B66,3481,3763,7244,5938,3542,9480,2021-07-01
B67,3517,3993,7510,8806,6095,14901,2021-07-01
B68,2574,3221,5795,10084,7879,17963,2021-07-01
B69,2361,3060,5421,8954,6862,15816,2021-07-01
B70,3415,4035,7450,8561,5281,13842,2021-07-01
B71,2655,3328,5983,9408,7041,16449,2021-07-01
B72,453,449,902,3757,3358,7115,2021-07-01
B73,1025,1146,2171,8667,7987,16654,2021-07-01
B74,1014,1190,2204,12737,11958,24695,2021-07-01
B75,1249,1525,2774,9742,9230,18972,2021-07-01
B76,1038,958,1996,9042,7828,16870,2021-07-01
B77,3007,4122,7129,19782,16914,36696,2021-07-01
B78,1072,1259,2331,9234,8213,17447,2021-07-01
B79,1126,1400,2526,8574,7386,15960,2021-07-01
B80,277,304,581,2743,2553,5296,2021-07-01
B85,0,0,0,1,0,1,2021-07-01
B90,1966,2265,4231,18115,17033,35148,2021-07-01
B91,1431,1527,2958,13318,12597,25915,2021-07-01
B92,1829,2144,3973,13632,12019,25651,2021-07-01
B93,587,646,1233,7800,7770,15570,2021-07-01
B94,174,207,381,3305,3152,6457,2021-07-01
B95,203,207,410,2561,2473,5034,2021-07-01
B96,117,161,278,2207,2138,4345,2021-07-01
B97,1470,1747,3217,12313,10975,23288,2021-07-01
B98,3153,3962,7115,17048,14101,31149,2021-07-01
BA0,0,0,0,1,1,2,2021-07-01
BA1,2692,2996,5688,13924,12673,26597,2021-07-01
BA2,4387,4847,9234,23687,21704,45391,2021-07-01
BA3,1551,1531,3082,13856,12943,26799,2021-07-01
BA4,690,823,1513,7193,6553,13746,2021-07-01
BA5,785,839,1624,7117,6950,14067,2021-07-01
BA6,692,701,1393,5132,5092,10224,2021-07-01
BA7,127,159,286,1413,1510,2923,2021-07-01
BA8,142,175,317,1766,1657,3423,2021-07-01
BA9,288,366,654,3198,2999,6197,2021-07-01
BA10,156,197,353,1277,1293,2570,2021-07-01
BA11,1524,1867,3391,12406,11837,24243,2021-07-01
BA12,1260,1551,2811,11202,10289,21491,2021-07-01
BA13,925,1058,1983,7766,7322,15088,2021-07-01
BA14,2652,2843,5495,18087,16724,34811,2021-07-01
BA15,526,629,1155,5162,5202,10364,2021-07-01
BA16,670,707,1377,4752,4395,9147,2021-07-01
BA20,576,649,1225,4293,3637,7930,2021-07-01
BA21,1858,2331,4189,12255,10508,22763,2021-07-01
BA22,519,561,1080,7389,7022,14411,2021-07-01
BB0,0,0,0,0,1,1,2021-07-01
BB1,4891,6413,11304,21184,15475,36659,2021-07-01
BB2,4271,5121,9392,19033,15074,34107,2021-07-01
BB3,2058,2543,4601,11488,9727,21215,2021-07-01
BB4,2041,2606,4647,14840,13373,28213,2021-07-01
BB5,4033,4953,8986,19715,16099,35814,2021-07-01
BB6,736,847,1583,5285,4762,10047,2021-07-01
BB7,1238,1304,2542,13513,12900,26413,2021-07-01
BB8,1255,1441,2696,8005,7178,15183,2021-07-01
BB9,3172,3791,6963,14602,10824,25426,2021-07-01
BB10,2460,2967,5427,12573,9992,22565,2021-07-01
BB11,1775,2110,3885,7149,5617,12766,2021-07-01
BB12,1931,2230,4161,12305,10663,22968,2021-07-01
BB18,713,844,1557,6247,5590,11837,2021-07-01
BD1,775,500,1275,1014,424,1438,2021-07-01
BD2,2078,2636,4714,9679,7803,17482,2021-07-01
BD3,3727,4274,8001,8129,4604,12733,2021-07-01
BD4,2617,3459,6076,8317,6364,14681,2021-07-01
BD5,3267,3778,7045,7314,4199,11513,2021-07-01
BD6,2006,2747,4753,9181,7597,16778,2021-07-01
BD7,3874,3898,7772,9258,5565,14823,2021-07-01
BD8,3164,3720,6884,8025,4785,12810,2021-07-01
BD9,2312,3135,5447,8188,5831,14019,2021-07-01
BD10,1568,2026,3594,8813,8028,16841,2021-07-01
BD11,444,565,1009,4095,3907,8002,2021-07-01
BD12,931,1211,2142,5711,4948,10659,2021-07-01
BD13,1287,1516,2803,9393,8602,17995,2021-07-01
BD14,465,636,1101,2758,2402,5160,2021-07-01
BD15,982,1288,2270,5353,4613,9966,2021-07-01
BD16,1145,1304,2449,9245,8593,17838,2021-07-01
BD17,790,894,1684,6674,6152,12826,2021-07-01
BD18,1832,2310,4142,8524,7076,15600,2021-07-01
BD19,1038,1229,2267,7880,7136,15016,2021-07-01
BD20,1427,1719,3146,13961,12969,26930,2021-07-01
BD21,2085,2736,4821,7149,5105,12254,2021-07-01
BD22,1501,1969,3470,10387,9305,19692,2021-07-01
BD23,1135,1325,2460,11541,10795,22336,2021-07-01
BD24,190,231,421,2079,1929,4008,2021-07-01
BD25,0,0,0,1,0,1,2021-07-01
BD99,0,0,0,0,1,1,2021-07-01
BH0,0,0,0,0,1,1,2021-07-01
BH1,2353,2183,4536,7113,4746,11859,2021-07-01
BH2,1002,805,1807,3357,2133,5490,2021-07-01
BH2,0,0,0,1,0,1,2021-07-01
BH3,347,364,711,2116,1804,3920,2021-07-01
BH4,541,554,1095,3731,3110,6841,2021-07-01
BH5,799,811,1610,3877,3108,6985,2021-07-01
BH6,1093,1204,2297,8444,8208,16652,2021-07-01
BH7,757,792,1549,4182,3858,8040,2021-07-01
BH8,2199,2203,4402,9664,8186,17850,2021-07-01
BH9,1836,1896,3732,9984,9111,19095,2021-07-01
BH10,924,1062,1986,7300,6844,14144,2021-07-01
BH11,1144,1347,2491,7062,6452,13514,2021-07-01
BH12,2060,2274,4334,12538,11164,23702,2021-07-01
BH13,182,245,427,3422,3210,6632,2021-07-01
BH14,1093,1118,2211,9552,8883,18435,2021-07-01
BH15,1784,1980,3764,12367,11129,23496,2021-07-01
BH16,638,808,1446,6051,5821,11872,2021-07-01
BH17,956,1239,2195,8307,7951,16258,2021-07-01
BH18,292,266,558,4999,4835,9834,2021-07-01
BH19,487,596,1083,4301,3918,8219,2021-07-01
BH20,1070,867,1937,8480,7327,15807,2021-07-01
BH21,1111,1302,2413,16619,16682,33301,2021-07-01
BH22,736,750,1486,11138,10693,21831,2021-07-01
BH23,2141,2183,4324,20727,20422,41149,2021-07-01
BH24,800,782,1582,9908,9761,19669,2021-07-01
BH25,911,1011,1922,9658,9559,19217,2021-07-01
BH31,340,350,690,5362,5404,10766,2021-07-01
BL0,722,832,1554,6421,6231,12652,2021-07-01
BL1,4759,5347,10106,21359,16501,37860,2021-07-01
BL2,3144,3681,6825,14978,12865,27843,2021-07-01
BL3,5492,6368,11860,20557,14470,35027,2021-07-01
BL4,2521,3209,5730,10557,8260,18817,2021-07-01
BL5,1196,1365,2561,10028,9275,19303,2021-07-01
BL6,1459,1642,3101,11339,10470,21809,2021-07-01
BL7,470,518,988,6046,5888,11934,2021-07-01
BL8,1625,1924,3549,13181,12201,25382,2021-07-01
BL9,3785,4447,8232,16312,13138,29450,2021-07-01
BN1,7542,7286,14828,25716,21552,47268,2021-07-01
BN2,8323,8755,17078,27265,22143,49408,2021-07-01
BN3,6698,6875,13573,27597,23798,51395,2021-07-01
BN4,2,1,3,11,5,16,2021-07-01
BN5,234,268,502,3200,3215,6415,2021-07-01
BN6,750,782,1532,7011,7097,14108,2021-07-01
BN7,1375,1584,2959,6795,6679,13474,2021-07-01
BN8,601,643,1244,6371,6322,12693,2021-07-01
BN9,924,1151,2075,4489,3899,8388,2021-07-01
BN10,1108,1278,2386,6991,6193,13184,2021-07-01
BN11,2363,2511,4874,10928,9435,20363,2021-07-01
BN12,951,1062,2013,8175,8054,16229,2021-07-01
BN13,1394,1504,2898,10728,10295,21023,2021-07-01
BN14,1665,1825,3490,11207,10613,21820,2021-07-01
BN15,1436,1616,3052,9821,8940,18761,2021-07-01
BN16,968,1108,2076,10997,11196,22193,2021-07-01
BN17,1770,2174,3944,11046,9850,20896,2021-07-01
BN18,603,557,1160,5347,5120,10467,2021-07-01
BN20,902,1125,2027,7680,7611,15291,2021-07-01
BN21,1875,1991,3866,8315,6951,15266,2021-07-01
BN22,2214,2688,4902,10699,9673,20372,2021-07-01
BN23,1462,1811,3273,10085,9041,19126,2021-07-01
BN24,334,377,711,4021,3930,7951,2021-07-01
BN25,1051,1303,2354,8801,8364,17165,2021-07-01
BN26,477,536,1013,4763,4595,9358,2021-07-01
BN27,1238,1473,2711,11521,11197,22718,2021-07-01
BN32,1,0,1,0,0,0,2021-07-01
BN40,0,0,0,1,0,1,2021-07-01
BN41,1633,1767,3400,6640,6227,12867,2021-07-01
BN42,599,703,1302,3628,3254,6882,2021-07-01
BN43,1327,1373,2700,8362,7980,16342,2021-07-01
BN44,364,404,768,3963,3964,7927,2021-07-01
BN45,25,26,51,270,248,518,2021-07-01
BR1,4928,5833,10761,19707,17736,37443,2021-07-01
BR2,2932,3200,6132,17294,16370,33664,2021-07-01
BR3,3013,3527,6540,17837,16661,34498,2021-07-01
BR4,1081,959,2040,7387,7141,14528,2021-07-01
BR5,3247,4104,7351,15596,14464,30060,2021-07-01
BR6,2384,2710,5094,17719,16913,34632,2021-07-01
BR7,783,953,1736,6984,6734,13718,2021-07-01
BR8,1214,1538,2752,8332,7591,15923,2021-07-01
BS0,0,0,0,1,0,1,2021-07-01
BS1,1258,1076,2334,3771,2228,5999,2021-07-01
BS2,2064,2118,4182,4779,3130,7909,2021-07-01
BS3,2750,3115,5865,12834,10772,23606,2021-07-01
BS4,3509,4398,7907,16540,13678,30218,2021-07-01
BS5,5592,5864,11456,17396,13117,30513,2021-07-01
BS6,2275,2385,4660,10442,9471,19913,2021-07-01
BS7,3085,3251,6336,13530,11200,24730,2021-07-01
BS8,1614,1663,3277,8218,7208,15426,2021-07-01
BS9,1434,1465,2899,11926,11180,23106,2021-07-01
BS10,2162,2749,4911,9506,7868,17374,2021-07-01
BS11,1396,1682,3078,5977,4756,10733,2021-07-01
BS12,18,11,29,97,43,140,2021-07-01
BS13,2260,2975,5235,9342,7701,17043,2021-07-01
BS14,1534,1690,3224,10570,9508,20078,2021-07-01
BS15,2313,2664,4977,17513,15577,33090,2021-07-01
BS16,4375,4780,9155,28973,26002,54975,2021-07-01
BS17,16,16,32,78,56,134,2021-07-01
BS18,15,14,29,65,56,121,2021-07-01
BS19,4,6,10,38,28,66,2021-07-01
BS20,1052,1270,2322,12450,11764,24214,2021-07-01
BS21,844,1063,1907,8924,8577,17501,2021-07-01
BS22,1554,1952,3506,14074,12888,26962,2021-07-01
BS23,2500,2787,5287,11750,9322,21072,2021-07-01
BS24,849,1105,1954,8843,8202,17045,2021-07-01
BS25,193,182,375,2679,2536,5215,2021-07-01
BS26,150,156,306,2014,2004,4018,2021-07-01
BS27,237,242,479,2910,2845,5755,2021-07-01
BS28,85,88,173,1457,1425,2882,2021-07-01
BS29,106,113,219,1154,1079,2233,2021-07-01
BS30,984,1136,2120,11366,10906,22272,2021-07-01
BS31,822,998,1820,8479,7950,16429,2021-07-01
BS32,1166,1237,2403,9270,8341,17611,2021-07-01
BS34,1959,2168,4127,12289,10387,22676,2021-07-01
BS35,809,935,1744,9548,8914,18462,2021-07-01
BS36,507,531,1038,6444,6246,12690,2021-07-01
BS37,1574,1879,3453,15207,14031,29238,2021-07-01
BS38,0,0,0,1,0,1,2021-07-01
BS39,502,573,1075,6602,6237,12839,2021-07-01
BS40,322,344,666,5576,5448,11024,2021-07-01
BS41,185,226,411,2387,2317,4704,2021-07-01
BS45,0,0,0,1,1,2,2021-07-01
BS48,823,945,1768,9127,8819,17946,2021-07-01
BS49,422,474,896,4688,4614,9302,2021-07-01
BS53,0,0,0,1,0,1,2021-07-01
BS57,0,0,0,1,0,1,2021-07-01
BS67,0,0,0,0,1,1,2021-07-01
BS94,0,1,1,0,0,0,2021-07-01
BS99,1,0,1,0,0,0,2021-07-01
CA0,0,0,0,1,1,2,2021-07-01
CA1,1604,1936,3540,7655,6149,13804,2021-07-01
CA2,2172,2858,5030,12796,10664,23460,2021-07-01
CA3,550,611,1161,5243,4754,9997,2021-07-01
CA4,195,254,449,3979,3905,7884,2021-07-01
CA5,214,220,434,2982,2913,5895,2021-07-01
CA6,283,366,649,3774,3358,7132,2021-07-01
CA7,733,918,1651,8655,8007,16662,2021-07-01
CA8,316,421,737,4060,3801,7861,2021-07-01
CA9,71,110,181,828,745,1573,2021-07-01
CA10,391,468,859,5910,5548,11458,2021-07-01
CA11,913,1134,2047,8295,7551,15846,2021-07-01
CA12,325,362,687,2974,2651,5625,2021-07-01
CA13,517,657,1174,6017,5640,11657,2021-07-01
CA14,1710,2266,3976,12242,10389,22631,2021-07-01
CA15,754,1009,1763,5479,4633,10112,2021-07-01
CA16,157,187,344,2548,2398,4946,2021-07-01
CA17,147,186,333,1972,1780,3752,2021-07-01
CA18,10,3,13,120,120,240,2021-07-01
CA19,27,29,56,449,430,879,2021-07-01
CA20,80,95,175,1336,1181,2517,2021-07-01
CA21,30,20,50,317,278,595,2021-07-01
CA22,462,586,1048,3093,2600,5693,2021-07-01
CA23,58,65,123,563,463,1026,2021-07-01
CA24,30,58,88,398,317,715,2021-07-01
CA25,309,430,739,1895,1623,3518,2021-07-01
CA26,165,215,380,1280,1148,2428,2021-07-01
CA27,47,70,117,641,553,1194,2021-07-01
CA28,1504,1814,3318,9576,7921,17497,2021-07-01
CB1,4328,4414,8742,15935,13620,29555,2021-07-01
CB2,1759,1907,3666,7441,6536,13977,2021-07-01
CB3,1257,1409,2666,6213,5582,11795,2021-07-01
CB4,4081,4367,8448,15536,12877,28413,2021-07-01
CB5,1161,1307,2468,4743,3911,8654,2021-07-01
CB6,1540,1772,3312,14582,13359,27941,2021-07-01
CB7,1225,1343,2568,10299,9478,19777,2021-07-01
CB8,1671,1812,3483,12319,11241,23560,2021-07-01
CB9,1719,2239,3958,11380,9770,21150,2021-07-01
CB10,596,762,1358,5801,5492,11293,2021-07-01
CB11,772,852,1624,7197,6891,14088,2021-07-01
CB12,0,0,0,2,0,2,2021-07-01
CB19,0,0,0,1,0,1,2021-07-01
CB21,504,538,1042,5404,5084,10488,2021-07-01
CB22,880,866,1746,8342,7725,16067,2021-07-01
CB23,1271,1494,2765,11602,10943,22545,2021-07-01
CB24,1262,1384,2646,12076,11032,23108,2021-07-01
CB25,585,611,1196,6211,5768,11979,2021-07-01
CF0,1,0,1,0,0,0,2021-07-01
CF1,84,66,150,137,51,188,2021-07-01
CF2,47,43,90,110,40,150,2021-07-01
CF3,2947,3714,6661,13696,12574,26270,2021-07-01
CF4,45,36,81,129,98,227,2021-07-01
CF5,4349,5201,9550,21005,19328,40333,2021-07-01
CF5,0,0,0,0,1,1,2021-07-01
CF6,83,71,154,126,58,184,2021-07-01
CF7,13,8,21,54,37,91,2021-07-01
CF8,49,39,88,123,95,218,2021-07-01
CF9,0,0,0,1,0,1,2021-07-01
CF10,1666,1417,3083,4194,2520,6714,2021-07-01
CF11,3861,3640,7501,11400,8206,19606,2021-07-01
CF14,3582,3880,7462,25912,24656,50568,2021-07-01
CF15,606,751,1357,6973,6886,13859,2021-07-01
CF18,0,1,1,0,0,0,2021-07-01
CF23,2600,3114,5714,15551,14663,30214,2021-07-01
CF24,5903,5053,10956,11884,8333,20217,2021-07-01
CF31,2097,2576,4673,15785,14398,30183,2021-07-01
CF32,1486,1888,3374,10678,9358,20036,2021-07-01
CF33,812,1040,1852,4866,4256,9122,2021-07-01
CF34,1073,1426,2499,6607,5355,11962,2021-07-01
CF35,527,643,1170,7188,6738,13926,2021-07-01
CF36,551,672,1223,6085,5754,11839,2021-07-01
CF37,2517,2651,5168,12090,9831,21921,2021-07-01
CF38,811,1053,1864,8581,8126,16707,2021-07-01
CF39,1507,2021,3528,9568,7950,17518,2021-07-01
CF40,1146,1549,2695,6406,5151,11557,2021-07-01
CF41,542,757,1299,3461,2700,6161,2021-07-01
CF42,763,978,1741,4200,3434,7634,2021-07-01
CF43,742,1039,1781,3647,2764,6411,2021-07-01
CF44,2137,2926,5063,13360,11042,24402,2021-07-01
CF45,1265,1602,2867,6019,4804,10823,2021-07-01
CF46,656,873,1529,5077,4516,9593,2021-07-01
CF47,1453,1955,3408,6589,5113,11702,2021-07-01
CF48,1503,1955,3458,8893,7427,16320,2021-07-01
CF61,528,602,1130,3660,3529,7189,2021-07-01
CF62,2200,2610,4810,14741,14209,28950,2021-07-01
CF63,1538,1790,3328,6505,5837,12342,2021-07-01
CF64,1709,1871,3580,13474,13082,26556,2021-07-01
CF71,240,258,498,3909,3870,7779,2021-07-01
CF72,959,1178,2137,9910,9535,19445,2021-07-01
CF81,1029,1362,2391,5082,3906,8988,2021-07-01
CF82,1032,1239,2271,6810,6029,12839,2021-07-01
CF83,2941,3632,6573,17792,15952,33744,2021-07-01
CH1,2377,2588,4965,9420,7517,16937,2021-07-01
CH2,1790,2122,3912,12427,11180,23607,2021-07-01
CH3,1398,1490,2888,13928,13298,27226,2021-07-01
CH4,1752,2163,3915,12333,11417,23750,2021-07-01
CH5,2377,2818,5195,14875,12823,27698,2021-07-01
CH6,995,1287,2282,5821,4981,10802,2021-07-01
CH6,0,0,0,1,0,1,2021-07-01
CH7,1882,2386,4268,18732,17752,36484,2021-07-01
CH8,995,1270,2265,7588,6712,14300,2021-07-01
CH9,1,0,1,1,0,1,2021-07-01
CH14,0,0,0,1,0,1,2021-07-01
CH22,0,0,0,0,1,1,2021-07-01
CH24,0,0,0,1,0,1,2021-07-01
CH41,1958,2235,4193,4537,3287,7824,2021-07-01
CH42,2802,3171,5973,8584,7088,15672,2021-07-01
CH43,2328,2558,4886,12616,11312,23928,2021-07-01
CH44,2537,2951,5488,8079,6569,14648,2021-07-01
CH45,1828,2037,3865,10304,9430,19734,2021-07-01
CH46,1611,1963,3574,8143,7288,15431,2021-07-01
CH47,452,523,975,4079,3993,8072,2021-07-01
CH48,633,656,1289,5745,5689,11434,2021-07-01
CH49,1536,1869,3405,9957,9559,19516,2021-07-01
CH60,373,345,718,5257,5316,10573,2021-07-01
CH61,622,693,1315,6484,6424,12908,2021-07-01
CH62,1711,1970,3681,10094,9216,19310,2021-07-01
CH63,1259,1462,2721,10697,10355,21052,2021-07-01
CH64,647,731,1378,7539,7167,14706,2021-07-01
CH65,2125,2563,4688,8945,7480,16425,2021-07-01
CH66,1602,1943,3545,13011,12099,25110,2021-07-01
CM0,668,794,1462,7026,6342,13368,2021-07-01
CM1,3712,4225,7937,24143,21691,45834,2021-07-01
CM2,2866,3237,6103,22366,20263,42629,2021-07-01
CM3,1766,2162,3928,22354,21298,43652,2021-07-01
CM4,357,402,759,4364,4243,8607,2021-07-01
CM5,386,411,797,4556,4390,8946,2021-07-01
CM6,849,984,1833,11542,11165,22707,2021-07-01
CM7,2484,3030,5514,18119,15821,33940,2021-07-01
CM8,1702,2140,3842,12017,10846,22863,2021-07-01
CM9,1319,1585,2904,13550,12631,26181,2021-07-01
CM11,750,843,1593,7832,7383,15215,2021-07-01
CM12,786,803,1589,8065,7768,15833,2021-07-01
CM13,1042,1220,2262,9955,9256,19211,2021-07-01
CM14,1118,1322,2440,7919,7129,15048,2021-07-01
CM15,887,1052,1939,9216,9019,18235,2021-07-01
CM16,934,1047,1981,9035,8585,17620,2021-07-01
CM17,1063,1340,2403,9264,8700,17964,2021-07-01
CM18,1974,2375,4349,8547,6979,15526,2021-07-01
CM19,1596,1848,3444,7644,6030,13674,2021-07-01
CM20,2145,2558,4703,8085,6174,14259,2021-07-01
CM21,401,450,851,4525,4187,8712,2021-07-01
CM22,522,572,1094,6554,6152,12706,2021-07-01
CM23,2083,2305,4388,16016,14832,30848,2021-07-01
CM24,325,398,723,3215,3018,6233,2021-07-01
CM77,489,643,1132,6033,5827,11860,2021-07-01
CO0,1,1,2,1,0,1,2021-07-01
CO1,1521,1678,3199,5367,4202,9569,2021-07-01
CO2,2380,3035,5415,12863,10935,23798,2021-07-01
CO3,1579,1721,3300,11721,10862,22583,2021-07-01
CO4,3300,3879,7179,16951,14433,31384,2021-07-01
CO5,939,1133,2072,11609,10945,22554,2021-07-01
CO6,877,1058,1935,11360,10920,22280,2021-07-01
CO7,1319,1439,2758,13655,12779,26434,2021-07-01
CO8,83,77,160,955,930,1885,2021-07-01
CO9,999,1126,2125,10272,9544,19816,2021-07-01
CO10,2079,2421,4500,18523,17095,35618,2021-07-01
CO11,440,582,1022,5323,5073,10396,2021-07-01
CO12,1158,1459,2617,8040,6841,14881,2021-07-01
CO13,404,490,894,4973,4696,9669,2021-07-01
CO14,298,386,684,2490,2071,4561,2021-07-01
CO15,2529,2909,5438,15003,12650,27653,2021-07-01
CO16,1208,1418,2626,9774,8742,18516,2021-07-01
CR0,19412,21383,40795,50455,39856,90311,2021-07-01
CR1,5,6,11,6,1,7,2021-07-01
CR2,3465,3948,7413,17790,16056,33846,2021-07-01
CR3,1447,1677,3124,11057,10584,21641,2021-07-01
CR4,9238,9095,18333,20867,14410,35277,2021-07-01
CR5,1600,1872,3472,11500,10941,22441,2021-07-01
CR6,398,454,852,3932,3799,7731,2021-07-01
CR7,7614,7389,15003,14341,10430,24771,2021-07-01
CR8,2126,2413,4539,12291,11406,23697,2021-07-01
CR9,58,40,98,58,20,78,2021-07-01
CT0,0,0,0,0,1,1,2021-07-01
CT1,2570,2747,5317,8089,6655,14744,2021-07-01
CT2,1990,2200,4190,8677,7506,16183,2021-07-01
CT3,920,1085,2005,7437,6930,14367,2021-07-01
CT4,660,719,1379,6919,6755,13674,2021-07-01
CT5,1519,1667,3186,12133,11752,23885,2021-07-01
CT6,1830,1992,3822,14355,13550,27905,2021-07-01
CT7,432,529,961,4540,4246,8786,2021-07-01
CT8,467,488,955,2631,2498,5129,2021-07-01
CT9,3657,3921,7578,13755,11614,25369,2021-07-01
CT10,1409,1467,2876,8986,8419,17405,2021-07-01
CT11,2365,2611,4976,9406,8122,17528,2021-07-01
CT12,1247,1475,2722,6305,5484,11789,2021-07-01
CT13,432,457,889,3336,3138,6474,2021-07-01
CT14,1784,2084,3868,12490,11335,23825,2021-07-01
CT15,505,667,1172,5335,4811,10146,2021-07-01
CT16,1406,1484,2890,6798,5490,12288,2021-07-01
CT17,1657,1830,3487,6581,5416,11997,2021-07-01
CT18,552,560,1112,5671,5372,11043,2021-07-01
CT19,2042,2388,4430,9009,7684,16693,2021-07-01
CT20,1634,1890,3524,8070,6230,14300,2021-07-01
CT21,661,769,1430,6692,6416,13108,2021-07-01
CV1,5281,4068,9349,7111,3033,10144,2021-07-01
CV2,6328,7699,14027,20348,15053,35401,2021-07-01
CV3,4972,5987,10959,23456,18695,42151,2021-07-01
CV4,2545,2950,5495,10134,7866,18000,2021-07-01
CV5,2606,2953,5559,17010,14631,31641,2021-07-01
CV6,8686,10261,18947,28968,21073,50041,2021-07-01
CV7,1229,1523,2752,11204,10259,21463,2021-07-01
CV8,1195,1278,2473,12297,11698,23995,2021-07-01
CV9,990,1197,2187,8317,7290,15607,2021-07-01
CV10,2797,3832,6629,18861,16108,34969,2021-07-01
CV11,2196,2671,4867,14652,12124,26776,2021-07-01
CV12,1581,2097,3678,10967,9403,20370,2021-07-01
CV13,299,335,634,4581,4330,8911,2021-07-01
CV18,0,0,0,0,1,1,2021-07-01
CV19,0,0,0,1,0,1,2021-07-01
CV21,2652,3126,5778,13938,10458,24396,2021-07-01
CV22,1732,2018,3750,14180,12615,26795,2021-07-01
CV23,758,916,1674,10154,9424,19578,2021-07-01
CV27,0,0,0,1,0,1,2021-07-01
CV31,2179,2442,4621,10583,8401,18984,2021-07-01
CV32,1685,1858,3543,11756,10282,22038,2021-07-01
CV33,236,272,508,3139,3051,6190,2021-07-01
CV34,1579,1894,3473,12355,11246,23601,2021-07-01
CV35,721,864,1585,10880,10701,21581,2021-07-01
CV36,317,354,671,4137,3958,8095,2021-07-01
CV37,1917,2257,4174,17016,16321,33337,2021-07-01
CV42,0,0,0,1,0,1,2021-07-01
CV46,0,1,1,0,0,0,2021-07-01
CV47,639,748,1387,7695,7303,14998,2021-07-01
CW1,2850,3246,6096,13924,11614,25538,2021-07-01
CW2,2541,2610,5151,14944,12703,27647,2021-07-01
CW3,288,359,647,3776,3690,7466,2021-07-01
CW4,283,332,615,4215,4256,8471,2021-07-01
CW5,1137,1231,2368,12151,11605,23756,2021-07-01
CW6,311,412,723,5601,5484,11085,2021-07-01
CW7,1998,2383,4381,11325,9971,21296,2021-07-01
CW8,1358,1613,2971,15253,14434,29687,2021-07-01
CW9,1442,1598,3040,13160,11959,25119,2021-07-01
CW10,528,659,1187,5997,5646,11643,2021-07-01
CW11,899,956,1855,10184,9882,20066,2021-07-01
CW12,1197,1333,2530,12350,11627,23977,2021-07-01
DA0,1,1,2,0,0,0,2021-07-01
DA1,4425,5421,9846,20763,17342,38105,2021-07-01
DA2,1196,1491,2687,8436,7764,16200,2021-07-01
DA3,645,653,1298,6785,6596,13381,2021-07-01
DA4,368,407,775,3761,3518,7279,2021-07-01
DA5,970,1048,2018,7914,7548,15462,2021-07-01
DA6,649,791,1440,3713,3277,6990,2021-07-01
DA7,1921,2238,4159,12599,11428,24027,2021-07-01
DA8,3492,4311,7803,10874,9104,19978,2021-07-01
DA9,794,935,1729,5147,4529,9676,2021-07-01
DA10,581,742,1323,3287,2732,6019,2021-07-01
DA11,3140,3603,6743,13406,10540,23946,2021-07-01
DA12,3615,4095,7710,16560,13817,30377,2021-07-01
DA13,398,450,848,5981,5774,11755,2021-07-01
DA14,1275,1579,2854,7514,7066,14580,2021-07-01
DA15,1393,1651,3044,10492,9647,20139,2021-07-01
DA16,2448,3071,5519,12804,11020,23824,2021-07-01
DA17,1787,2127,3914,5897,4768,10665,2021-07-01
DA18,810,972,1782,1344,931,2275,2021-07-01
DD1,1187,1065,2252,2241,1469,3710,2021-07-01
DD2,2818,3367,6185,12604,11113,23717,2021-07-01
DD3,2845,3189,6034,10779,8650,19429,2021-07-01
DD4,3406,4053,7459,12336,10383,22719,2021-07-01
DD5,1109,1282,2391,12106,11791,23897,2021-07-01
DD6,425,528,953,3386,3363,6749,2021-07-01
DD7,494,627,1121,4623,4326,8949,2021-07-01
DD8,1160,1484,2644,10459,9464,19923,2021-07-01
DD9,529,680,1209,3941,3537,7478,2021-07-01
DD10,959,1202,2161,7636,6921,14557,2021-07-01
DD11,1437,1717,3154,9695,8414,18109,2021-07-01
DE1,1534,1373,2907,3892,2198,6090,2021-07-01
DE2,22,16,38,56,19,75,2021-07-01
DE3,605,828,1433,6992,6493,13485,2021-07-01
DE4,1285,1557,2842,12966,12085,25051,2021-07-01
DE5,873,1238,2111,8084,7212,15296,2021-07-01
DE6,822,945,1767,10477,9841,20318,2021-07-01
DE7,2589,3339,5928,17473,14874,32347,2021-07-01
DE11,2054,2572,4626,16642,14791,31433,2021-07-01
DE12,750,929,1679,8521,7774,16295,2021-07-01
DE13,1503,1933,3436,15998,14740,30738,2021-07-01
DE14,2616,2888,5504,10858,7614,18472,2021-07-01
DE15,1343,1596,2939,8494,7096,15590,2021-07-01
DE19,0,0,0,1,1,2,2021-07-01
DE21,3233,4154,7387,19461,16625,36086,2021-07-01
DE22,2889,3320,6209,15421,13064,28485,2021-07-01
DE23,5663,5917,11580,18956,13933,32889,2021-07-01
DE24,4190,5550,9740,17692,13692,31384,2021-07-01
DE44,0,0,0,0,1,1,2021-07-01
DE45,242,284,526,3245,3171,6416,2021-07-01
DE51,0,0,0,1,0,1,2021-07-01
DE55,2307,2855,5162,18848,16426,35274,2021-07-01
DE56,1419,1657,3076,14804,13883,28687,2021-07-01
DE65,747,897,1644,9203,8753,17956,2021-07-01
DE66,0,0,0,0,1,1,2021-07-01
DE72,681,872,1553,7982,7508,15490,2021-07-01
DE73,677,882,1559,7776,7376,15152,2021-07-01
DE74,490,541,1031,4734,4213,8947,2021-07-01
DE75,940,1129,2069,6367,5509,11876,2021-07-01
DG1,1299,1424,2723,9747,9003,18750,2021-07-01
DG2,1391,1796,3187,7542,6739,14281,2021-07-01
DG3,178,243,421,1791,1702,3493,2021-07-01
DG4,231,329,560,1430,1127,2557,2021-07-01
DG5,244,258,502,1886,1783,3669,2021-07-01
DG6,269,288,557,1844,1775,3619,2021-07-01
DG7,478,540,1018,4597,4446,9043,2021-07-01
DG8,486,631,1117,4702,4269,8971,2021-07-01
DG9,808,1007,1815,5439,4804,10243,2021-07-01
DG10,183,217,400,1483,1324,2807,2021-07-01
DG11,506,637,1143,4911,4506,9417,2021-07-01
DG12,683,822,1505,4290,3717,8007,2021-07-01
DG13,121,138,259,1050,937,1987,2021-07-01
DG14,42,40,82,570,502,1072,2021-07-01
DG16,159,216,375,1393,1247,2640,2021-07-01
DH1,2314,2553,4867,13474,12024,25498,2021-07-01
DH2,1438,2088,3526,10491,8978,19469,2021-07-01
DH3,1370,1773,3143,8960,7627,16587,2021-07-01
DH4,1801,2216,4017,11832,10112,21944,2021-07-01
DH5,1112,1624,2736,6754,5413,12167,2021-07-01
DH6,1640,2293,3933,11984,10329,22313,2021-07-01
DH7,1996,2779,4775,14381,12555,26936,2021-07-01
DH8,1897,2452,4349,13542,11823,25365,2021-07-01
DH9,2116,2839,4955,11684,9361,21045,2021-07-01
DH10,0,0,0,1,0,1,2021-07-01
DL1,3163,4177,7340,14950,11611,26561,2021-07-01
DL2,509,630,1139,7326,7168,14494,2021-07-01
DL3,2535,3009,5544,14649,12664,27313,2021-07-01
DL4,633,821,1454,3061,2316,5377,2021-07-01
DL5,1630,2152,3782,9797,8458,18255,2021-07-01
DL6,599,701,1300,5824,5393,11217,2021-07-01
DL7,416,540,956,5935,5720,11655,2021-07-01
DL8,441,582,1023,7685,7305,14990,2021-07-01
DL9,2155,1304,3459,5386,3490,8876,2021-07-01
DL10,654,828,1482,6962,6700,13662,2021-07-01
DL11,122,134,256,2170,2054,4224,2021-07-01
DL12,383,508,891,4662,4302,8964,2021-07-01
DL13,446,581,1027,5359,4723,10082,2021-07-01
DL14,1882,2475,4357,12575,10684,23259,2021-07-01
DL15,1031,1333,2364,7655,6587,14242,2021-07-01
DL16,957,1257,2214,7590,6591,14181,2021-07-01
DL17,984,1341,2325,6015,4819,10834,2021-07-01
DN0,1,0,1,1,0,1,2021-07-01
DN1,1387,1097,2484,2616,1100,3716,2021-07-01
DN2,1899,2295,4194,7825,5879,13704,2021-07-01
DN3,1262,1638,2900,10777,9480,20257,2021-07-01
DN4,3404,4010,7414,18250,14450,32700,2021-07-01
DN5,2109,2742,4851,13430,11474,24904,2021-07-01
DN6,1999,2597,4596,10003,8137,18140,2021-07-01
DN7,1200,1658,2858,7530,6254,13784,2021-07-01
DN8,1111,1490,2601,6065,4682,10747,2021-07-01
DN9,656,787,1443,8413,8092,16505,2021-07-01
DN10,350,453,803,5069,4813,9882,2021-07-01
DN11,1504,1955,3459,10039,8726,18765,2021-07-01
DN12,1683,2207,3890,7265,5607,12872,2021-07-01
DN14,2220,2964,5184,17285,14603,31888,2021-07-01
DN15,2854,2896,5750,11977,9114,21091,2021-07-01
DN16,1772,2179,3951,10394,8779,19173,2021-07-01
DN17,1848,2343,4191,12758,11089,23847,2021-07-01
DN18,571,758,1329,4525,3829,8354,2021-07-01
DN19,192,229,421,2505,2265,4770,2021-07-01
DN20,667,782,1449,7397,6573,13970,2021-07-01
DN21,1907,2458,4365,13511,11950,25461,2021-07-01
DN22,1453,1842,3295,13262,12064,25326,2021-07-01
DN24,0,0,0,0,1,1,2021-07-01
DN31,883,1092,1975,2431,1550,3981,2021-07-01
DN32,2659,2916,5575,7598,5491,13089,2021-07-01
DN33,1372,1605,2977,6357,5448,11805,2021-07-01
DN34,1204,1530,2734,6241,5082,11323,2021-07-01
DN35,2091,2492,4583,10665,8813,19478,2021-07-01
DN36,597,774,1371,8118,7569,15687,2021-07-01
DN37,936,1134,2070,7858,7089,14947,2021-07-01
DN38,86,119,205,1147,1054,2201,2021-07-01
DN39,96,120,216,1171,1017,2188,2021-07-01
DN40,712,943,1655,4591,3536,8127,2021-07-01
DN41,176,211,387,2557,2452,5009,2021-07-01
DT0,0,0,0,0,1,1,2021-07-01
DT1,956,1103,2059,7339,6958,14297,2021-07-01
DT2,738,786,1524,10581,10369,20950,2021-07-01
DT3,934,1085,2019,9444,8835,18279,2021-07-01
DT4,2292,2462,4754,12747,11070,23817,2021-07-01
DT5,729,874,1603,4314,3814,8128,2021-07-01
DT6,796,909,1705,8372,8279,16651,2021-07-01
DT7,243,268,511,2129,2089,4218,2021-07-01
DT8,169,225,394,2457,2404,4861,2021-07-01
DT9,746,861,1607,8159,8163,16322,2021-07-01
DT10,361,402,763,4768,4584,9352,2021-07-01
DT11,1197,1275,2472,11981,10828,22809,2021-07-01
DY1,2362,2944,5306,10479,8353,18832,2021-07-01
DY2,2726,3435,6161,10633,7850,18483,2021-07-01
DY3,1498,1822,3320,12084,10599,22683,2021-07-01
DY4,3469,4476,7945,13161,9783,22944,2021-07-01
DY5,2409,3213,5622,13566,11088,24654,2021-07-01
DY6,906,1124,2030,10764,9966,20730,2021-07-01
DY7,194,231,425,3210,3092,6302,2021-07-01
DY8,2216,2614,4830,18016,16335,34351,2021-07-01
DY9,1505,1828,3333,10843,9610,20453,2021-07-01
DY10,1846,2163,4009,13016,11606,24622,2021-07-01
DY11,1530,1866,3396,11235,9900,21135,2021-07-01
DY12,386,457,843,4918,4591,9509,2021-07-01
DY13,853,1061,1914,8698,7965,16663,2021-07-01
DY14,225,226,451,3620,3334,6954,2021-07-01
E1,12560,9695,22255,18204,9316,27520,2021-07-01
E1,0,1,1,0,0,0,2021-07-01
E1,1,0,1,0,0,0,2021-07-01
E1,1255,1392,2647,4791,3147,7938,2021-07-01
E2,6320,6284,12604,12467,7832,20299,2021-07-01
E2,0,1,1,0,0,0,2021-07-01
E2,0,0,0,0,1,1,2021-07-01
E3,7988,8001,15989,16255,10606,26861,2021-07-01
E4,5212,5941,11153,22474,18907,41381,2021-07-01
E5,8055,8133,16188,12309,8509,20818,2021-07-01
E6,19263,14866,34129,24025,12656,36681,2021-07-01
E7,14310,9696,24006,16039,8475,24514,2021-07-01
E8,6175,6530,12705,11052,7937,18989,2021-07-01
E9,6300,6976,13276,9785,7263,17048,2021-07-01
E10,8692,7284,15976,14819,8793,23612,2021-07-01
E11,7648,7205,14853,18790,13742,32532,2021-07-01
E12,10610,7581,18191,12287,6456,18743,2021-07-01
E13,11418,8766,20184,13697,7339,21036,2021-07-01
E14,11860,12180,24040,27093,16072,43165,2021-07-01
E15,10757,9439,20196,16035,9077,25112,2021-07-01
E16,8715,9007,17722,16049,9773,25822,2021-07-01
E17,16955,15688,32643,34658,23470,58128,2021-07-01
E18,1579,1740,3319,7139,6139,13278,2021-07-01
E19,1,0,1,1,0,1,2021-07-01
E20,572,658,1230,1848,1171,3019,2021-07-01
EC1,16,6,22,15,6,21,2021-07-01
EC1,95,78,173,351,211,562,2021-07-01
EC1,2,0,2,1,0,1,2021-07-01
EC1,0,0,0,0,1,1,2021-07-01
EC1,130,109,239,471,261,732,2021-07-01
EC1,333,356,689,708,376,1084,2021-07-01
EC1,2,2,4,3,0,3,2021-07-01
EC1,1,0,1,0,0,0,2021-07-01
EC1,611,710,1321,1504,1009,2513,2021-07-01
EC1,0,0,0,1,0,1,2021-07-01
EC1,2,1,3,0,0,0,2021-07-01
EC1,1743,1789,3532,3815,2272,6087,2021-07-01
EC1,409,460,869,1057,624,1681,2021-07-01
EC1,0,0,0,1,0,1,2021-07-01
EC2,1,1,2,5,2,7,2021-07-01
EC2,154,129,283,579,310,889,2021-07-01
EC2,0,1,1,2,0,2,2021-07-01
EC2,25,10,35,149,32,181,2021-07-01
EC2,4,3,7,29,6,35,2021-07-01
EC2,0,0,0,4,2,6,2021-07-01
EC2,1,1,2,41,17,58,2021-07-01
EC2,0,0,0,1,0,1,2021-07-01
EC2,3,6,9,91,25,116,2021-07-01
EC2,218,206,424,1416,971,2387,2021-07-01
EC3,0,1,1,1,0,1,2021-07-01
EC3,8,6,14,63,10,73,2021-07-01
EC3,5,4,9,19,6,25,2021-07-01
EC3,39,30,69,147,58,205,2021-07-01
EC3,1,0,1,1,1,2,2021-07-01
EC3,24,18,42,66,31,97,2021-07-01
EC3,4,1,5,52,15,67,2021-07-01
EC3,1,0,1,0,0,0,2021-07-01
EC4,2,1,3,3,1,4,2021-07-01
EC4,49,27,76,139,85,224,2021-07-01
EC4,0,0,0,1,0,1,2021-07-01
EC4,16,16,32,132,51,183,2021-07-01
EC4,7,2,9,65,19,84,2021-07-01
EC4,0,0,0,9,4,13,2021-07-01
EC4,7,5,12,46,14,60,2021-07-01
EC4,33,30,63,199,98,297,2021-07-01
EC4,0,0,0,1,0,1,2021-07-01
EC4,25,16,41,119,62,181,2021-07-01
EC8,0,1,1,0,0,0,2021-07-01
EC10,1,0,1,0,0,0,2021-07-01
EC11,0,1,1,0,0,0,2021-07-01
EC12,0,0,0,1,0,1,2021-07-01
EC14,1,1,2,3,0,3,2021-07-01
EC15,0,0,0,1,0,1,2021-07-01
EC16,0,0,0,1,0,1,2021-07-01
EC17,1,0,1,1,2,3,2021-07-01
EC19,0,1,1,0,0,0,2021-07-01
EC24,0,0,0,0,1,1,2021-07-01
EC27,0,0,0,3,0,3,2021-07-01
EC28,0,0,0,1,0,1,2021-07-01
EC34,1,0,1,0,0,0,2021-07-01
EC47,0,0,0,3,0,3,2021-07-01
EC77,1,0,1,0,0,0,2021-07-01
EH0,1,5,6,1,3,4,2021-07-01
EH1,607,557,1164,1448,1021,2469,2021-07-01
EH1,0,1,1,0,0,0,2021-07-01
EH2,124,112,236,411,235,646,2021-07-01
EH3,1979,2002,3981,7293,6271,13564,2021-07-01
EH3,0,0,0,1,0,1,2021-07-01
EH4,4103,4525,8628,17841,15877,33718,2021-07-01
EH5,1724,1948,3672,6443,5429,11872,2021-07-01
EH6,3628,3816,7444,12050,9769,21819,2021-07-01
EH7,3092,3281,6373,10152,8014,18166,2021-07-01
EH8,1966,2027,3993,5658,4606,10264,2021-07-01
EH9,1461,1639,3100,6254,5812,12066,2021-07-01
EH10,2093,2022,4115,12737,11400,24137,2021-07-01
EH11,4114,4040,8154,10209,7557,17766,2021-07-01
EH12,2112,2607,4719,13926,12945,26871,2021-07-01
EH13,1003,1082,2085,4732,4298,9030,2021-07-01
EH14,2876,3120,5996,13123,11193,24316,2021-07-01
EH15,1423,1671,3094,6858,6312,13170,2021-07-01
EH16,2696,3125,5821,9395,7804,17199,2021-07-01
EH17,1586,1999,3585,6428,5280,11708,2021-07-01
EH18,114,143,257,824,797,1621,2021-07-01
EH19,732,970,1702,5201,4886,10087,2021-07-01
EH20,381,532,913,2326,1960,4286,2021-07-01
EH21,1653,1963,3616,8421,7552,15973,2021-07-01
EH22,1930,2444,4374,10865,9587,20452,2021-07-01
EH23,533,699,1232,3365,2976,6341,2021-07-01
EH24,89,135,224,755,729,1484,2021-07-01
EH25,170,211,381,1307,1235,2542,2021-07-01
EH26,947,1202,2149,6033,5452,11485,2021-07-01
EH27,159,158,317,1067,998,2065,2021-07-01
EH28,153,210,363,1294,1145,2439,2021-07-01
EH29,227,308,535,1894,1814,3708,2021-07-01
EH30,482,677,1159,3729,3466,7195,2021-07-01
EH31,95,99,194,1076,1083,2159,2021-07-01
EH32,997,1247,2244,6865,6258,13123,2021-07-01
EH33,730,919,1649,4674,4210,8884,2021-07-01
EH34,70,99,169,1027,1029,2056,2021-07-01
EH35,101,151,252,884,788,1672,2021-07-01
EH36,15,8,23,159,166,325,2021-07-01
EH37,52,88,140,638,606,1244,2021-07-01
EH38,16,15,31,173,183,356,2021-07-01
EH39,403,516,919,3860,3729,7589,2021-07-01
EH40,78,91,169,822,833,1655,2021-07-01
EH41,550,687,1237,4937,4621,9558,2021-07-01
EH42,526,685,1211,4224,4006,8230,2021-07-01
EH43,42,64,106,281,266,547,2021-07-01
EH44,132,169,301,1255,1193,2448,2021-07-01
EH45,511,581,1092,4020,3872,7892,2021-07-01
EH46,136,149,285,1465,1479,2944,2021-07-01
EH47,1582,2153,3735,9225,7765,16990,2021-07-01
EH48,1953,2517,4470,13323,11678,25001,2021-07-01
EH49,705,864,1569,5915,5605,11520,2021-07-01
EH51,752,918,1670,5119,4555,9674,2021-07-01
EH52,1052,1405,2457,7196,6299,13495,2021-07-01
EH53,513,625,1138,4343,3970,8313,2021-07-01
EH54,3909,4902,8811,18120,15653,33773,2021-07-01
EH55,464,568,1032,3128,2634,5762,2021-07-01
EN0,0,0,0,0,1,1,2021-07-01
EN1,4029,4891,8920,15069,13081,28150,2021-07-01
EN2,1879,2351,4230,10693,9779,20472,2021-07-01
EN3,6678,8435,15113,17335,13226,30561,2021-07-01
EN4,1773,2023,3796,9848,8853,18701,2021-07-01
EN5,2847,3477,6324,14031,12616,26647,2021-07-01
EN6,1452,1676,3128,11423,10818,22241,2021-07-01
EN7,924,1041,1965,8463,8060,16523,2021-07-01
EN8,2645,3101,5746,13473,11318,24791,2021-07-01
EN9,1275,1438,2713,9506,8480,17986,2021-07-01
EN10,814,959,1773,6706,6293,12999,2021-07-01
EN11,1169,1275,2444,8445,7377,15822,2021-07-01
EX0,0,0,0,1,0,1,2021-07-01
EX1,1511,1723,3234,7741,7023,14764,2021-07-01
EX2,2443,2908,5351,14840,13506,28346,2021-07-01
EX3,183,174,357,1895,1927,3822,2021-07-01
EX4,3745,4050,7795,15678,13206,28884,2021-07-01
EX5,785,911,1696,9592,9388,18980,2021-07-01
EX6,434,468,902,6004,5803,11807,2021-07-01
EX7,670,803,1473,5066,4721,9787,2021-07-01
EX8,1854,2183,4037,13548,12525,26073,2021-07-01
EX9,191,235,426,2661,2690,5351,2021-07-01
EX10,610,731,1341,6514,6578,13092,2021-07-01
EX11,285,347,632,3448,3558,7006,2021-07-01
EX12,295,407,702,3616,3457,7073,2021-07-01
EX13,437,525,962,5017,4841,9858,2021-07-01
EX14,754,938,1692,8292,7767,16059,2021-07-01
EX15,875,942,1817,8861,8387,17248,2021-07-01
EX16,1445,1708,3153,12180,11349,23529,2021-07-01
EX17,813,949,1762,7600,7180,14780,2021-07-01
EX18,116,99,215,1358,1334,2692,2021-07-01
EX19,84,115,199,1552,1481,3033,2021-07-01
EX20,844,971,1815,8354,7785,16139,2021-07-01
EX21,131,115,246,1923,1798,3721,2021-07-01
EX22,358,416,774,4657,4265,8922,2021-07-01
EX23,641,712,1353,6153,5878,12031,2021-07-01
EX24,120,141,261,1484,1484,2968,2021-07-01
EX26,0,0,0,0,1,1,2021-07-01
EX31,1032,1236,2268,10358,9754,20112,2021-07-01
EX32,1462,1636,3098,8135,7244,15379,2021-07-01
EX33,369,453,822,3890,3651,7541,2021-07-01
EX34,980,1117,2097,6212,5388,11600,2021-07-01
EX35,78,74,152,683,606,1289,2021-07-01
EX36,345,396,741,3719,3462,7181,2021-07-01
EX37,96,93,189,1653,1527,3180,2021-07-01
EX38,346,390,736,3128,2901,6029,2021-07-01
EX39,1691,2000,3691,14316,13346,27662,2021-07-01
FK1,1546,1987,3533,9558,8225,17783,2021-07-01
FK1,0,0,0,0,1,1,2021-07-01
FK2,2404,2974,5378,17254,15553,32807,2021-07-01
FK3,1075,1295,2370,5292,4388,9680,2021-07-01
FK4,619,819,1438,4701,4253,8954,2021-07-01
FK5,848,1129,1977,7140,6762,13902,2021-07-01
FK6,715,887,1602,4938,4327,9265,2021-07-01
FK7,1691,2209,3900,10160,9407,19567,2021-07-01
FK8,1213,1284,2497,6048,5451,11499,2021-07-01
FK9,656,824,1480,4326,4022,8348,2021-07-01
FK10,2137,2748,4885,12358,10968,23326,2021-07-01
FK11,109,131,240,996,1008,2004,2021-07-01
FK12,248,303,551,1748,1606,3354,2021-07-01
FK13,320,377,697,2140,1843,3983,2021-07-01
FK14,206,201,407,1821,1781,3602,2021-07-01
FK15,487,574,1061,4068,3995,8063,2021-07-01
FK16,80,112,192,906,878,1784,2021-07-01
FK17,164,194,358,1367,1257,2624,2021-07-01
FK18,4,9,13,105,90,195,2021-07-01
FK19,21,28,49,265,221,486,2021-07-01
FK20,32,44,76,160,112,272,2021-07-01
FK21,45,58,103,395,326,721,2021-07-01
FY0,0,0,0,2,2,4,2021-07-01
FY1,3871,3910,7781,9078,5814,14892,2021-07-01
FY2,1508,1667,3175,7945,6843,14788,2021-07-01
FY3,2480,2894,5374,9847,8436,18283,2021-07-01
FY4,2863,3494,6357,14409,12196,26605,2021-07-01
FY5,1836,2039,3875,16262,14925,31187,2021-07-01
FY6,877,1007,1884,11272,10705,21977,2021-07-01
FY7,1972,2247,4219,7785,6299,14084,2021-07-01
FY8,1988,2156,4144,16758,15659,32417,2021-07-01
G1,676,455,1131,1529,795,2324,2021-07-01
G2,355,253,608,585,283,868,2021-07-01
G2,0,1,1,0,0,0,2021-07-01
G3,2112,1788,3900,4948,3292,8240,2021-07-01
G4,1489,1072,2561,2664,1439,4103,2021-07-01
G5,1566,1321,2887,3179,2058,5237,2021-07-01
G6,0,4,4,4,0,4,2021-07-01
G7,1,0,1,4,2,6,2021-07-01
G8,0,0,0,2,0,2,2021-07-01
G9,0,0,0,3,0,3,2021-07-01
G10,0,2,2,0,0,0,2021-07-01
G11,1765,1798,3563,5891,5258,11149,2021-07-01
G12,1873,1751,3624,8110,7305,15415,2021-07-01
G13,2523,2832,5355,9611,8350,17961,2021-07-01
G14,1630,1853,3483,5009,4128,9137,2021-07-01
G15,1874,2124,3998,3910,3207,7117,2021-07-01
G16,2,1,3,0,0,0,2021-07-01
G17,0,0,0,0,1,1,2021-07-01
G18,0,1,1,0,1,1,2021-07-01
G19,1,0,1,0,0,0,2021-07-01
G20,3374,3548,6922,7709,6027,13736,2021-07-01
G21,3483,3856,7339,6509,4306,10815,2021-07-01
G22,2078,2393,4471,4011,2835,6846,2021-07-01
G23,621,776,1397,2076,1776,3852,2021-07-01
G24,1,0,1,0,0,0,2021-07-01
G25,0,2,2,1,0,1,2021-07-01
G26,0,0,0,1,0,1,2021-07-01
G29,0,0,0,1,0,1,2021-07-01
G30,3,0,3,1,0,1,2021-07-01
G31,2985,3158,6143,5833,4173,10006,2021-07-01
G32,2823,3492,6315,10626,8383,19009,2021-07-01
G33,3729,4449,8178,12564,10535,23099,2021-07-01
G34,1116,1340,2456,1710,1229,2939,2021-07-01
G35,1,1,2,0,0,0,2021-07-01
G36,0,2,2,3,0,3,2021-07-01
G38,0,0,0,1,0,1,2021-07-01
G39,0,0,0,0,1,1,2021-07-01
G40,1450,1655,3105,3172,2065,5237,2021-07-01
G41,2903,3089,5992,10571,8722,19293,2021-07-01
G42,4085,3456,7541,8184,5584,13768,2021-07-01
G43,1395,1496,2891,5520,4803,10323,2021-07-01
G44,1900,2312,4212,9105,8287,17392,2021-07-01
G45,1833,2111,3944,3297,2261,5558,2021-07-01
G46,1864,2083,3947,8450,7740,16190,2021-07-01
G47,1,1,2,1,0,1,2021-07-01
G48,2,0,2,1,1,2,2021-07-01
G49,0,0,0,3,0,3,2021-07-01
G50,2,0,2,1,0,1,2021-07-01
G51,3197,3137,6334,5803,3790,9593,2021-07-01
G52,2385,2949,5334,7874,6596,14470,2021-07-01
G53,3097,3652,6749,9699,8286,17985,2021-07-01
G54,1,0,1,2,0,2,2021-07-01
G55,0,2,2,1,1,2,2021-07-01
G56,1,1,2,1,0,1,2021-07-01
G57,0,1,1,0,0,0,2021-07-01
G58,0,0,0,1,0,1,2021-07-01
G60,283,297,580,1883,1826,3709,2021-07-01
G61,1162,1222,2384,10876,10902,21778,2021-07-01
G62,658,683,1341,4908,4895,9803,2021-07-01
G63,346,396,742,3826,3936,7762,2021-07-01
G64,1218,1516,2734,9467,9150,18617,2021-07-01
G65,855,1052,1907,4501,3877,8378,2021-07-01
G66,2049,2508,4557,13720,12832,26552,2021-07-01
G67,2812,3382,6194,10141,8196,18337,2021-07-01
G68,860,973,1833,7224,6913,14137,2021-07-01
G69,1917,2401,4318,12382,11224,23606,2021-07-01
G70,0,0,0,1,0,1,2021-07-01
G71,1572,1987,3559,10759,10149,20908,2021-07-01
G72,3127,3801,6928,16917,15040,31957,2021-07-01
G73,2360,2736,5096,9597,8427,18024,2021-07-01
G74,2076,2508,4584,13178,11667,24845,2021-07-01
G75,2485,3168,5653,13293,11894,25187,2021-07-01
G76,1039,1190,2229,7917,7987,15904,2021-07-01
G77,969,1108,2077,9869,10077,19946,2021-07-01
G78,1510,1864,3374,7827,7102,14929,2021-07-01
G80,1,0,1,0,0,0,2021-07-01
G81,3124,3819,6943,10878,9188,20066,2021-07-01
G82,1665,2086,3751,8596,7657,16253,2021-07-01
G83,1545,2007,3552,7958,7070,15028,2021-07-01
G84,1257,1499,2756,7762,7074,14836,2021-07-01
GL1,3531,3665,7196,11093,7905,18998,2021-07-01
GL1,0,0,0,0,1,1,2021-07-01
GL2,2207,2755,4962,22087,20809,42896,2021-07-01
GL3,1397,1821,3218,12405,11536,23941,2021-07-01
GL4,2578,3224,5802,16774,14970,31744,2021-07-01
GL5,1636,1753,3389,11277,10672,21949,2021-07-01
GL6,901,1014,1915,9820,9763,19583,2021-07-01
GL7,1809,2093,3902,17193,16501,33694,2021-07-01
GL8,296,377,673,3549,3607,7156,2021-07-01
GL9,57,74,131,1087,1045,2132,2021-07-01
GL10,655,636,1291,5716,5358,11074,2021-07-01
GL11,666,821,1487,7261,6837,14098,2021-07-01
GL12,552,512,1064,6201,5881,12082,2021-07-01
GL13,166,187,353,2520,2277,4797,2021-07-01
GL14,761,910,1671,5697,4969,10666,2021-07-01
GL15,793,989,1782,8384,7714,16098,2021-07-01
GL16,525,656,1181,5257,4922,10179,2021-07-01
GL17,403,539,942,4571,4289,8860,2021-07-01
GL18,316,397,713,3339,3043,6382,2021-07-01
GL19,256,228,484,3696,3583,7279,2021-07-01
GL20,1170,1355,2525,11109,10349,21458,2021-07-01
GL50,1377,1625,3002,7442,6266,13708,2021-07-01
GL51,3016,3628,6644,18058,15619,33677,2021-07-01
GL52,2246,2548,4794,17246,16425,33671,2021-07-01
GL53,896,916,1812,7742,7642,15384,2021-07-01
GL54,866,974,1840,9882,9583,19465,2021-07-01
GL55,205,201,406,2307,2365,4672,2021-07-01
GL56,352,401,753,3806,3772,7578,2021-07-01
GU0,0,0,0,0,1,1,2021-07-01
GU1,2255,2373,4628,11439,9906,21345,2021-07-01
GU2,2418,2487,4905,10252,8573,18825,2021-07-01
GU3,467,464,931,4618,4494,9112,2021-07-01
GU4,626,646,1272,6516,6442,12958,2021-07-01
GU5,392,492,884,4335,4505,8840,2021-07-01
GU6,630,625,1255,6033,6118,12151,2021-07-01
GU7,1169,1308,2477,8599,8346,16945,2021-07-01
GU8,650,693,1343,7044,7020,14064,2021-07-01
GU9,1289,1556,2845,11413,11049,22462,2021-07-01
GU10,747,878,1625,9820,9612,19432,2021-07-01
GU11,2000,2276,4276,8965,6934,15899,2021-07-01
GU12,1703,2104,3807,12117,10795,22912,2021-07-01
GU13,718,14,732,343,27,370,2021-07-01
GU14,3294,3776,7070,20998,18434,39432,2021-07-01
GU15,2026,2202,4228,14147,12536,26683,2021-07-01
GU16,1143,1116,2259,9551,8847,18398,2021-07-01
GU17,889,522,1411,5434,4170,9604,2021-07-01
GU18,170,195,365,2919,2894,5813,2021-07-01
GU19,246,239,485,2437,2347,4784,2021-07-01
GU20,126,139,265,1912,1894,3806,2021-07-01
GU21,3254,3516,6770,18912,16640,35552,2021-07-01
GU22,2134,2471,4605,14208,12582,26790,2021-07-01
GU23,249,257,506,2836,2788,5624,2021-07-01
GU24,908,853,1761,7219,7001,14220,2021-07-01
GU25,430,442,872,2781,2843,5624,2021-07-01
GU26,286,283,569,3101,3024,6125,2021-07-01
GU27,797,923,1720,6791,6695,13486,2021-07-01
GU28,278,262,540,2659,2641,5300,2021-07-01
GU29,326,454,780,3808,3911,7719,2021-07-01
GU30,417,455,872,4064,4022,8086,2021-07-01
GU31,428,487,915,4570,4478,9048,2021-07-01
GU32,552,658,1210,4606,4376,8982,2021-07-01
GU33,307,339,646,3287,3230,6517,2021-07-01
GU34,1263,1500,2763,12756,12269,25025,2021-07-01
GU35,1089,1238,2327,9832,8888,18720,2021-07-01
GU36,0,0,0,1,0,1,2021-07-01
GU46,433,468,901,6076,5861,11937,2021-07-01
GU47,715,837,1552,7581,7210,14791,2021-07-01
GU51,895,880,1775,9808,9340,19148,2021-07-01
GU52,510,603,1113,7117,7080,14197,2021-07-01
HA0,13755,11176,24931,18213,11164,29377,2021-07-01
HA1,5528,5629,11157,14957,10932,25889,2021-07-01
HA2,6806,7328,14134,21574,16337,37911,2021-07-01
HA3,9869,9235,19104,29063,21181,50244,2021-07-01
HA4,3108,3505,6613,19352,17428,36780,2021-07-01
HA5,2907,3178,6085,17690,16344,34034,2021-07-01
HA6,1374,1702,3076,9325,8671,17996,2021-07-01
HA7,3494,3736,7230,15394,12761,28155,2021-07-01
HA8,9735,9370,19105,27225,19935,47160,2021-07-01
HA9,11000,8965,19965,19389,12330,31719,2021-07-01
HD1,2862,2500,5362,6062,3675,9737,2021-07-01
HD2,2221,2856,5077,9155,7611,16766,2021-07-01
HD3,1557,2105,3662,10599,9666,20265,2021-07-01
HD4,1948,2437,4385,9348,7818,17166,2021-07-01
HD5,1888,2478,4366,9647,8319,17966,2021-07-01
HD6,1410,1589,2999,9182,8278,17460,2021-07-01
HD7,1061,1360,2421,8231,7554,15785,2021-07-01
HD8,1087,1326,2413,12526,12088,24614,2021-07-01
HD9,1412,1673,3085,13508,12624,26132,2021-07-01
HG1,1778,2108,3886,12214,11149,23363,2021-07-01
HG2,1555,1711,3266,11771,11279,23050,2021-07-01
HG3,998,1100,2098,11064,10768,21832,2021-07-01
HG4,1001,1291,2292,9561,8931,18492,2021-07-01
HG5,667,781,1448,7160,6805,13965,2021-07-01
HP1,1423,1586,3009,9537,8760,18297,2021-07-01
HP2,2609,3231,5840,14733,12529,27262,2021-07-01
HP2,0,0,0,1,0,1,2021-07-01
HP3,1760,2036,3796,12689,11404,24093,2021-07-01
HP4,995,1007,2002,9494,9333,18827,2021-07-01
HP5,1436,1670,3106,9789,9035,18824,2021-07-01
HP6,720,717,1437,5761,5637,11398,2021-07-01
HP7,484,549,1033,4285,4080,8365,2021-07-01
HP8,259,291,550,2920,2968,5888,2021-07-01
HP9,722,792,1514,7078,7135,14213,2021-07-01
HP10,669,737,1406,7787,7781,15568,2021-07-01
HP11,1204,1336,2540,5791,4644,10435,2021-07-01
HP12,1691,2013,3704,8142,6339,14481,2021-07-01
HP13,2870,3405,6275,15940,13404,29344,2021-07-01
HP14,653,700,1353,7251,6887,14138,2021-07-01
HP15,544,590,1134,6965,6846,13811,2021-07-01
HP16,401,418,819,4804,4861,9665,2021-07-01
HP17,366,388,754,4349,4272,8621,2021-07-01
HP18,678,825,1503,8000,7660,15660,2021-07-01
HP19,1524,1972,3496,9000,7636,16636,2021-07-01
HP20,1118,1289,2407,5404,4381,9785,2021-07-01
HP21,2039,2520,4559,12155,10429,22584,2021-07-01
HP22,923,992,1915,11412,11282,22694,2021-07-01
HP23,725,805,1530,6984,6738,13722,2021-07-01
HP25,0,0,0,0,1,1,2021-07-01
HP27,455,485,940,5157,5031,10188,2021-07-01
HR1,1458,1608,3066,12319,11417,23736,2021-07-01
HR2,1980,2410,4390,13677,12174,25851,2021-07-01
HR3,187,237,424,3151,3037,6188,2021-07-01
HR4,1427,1578,3005,10878,9994,20872,2021-07-01
HR5,163,186,349,1858,1649,3507,2021-07-01
HR6,879,1052,1931,7777,7156,14933,2021-07-01
HR7,232,268,500,2981,2686,5667,2021-07-01
HR8,483,603,1086,5504,5215,10719,2021-07-01
HR9,752,863,1615,8459,7925,16384,2021-07-01
HS1,304,349,653,1462,1309,2771,2021-07-01
HS2,543,689,1232,5112,4537,9649,2021-07-01
HS3,52,70,122,486,378,864,2021-07-01
HS4,14,17,31,104,75,179,2021-07-01
HS5,10,12,22,90,84,174,2021-07-01
HS6,56,91,147,630,554,1184,2021-07-01
HS7,70,99,169,459,402,861,2021-07-01
HS8,84,105,189,694,576,1270,2021-07-01
HS9,78,48,126,433,387,820,2021-07-01
HU1,422,307,729,1018,476,1494,2021-07-01
HU2,497,484,981,1043,438,1481,2021-07-01
HU3,3611,3511,7122,7291,4017,11308,2021-07-01
HU4,1588,1944,3532,7411,5981,13392,2021-07-01
HU5,4178,4213,8391,14130,10874,25004,2021-07-01
HU6,2990,3570,6560,8583,6256,14839,2021-07-01
HU7,3347,4063,7410,13721,11212,24933,2021-07-01
HU8,2395,2954,5349,10698,8484,19182,2021-07-01
HU9,3561,4341,7902,10570,7522,18092,2021-07-01
HU10,664,759,1423,7424,7130,14554,2021-07-01
HU11,383,454,837,4987,4542,9529,2021-07-01
HU12,991,1246,2237,9642,8666,18308,2021-07-01
HU13,723,907,1630,5442,4912,10354,2021-07-01
HU14,241,268,509,3437,3391,6828,2021-07-01
HU15,713,922,1635,9368,8932,18300,2021-07-01
HU16,626,755,1381,6018,5574,11592,2021-07-01
HU17,1825,2064,3889,16715,15434,32149,2021-07-01
HU18,427,508,935,3235,2813,6048,2021-07-01
HU19,459,549,1008,2390,1653,4043,2021-07-01
HU20,26,22,48,364,363,727,2021-07-01
HU23,1,0,1,0,0,0,2021-07-01
HU30,1,0,1,0,0,0,2021-07-01
HU41,1,0,1,0,0,0,2021-07-01
HU44,0,0,0,0,1,1,2021-07-01
HX1,2249,2743,4992,6724,4284,11008,2021-07-01
HX2,2247,2926,5173,12383,10534,22917,2021-07-01
HX3,2509,3211,5720,15770,13883,29653,2021-07-01
HX4,449,612,1061,4530,4241,8771,2021-07-01
HX5,597,773,1370,3356,2831,6187,2021-07-01
HX6,1036,1293,2329,6668,5893,12561,2021-07-01
HX7,742,877,1619,4523,4511,9034,2021-07-01
IG1,12667,10607,23274,21746,12873,34619,2021-07-01
IG2,3630,3658,7288,10031,7252,17283,2021-07-01
IG3,5914,5450,11364,13096,8468,21564,2021-07-01
IG4,1074,1102,2176,3741,2760,6501,2021-07-01
IG5,1519,1660,3179,6345,5198,11543,2021-07-01
IG6,2762,3092,5854,10405,8137,18542,2021-07-01
IG7,1521,1821,3342,8200,7232,15432,2021-07-01
IG8,2660,3058,5718,13622,12070,25692,2021-07-01
IG9,634,694,1328,4911,4693,9604,2021-07-01
IG10,1745,2088,3833,11791,11158,22949,2021-07-01
IG11,9912,9668,19580,18077,10799,28876,2021-07-01
IP1,2866,3041,5907,13278,10321,23599,2021-07-01
IP2,2157,2583,4740,10206,7888,18094,2021-07-01
IP3,2032,2492,4524,11716,9428,21144,2021-07-01
IP4,2217,2390,4607,13149,11026,24175,2021-07-01
IP5,595,687,1282,7372,7100,14472,2021-07-01
IP6,478,544,1022,7056,6753,13809,2021-07-01
IP7,534,680,1214,6424,5980,12404,2021-07-01
IP8,328,387,715,4576,4208,8784,2021-07-01
IP9,327,396,723,4622,4418,9040,2021-07-01
IP10,78,87,165,1460,1416,2876,2021-07-01
IP11,1241,1573,2814,11771,10179,21950,2021-07-01
IP12,940,1014,1954,9622,9292,18914,2021-07-01
IP13,620,686,1306,7681,7625,15306,2021-07-01
IP14,1377,1649,3026,15766,14503,30269,2021-07-01
IP15,83,99,182,884,913,1797,2021-07-01
IP16,350,368,718,2512,2244,4756,2021-07-01
IP17,444,556,1000,4769,4660,9429,2021-07-01
IP18,132,154,286,1418,1406,2824,2021-07-01
IP19,314,366,680,4018,3763,7781,2021-07-01
IP20,277,291,568,3254,3043,6297,2021-07-01
IP21,302,343,645,4623,4364,8987,2021-07-01
IP22,903,918,1821,8755,8194,16949,2021-07-01
IP23,228,302,530,3017,2835,5852,2021-07-01
IP24,1946,2355,4301,9387,7550,16937,2021-07-01
IP25,738,860,1598,7346,6642,13988,2021-07-01
IP26,322,351,673,3455,3271,6726,2021-07-01
IP27,969,1156,2125,6099,5445,11544,2021-07-01
IP28,1169,1418,2587,9292,9042,18334,2021-07-01
IP29,234,283,517,3750,3671,7421,2021-07-01
IP30,429,517,946,5823,5589,11412,2021-07-01
IP31,582,747,1329,8177,7930,16107,2021-07-01
IP32,864,1066,1930,5799,5391,11190,2021-07-01
IP33,1226,1420,2646,8075,7235,15310,2021-07-01
IV1,192,177,369,1024,938,1962,2021-07-01
IV2,2447,2980,5427,18038,16621,34659,2021-07-01
IV3,1549,1701,3250,6015,4925,10940,2021-07-01
IV3,0,0,0,0,1,1,2021-07-01
IV4,167,207,374,1816,1665,3481,2021-07-01
IV5,56,53,109,528,514,1042,2021-07-01
IV6,180,219,399,1801,1723,3524,2021-07-01
IV7,199,241,440,2365,2247,4612,2021-07-01
IV8,32,32,64,368,384,752,2021-07-01
IV9,59,66,125,462,449,911,2021-07-01
IV10,105,129,234,1092,1039,2131,2021-07-01
IV11,51,63,114,315,310,625,2021-07-01
IV12,636,806,1442,4634,4330,8964,2021-07-01
IV13,14,20,34,267,229,496,2021-07-01
IV14,59,107,166,844,773,1617,2021-07-01
IV15,343,382,725,1948,1738,3686,2021-07-01
IV16,62,70,132,698,644,1342,2021-07-01
IV17,393,455,848,2121,1852,3973,2021-07-01
IV18,312,396,708,2039,1685,3724,2021-07-01
IV19,232,277,509,1683,1532,3215,2021-07-01
IV20,128,187,315,1164,1058,2222,2021-07-01
IV21,51,62,113,449,404,853,2021-07-01
IV22,49,74,123,627,537,1164,2021-07-01
IV23,38,44,82,352,313,665,2021-07-01
IV24,44,70,114,573,532,1105,2021-07-01
IV25,89,110,199,943,941,1884,2021-07-01
IV26,107,133,240,710,702,1412,2021-07-01
IV27,163,167,330,1404,1223,2627,2021-07-01
IV28,18,14,32,198,188,386,2021-07-01
IV30,1673,2044,3717,12321,11146,23467,2021-07-01
IV31,338,437,775,2545,2273,4818,2021-07-01
IV32,206,209,415,1823,1752,3575,2021-07-01
IV33,1,0,1,1,1,2,2021-07-01
IV34,0,0,0,0,1,1,2021-07-01
IV36,723,950,1673,5908,5409,11317,2021-07-01
IV40,126,172,298,957,864,1821,2021-07-01
IV41,33,19,52,142,126,268,2021-07-01
IV42,18,24,42,196,186,382,2021-07-01
IV43,14,15,29,105,98,203,2021-07-01
IV44,11,9,20,116,99,215,2021-07-01
IV45,14,6,20,121,113,234,2021-07-01
IV46,7,6,13,36,28,64,2021-07-01
IV47,16,21,37,262,214,476,2021-07-01
IV48,0,1,1,39,32,71,2021-07-01
IV49,57,62,119,448,376,824,2021-07-01
IV51,223,290,513,1980,1794,3774,2021-07-01
IV52,18,26,44,118,121,239,2021-07-01
IV53,5,4,9,68,53,121,2021-07-01
IV54,52,73,125,557,477,1034,2021-07-01
IV55,42,51,93,528,482,1010,2021-07-01
IV56,8,7,15,154,121,275,2021-07-01
IV62,0,0,0,1,0,1,2021-07-01
IV63,134,134,268,1022,949,1971,2021-07-01
KA1,1563,1928,3491,9714,8549,18263,2021-07-01
KA2,310,405,715,2481,2255,4736,2021-07-01
KA3,2019,2651,4670,13239,12140,25379,2021-07-01
KA4,261,337,598,1896,1746,3642,2021-07-01
KA5,415,600,1015,3481,3001,6482,2021-07-01
KA6,1012,1291,2303,6435,5598,12033,2021-07-01
KA7,1318,1498,2816,10316,9871,20187,2021-07-01
KA8,1326,1725,3051,5361,4242,9603,2021-07-01
KA9,691,802,1493,5796,5470,11266,2021-07-01
KA10,708,817,1525,6042,5755,11797,2021-07-01
KA11,1179,1603,2782,7124,6312,13436,2021-07-01
KA12,1191,1619,2810,5374,4451,9825,2021-07-01
KA13,1056,1348,2404,5406,4792,10198,2021-07-01
KA14,31,24,55,174,159,333,2021-07-01
KA15,329,409,738,2541,2266,4807,2021-07-01
KA16,194,204,398,1092,871,1963,2021-07-01
KA17,176,227,403,1509,1301,2810,2021-07-01
KA18,1076,1451,2527,6949,5735,12684,2021-07-01
KA19,369,495,864,2631,2336,4967,2021-07-01
KA20,731,888,1619,2586,2142,4728,2021-07-01
KA21,900,996,1896,3776,3255,7031,2021-07-01
KA22,705,979,1684,3340,2945,6285,2021-07-01
KA23,222,277,499,2045,1998,4043,2021-07-01
KA24,323,430,753,2013,1819,3832,2021-07-01
KA25,445,572,1017,2184,1845,4029,2021-07-01
KA26,559,678,1237,3613,3096,6709,2021-07-01
KA27,243,313,556,1812,1741,3553,2021-07-01
KA28,53,76,129,436,364,800,2021-07-01
KA29,66,78,144,614,606,1220,2021-07-01
KA30,489,632,1121,4036,3648,7684,2021-07-01
KT1,2134,2247,4381,7566,6117,13683,2021-07-01
KT2,2601,3009,5610,11780,10696,22476,2021-07-01
KT3,3534,3901,7435,15576,13420,28996,2021-07-01
KT4,1761,1921,3682,11396,10529,21925,2021-07-01
KT5,1479,1581,3060,7554,6605,14159,2021-07-01
KT6,2289,2686,4975,11793,10357,22150,2021-07-01
KT7,527,544,1071,4046,4069,8115,2021-07-01
KT8,1157,1263,2420,7936,7586,15522,2021-07-01
KT9,1486,1639,3125,7709,6992,14701,2021-07-01
KT10,1072,1093,2165,9188,9193,18381,2021-07-01
KT11,1005,1036,2041,7055,7268,14323,2021-07-01
KT12,1999,2141,4140,15157,14723,29880,2021-07-01
KT13,1132,1298,2430,10144,9936,20080,2021-07-01
KT14,680,688,1368,5393,5183,10576,2021-07-01
KT15,1383,1551,2934,11445,10751,22196,2021-07-01
KT16,953,1133,2086,7788,7295,15083,2021-07-01
KT17,1304,1308,2612,9689,8965,18654,2021-07-01
KT18,810,936,1746,6500,6545,13045,2021-07-01
KT19,2282,2624,4906,13343,12416,25759,2021-07-01
KT20,777,979,1756,8599,8439,17038,2021-07-01
KT21,487,609,1096,5461,5465,10926,2021-07-01
KT22,1221,1291,2512,10056,9565,19621,2021-07-01
KT23,384,402,786,4517,4473,8990,2021-07-01
KT24,328,299,627,3893,3931,7824,2021-07-01
KW1,480,557,1037,3790,3279,7069,2021-07-01
KW2,5,2,7,31,25,56,2021-07-01
KW3,35,42,77,412,366,778,2021-07-01
KW5,8,13,21,127,111,238,2021-07-01
KW6,14,12,26,161,115,276,2021-07-01
KW7,2,4,6,46,35,81,2021-07-01
KW8,26,38,64,309,271,580,2021-07-01
KW9,68,100,168,639,566,1205,2021-07-01
KW10,74,85,159,607,528,1135,2021-07-01
KW11,6,8,14,55,42,97,2021-07-01
KW12,49,63,112,640,581,1221,2021-07-01
KW13,2,2,4,36,31,67,2021-07-01
KW14,665,762,1427,4300,3664,7964,2021-07-01
KW15,452,523,975,2908,2681,5589,2021-07-01
KW16,161,215,376,1315,1240,2555,2021-07-01
KW17,380,425,805,3593,3270,6863,2021-07-01
KY1,1515,1854,3369,8342,7021,15363,2021-07-01
KY2,1627,2151,3778,10195,9016,19211,2021-07-01
KY3,533,688,1221,3873,3607,7480,2021-07-01
KY4,1244,1659,2903,7575,6372,13947,2021-07-01
KY5,1118,1586,2704,6465,5312,11777,2021-07-01
KY6,1107,1424,2531,6184,5400,11584,2021-07-01
KY7,1569,1851,3420,9084,8061,17145,2021-07-01
KY8,1941,2501,4442,11319,9835,21154,2021-07-01
KY9,77,79,156,715,726,1441,2021-07-01
KY10,411,511,922,3299,3101,6400,2021-07-01
KY11,3551,4218,7769,21580,19488,41068,2021-07-01
KY12,2063,2337,4400,14217,12775,26992,2021-07-01
KY13,415,451,866,4756,4676,9432,2021-07-01
KY14,239,316,555,2604,2396,5000,2021-07-01
KY15,807,1067,1874,7968,7560,15528,2021-07-01
KY16,1220,1414,2634,6268,5714,11982,2021-07-01
L1,779,664,1443,1566,932,2498,2021-07-01
L2,132,78,210,278,142,420,2021-07-01
L3,1318,1201,2519,3531,2236,5767,2021-07-01
L4,4339,5242,9581,9699,6715,16414,2021-07-01
L5,1618,1957,3575,3262,1949,5211,2021-07-01
L6,3237,3102,6339,5283,3015,8298,2021-07-01
L7,2804,2507,5311,3887,2042,5929,2021-07-01
L8,4840,4878,9718,7380,4575,11955,2021-07-01
L9,2550,3266,5816,9033,7027,16060,2021-07-01
L10,963,1345,2308,4937,4151,9088,2021-07-01
L11,2699,3627,6326,7248,5531,12779,2021-07-01
L12,1765,2255,4020,10571,9532,20103,2021-07-01
L13,2982,3502,6484,8017,5913,13930,2021-07-01
L14,2306,3188,5494,7618,6325,13943,2021-07-01
L15,2710,2774,5484,7131,5452,12583,2021-07-01
L16,735,879,1614,5313,4875,10188,2021-07-01
L17,1722,1802,3524,7098,6062,13160,2021-07-01
L18,1393,1648,3041,8769,8116,16885,2021-07-01
L19,1658,1954,3612,7549,6616,14165,2021-07-01
L20,3446,4058,7504,8294,5824,14118,2021-07-01
L21,2100,2743,4843,6761,5286,12047,2021-07-01
L22,1016,1133,2149,4364,3753,8117,2021-07-01
L23,1686,2024,3710,10871,10067,20938,2021-07-01
L24,1434,1965,3399,4705,3594,8299,2021-07-01
L25,2084,2494,4578,11512,10185,21697,2021-07-01
L26,1115,1353,2468,5090,4547,9637,2021-07-01
L27,572,832,1404,1747,1352,3099,2021-07-01
L28,678,885,1563,1687,1130,2817,2021-07-01
L29,23,22,45,210,198,408,2021-07-01
L30,1586,2100,3686,5606,4500,10106,2021-07-01
L31,1348,1518,2866,11364,10502,21866,2021-07-01
L32,1874,2436,4310,5808,4440,10248,2021-07-01
L33,1673,2253,3926,5091,4003,9094,2021-07-01
L34,719,846,1565,4751,4006,8757,2021-07-01
L35,1825,2503,4328,10357,8694,19051,2021-07-01
L36,3279,4468,7747,12482,10365,22847,2021-07-01
L37,958,1033,1991,8923,8741,17664,2021-07-01
L38,94,92,186,1031,1041,2072,2021-07-01
L39,1151,1220,2371,9812,9335,19147,2021-07-01
L40,617,667,1284,7635,7133,14768,2021-07-01
L41,108,122,230,93,48,141,2021-07-01
L42,58,41,99,70,25,95,2021-07-01
L43,83,121,204,129,104,233,2021-07-01
L44,46,30,76,58,23,81,2021-07-01
L45,20,23,43,52,35,87,2021-07-01
L46,16,24,40,63,26,89,2021-07-01
L47,15,12,27,36,27,63,2021-07-01
L48,12,13,25,46,37,83,2021-07-01
L49,23,32,55,55,41,96,2021-07-01
L52,0,1,1,0,0,0,2021-07-01
L60,4,14,18,85,77,162,2021-07-01
L61,11,12,23,38,43,81,2021-07-01
L62,26,28,54,60,40,100,2021-07-01
L63,18,18,36,68,37,105,2021-07-01
L64,26,21,47,95,85,180,2021-07-01
L65,23,23,46,50,27,77,2021-07-01
L66,25,28,53,108,84,192,2021-07-01
L67,0,1,1,0,0,0,2021-07-01
L69,17,5,22,25,6,31,2021-07-01
L71,0,1,1,0,0,0,2021-07-01
LA1,3643,4168,7811,14681,12513,27194,2021-07-01
LA2,718,773,1491,8467,8185,16652,2021-07-01
LA3,1552,1747,3299,8854,7733,16587,2021-07-01
LA4,1584,1833,3417,8521,7208,15729,2021-07-01
LA5,525,656,1181,6328,6099,12427,2021-07-01
LA6,347,414,761,5501,5454,10955,2021-07-01
LA7,157,163,320,2011,1964,3975,2021-07-01
LA8,207,255,462,3831,3655,7486,2021-07-01
LA9,1298,1540,2838,11334,10483,21817,2021-07-01
LA10,116,108,224,1359,1328,2687,2021-07-01
LA11,270,313,583,3942,3880,7822,2021-07-01
LA12,740,847,1587,7784,7175,14959,2021-07-01
LA13,1100,1308,2408,6644,5845,12489,2021-07-01
LA14,2689,3116,5805,11389,9201,20590,2021-07-01
LA15,356,466,822,2722,2400,5122,2021-07-01
LA16,106,133,239,1321,1151,2472,2021-07-01
LA17,19,38,57,493,452,945,2021-07-01
LA18,386,479,865,2791,2360,5151,2021-07-01
LA19,21,38,59,419,397,816,2021-07-01
LA20,16,36,52,519,492,1011,2021-07-01
LA21,32,45,77,407,368,775,2021-07-01
LA22,240,246,486,1795,1637,3432,2021-07-01
LA23,469,461,930,3213,2930,6143,2021-07-01
LD0,0,0,0,1,0,1,2021-07-01
LD1,383,482,865,4402,3959,8361,2021-07-01
LD2,159,188,347,2157,2024,4181,2021-07-01
LD3,782,843,1625,7442,6861,14303,2021-07-01
LD4,21,23,44,305,288,593,2021-07-01
LD5,32,39,71,433,397,830,2021-07-01
LD6,87,128,215,1078,968,2046,2021-07-01
LD7,138,172,310,1815,1642,3457,2021-07-01
LD8,104,139,243,1818,1701,3519,2021-07-01
LE1,2044,1859,3903,2857,1405,4262,2021-07-01
LE2,10210,11212,21422,34794,27494,62288,2021-07-01
LE3,9031,10190,19221,32486,24505,56991,2021-07-01
LE4,10712,12684,23396,31877,23562,55439,2021-07-01
LE5,9843,11227,21070,28017,20418,48435,2021-07-01
LE6,368,480,848,4685,4348,9033,2021-07-01
LE7,1536,1932,3468,19281,18108,37389,2021-07-01
LE8,1166,1473,2639,14954,14519,29473,2021-07-01
LE9,1991,2466,4457,22560,20851,43411,2021-07-01
LE10,1969,2343,4312,19563,17601,37164,2021-07-01
LE11,4243,4306,8549,19250,14791,34041,2021-07-01
LE12,2253,2788,5041,25568,24257,49825,2021-07-01
LE13,1185,1465,2650,9784,8651,18435,2021-07-01
LE14,450,557,1007,7394,7148,14542,2021-07-01
LE15,1112,1405,2517,13004,12272,25276,2021-07-01
LE16,1331,1555,2886,14083,13444,27527,2021-07-01
LE17,666,765,1431,9203,8589,17792,2021-07-01
LE18,1540,2015,3555,11527,10091,21618,2021-07-01
LE19,518,702,1220,5932,5612,11544,2021-07-01
LE56,0,0,0,1,0,1,2021-07-01
LE61,0,0,0,1,0,1,2021-07-01
LE62,0,1,1,0,0,0,2021-07-01
LE65,603,694,1297,6325,5871,12196,2021-07-01
LE67,2515,3183,5698,23529,20841,44370,2021-07-01
LL1,2,1,3,6,5,11,2021-07-01
LL2,0,0,0,3,0,3,2021-07-01
LL10,0,0,0,1,0,1,2021-07-01
LL11,1975,2491,4466,13141,11297,24438,2021-07-01
LL12,1280,1460,2740,10391,9461,19852,2021-07-01
LL13,2443,2787,5230,10766,8830,19596,2021-07-01
LL14,1805,2555,4360,10814,9112,19926,2021-07-01
LL15,412,477,889,3973,3773,7746,2021-07-01
LL16,695,842,1537,5485,5135,10620,2021-07-01
LL17,191,231,422,2090,2029,4119,2021-07-01
LL18,2741,3364,6105,13682,11832,25514,2021-07-01
LL19,1020,1286,2306,7052,6309,13361,2021-07-01
LL20,402,383,785,3094,2765,5859,2021-07-01
LL21,221,277,498,2551,2286,4837,2021-07-01
LL22,725,910,1635,6811,6252,13063,2021-07-01
LL23,138,138,276,1555,1345,2900,2021-07-01
LL24,54,78,132,833,702,1535,2021-07-01
LL25,27,12,39,185,179,364,2021-07-01
LL26,196,244,440,1578,1378,2956,2021-07-01
LL27,36,48,84,305,273,578,2021-07-01
LL28,527,683,1210,5080,4810,9890,2021-07-01
LL29,1274,1499,2773,6715,5900,12615,2021-07-01
LL30,1196,1405,2601,7135,6355,13490,2021-07-01
LL31,425,517,942,3563,3429,6992,2021-07-01
LL32,306,398,704,2460,2309,4769,2021-07-01
LL33,199,231,430,1359,1273,2632,2021-07-01
LL34,204,290,494,1519,1423,2942,2021-07-01
LL35,24,31,55,298,248,546,2021-07-01
LL36,153,216,369,1626,1433,3059,2021-07-01
LL37,15,19,34,239,189,428,2021-07-01
LL38,16,38,54,277,222,499,2021-07-01
LL39,10,17,27,87,67,154,2021-07-01
LL40,160,199,359,1553,1371,2924,2021-07-01
LL41,330,421,751,2077,1727,3804,2021-07-01
LL42,144,173,317,763,646,1409,2021-07-01
LL43,16,16,32,209,189,398,2021-07-01
LL44,23,35,58,361,363,724,2021-07-01
LL45,26,19,45,239,214,453,2021-07-01
LL46,60,63,123,675,621,1296,2021-07-01
LL47,15,34,49,223,199,422,2021-07-01
LL48,106,125,231,877,802,1679,2021-07-01
LL49,236,219,455,1489,1233,2722,2021-07-01
LL51,28,31,59,333,289,622,2021-07-01
LL52,91,105,196,966,949,1915,2021-07-01
LL53,545,615,1160,6018,5519,11537,2021-07-01
LL54,475,523,998,4060,3699,7759,2021-07-01
LL55,1071,1276,2347,7176,6507,13683,2021-07-01
LL56,117,100,217,821,774,1595,2021-07-01
LL57,1939,1947,3886,7473,6393,13866,2021-07-01
LL58,150,203,353,1383,1240,2623,2021-07-01
LL59,283,257,540,2009,1941,3950,2021-07-01
LL60,107,133,240,1180,1087,2267,2021-07-01
LL61,223,241,464,2228,2137,4365,2021-07-01
LL62,72,53,125,716,644,1360,2021-07-01
LL63,55,61,116,494,444,938,2021-07-01
LL64,34,30,64,300,272,572,2021-07-01
LL65,1351,1588,2939,8094,7064,15158,2021-07-01
LL66,8,8,16,104,100,204,2021-07-01
LL67,48,84,132,507,442,949,2021-07-01
LL68,256,335,591,2249,1974,4223,2021-07-01
LL69,24,31,55,289,230,519,2021-07-01
LL70,10,13,23,117,122,239,2021-07-01
LL71,73,80,153,699,641,1340,2021-07-01
LL72,38,48,86,265,239,504,2021-07-01
LL73,1,1,2,94,97,191,2021-07-01
LL74,75,69,144,932,917,1849,2021-07-01
LL75,56,47,103,553,529,1082,2021-07-01
LL76,10,11,21,125,109,234,2021-07-01
LL77,315,424,739,2495,2308,4803,2021-07-01
LL78,16,18,34,191,203,394,2021-07-01
LN1,1367,1530,2897,9641,8529,18170,2021-07-01
LN2,2418,2847,5265,13176,11543,24719,2021-07-01
LN3,317,391,708,3899,3561,7460,2021-07-01
LN4,1363,1730,3093,15185,13918,29103,2021-07-01
LN5,2141,2275,4416,11256,9334,20590,2021-07-01
LN6,2762,3370,6132,21269,19314,40583,2021-07-01
LN7,220,260,480,2572,2396,4968,2021-07-01
LN8,583,734,1317,6990,6375,13365,2021-07-01
LN9,366,416,782,3856,3548,7404,2021-07-01
LN10,148,191,339,2492,2308,4800,2021-07-01
LN11,1152,1388,2540,10902,10203,21105,2021-07-01
LN12,610,718,1328,4851,3909,8760,2021-07-01
LN13,334,372,706,3155,2893,6048,2021-07-01
LS0,0,1,1,0,0,0,2021-07-01
LS1,334,334,668,872,484,1356,2021-07-01
LS2,1051,851,1902,1368,675,2043,2021-07-01
LS3,357,359,716,523,287,810,2021-07-01
LS4,874,892,1766,2190,1544,3734,2021-07-01
LS5,635,814,1449,2332,1855,4187,2021-07-01
LS6,3519,3414,6933,8518,6394,14912,2021-07-01
LS7,3279,3783,7062,8455,6789,15244,2021-07-01
LS8,5015,5406,10421,14863,11608,26471,2021-07-01
LS9,4909,5626,10535,9324,5282,14606,2021-07-01
LS10,3185,4271,7456,10276,7483,17759,2021-07-01
LS11,4296,4801,9097,9262,5471,14733,2021-07-01
LS12,3539,4239,7778,12080,8863,20943,2021-07-01
LS13,2702,3622,6324,10787,8688,19475,2021-07-01
LS14,2870,3818,6688,10520,8510,19030,2021-07-01
LS15,1936,2335,4271,12475,10801,23276,2021-07-01
LS16,1888,2229,4117,13036,12180,25216,2021-07-01
LS17,1921,2553,4474,16564,15550,32114,2021-07-01
LS18,1351,1150,2501,8210,7112,15322,2021-07-01
LS19,898,1064,1962,7287,6830,14117,2021-07-01
LS20,519,617,1136,4725,4513,9238,2021-07-01
LS21,765,893,1658,6874,6518,13392,2021-07-01
LS22,502,585,1087,6504,6382,12886,2021-07-01
LS23,304,336,640,3423,3444,6867,2021-07-01
LS24,396,503,899,4656,4414,9070,2021-07-01
LS25,1703,2233,3936,15634,14335,29969,2021-07-01
LS26,1417,1919,3336,10843,9837,20680,2021-07-01
LS27,2005,2622,4627,12756,10818,23574,2021-07-01
LS28,1884,2514,4398,14074,12822,26896,2021-07-01
LS29,1109,1248,2357,12522,12483,25005,2021-07-01
LS42,0,0,0,0,1,1,2021-07-01
LU1,7118,6166,13284,15104,9455,24559,2021-07-01
LU2,4643,5366,10009,21792,17288,39080,2021-07-01
LU3,5713,6929,12642,21672,15910,37582,2021-07-01
LU4,5737,6946,12683,17930,12155,30085,2021-07-01
LU5,2357,3024,5381,15128,12455,27583,2021-07-01
LU6,1440,1814,3254,13447,11853,25300,2021-07-01
LU7,2296,2730,5026,23156,21209,44365,2021-07-01
M0,17,7,24,21,9,30,2021-07-01
M1,1156,842,1998,2576,1262,3838,2021-07-01
M2,19,14,33,58,28,86,2021-07-01
M3,1367,1194,2561,3971,2320,6291,2021-07-01
M4,1275,1061,2336,3943,2552,6495,2021-07-01
M4,0,0,0,1,0,1,2021-07-01
M4,0,0,0,1,0,1,2021-07-01
M5,2117,2140,4257,4976,3256,8232,2021-07-01
M6,3641,3630,7271,9625,6825,16450,2021-07-01
M7,3817,3262,7079,8376,5577,13953,2021-07-01
M8,5228,4735,9963,10153,5794,15947,2021-07-01
M9,4552,5520,10072,11250,8262,19512,2021-07-01
M10,81,66,147,60,19,79,2021-07-01
M11,2937,3514,6451,5871,3931,9802,2021-07-01
M12,3342,2881,6223,4947,2652,7599,2021-07-01
M13,4218,3435,7653,5923,3088,9011,2021-07-01
M14,6875,5815,12690,10661,6455,17116,2021-07-01
M15,2919,2354,5273,5640,3110,8750,2021-07-01
M16,4181,4400,8581,11266,8404,19670,2021-07-01
M17,3,5,8,16,4,20,2021-07-01
M18,2995,3465,6460,6240,4127,10367,2021-07-01
M19,4255,4242,8497,11259,8293,19552,2021-07-01
M20,3653,3974,7627,15628,13715,29343,2021-07-01
M21,2341,2607,4948,9795,8758,18553,2021-07-01
M22,4080,4956,9036,12225,9578,21803,2021-07-01
M23,2748,3340,6088,9300,7776,17076,2021-07-01
M24,3574,4319,7893,15693,12897,28590,2021-07-01
M25,2075,2360,4435,10857,9476,20333,2021-07-01
M26,2238,2779,5017,11931,10331,22262,2021-07-01
M27,2617,3053,5670,13553,11691,25244,2021-07-01
M28,2057,2389,4446,15295,13998,29293,2021-07-01
M29,1074,1254,2328,8699,7954,16653,2021-07-01
M30,3026,3417,6443,11992,9391,21383,2021-07-01
M31,744,904,1648,2463,2126,4589,2021-07-01
M32,2264,2644,4908,9328,8099,17427,2021-07-01
M33,3183,3522,6705,22046,20340,42386,2021-07-01
M34,2794,3306,6100,16120,13883,30003,2021-07-01
M35,1382,1647,3029,6809,5733,12542,2021-07-01
M38,1222,1650,2872,3689,2782,6471,2021-07-01
M39,0,1,1,1,0,1,2021-07-01
M40,4715,5571,10286,11938,8609,20547,2021-07-01
M41,2084,2287,4371,14950,14011,28961,2021-07-01
M43,1577,2125,3702,7700,6214,13914,2021-07-01
M44,1162,1486,2648,6649,5666,12315,2021-07-01
M45,1426,1719,3145,7739,7032,14771,2021-07-01
M46,1239,1513,2752,7523,6308,13831,2021-07-01
M47,1,0,1,0,0,0,2021-07-01
M50,405,399,804,1607,965,2572,2021-07-01
M51,0,0,0,1,0,1,2021-07-01
M52,0,0,0,1,0,1,2021-07-01
M54,0,0,0,1,0,1,2021-07-01
M60,38,16,54,60,14,74,2021-07-01
M61,0,0,0,1,0,1,2021-07-01
M70,4,0,4,4,1,5,2021-07-01
M73,0,0,0,1,0,1,2021-07-01
M74,0,0,0,2,0,2,2021-07-01
M87,0,1,1,0,0,0,2021-07-01
M90,1,0,1,1,0,1,2021-07-01
ME1,1974,2433,4407,11245,9731,20976,2021-07-01
ME2,2458,3064,5522,14884,12884,27768,2021-07-01
ME3,1175,1440,2615,11513,10645,22158,2021-07-01
ME4,3101,3360,6461,10051,7296,17347,2021-07-01
ME5,2686,3524,6210,18854,16673,35527,2021-07-01
ME6,544,699,1243,4004,3733,7737,2021-07-01
ME7,4234,5163,9397,16749,13400,30149,2021-07-01
ME8,2317,2766,5083,18454,16867,35321,2021-07-01
ME9,886,990,1876,9059,8432,17491,2021-07-01
ME10,2958,3481,6439,17377,15088,32465,2021-07-01
ME11,301,364,665,1220,978,2198,2021-07-01
ME12,2335,2945,5280,13884,11561,25445,2021-07-01
ME13,1478,1724,3202,10236,9459,19695,2021-07-01
ME14,1670,1862,3532,12379,10640,23019,2021-07-01
ME15,2880,3426,6306,18476,15841,34317,2021-07-01
ME16,1725,2152,3877,12096,10438,22534,2021-07-01
ME17,909,999,1908,10718,9914,20632,2021-07-01
ME18,241,274,515,3022,2787,5809,2021-07-01
ME19,835,991,1826,9311,9245,18556,2021-07-01
ME20,887,1010,1897,8016,7600,15616,2021-07-01
ME21,0,0,0,1,0,1,2021-07-01
ME22,0,0,0,1,0,1,2021-07-01
ME24,0,1,1,1,4,5,2021-07-01
ME37,0,0,0,0,1,1,2021-07-01
ME38,0,0,0,1,0,1,2021-07-01
ME50,0,0,0,1,0,1,2021-07-01
MK1,72,64,136,290,159,449,2021-07-01
MK2,1547,1986,3533,4960,3708,8668,2021-07-01
MK3,1517,1969,3486,9230,8243,17473,2021-07-01
MK4,1292,1606,2898,8179,7696,15875,2021-07-01
MK5,1007,1163,2170,5606,5106,10712,2021-07-01
MK6,3906,4374,8280,9064,6211,15275,2021-07-01
MK7,886,1015,1901,5625,5071,10696,2021-07-01
MK8,819,1105,1924,5195,4583,9778,2021-07-01
MK9,620,509,1129,1466,743,2209,2021-07-01
MK10,1215,1540,2755,7311,6622,13933,2021-07-01
MK11,573,771,1344,3509,3135,6644,2021-07-01
MK12,1237,1451,2688,4760,3635,8395,2021-07-01
MK13,1707,1950,3657,6700,5329,12029,2021-07-01
MK14,1935,2283,4218,7564,5808,13372,2021-07-01
MK15,425,448,873,2763,2598,5361,2021-07-01
MK16,781,938,1719,7247,6779,14026,2021-07-01
MK17,607,686,1293,8068,7995,16063,2021-07-01
MK18,1661,1694,3355,13038,12609,25647,2021-07-01
MK19,415,477,892,4926,4681,9607,2021-07-01
MK20,0,1,1,0,0,0,2021-07-01
MK34,1,0,1,1,0,1,2021-07-01
MK40,3281,3213,6494,12272,9204,21476,2021-07-01
MK41,2509,2843,5352,15297,13931,29228,2021-07-01
MK42,3828,5053,8881,17802,14352,32154,2021-07-01
MK43,1591,1550,3141,15623,15070,30693,2021-07-01
MK44,497,541,1038,6790,6643,13433,2021-07-01
MK45,1697,1862,3559,19026,18187,37213,2021-07-01
MK46,290,346,636,3664,3549,7213,2021-07-01
ML1,3483,4445,7928,18553,15517,34070,2021-07-01
ML2,2465,3025,5490,12298,10303,22601,2021-07-01
ML3,3259,3989,7248,17560,14989,32549,2021-07-01
ML4,1578,2082,3660,6727,5492,12219,2021-07-01
ML5,3141,3887,7028,14273,11813,26086,2021-07-01
ML6,3239,4114,7353,18104,15478,33582,2021-07-01
ML7,820,1080,1900,5044,4202,9246,2021-07-01
ML8,749,1038,1787,7171,6599,13770,2021-07-01
ML9,1311,1741,3052,8091,7055,15146,2021-07-01
ML10,454,494,948,4394,4272,8666,2021-07-01
ML11,1462,1986,3448,12496,11180,23676,2021-07-01
ML12,255,431,686,3542,3283,6825,2021-07-01
N0,1,0,1,1,0,1,2021-07-01
N1,11546,12767,24313,25796,18905,44701,2021-07-01
N1,109,145,254,288,209,497,2021-07-01
N1,0,1,1,0,1,1,2021-07-01
N1,0,1,1,0,0,0,2021-07-01
N1,1,0,1,0,0,0,2021-07-01
N1,0,0,0,0,1,1,2021-07-01
N2,2447,2667,5114,9040,8026,17066,2021-07-01
N2,0,0,0,0,1,1,2021-07-01
N3,2703,2963,5666,11555,9856,21411,2021-07-01
N4,7998,7665,15663,15703,11027,26730,2021-07-01
N5,2730,2999,5729,7658,6168,13826,2021-07-01
N6,1633,1913,3546,6996,6296,13292,2021-07-01
N7,6571,6932,13503,13254,9201,22455,2021-07-01
N8,5224,5178,10402,13274,10635,23909,2021-07-01
N9,7768,8945,16713,15477,10804,26281,2021-07-01
N10,2770,3134,5904,9268,8184,17452,2021-07-01
N11,3392,3723,7115,10845,8272,19117,2021-07-01
N12,2991,3347,6338,12317,10351,22668,2021-07-01
N13,3666,3722,7388,12233,9329,21562,2021-07-01
N14,2332,2750,5082,12008,10112,22120,2021-07-01
N15,8963,7947,16910,13622,7846,21468,2021-07-01
N16,9951,9266,19217,17665,11894,29559,2021-07-01
N17,13266,12985,26251,19019,11624,30643,2021-07-01
N18,5438,5951,11389,9725,6470,16195,2021-07-01
N19,4594,5250,9844,9820,7682,17502,2021-07-01
N20,1520,1677,3197,8033,7350,15383,2021-07-01
N21,1472,1647,3119,8959,8245,17204,2021-07-01
N22,7187,6767,13954,14661,9684,24345,2021-07-01
NE1,1010,750,1760,1877,832,2709,2021-07-01
NE2,1678,1446,3124,5452,4007,9459,2021-07-01
NE2,0,0,0,1,0,1,2021-07-01
NE3,3216,4007,7223,17612,15328,32940,2021-07-01
NE4,5794,4821,10615,9374,4946,14320,2021-07-01
NE5,3378,4549,7927,14442,11181,25623,2021-07-01
NE6,4888,5455,10343,11813,8227,20040,2021-07-01
NE7,870,1103,1973,5177,4405,9582,2021-07-01
NE8,3472,3356,6828,8218,4884,13102,2021-07-01
NE9,2350,3078,5428,10949,8728,19677,2021-07-01
NE10,2498,3304,5802,9842,7209,17051,2021-07-01
NE11,1001,1348,2349,5052,3948,9000,2021-07-01
NE12,2109,2794,4903,11427,9793,21220,2021-07-01
NE13,689,829,1518,6740,6371,13111,2021-07-01
NE15,2384,3020,5404,10128,7998,18126,2021-07-01
NE16,1072,1469,2541,8704,7629,16333,2021-07-01
NE17,279,353,632,1456,1218,2674,2021-07-01
NE18,26,28,54,386,371,757,2021-07-01
NE19,45,76,121,853,827,1680,2021-07-01
NE20,351,372,723,5162,5114,10276,2021-07-01
NE21,1012,1349,2361,5615,4536,10151,2021-07-01
NE22,913,1111,2024,6049,5313,11362,2021-07-01
NE23,1996,2740,4736,13585,11673,25258,2021-07-01
NE24,2230,3105,5335,12524,10483,23007,2021-07-01
NE25,1317,1602,2919,10763,10057,20820,2021-07-01
NE26,948,985,1933,6819,6431,13250,2021-07-01
NE27,764,1064,1828,5086,4530,9616,2021-07-01
NE28,3418,4467,7885,13374,10532,23906,2021-07-01
NE29,2668,3316,5984,10199,8277,18476,2021-07-01
NE30,937,1118,2055,7773,7256,15029,2021-07-01
NE31,1404,1797,3201,6638,5480,12118,2021-07-01
NE32,1721,2241,3962,7307,5772,13079,2021-07-01
NE33,2395,2321,4716,7844,5586,13430,2021-07-01
NE34,3378,4387,7765,15410,12691,28101,2021-07-01
NE35,393,504,897,2063,1691,3754,2021-07-01
NE36,268,318,586,2452,2355,4807,2021-07-01
NE37,1441,2002,3443,5803,4587,10390,2021-07-01
NE38,1897,2535,4432,10680,9034,19714,2021-07-01
NE39,375,524,899,3043,2631,5674,2021-07-01
NE40,694,1034,1728,5321,4682,10003,2021-07-01
NE41,82,71,153,880,831,1711,2021-07-01
NE42,611,865,1476,4257,3913,8170,2021-07-01
NE43,126,151,277,1760,1748,3508,2021-07-01
NE44,30,27,57,415,428,843,2021-07-01
NE45,111,138,249,1415,1417,2832,2021-07-01
NE46,636,788,1424,5555,5339,10894,2021-07-01
NE47,259,299,558,3108,2933,6041,2021-07-01
NE48,128,181,309,1739,1548,3287,2021-07-01
NE49,158,276,434,1568,1257,2825,2021-07-01
NE55,0,0,0,1,0,1,2021-07-01
NE61,1242,1658,2900,12741,11910,24651,2021-07-01
NE62,441,583,1024,3135,2728,5863,2021-07-01
NE63,1798,2327,4125,8675,6984,15659,2021-07-01
NE64,367,513,880,1831,1433,3264,2021-07-01
NE65,712,922,1634,7849,7311,15160,2021-07-01
NE66,597,831,1428,6612,6102,12714,2021-07-01
NE67,27,20,47,383,372,755,2021-07-01
NE68,54,69,123,689,618,1307,2021-07-01
NE69,9,10,19,126,141,267,2021-07-01
NE70,55,78,133,696,680,1376,2021-07-01
NE71,90,117,207,1169,1067,2236,2021-07-01
NE99,4,0,4,4,0,4,2021-07-01
NG1,1235,1070,2305,2078,1128,3206,2021-07-01
NG1,0,0,0,0,1,1,2021-07-01
NG2,4416,4706,9122,18450,15334,33784,2021-07-01
NG3,4219,5212,9431,14781,11346,26127,2021-07-01
NG4,2277,2942,5219,13771,11903,25674,2021-07-01
NG5,6215,8178,14393,27230,23176,50406,2021-07-01
NG6,3182,4315,7497,10496,8136,18632,2021-07-01
NG7,6351,5884,12235,10516,5640,16156,2021-07-01
NG8,5318,7230,12548,18946,14878,33824,2021-07-01
NG9,4337,4908,9245,24607,21209,45816,2021-07-01
NG10,2592,3134,5726,16282,14103,30385,2021-07-01
NG11,2500,3146,5646,12059,10035,22094,2021-07-01
NG12,1311,1590,2901,13252,12599,25851,2021-07-01
NG13,726,839,1565,8492,8166,16658,2021-07-01
NG14,606,779,1385,7506,7136,14642,2021-07-01
NG15,2044,2745,4789,15493,13664,29157,2021-07-01
NG16,2844,3650,6494,23120,20238,43358,2021-07-01
NG17,4035,4921,8956,24524,20884,45408,2021-07-01
NG18,2802,3025,5827,14467,12168,26635,2021-07-01
NG19,2760,3434,6194,18310,15598,33908,2021-07-01
NG20,1641,2194,3835,8901,7062,15963,2021-07-01
NG21,1015,1310,2325,8616,7717,16333,2021-07-01
NG22,1207,1474,2681,10404,9400,19804,2021-07-01
NG23,464,494,958,7554,7415,14969,2021-07-01
NG24,2608,3244,5852,16492,13935,30427,2021-07-01
NG25,311,360,671,3332,3357,6689,2021-07-01
NG31,2600,3270,5870,16094,13582,29676,2021-07-01
NG32,407,450,857,5469,5237,10706,2021-07-01
NG33,310,356,666,4079,3827,7906,2021-07-01
NG34,1664,1904,3568,15887,14810,30697,2021-07-01
NG36,0,0,0,1,0,1,2021-07-01
NG54,0,1,1,0,0,0,2021-07-01
NG56,0,0,0,1,0,1,2021-07-01
NN1,4388,3767,8155,10350,6391,16741,2021-07-01
NN2,3312,3437,6749,13910,11032,24942,2021-07-01
NN3,5584,6834,12418,26935,22441,49376,2021-07-01
NN4,2784,3338,6122,18410,16285,34695,2021-07-01
NN5,2739,3315,6054,14969,12270,27239,2021-07-01
NN6,1077,1174,2251,14934,14440,29374,2021-07-01
NN7,877,1024,1901,12009,11484,23493,2021-07-01
NN8,3934,4570,8504,18213,14544,32757,2021-07-01
NN9,1131,1361,2492,10850,9834,20684,2021-07-01
NN10,1846,2218,4064,14839,13302,28141,2021-07-01
NN11,1986,2545,4531,15367,13204,28571,2021-07-01
NN12,869,994,1863,10563,9923,20486,2021-07-01
NN13,690,842,1532,8453,7903,16356,2021-07-01
NN14,1509,1792,3301,17817,16761,34578,2021-07-01
NN15,1685,2114,3799,14659,13400,28059,2021-07-01
NN16,2440,2808,5248,10348,7688,18036,2021-07-01
NN17,2222,2582,4804,11034,8815,19849,2021-07-01
NN18,3137,3682,6819,12643,9979,22622,2021-07-01
NN28,1,0,1,0,0,0,2021-07-01
NN29,399,456,855,4474,4251,8725,2021-07-01
NO3,0,1,1,0,0,0,2021-07-01
NP0,0,0,0,0,1,1,2021-07-01
NP1,81,85,166,185,120,305,2021-07-01
NP1,0,0,0,0,1,1,2021-07-01
NP2,28,25,53,109,58,167,2021-07-01
NP3,33,38,71,101,58,159,2021-07-01
NP4,1968,2641,4609,15677,13886,29563,2021-07-01
NP5,11,12,23,37,29,66,2021-07-01
NP6,31,29,60,121,71,192,2021-07-01
NP7,997,1195,2192,10129,9693,19822,2021-07-01
NP8,152,205,357,2134,2064,4198,2021-07-01
NP9,67,41,108,149,66,215,2021-07-01
NP10,1053,1280,2333,9325,8872,18197,2021-07-01
NP11,1878,2394,4272,12470,10684,23154,2021-07-01
NP12,1574,2050,3624,11481,10082,21563,2021-07-01
NP13,1004,1404,2408,6365,5034,11399,2021-07-01
NP15,138,171,309,3223,3104,6327,2021-07-01
NP16,935,1127,2062,9067,8370,17437,2021-07-01
NP18,606,742,1348,6524,6186,12710,2021-07-01
NP19,4320,5017,9337,17321,13715,31036,2021-07-01
NP20,3889,4528,8417,16348,13084,29432,2021-07-01
NP21,0,0,0,1,0,1,2021-07-01
NP22,1224,1617,2841,7016,5768,12784,2021-07-01
NP23,1697,2238,3935,10786,8890,19676,2021-07-01
NP24,329,401,730,1407,1068,2475,2021-07-01
NP25,572,633,1205,6125,5804,11929,2021-07-01
NP26,844,1058,1902,8907,8205,17112,2021-07-01
NP42,0,0,0,1,0,1,2021-07-01
NP44,2635,3295,5930,16443,14417,30860,2021-07-01
NR0,0,0,0,0,1,1,2021-07-01
NR1,2151,2267,4418,8677,6611,15288,2021-07-01
NR2,1869,2148,4017,7781,6782,14563,2021-07-01
NR3,2865,3058,5923,10376,7962,18338,2021-07-01
NR4,1327,1539,2866,7083,6555,13638,2021-07-01
NR5,2163,2546,4709,8813,7374,16187,2021-07-01
NR6,963,1181,2144,9140,8178,17318,2021-07-01
NR7,1360,1622,2982,12458,11388,23846,2021-07-01
NR8,697,856,1553,8301,7969,16270,2021-07-01
NR9,529,628,1157,7316,7177,14493,2021-07-01
NR10,685,843,1528,9120,8680,17800,2021-07-01
NR11,581,716,1297,7244,6954,14198,2021-07-01
NR12,669,711,1380,8482,7921,16403,2021-07-01
NR13,818,892,1710,10984,10711,21695,2021-07-01
NR14,844,835,1679,10370,10100,20470,2021-07-01
NR15,465,558,1023,6325,6121,12446,2021-07-01
NR16,344,412,756,5146,4966,10112,2021-07-01
NR17,610,668,1278,6607,6131,12738,2021-07-01
NR18,744,829,1573,7467,7227,14694,2021-07-01
NR19,887,1060,1947,7224,6530,13754,2021-07-01
NR20,628,688,1316,7697,7339,15036,2021-07-01
NR21,553,683,1236,6237,5773,12010,2021-07-01
NR22,38,49,87,332,326,658,2021-07-01
NR23,122,141,263,1081,990,2071,2021-07-01
NR24,137,155,292,1739,1666,3405,2021-07-01
NR25,342,340,682,3233,3111,6344,2021-07-01
NR26,327,390,717,2917,2754,5671,2021-07-01
NR27,542,598,1140,4079,3753,7832,2021-07-01
NR28,696,769,1465,6316,6008,12324,2021-07-01
NR29,680,834,1514,8371,7714,16085,2021-07-01
NR30,2651,2707,5358,9091,6684,15775,2021-07-01
NR31,2808,3340,6148,17020,14537,31557,2021-07-01
NR32,2292,2512,4804,13425,11678,25103,2021-07-01
NR33,1875,2167,4042,13788,12368,26156,2021-07-01
NR34,760,948,1708,8498,7862,16360,2021-07-01
NR35,390,471,861,4188,3907,8095,2021-07-01
NW0,3,1,4,2,1,3,2021-07-01
NW1,7829,8482,16311,16097,10809,26906,2021-07-01
NW1,0,1,1,0,0,0,2021-07-01
NW2,12477,11027,23504,25455,16705,42160,2021-07-01
NW3,5361,6161,11522,19419,16356,35775,2021-07-01
NW4,4240,4267,8507,13395,10157,23552,2021-07-01
NW5,3676,4258,7934,8249,6558,14807,2021-07-01
NW5,0,1,1,0,0,0,2021-07-01
NW6,9355,9481,18836,22008,17034,39042,2021-07-01
NW7,2250,2681,4931,10777,9487,20264,2021-07-01
NW8,4368,5187,9555,12219,9368,21587,2021-07-01
NW9,10926,10753,21679,27517,18331,45848,2021-07-01
NW10,18982,17285,36267,30656,20137,50793,2021-07-01
NW11,3985,3824,7809,13827,12001,25828,2021-07-01
NW12,2,1,3,0,1,1,2021-07-01
NW13,0,1,1,2,1,3,2021-07-01
NW14,1,0,1,1,0,1,2021-07-01
NW15,0,0,0,2,0,2,2021-07-01
NW16,4,1,5,3,0,3,2021-07-01
NW17,0,0,0,2,1,3,2021-07-01
NW18,1,0,1,1,1,2,2021-07-01
NW19,0,1,1,1,1,2,2021-07-01
NW20,1,1,2,1,0,1,2021-07-01
NW21,1,0,1,1,0,1,2021-07-01
NW22,1,0,1,2,0,2,2021-07-01
NW24,1,0,1,0,0,0,2021-07-01
NW25,0,0,0,0,1,1,2021-07-01
NW26,1,1,2,0,0,0,2021-07-01
NW28,0,0,0,0,1,1,2021-07-01
NW41,1,0,1,0,0,0,2021-07-01
NW43,0,0,0,1,0,1,2021-07-01
NW44,2,0,2,0,0,0,2021-07-01
NW51,1,0,1,0,0,0,2021-07-01
NW70,1,0,1,0,0,0,2021-07-01
NW77,0,1,1,0,0,0,2021-07-01
NW96,0,0,0,1,0,1,2021-07-01
NW99,2,0,2,0,0,0,2021-07-01
OL0,1,0,1,0,0,0,2021-07-01
OL1,2337,2675,5012,6070,4388,10458,2021-07-01
OL1,1,0,1,0,0,0,2021-07-01
OL2,2225,2672,4897,14259,12558,26817,2021-07-01
OL3,583,571,1154,6007,5842,11849,2021-07-01
OL4,3206,3916,7122,14255,11246,25501,2021-07-01
OL5,590,762,1352,3978,3518,7496,2021-07-01
OL6,2367,2841,5208,9184,6816,16000,2021-07-01
OL7,1321,1692,3013,5325,4034,9359,2021-07-01
OL8,3969,4895,8864,11639,7792,19431,2021-07-01
OL9,3378,3921,7299,12816,9617,22433,2021-07-01
OL10,2084,2504,4588,9159,7630,16789,2021-07-01
OL11,3495,4310,7805,14691,11702,26393,2021-07-01
OL12,2983,3654,6637,15218,12870,28088,2021-07-01
OL13,916,1137,2053,5523,4837,10360,2021-07-01
OL14,872,1149,2021,5166,4719,9885,2021-07-01
OL15,670,776,1446,5418,4898,10316,2021-07-01
OL16,2937,3473,6410,12175,9673,21848,2021-07-01
OX0,1,0,1,0,0,0,2021-07-01
OX1,1855,1538,3393,6026,4715,10741,2021-07-01
OX2,3344,3546,6890,13175,12058,25233,2021-07-01
OX3,4026,4689,8715,13435,11153,24588,2021-07-01
OX4,6759,6813,13572,17719,13428,31147,2021-07-01
OX5,1575,1600,3175,9051,8124,17175,2021-07-01
OX6,32,24,56,63,56,119,2021-07-01
OX7,963,1157,2120,9381,9094,18475,2021-07-01
OX8,47,44,91,130,104,234,2021-07-01
OX9,638,701,1339,5967,5726,11693,2021-07-01
OX10,1229,1391,2620,10370,9833,20203,2021-07-01
OX11,1911,2401,4312,15424,13766,29190,2021-07-01
OX12,1176,1459,2635,10869,10004,20873,2021-07-01
OX13,546,731,1277,6074,5756,11830,2021-07-01
OX14,2345,2710,5055,16722,14970,31692,2021-07-01
OX15,696,773,1469,8464,8316,16780,2021-07-01
OX16,3393,4138,7531,17192,13670,30862,2021-07-01
OX17,516,644,1160,7416,7153,14569,2021-07-01
OX18,1000,1306,2306,9879,9050,18929,2021-07-01
OX20,211,273,484,1906,1971,3877,2021-07-01
OX23,0,0,0,1,0,1,2021-07-01
OX25,434,573,1007,4384,4252,8636,2021-07-01
OX26,2053,2486,4539,13002,11417,24419,2021-07-01
OX27,267,328,595,2892,2882,5774,2021-07-01
OX28,1421,1674,3095,9708,8917,18625,2021-07-01
OX29,945,1128,2073,10162,9821,19983,2021-07-01
OX33,326,370,696,3108,2942,6050,2021-07-01
OX39,214,260,474,3325,3220,6545,2021-07-01
OX44,251,374,625,3323,3244,6567,2021-07-01
OX49,136,175,311,1699,1728,3427,2021-07-01
PA0,0,0,0,1,0,1,2021-07-01
PA1,1698,1752,3450,6902,5494,12396,2021-07-01
PA2,2442,3071,5513,12969,11486,24455,2021-07-01
PA3,2097,2538,4635,6789,5383,12172,2021-07-01
PA4,1510,1842,3352,8439,7372,15811,2021-07-01
PA5,1489,1911,3400,6979,5992,12971,2021-07-01
PA6,166,239,405,2622,2600,5222,2021-07-01
PA7,239,315,554,3442,3320,6762,2021-07-01
PA8,783,959,1742,5196,4747,9943,2021-07-01
PA9,65,90,155,741,690,1431,2021-07-01
PA10,151,199,350,1424,1383,2807,2021-07-01
PA11,235,275,510,2206,2188,4394,2021-07-01
PA12,160,184,344,1259,1210,2469,2021-07-01
PA13,169,171,340,1782,1821,3603,2021-07-01
PA14,1264,1554,2818,4625,3942,8567,2021-07-01
PA15,1439,1661,3100,4345,3475,7820,2021-07-01
PA16,2048,2299,4347,8897,8041,16938,2021-07-01
PA17,86,76,162,894,852,1746,2021-07-01
PA18,75,104,179,999,970,1969,2021-07-01
PA19,556,646,1202,3994,3681,7675,2021-07-01
PA20,358,452,810,2033,1699,3732,2021-07-01
PA21,39,30,69,337,282,619,2021-07-01
PA22,17,6,23,135,143,278,2021-07-01
PA23,740,903,1643,4265,3972,8237,2021-07-01
PA24,21,20,41,219,166,385,2021-07-01
PA25,1,4,5,28,24,52,2021-07-01
PA26,7,5,12,58,44,102,2021-07-01
PA27,20,36,56,293,280,573,2021-07-01
PA28,405,478,883,2468,2125,4593,2021-07-01
PA29,106,100,206,889,780,1669,2021-07-01
PA30,74,66,140,474,480,954,2021-07-01
PA31,214,269,483,2013,1811,3824,2021-07-01
PA32,52,62,114,483,446,929,2021-07-01
PA33,36,38,74,296,267,563,2021-07-01
PA34,674,737,1411,3657,3237,6894,2021-07-01
PA35,57,81,138,598,561,1159,2021-07-01
PA36,2,1,3,19,14,33,2021-07-01
PA37,135,158,293,1188,1116,2304,2021-07-01
PA38,33,33,66,357,348,705,2021-07-01
PA39,3,0,3,1,3,4,2021-07-01
PA40,1,2,3,4,1,5,2021-07-01
PA41,10,12,22,60,60,120,2021-07-01
PA42,50,79,129,419,361,780,2021-07-01
PA43,54,63,117,299,272,571,2021-07-01
PA44,7,12,19,118,107,225,2021-07-01
PA45,11,7,18,61,48,109,2021-07-01
PA46,8,7,15,63,64,127,2021-07-01
PA47,4,9,13,67,60,127,2021-07-01
PA48,21,12,33,112,129,241,2021-07-01
PA49,6,13,19,66,68,134,2021-07-01
PA60,8,13,21,89,73,162,2021-07-01
PA61,6,13,19,57,54,111,2021-07-01
PA62,2,3,5,10,7,17,2021-07-01
PA63,1,0,1,2,2,4,2021-07-01
PA64,4,3,7,47,49,96,2021-07-01
PA65,9,10,19,91,95,186,2021-07-01
PA66,8,11,19,73,73,146,2021-07-01
PA67,17,17,34,103,97,200,2021-07-01
PA68,0,0,0,4,3,7,2021-07-01
PA69,2,1,3,9,9,18,2021-07-01
PA70,4,3,7,24,25,49,2021-07-01
PA71,1,0,1,23,14,37,2021-07-01
PA72,19,19,38,196,190,386,2021-07-01
PA73,4,4,8,28,22,50,2021-07-01
PA74,1,3,4,13,9,22,2021-07-01
PA75,76,76,152,568,555,1123,2021-07-01
PA76,4,5,9,61,63,124,2021-07-01
PA77,20,33,53,252,251,503,2021-07-01
PA78,10,13,23,67,66,133,2021-07-01
PA80,15,13,28,129,102,231,2021-07-01
PA81,2,6,8,12,8,20,2021-07-01
PA82,4,5,9,8,10,18,2021-07-01
PA83,0,0,0,1,1,2,2021-07-01
PA84,0,1,1,1,0,1,2021-07-01
PA85,3,2,5,2,4,6,2021-07-01
PA86,21,32,53,58,51,109,2021-07-01
PA87,26,34,60,37,29,66,2021-07-01
PA88,4,2,6,5,3,8,2021-07-01
PE1,5596,5713,11309,16133,10120,26253,2021-07-01
PE2,3353,4159,7512,17380,14257,31637,2021-07-01
PE3,2591,3309,5900,10231,7484,17715,2021-07-01
PE4,1689,2127,3816,10207,8790,18997,2021-07-01
PE5,39,39,78,640,595,1235,2021-07-01
PE6,1260,1707,2967,15090,14269,29359,2021-07-01
PE7,2029,2576,4605,17803,16153,33956,2021-07-01
PE8,630,776,1406,7061,6692,13753,2021-07-01
PE9,1349,1649,2998,12204,11831,24035,2021-07-01
PE10,891,1121,2012,9269,8773,18042,2021-07-01
PE11,2190,2476,4666,17059,14185,31244,2021-07-01
PE12,1373,1699,3072,16203,14431,30634,2021-07-01
PE13,2187,2309,4496,12991,10843,23834,2021-07-01
PE14,739,854,1593,8971,8214,17185,2021-07-01
PE15,1265,1589,2854,11104,10017,21121,2021-07-01
PE16,407,554,961,4187,3648,7835,2021-07-01
PE17,57,40,97,124,76,200,2021-07-01
PE18,50,76,126,95,71,166,2021-07-01
PE19,2082,2384,4466,16998,15646,32644,2021-07-01
PE20,567,650,1217,5829,5320,11149,2021-07-01
PE21,3099,3096,6195,14779,11724,26503,2021-07-01
PE22,567,624,1191,6776,6201,12977,2021-07-01
PE23,315,355,670,3414,3177,6591,2021-07-01
PE24,492,588,1080,4729,4036,8765,2021-07-01
PE25,1474,1586,3060,7185,5833,13018,2021-07-01
PE26,450,537,987,4559,4167,8726,2021-07-01
PE27,1004,1188,2192,7703,6805,14508,2021-07-01
PE28,1668,1961,3629,19656,18916,38572,2021-07-01
PE29,2015,2445,4460,10531,8841,19372,2021-07-01
PE30,3078,3392,6470,14491,12440,26931,2021-07-01
PE31,532,599,1131,7542,7233,14775,2021-07-01
PE32,470,515,985,6344,6105,12449,2021-07-01
PE33,476,587,1063,6023,5646,11669,2021-07-01
PE34,495,591,1086,5634,5235,10869,2021-07-01
PE35,2,1,3,35,35,70,2021-07-01
PE36,232,278,510,2276,2116,4392,2021-07-01
PE37,416,538,954,4293,3839,8132,2021-07-01
PE38,560,651,1211,5866,5333,11199,2021-07-01
PE99,0,0,0,1,0,1,2021-07-01
PH1,2601,3243,5844,14462,12477,26939,2021-07-01
PH2,1712,1862,3574,12843,11980,24823,2021-07-01
PH3,277,330,607,2655,2580,5235,2021-07-01
PH4,40,54,94,359,364,723,2021-07-01
PH5,27,54,81,337,305,642,2021-07-01
PH6,85,93,178,993,994,1987,2021-07-01
PH7,387,475,862,3280,3044,6324,2021-07-01
PH8,95,106,201,776,756,1532,2021-07-01
PH9,19,41,60,357,327,684,2021-07-01
PH10,482,547,1029,4225,3854,8079,2021-07-01
PH11,140,194,334,1343,1169,2512,2021-07-01
PH12,54,86,140,803,734,1537,2021-07-01
PH13,188,213,401,1592,1382,2974,2021-07-01
PH14,53,72,125,835,828,1663,2021-07-01
PH15,180,208,388,1399,1245,2644,2021-07-01
PH16,174,211,385,1525,1391,2916,2021-07-01
PH17,10,5,15,72,63,135,2021-07-01
PH18,28,37,65,308,261,569,2021-07-01
PH19,2,4,6,46,37,83,2021-07-01
PH20,64,83,147,606,550,1156,2021-07-01
PH21,89,112,201,823,758,1581,2021-07-01
PH22,209,253,462,1228,1119,2347,2021-07-01
PH23,29,33,62,328,324,652,2021-07-01
PH24,20,24,44,300,276,576,2021-07-01
PH25,30,36,66,367,354,721,2021-07-01
PH26,158,173,331,1456,1356,2812,2021-07-01
PH30,0,0,0,5,4,9,2021-07-01
PH31,21,26,47,225,244,469,2021-07-01
PH32,39,41,80,281,228,509,2021-07-01
PH33,729,932,1661,4203,3541,7744,2021-07-01
PH34,41,54,95,447,409,856,2021-07-01
PH35,32,22,54,131,111,242,2021-07-01
PH36,37,64,101,520,484,1004,2021-07-01
PH37,5,11,16,59,47,106,2021-07-01
PH38,10,12,22,77,76,153,2021-07-01
PH39,22,26,48,174,170,344,2021-07-01
PH40,18,19,37,122,100,222,2021-07-01
PH41,68,57,125,357,312,669,2021-07-01
PH42,3,7,10,40,34,74,2021-07-01
PH43,1,2,3,11,9,20,2021-07-01
PH44,3,1,4,4,6,10,2021-07-01
PH49,47,61,108,423,371,794,2021-07-01
PH50,46,90,136,328,241,569,2021-07-01
PL0,0,1,1,0,0,0,2021-07-01
PL1,2434,2463,4897,7092,4732,11824,2021-07-01
PL2,2465,2914,5379,9681,8048,17729,2021-07-01
PL3,1844,2267,4111,10574,9394,19968,2021-07-01
PL4,3291,2904,6195,8649,5940,14589,2021-07-01
PL5,2958,3929,6887,13280,11236,24516,2021-07-01
PL6,2101,2635,4736,14990,13461,28451,2021-07-01
PL7,1223,1541,2764,11371,10889,22260,2021-07-01
PL8,213,192,405,2498,2460,4958,2021-07-01
PL9,1133,1337,2470,11490,10845,22335,2021-07-01
PL10,161,195,356,1280,1193,2473,2021-07-01
PL11,541,702,1243,3820,3410,7230,2021-07-01
PL12,945,1069,2014,8178,7731,15909,2021-07-01
PL13,411,508,919,3816,3463,7279,2021-07-01
PL14,970,1251,2221,9090,8592,17682,2021-07-01
PL15,686,872,1558,8126,7602,15728,2021-07-01
PL16,56,72,128,849,791,1640,2021-07-01
PL17,372,400,772,4035,3723,7758,2021-07-01
PL18,188,236,424,2113,2044,4157,2021-07-01
PL19,677,704,1381,6208,6081,12289,2021-07-01
PL20,452,517,969,4642,4514,9156,2021-07-01
PL21,661,780,1441,7191,7115,14306,2021-07-01
PL22,133,149,282,1436,1455,2891,2021-07-01
PL23,139,152,291,1235,1181,2416,2021-07-01
PL24,467,587,1054,3758,3592,7350,2021-07-01
PL25,1323,1475,2798,9339,8518,17857,2021-07-01
PL26,1265,1355,2620,10649,9701,20350,2021-07-01
PL27,414,514,928,4678,4600,9278,2021-07-01
PL28,211,217,428,1573,1543,3116,2021-07-01
PL29,37,27,64,353,357,710,2021-07-01
PL30,285,300,585,4416,4230,8646,2021-07-01
PL31,868,1050,1918,5457,4785,10242,2021-07-01
PL32,152,219,371,1660,1586,3246,2021-07-01
PL33,90,76,166,736,717,1453,2021-07-01
PL34,74,78,152,729,683,1412,2021-07-01
PL35,36,39,75,412,397,809,2021-07-01
PO1,3065,3410,6475,6999,4599,11598,2021-07-01
PO2,3583,4376,7959,13052,9950,23002,2021-07-01
PO3,1325,1528,2853,6911,5830,12741,2021-07-01
PO4,3106,3471,6577,13225,10669,23894,2021-07-01
PO5,2853,2703,5556,7749,5420,13169,2021-07-01
PO6,2784,3321,6105,14055,12152,26207,2021-07-01
PO7,1775,2165,3940,16254,15165,31419,2021-07-01
PO8,1366,1611,2977,13808,12953,26761,2021-07-01
PO9,3302,4312,7614,16414,14504,30918,2021-07-01
PO10,699,845,1544,7343,7136,14479,2021-07-01
PO11,684,699,1383,7093,6658,13751,2021-07-01
PO12,2830,3223,6053,15973,13953,29926,2021-07-01
PO13,2066,2586,4652,12088,11182,23270,2021-07-01
PO14,1257,1401,2658,12460,11961,24421,2021-07-01
PO15,926,996,1922,8675,8181,16856,2021-07-01
PO16,1314,1433,2747,12206,11226,23432,2021-07-01
PO17,243,241,484,2770,2563,5333,2021-07-01
PO18,507,553,1060,5901,5861,11762,2021-07-01
PO19,1883,2081,3964,10578,10118,20696,2021-07-01
PO20,1312,1441,2753,13561,13101,26662,2021-07-01
PO21,2345,2244,4589,14520,12961,27481,2021-07-01
PO22,1334,1466,2800,11649,11052,22701,2021-07-01
PO30,1634,1874,3508,10196,9497,19693,2021-07-01
PO31,713,843,1556,5336,5029,10365,2021-07-01
PO32,455,513,968,3079,2910,5989,2021-07-01
PO33,1824,2075,3899,10496,9587,20083,2021-07-01
PO34,61,84,145,889,884,1773,2021-07-01
PO35,151,130,281,1432,1367,2799,2021-07-01
PO36,844,979,1823,5869,5362,11231,2021-07-01
PO37,495,513,1008,3328,2962,6290,2021-07-01
PO38,606,686,1292,4755,4450,9205,2021-07-01
PO39,106,130,236,986,916,1902,2021-07-01
PO40,257,281,538,2083,2041,4124,2021-07-01
PO41,72,63,135,930,918,1848,2021-07-01
PR1,6209,6387,12596,20594,15304,35898,2021-07-01
PR2,4692,5502,10194,26480,22771,49251,2021-07-01
PR3,1039,1265,2304,16334,15720,32054,2021-07-01
PR4,2040,2496,4536,25104,23644,48748,2021-07-01
PR5,1787,2167,3954,14848,13300,28148,2021-07-01
PR6,1498,1708,3206,13374,12347,25721,2021-07-01
PR7,2344,2868,5212,22723,20931,43654,2021-07-01
PR8,2886,3386,6272,19276,17810,37086,2021-07-01
PR9,2148,2439,4587,15344,13662,29006,2021-07-01
PR25,1485,1869,3354,11358,10429,21787,2021-07-01
PR26,535,550,1085,5161,4992,10153,2021-07-01
RG1,6228,5826,12054,14646,8903,23549,2021-07-01
RG2,3807,4454,8261,15071,11455,26526,2021-07-01
RG3,28,23,51,76,38,114,2021-07-01
RG4,1911,2336,4247,15169,14109,29278,2021-07-01
RG5,1234,1387,2621,10222,9493,19715,2021-07-01
RG6,2359,2495,4854,14312,12233,26545,2021-07-01
RG7,1263,1519,2782,13873,13388,27261,2021-07-01
RG8,818,782,1600,7847,7611,15458,2021-07-01
RG9,1125,1081,2206,9462,9355,18817,2021-07-01
RG10,662,702,1364,7632,7313,14945,2021-07-01
RG11,31,21,52,75,42,117,2021-07-01
RG12,3413,4162,7575,21342,18578,39920,2021-07-01
RG13,28,36,64,64,44,108,2021-07-01
RG14,2243,2533,4776,14994,12899,27893,2021-07-01
RG15,18,24,42,44,39,83,2021-07-01
RG16,18,20,38,84,44,128,2021-07-01
RG17,657,708,1365,5883,5635,11518,2021-07-01
RG18,806,907,1713,7352,6806,14158,2021-07-01
RG19,787,871,1658,6447,6034,12481,2021-07-01
RG20,668,797,1465,8058,7853,15911,2021-07-01
RG21,2367,2614,4981,10027,7701,17728,2021-07-01
RG22,2198,2868,5066,15120,13349,28469,2021-07-01
RG23,599,731,1330,5036,4627,9663,2021-07-01
RG24,1874,2340,4214,13480,12005,25485,2021-07-01
RG25,330,320,650,3632,3450,7082,2021-07-01
RG26,845,1059,1904,9098,8462,17560,2021-07-01
RG27,741,784,1525,9550,9440,18990,2021-07-01
RG28,251,303,554,2312,2148,4460,2021-07-01
RG29,212,295,507,2626,2562,5188,2021-07-01
RG30,4323,4965,9288,15791,12346,28137,2021-07-01
RG31,1298,1607,2905,10819,9930,20749,2021-07-01
RG34,0,0,0,0,1,1,2021-07-01
RG40,1254,1351,2605,12296,11816,24112,2021-07-01
RG41,1222,1390,2612,12068,11641,23709,2021-07-01
RG42,1252,1307,2559,11240,10880,22120,2021-07-01
RG43,0,0,0,1,0,1,2021-07-01
RG45,533,564,1097,5788,5655,11443,2021-07-01
RH1,2939,3422,6361,17700,16071,33771,2021-07-01
RH2,1191,1371,2562,10045,9683,19728,2021-07-01
RH3,135,136,271,1804,1790,3594,2021-07-01
RH4,778,906,1684,6004,5729,11733,2021-07-01
RH5,728,739,1467,6819,6550,13369,2021-07-01
RH6,1561,1774,3335,12977,11997,24974,2021-07-01
RH7,520,422,942,3803,3390,7193,2021-07-01
RH8,649,705,1354,5981,5946,11927,2021-07-01
RH9,201,240,441,2162,2204,4366,2021-07-01
RH10,4484,4731,9215,26819,22663,49482,2021-07-01
RH11,5067,5874,10941,20122,15784,35906,2021-07-01
RH12,2105,2450,4555,19417,18395,37812,2021-07-01
RH13,1502,1757,3259,15387,14736,30123,2021-07-01
RH14,592,643,1235,6643,6438,13081,2021-07-01
RH15,1629,1793,3422,12088,11474,23562,2021-07-01
RH16,1854,2118,3972,13693,13024,26717,2021-07-01
RH17,755,849,1604,8033,7974,16007,2021-07-01
RH18,296,308,604,1899,1902,3801,2021-07-01
RH19,1601,1796,3397,13722,12906,26628,2021-07-01
RH20,788,806,1594,10803,10705,21508,2021-07-01
RM1,1730,1939,3669,7508,6195,13703,2021-07-01
RM1,0,1,1,0,0,0,2021-07-01
RM2,691,806,1497,4939,4451,9390,2021-07-01
RM3,3422,4481,7903,14639,12252,26891,2021-07-01
RM4,155,185,340,1986,1849,3835,2021-07-01
RM5,1387,1746,3133,6810,6021,12831,2021-07-01
RM6,3834,4380,8214,11545,8495,20040,2021-07-01
RM7,2627,3144,5771,10135,8216,18351,2021-07-01
RM8,5615,6398,12013,13854,9605,23459,2021-07-01
RM9,4475,5399,9874,11266,7688,18954,2021-07-01
RM10,5070,6049,11119,11778,8205,19983,2021-07-01
RM11,1570,1855,3425,12204,11209,23413,2021-07-01
RM12,2075,2460,4535,12434,10934,23368,2021-07-01
RM13,2346,2796,5142,10716,8876,19592,2021-07-01
RM14,1126,1229,2355,10483,9961,20444,2021-07-01
RM15,2129,2572,4701,10858,8893,19751,2021-07-01
RM16,2373,2906,5279,15548,13699,29247,2021-07-01
RM17,2347,2948,5295,10336,7527,17863,2021-07-01
RM18,1697,2166,3863,5867,4638,10505,2021-07-01
RM19,595,803,1398,2659,1872,4531,2021-07-01
RM20,574,725,1299,2642,1772,4414,2021-07-01
S1,852,582,1434,1113,519,1632,2021-07-01
S2,4360,5017,9377,10561,7098,17659,2021-07-01
S3,2218,1841,4059,3689,1689,5378,2021-07-01
S4,1626,1572,3198,3341,1839,5180,2021-07-01
S5,5163,6751,11914,16038,11736,27774,2021-07-01
S6,3503,4124,7627,18578,15749,34327,2021-07-01
S6,0,0,0,0,1,1,2021-07-01
S7,1363,1261,2624,6002,4987,10989,2021-07-01
S7,0,0,0,1,0,1,2021-07-01
S8,2921,3396,6317,14581,12513,27094,2021-07-01
S9,2529,2930,5459,8260,5186,13446,2021-07-01
S10,2474,2348,4822,12980,11542,24522,2021-07-01
S11,1972,2006,3978,10678,9675,20353,2021-07-01
S12,1726,2367,4093,11593,9409,21002,2021-07-01
S13,1698,2259,3957,9644,7823,17467,2021-07-01
S14,892,1195,2087,2109,1433,3542,2021-07-01
S16,0,0,0,0,1,1,2021-07-01
S17,529,633,1162,6024,5873,11897,2021-07-01
S18,807,937,1744,9300,8831,18131,2021-07-01
S19,4,8,12,37,29,66,2021-07-01
S20,1268,1724,2992,10686,9269,19955,2021-07-01
S21,812,1129,1941,7361,6407,13768,2021-07-01
S22,0,1,1,0,1,1,2021-07-01
S24,0,0,0,0,1,1,2021-07-01
S25,907,1177,2084,7613,6708,14321,2021-07-01
S26,933,1326,2259,9450,8478,17928,2021-07-01
S30,29,22,51,114,107,221,2021-07-01
S31,21,28,49,71,28,99,2021-07-01
S32,160,197,357,2305,2306,4611,2021-07-01
S33,159,167,326,1886,1828,3714,2021-07-01
S35,1488,1913,3401,14893,13424,28317,2021-07-01
S36,1051,1308,2359,10705,9766,20471,2021-07-01
S37,1,0,1,1,0,1,2021-07-01
S40,1897,2294,4191,11713,10129,21842,2021-07-01
S41,1960,2492,4452,12210,10430,22640,2021-07-01
S42,1125,1440,2565,10862,9698,20560,2021-07-01
S43,2088,2737,4825,13960,11671,25631,2021-07-01
S44,1090,1414,2504,7742,6520,14262,2021-07-01
S45,647,811,1458,4890,4262,9152,2021-07-01
S46,0,0,0,1,0,1,2021-07-01
S49,0,0,0,1,0,1,2021-07-01
S54,0,0,0,1,0,1,2021-07-01
S60,2063,2670,4733,13998,11665,25663,2021-07-01
S61,2199,2705,4904,11083,8910,19993,2021-07-01
S62,1176,1585,2761,6300,4972,11272,2021-07-01
S63,2659,3414,6073,13367,10777,24144,2021-07-01
S64,1945,2389,4334,10160,8176,18336,2021-07-01
S65,2654,3206,5860,9951,7198,17149,2021-07-01
S66,2169,2993,5162,15758,13623,29381,2021-07-01
S70,2829,3308,6137,12665,9354,22019,2021-07-01
S71,2854,3422,6276,15489,12745,28234,2021-07-01
S72,1429,1901,3330,8608,7012,15620,2021-07-01
S73,1680,2127,3807,9511,7753,17264,2021-07-01
S74,924,1313,2237,5888,4872,10760,2021-07-01
S75,1716,2146,3862,16565,14824,31389,2021-07-01
S80,1985,2214,4199,10057,8103,18160,2021-07-01
S81,1529,1967,3496,14009,12579,26588,2021-07-01
SA1,4728,4716,9444,13753,9166,22919,2021-07-01
SA2,1832,1935,3767,12560,11300,23860,2021-07-01
SA3,880,908,1788,10136,9972,20108,2021-07-01
SA4,1668,2019,3687,16387,15761,32148,2021-07-01
SA5,2296,3088,5384,10975,9236,20211,2021-07-01
SA6,1786,2375,4161,11041,9651,20692,2021-07-01
SA7,629,810,1439,5483,5030,10513,2021-07-01
SA8,527,628,1155,4690,4371,9061,2021-07-01
SA9,591,734,1325,5478,5019,10497,2021-07-01
SA10,1118,1488,2606,11034,9960,20994,2021-07-01
SA11,1783,2374,4157,11768,9878,21646,2021-07-01
SA12,1880,2257,4137,10314,9209,19523,2021-07-01
SA13,1032,1355,2387,6536,5333,11869,2021-07-01
SA14,1290,1568,2858,12423,11656,24079,2021-07-01
SA15,1939,2251,4190,12401,10661,23062,2021-07-01
SA16,340,420,760,3068,2792,5860,2021-07-01
SA17,373,453,826,3549,3259,6808,2021-07-01
SA18,1298,1465,2763,10723,9782,20505,2021-07-01
SA19,299,358,657,3859,3640,7499,2021-07-01
SA20,138,156,294,1276,1158,2434,2021-07-01
SA31,862,995,1857,5560,5259,10819,2021-07-01
SA32,169,205,374,3147,3075,6222,2021-07-01
SA33,321,405,726,5046,4740,9786,2021-07-01
SA34,140,148,288,2036,1916,3952,2021-07-01
SA35,14,27,41,357,321,678,2021-07-01
SA36,12,8,20,134,129,263,2021-07-01
SA37,39,41,80,563,528,1091,2021-07-01
SA38,153,172,325,1766,1663,3429,2021-07-01
SA39,76,85,161,999,927,1926,2021-07-01
SA40,150,144,294,1095,1012,2107,2021-07-01
SA41,47,60,107,826,790,1616,2021-07-01
SA42,58,73,131,822,799,1621,2021-07-01
SA43,477,580,1057,4778,4451,9229,2021-07-01
SA44,322,380,702,4508,4322,8830,2021-07-01
SA45,69,57,126,608,559,1167,2021-07-01
SA46,93,112,205,957,872,1829,2021-07-01
SA47,47,43,90,412,378,790,2021-07-01
SA48,426,393,819,3297,3042,6339,2021-07-01
SA61,796,1056,1852,4700,4234,8934,2021-07-01
SA62,605,672,1277,8354,7894,16248,2021-07-01
SA63,33,33,66,505,496,1001,2021-07-01
SA64,99,127,226,855,751,1606,2021-07-01
SA65,169,216,385,1601,1398,2999,2021-07-01
SA66,85,82,167,1251,1257,2508,2021-07-01
SA67,222,279,501,2859,2758,5617,2021-07-01
SA68,92,141,233,1656,1595,3251,2021-07-01
SA69,98,131,229,1416,1328,2744,2021-07-01
SA70,373,460,833,3303,3019,6322,2021-07-01
SA71,464,546,1010,4002,3573,7575,2021-07-01
SA72,597,654,1251,3476,3123,6599,2021-07-01
SA73,907,1166,2073,7245,6401,13646,2021-07-01
SA99,1,0,1,0,0,0,2021-07-01
SE0,0,1,1,0,1,1,2021-07-01
SE1,9718,9683,19401,19325,11993,31318,2021-07-01
SE1,0,0,0,1,0,1,2021-07-01
SE2,3747,4333,8080,7812,5789,13601,2021-07-01
SE3,3097,3669,6766,11472,9825,21297,2021-07-01
SE4,3786,4041,7827,8352,7018,15370,2021-07-01
SE5,8089,8780,16869,12889,8994,21883,2021-07-01
SE6,7245,7921,15166,15661,12623,28284,2021-07-01
SE6,1,0,1,0,0,0,2021-07-01
SE7,2858,3345,6203,6430,4575,11005,2021-07-01
SE8,4938,5271,10209,8274,5753,14027,2021-07-01
SE9,5494,6492,11986,20759,17860,38619,2021-07-01
SE10,3209,3776,6985,10167,8035,18202,2021-07-01
SE11,3518,3694,7212,6536,4208,10744,2021-07-01
SE12,2691,3178,5869,8641,7383,16024,2021-07-01
SE13,6008,6189,12197,12654,10020,22674,2021-07-01
SE14,4221,4315,8536,6911,4896,11807,2021-07-01
SE15,11968,12060,24028,16970,12367,29337,2021-07-01
SE16,6333,7144,13477,14782,10265,25047,2021-07-01
SE17,6557,6706,13263,8579,5056,13635,2021-07-01
SE18,13129,13510,26639,21671,14712,36383,2021-07-01
SE19,3057,3634,6691,9155,7603,16758,2021-07-01
SE20,2864,3248,6112,7014,5938,12952,2021-07-01
SE21,1596,1725,3321,4947,4640,9587,2021-07-01
SE22,3436,3674,7110,9358,8173,17531,2021-07-01
SE23,3715,4278,7993,10216,8884,19100,2021-07-01
SE24,2092,2178,4270,5710,5049,10759,2021-07-01
SE25,4469,5082,9551,10665,8887,19552,2021-07-01
SE26,3436,4139,7575,8803,7529,16332,2021-07-01
SE27,2869,3051,5920,6332,5352,11684,2021-07-01
SE28,4056,5005,9061,7705,5582,13287,2021-07-01
SE29,1,3,4,2,0,2,2021-07-01
SE31,0,1,1,0,0,0,2021-07-01
SE33,0,1,1,0,0,0,2021-07-01
SE35,0,1,1,0,0,0,2021-07-01
SE37,0,1,1,0,0,0,2021-07-01
SE50,0,0,0,1,0,1,2021-07-01
SE57,0,1,1,0,0,0,2021-07-01
SE59,0,0,0,1,0,1,2021-07-01
SE60,0,0,0,1,0,1,2021-07-01
SE72,1,0,1,0,0,0,2021-07-01
SE73,0,0,0,1,0,1,2021-07-01
SE74,0,1,1,1,0,1,2021-07-01
SE75,1,0,1,0,0,0,2021-07-01
SE77,1,1,2,0,0,0,2021-07-01
SE88,0,0,0,1,0,1,2021-07-01
SE91,0,1,1,0,0,0,2021-07-01
SE99,0,0,0,0,1,1,2021-07-01
SG0,0,0,0,0,1,1,2021-07-01
SG1,3721,4252,7973,18615,15766,34381,2021-07-01
SG2,2405,2927,5332,15168,13466,28634,2021-07-01
SG3,252,319,571,2851,2703,5554,2021-07-01
SG4,1343,1499,2842,11212,10689,21901,2021-07-01
SG5,1515,1736,3251,12648,12033,24681,2021-07-01
SG6,1957,2319,4276,11757,10705,22462,2021-07-01
SG7,610,629,1239,5158,4955,10113,2021-07-01
SG8,1512,1727,3239,15613,14473,30086,2021-07-01
SG9,315,346,661,4864,4786,9650,2021-07-01
SG10,55,64,119,818,812,1630,2021-07-01
SG11,257,286,543,3542,3399,6941,2021-07-01
SG12,1348,1455,2803,11434,10750,22184,2021-07-01
SG13,790,823,1613,6566,6338,12904,2021-07-01
SG14,947,1049,1996,7637,7182,14819,2021-07-01
SG15,258,290,548,2206,2055,4261,2021-07-01
SG16,209,237,446,2535,2513,5048,2021-07-01
SG17,527,532,1059,5444,5180,10624,2021-07-01
SG18,1099,1333,2432,11050,10260,21310,2021-07-01
SG19,896,1170,2066,9883,9235,19118,2021-07-01
SK0,0,0,0,0,1,1,2021-07-01
SK1,829,1037,1866,3734,2940,6674,2021-07-01
SK2,1720,1926,3646,10298,9426,19724,2021-07-01
SK3,1961,2403,4364,8879,7716,16595,2021-07-01
SK4,2083,2158,4241,13048,11877,24925,2021-07-01
SK5,2307,2895,5202,9120,7495,16615,2021-07-01
SK6,2149,2504,4653,19018,17811,36829,2021-07-01
SK7,1633,1712,3345,16163,15671,31834,2021-07-01
SK8,2740,2978,5718,22989,21894,44883,2021-07-01
SK9,1603,1796,3399,15496,14900,30396,2021-07-01
SK10,1688,1780,3468,15616,15173,30789,2021-07-01
SK11,1880,2089,3969,13592,12264,25856,2021-07-01
SK12,641,650,1291,7744,7623,15367,2021-07-01
SK13,1625,2034,3659,11877,10913,22790,2021-07-01
SK14,2996,3603,6599,16226,14065,30291,2021-07-01
SK15,1720,1938,3658,9503,8297,17800,2021-07-01
SK16,1246,1465,2711,6466,5412,11878,2021-07-01
SK17,1332,1513,2845,11597,10288,21885,2021-07-01
SK22,560,649,1209,4642,4110,8752,2021-07-01
SK23,648,683,1331,7100,6609,13709,2021-07-01
SL0,482,520,1002,4861,4421,9282,2021-07-01
SL1,8039,8074,16113,26259,19248,45507,2021-07-01
SL2,5320,6033,11353,20217,15886,36103,2021-07-01
SL3,3203,4149,7352,18289,15151,33440,2021-07-01
SL4,2277,2689,4966,17184,15878,33062,2021-07-01
SL5,1258,1399,2657,10199,10396,20595,2021-07-01
SL6,4250,4768,9018,32254,29702,61956,2021-07-01
SL7,830,917,1747,8363,8425,16788,2021-07-01
SL8,230,218,448,2644,2648,5292,2021-07-01
SL9,945,1023,1968,9184,9282,18466,2021-07-01
SM1,3165,3757,6922,14194,11851,26045,2021-07-01
SM2,1747,2116,3863,10693,9688,20381,2021-07-01
SM3,1399,1551,2950,7839,7066,14905,2021-07-01
SM4,3635,3859,7494,13531,10393,23924,2021-07-01
SM5,2946,3554,6500,13479,12306,25785,2021-07-01
SM6,2740,3267,6007,13131,11731,24862,2021-07-01
SM7,692,730,1422,7182,7218,14400,2021-07-01
SN0,0,0,0,1,0,1,2021-07-01
SN1,3960,3628,7588,11087,7181,18268,2021-07-01
SN2,3331,3996,7327,14433,11076,25509,2021-07-01
SN3,3306,4168,7474,18991,15915,34906,2021-07-01
SN4,1126,1346,2472,11253,10639,21892,2021-07-01
SN5,1754,2345,4099,13428,11836,25264,2021-07-01
SN6,877,1021,1898,8982,8516,17498,2021-07-01
SN7,536,697,1233,5757,5440,11197,2021-07-01
SN8,1048,1142,2190,9419,8989,18408,2021-07-01
SN9,267,340,607,3227,3190,6417,2021-07-01
SN10,1294,1530,2824,11842,11164,23006,2021-07-01
SN11,979,1237,2216,9002,8453,17455,2021-07-01
SN12,1133,1224,2357,10338,9603,19941,2021-07-01
SN13,679,845,1524,6423,6270,12693,2021-07-01
SN14,1250,1391,2641,10596,9865,20461,2021-07-01
SN15,1724,1950,3674,14459,12335,26794,2021-07-01
SN16,456,496,952,5845,5616,11461,2021-07-01
SN20,0,0,0,1,0,1,2021-07-01
SN24,0,1,1,0,1,1,2021-07-01
SN25,1579,2081,3660,15428,13822,29250,2021-07-01
SN26,56,64,120,878,810,1688,2021-07-01
SN27,0,0,0,1,0,1,2021-07-01
SN31,0,0,0,0,1,1,2021-07-01
SN48,0,0,0,1,0,1,2021-07-01
SN66,0,1,1,0,0,0,2021-07-01
SO0,0,0,0,0,1,1,2021-07-01
SO1,48,40,88,128,53,181,2021-07-01
SO2,74,42,116,122,55,177,2021-07-01
SO3,30,21,51,115,73,188,2021-07-01
SO3,0,0,0,1,0,1,2021-07-01
SO4,32,28,60,115,87,202,2021-07-01
SO5,33,18,51,106,60,166,2021-07-01
SO6,0,0,0,1,0,1,2021-07-01
SO9,17,14,31,27,11,38,2021-07-01
SO14,3714,3076,6790,7831,4058,11889,2021-07-01
SO15,3341,3463,6804,13336,10114,23450,2021-07-01
SO16,4805,5885,10690,22460,18275,40735,2021-07-01
SO17,1646,1538,3184,5329,3685,9014,2021-07-01
SO18,2186,2592,4778,12639,10705,23344,2021-07-01
SO19,3701,4697,8398,18887,15979,34866,2021-07-01
SO20,321,314,635,3396,3219,6615,2021-07-01
SO21,682,762,1444,7962,7725,15687,2021-07-01
SO22,1630,1839,3469,9396,8959,18355,2021-07-01
SO23,1384,1424,2808,7259,6754,14013,2021-07-01
SO24,392,434,826,4636,4592,9228,2021-07-01
SO30,1052,1175,2227,12458,12093,24551,2021-07-01
SO31,1658,1801,3459,18448,17888,36336,2021-07-01
SO32,651,679,1330,9208,9159,18367,2021-07-01
SO33,0,0,0,1,1,2,2021-07-01
SO40,1533,1727,3260,15613,14644,30257,2021-07-01
SO41,1056,1075,2131,12641,12828,25469,2021-07-01
SO42,166,185,351,2004,1960,3964,2021-07-01
SO43,138,143,281,1837,1774,3611,2021-07-01
SO45,1375,1689,3064,12999,12369,25368,2021-07-01
SO50,2432,2922,5354,17974,16416,34390,2021-07-01
SO51,948,1139,2087,11498,11399,22897,2021-07-01
SO52,178,239,417,2706,2621,5327,2021-07-01
SO53,1192,1296,2488,12246,11893,24139,2021-07-01
SP1,1221,1262,2483,7628,7099,14727,2021-07-01
SP2,1799,1994,3793,10324,9332,19656,2021-07-01
SP3,351,441,792,4667,4544,9211,2021-07-01
SP4,1779,2044,3823,13922,11906,25828,2021-07-01
SP5,637,698,1335,9218,9088,18306,2021-07-01
SP6,405,430,835,5852,5698,11550,2021-07-01
SP7,522,665,1187,5689,5565,11254,2021-07-01
SP8,502,570,1072,5463,5336,10799,2021-07-01
SP9,526,965,1491,3619,2819,6438,2021-07-01
SP10,2459,2963,5422,14005,11779,25784,2021-07-01
SP11,1141,1478,2619,12486,11594,24080,2021-07-01
SR1,620,476,1096,1207,479,1686,2021-07-01
SR2,2596,2730,5326,9984,7669,17653,2021-07-01
SR3,2212,2955,5167,12157,10000,22157,2021-07-01
SR4,3350,4108,7458,11535,8672,20207,2021-07-01
SR5,2696,3347,6043,9143,6755,15898,2021-07-01
SR6,1417,1577,2994,10544,9267,19811,2021-07-01
SR7,1727,2314,4041,9487,7631,17118,2021-07-01
SR8,2331,3148,5479,10590,8358,18948,2021-07-01
SS0,3608,3863,7471,13587,11234,24821,2021-07-01
SS1,2219,2342,4561,9074,7682,16756,2021-07-01
SS2,2923,3546,6469,11920,9949,21869,2021-07-01
SS3,1766,2071,3837,10002,9268,19270,2021-07-01
SS4,961,1168,2129,7923,7452,15375,2021-07-01
SS5,854,743,1597,8836,8364,17200,2021-07-01
SS6,1262,1444,2706,11949,11184,23133,2021-07-01
SS7,2005,2309,4314,19273,17968,37241,2021-07-01
SS8,2063,2682,4745,13958,11934,25892,2021-07-01
SS9,2384,2563,4947,18440,17253,35693,2021-07-01
SS11,738,880,1618,7360,6750,14110,2021-07-01
SS12,753,916,1669,7130,6543,13673,2021-07-01
SS13,1748,2311,4059,7651,6267,13918,2021-07-01
SS14,2332,3146,5478,8647,6796,15443,2021-07-01
SS15,2412,2933,5345,10678,9328,20006,2021-07-01
SS16,2203,2954,5157,10866,8973,19839,2021-07-01
SS17,1548,1859,3407,12439,11187,23626,2021-07-01
SS20,0,0,0,0,1,1,2021-07-01
SS31,0,0,0,1,0,1,2021-07-01
SS39,0,1,1,0,0,0,2021-07-01
SS50,0,0,0,1,0,1,2021-07-01
SS92,0,0,0,1,0,1,2021-07-01
SS95,1,0,1,0,0,0,2021-07-01
SS99,0,1,1,0,0,0,2021-07-01
ST0,0,0,0,1,0,1,2021-07-01
ST1,2917,3193,6110,9763,6499,16262,2021-07-01
ST2,2325,3017,5342,10473,8236,18709,2021-07-01
ST3,4170,5296,9466,21781,17458,39239,2021-07-01
ST4,4442,4722,9164,17802,13816,31618,2021-07-01
ST5,4668,5351,10019,26823,22781,49604,2021-07-01
ST6,4831,6168,10999,20327,15000,35327,2021-07-01
ST7,2232,2631,4863,20401,18614,39015,2021-07-01
ST8,709,897,1606,7494,6793,14287,2021-07-01
ST9,342,381,723,4819,4461,9280,2021-07-01
ST10,824,1036,1860,9687,8777,18464,2021-07-01
ST11,294,333,627,3882,3541,7423,2021-07-01
ST12,131,134,265,1537,1486,3023,2021-07-01
ST13,1133,1412,2545,10051,9084,19135,2021-07-01
ST14,860,1086,1946,7592,6774,14366,2021-07-01
ST15,765,936,1701,8507,7919,16426,2021-07-01
ST16,1923,2222,4145,11007,9204,20211,2021-07-01
ST17,1977,2382,4359,13556,12215,25771,2021-07-01
ST18,471,480,951,7328,6863,14191,2021-07-01
ST19,479,547,1026,5994,5709,11703,2021-07-01
ST20,191,227,418,2870,2697,5567,2021-07-01
ST21,133,183,316,2596,2506,5102,2021-07-01
SW0,1,1,2,1,2,3,2021-07-01
SW1,40,40,80,54,35,89,2021-07-01
SW1,95,83,178,309,166,475,2021-07-01
SW1,1,0,1,0,1,1,2021-07-01
SW1,0,0,0,0,1,1,2021-07-01
SW1,128,91,219,446,248,694,2021-07-01
SW1,66,66,132,363,196,559,2021-07-01
SW1,0,1,1,0,0,0,2021-07-01
SW1,0,0,0,1,2,3,2021-07-01
SW1,0,1,1,1,0,1,2021-07-01
SW1,1355,1625,2980,4087,2812,6899,2021-07-01
SW1,0,0,0,0,1,1,2021-07-01
SW1,2385,2747,5132,6863,5073,11936,2021-07-01
SW1,916,1025,1941,2596,2189,4785,2021-07-01
SW1,772,936,1708,2439,1940,4379,2021-07-01
SW1,86,58,144,348,164,512,2021-07-01
SW1,1,1,2,1,0,1,2021-07-01
SW2,7860,8296,16156,16267,12499,28766,2021-07-01
SW3,2235,2735,4970,8409,7262,15671,2021-07-01
SW4,5163,5216,10379,13652,10313,23965,2021-07-01
SW5,2344,2024,4368,5841,3869,9710,2021-07-01
SW6,6678,7576,14254,22197,18934,41131,2021-07-01
SW7,3025,2580,5605,8572,5849,14421,2021-07-01
SW8,5850,6058,11908,11340,7317,18657,2021-07-01
SW9,8010,8114,16124,13233,8561,21794,2021-07-01
SW10,2129,2433,4562,6481,5309,11790,2021-07-01
SW11,7405,8637,16042,24609,20041,44650,2021-07-01
SW12,2693,2915,5608,10942,9683,20625,2021-07-01
SW13,1158,1417,2575,6151,5865,12016,2021-07-01
SW14,1185,1337,2522,6415,6205,12620,2021-07-01
SW15,5901,6829,12730,22546,19054,41600,2021-07-01
SW16,11282,10909,22191,27534,21231,48765,2021-07-01
SW17,8920,8142,17062,20745,16750,37495,2021-07-01
SW18,5142,6132,11274,23245,20390,43635,2021-07-01
SW19,7357,8217,15574,31467,26744,58211,2021-07-01
SW20,2299,2607,4906,12121,10886,23007,2021-07-01
SY1,1708,1991,3699,8905,7364,16269,2021-07-01
SY2,950,1072,2022,6327,5809,12136,2021-07-01
SY3,1547,1786,3333,12257,11656,23913,2021-07-01
SY4,891,1032,1923,10059,9619,19678,2021-07-01
SY5,775,768,1543,8694,8262,16956,2021-07-01
SY6,195,215,410,2802,2664,5466,2021-07-01
SY7,361,427,788,4437,4143,8580,2021-07-01
SY8,616,754,1370,7130,6647,13777,2021-07-01
SY9,99,104,203,1117,975,2092,2021-07-01
SY10,451,563,1014,6300,5863,12163,2021-07-01
SY11,1269,1480,2749,9343,8455,17798,2021-07-01
SY12,299,349,648,3268,3019,6287,2021-07-01
SY13,785,847,1632,7771,7026,14797,2021-07-01
SY14,174,232,406,2815,2773,5588,2021-07-01
SY15,136,147,283,2160,2110,4270,2021-07-01
SY16,845,943,1788,5467,4770,10237,2021-07-01
SY17,95,114,209,1509,1395,2904,2021-07-01
SY18,139,153,292,1741,1580,3321,2021-07-01
SY19,23,29,52,440,384,824,2021-07-01
SY20,265,311,576,2520,2318,4838,2021-07-01
SY21,630,796,1426,6362,5809,12171,2021-07-01
SY22,282,287,569,3668,3444,7112,2021-07-01
SY23,1421,1518,2939,8615,7706,16321,2021-07-01
SY24,188,210,398,1722,1603,3325,2021-07-01
SY25,143,186,329,1723,1589,3312,2021-07-01
TA1,2293,2622,4915,13893,12788,26681,2021-07-01
TA2,1342,1604,2946,10790,10040,20830,2021-07-01
TA3,406,421,827,6238,6151,12389,2021-07-01
TA4,616,687,1303,7770,7705,15475,2021-07-01
TA5,310,398,708,4711,4531,9242,2021-07-01
TA6,2937,3175,6112,17035,14330,31365,2021-07-01
TA7,472,496,968,6590,6397,12987,2021-07-01
TA8,625,717,1342,6464,5751,12215,2021-07-01
TA9,604,653,1257,5008,4484,9492,2021-07-01
TA10,331,313,644,4082,4040,8122,2021-07-01
TA11,280,322,602,3989,3978,7967,2021-07-01
TA12,180,226,406,2485,2428,4913,2021-07-01
TA13,116,136,252,1704,1694,3398,2021-07-01
TA14,94,130,224,1287,1223,2510,2021-07-01
TA15,19,26,45,260,267,527,2021-07-01
TA16,53,66,119,765,745,1510,2021-07-01
TA17,6,15,21,226,248,474,2021-07-01
TA18,318,417,735,4073,3801,7874,2021-07-01
TA19,318,407,725,4744,4656,9400,2021-07-01
TA20,857,903,1760,7868,7100,14968,2021-07-01
TA21,815,918,1733,7618,7189,14807,2021-07-01
TA22,65,85,150,1064,1075,2139,2021-07-01
TA23,256,298,554,2090,1950,4040,2021-07-01
TA24,735,892,1627,6852,6280,13132,2021-07-01
TD1,966,1224,2190,6283,5431,11714,2021-07-01
TD2,84,101,185,1078,1057,2135,2021-07-01
TD3,35,50,85,427,374,801,2021-07-01
TD4,90,94,184,891,853,1744,2021-07-01
TD5,391,455,846,4287,4189,8476,2021-07-01
TD6,251,326,577,3101,3047,6148,2021-07-01
TD7,339,373,712,2651,2485,5136,2021-07-01
TD8,234,306,540,2272,2108,4380,2021-07-01
TD9,826,1041,1867,6443,5551,11994,2021-07-01
TD10,37,52,89,432,410,842,2021-07-01
TD11,267,349,616,2984,2756,5740,2021-07-01
TD12,134,188,322,1705,1590,3295,2021-07-01
TD13,27,49,76,368,353,721,2021-07-01
TD14,248,357,605,2404,2100,4504,2021-07-01
TD15,834,1037,1871,6368,5604,11972,2021-07-01
TF1,2579,3039,5618,13917,11566,25483,2021-07-01
TF2,2231,2659,4890,13762,12025,25787,2021-07-01
TF3,2061,2583,4644,8217,6481,14698,2021-07-01
TF4,1108,1441,2549,7301,6565,13866,2021-07-01
TF5,194,222,416,2017,1942,3959,2021-07-01
TF6,158,171,329,2420,2223,4643,2021-07-01
TF7,1519,1910,3429,5267,4155,9422,2021-07-01
TF8,96,103,199,1240,1179,2419,2021-07-01
TF9,964,1183,2147,10062,8833,18895,2021-07-01
TF10,671,714,1385,7292,6805,14097,2021-07-01
TF11,424,452,876,4699,4433,9132,2021-07-01
TF12,213,242,455,2009,1919,3928,2021-07-01
TF13,129,139,268,1430,1441,2871,2021-07-01
TN1,881,995,1876,4101,3304,7405,2021-07-01
TN2,1423,1733,3156,10510,9891,20401,2021-07-01
TN3,363,424,787,4731,4683,9414,2021-07-01
TN3,0,0,0,1,0,1,2021-07-01
TN4,1721,1985,3706,10935,10232,21167,2021-07-01
TN5,317,380,697,3577,3576,7153,2021-07-01
TN6,893,1113,2006,10261,9656,19917,2021-07-01
TN7,85,107,192,981,1001,1982,2021-07-01
TN8,571,698,1269,5312,5226,10538,2021-07-01
TN9,1159,1278,2437,6326,5781,12107,2021-07-01
TN10,845,956,1801,5761,5592,11353,2021-07-01
TN11,507,579,1086,5663,5589,11252,2021-07-01
TN12,1182,1422,2604,12076,11417,23493,2021-07-01
TN13,1124,1282,2406,9486,9335,18821,2021-07-01
TN14,566,609,1175,6536,6264,12800,2021-07-01
TN15,853,1008,1861,10336,10136,20472,2021-07-01
TN16,756,809,1565,7784,7532,15316,2021-07-01
TN17,623,732,1355,5467,5241,10708,2021-07-01
TN18,238,267,505,2614,2559,5173,2021-07-01
TN19,184,205,389,2138,2067,4205,2021-07-01
TN20,135,168,303,1558,1535,3093,2021-07-01
TN21,506,568,1074,6911,6719,13630,2021-07-01
TN22,1091,1227,2318,10865,10673,21538,2021-07-01
TN23,2809,3386,6195,14620,12493,27113,2021-07-01
TN24,2066,2487,4553,11650,10252,21902,2021-07-01
TN25,617,656,1273,7596,7294,14890,2021-07-01
TN26,381,421,802,5044,4810,9854,2021-07-01
TN27,419,510,929,5814,5651,11465,2021-07-01
TN28,345,405,750,3455,3140,6595,2021-07-01
TN29,563,652,1215,5190,4580,9770,2021-07-01
TN30,317,417,734,3863,3876,7739,2021-07-01
TN31,625,675,1300,5488,5199,10687,2021-07-01
TN32,210,210,420,2127,1992,4119,2021-07-01
TN33,565,581,1146,4831,4807,9638,2021-07-01
TN34,2387,2673,5060,9753,8320,18073,2021-07-01
TN35,1152,1331,2483,6123,5707,11830,2021-07-01
TN36,85,95,180,954,882,1836,2021-07-01
TN37,1518,1672,3190,6669,5511,12180,2021-07-01
TN38,2033,2349,4382,9226,8097,17323,2021-07-01
TN39,1159,1365,2524,9641,9220,18861,2021-07-01
TN40,942,1126,2068,6004,5707,11711,2021-07-01
TQ1,2122,2296,4418,11078,9490,20568,2021-07-01
TQ2,2186,2587,4773,11904,10614,22518,2021-07-01
TQ3,1772,1998,3770,10934,9944,20878,2021-07-01
TQ4,920,1079,1999,7396,6671,14067,2021-07-01
TQ5,926,1066,1992,7061,6367,13428,2021-07-01
TQ6,342,446,788,2979,2718,5697,2021-07-01
TQ7,636,745,1381,6579,6483,13062,2021-07-01
TQ8,70,73,143,705,662,1367,2021-07-01
TQ9,954,1021,1975,7262,7392,14654,2021-07-01
TQ10,128,180,308,1576,1565,3141,2021-07-01
TQ11,213,262,475,1559,1480,3039,2021-07-01
TQ12,2422,2792,5214,21100,20060,41160,2021-07-01
TQ13,895,925,1820,9464,9504,18968,2021-07-01
TQ14,897,1021,1918,7248,6900,14148,2021-07-01
TR1,1306,1554,2860,7471,7177,14648,2021-07-01
TR2,353,436,789,4122,4005,8127,2021-07-01
TR3,436,435,871,5106,5024,10130,2021-07-01
TR4,440,468,908,4979,4826,9805,2021-07-01
TR5,182,155,337,1608,1643,3251,2021-07-01
TR6,162,189,351,1536,1436,2972,2021-07-01
TR7,1334,1406,2740,8078,7298,15376,2021-07-01
TR8,360,396,756,4210,4001,8211,2021-07-01
TR9,330,422,752,3158,2891,6049,2021-07-01
TR10,567,645,1212,3536,3265,6801,2021-07-01
TR11,1456,1638,3094,10068,9754,19822,2021-07-01
TR12,347,328,675,3757,3525,7282,2021-07-01
TR13,783,936,1719,7611,7378,14989,2021-07-01
TR14,1508,1536,3044,9362,8356,17718,2021-07-01
TR15,1161,1242,2403,7371,6688,14059,2021-07-01
TR16,593,677,1270,6378,6046,12424,2021-07-01
TR17,72,82,154,578,555,1133,2021-07-01
TR18,1292,1447,2739,6293,5667,11960,2021-07-01
TR19,437,468,905,3327,3208,6535,2021-07-01
TR20,333,359,692,3890,3709,7599,2021-07-01
TR21,82,100,182,565,458,1023,2021-07-01
TR22,8,5,13,22,18,40,2021-07-01
TR23,3,8,11,30,24,54,2021-07-01
TR24,4,7,11,39,27,66,2021-07-01
TR25,3,5,8,52,39,91,2021-07-01
TR26,629,679,1308,4009,3727,7736,2021-07-01
TR27,679,802,1481,5805,5400,11205,2021-07-01
TS1,2828,2042,4870,3139,1288,4427,2021-07-01
TS2,139,151,290,232,126,358,2021-07-01
TS3,2830,3431,6261,6598,4737,11335,2021-07-01
TS4,1681,2026,3707,4607,3407,8014,2021-07-01
TS5,2335,2920,5255,13614,11527,25141,2021-07-01
TS6,1939,2613,4552,9086,7391,16477,2021-07-01
TS7,771,1009,1780,8583,7825,16408,2021-07-01
TS8,1051,1418,2469,7455,6894,14349,2021-07-01
TS9,322,423,745,5264,5106,10370,2021-07-01
TS10,2126,2671,4797,12226,10416,22642,2021-07-01
TS11,421,540,961,4265,3853,8118,2021-07-01
TS12,1113,1339,2452,7823,6857,14680,2021-07-01
TS13,593,727,1320,3276,2585,5861,2021-07-01
TS14,649,879,1528,6871,6267,13138,2021-07-01
TS15,438,435,873,5803,5493,11296,2021-07-01
TS16,352,477,829,3980,3798,7778,2021-07-01
TS17,2250,2793,5043,15444,13701,29145,2021-07-01
TS18,1655,1796,3451,8052,6620,14672,2021-07-01
TS19,2250,3018,5268,10886,9511,20397,2021-07-01
TS20,1118,1385,2503,6585,5698,12283,2021-07-01
TS21,405,514,919,5109,4720,9829,2021-07-01
TS22,231,276,507,4071,3785,7856,2021-07-01
TS23,1683,2166,3849,9165,7841,17006,2021-07-01
TS24,1668,2104,3772,5986,4589,10575,2021-07-01
TS25,2186,2803,4989,11786,9994,21780,2021-07-01
TS26,1344,1479,2823,8466,7638,16104,2021-07-01
TS27,497,631,1128,4324,3909,8233,2021-07-01
TS28,279,332,611,1773,1567,3340,2021-07-01
TS29,320,423,743,2030,1658,3688,2021-07-01
TS90,0,0,0,1,0,1,2021-07-01
TW0,0,0,0,0,1,1,2021-07-01
TW1,1762,2035,3797,10219,9427,19646,2021-07-01
TW2,2013,2258,4271,11180,10337,21517,2021-07-01
TW2,0,0,0,1,0,1,2021-07-01
TW3,9835,7388,17223,15020,9110,24130,2021-07-01
TW4,6529,5409,11938,10322,6220,16542,2021-07-01
TW5,5908,4911,10819,11786,7683,19469,2021-07-01
TW6,6,2,8,17,12,29,2021-07-01
TW7,3959,4484,8443,14508,11438,25946,2021-07-01
TW8,2362,2643,5005,8069,6205,14274,2021-07-01
TW9,1673,1999,3672,9006,8138,17144,2021-07-01
TW10,1581,1825,3406,7682,6946,14628,2021-07-01
TW11,1512,1787,3299,8923,8504,17427,2021-07-01
TW12,1452,1673,3125,8637,8223,16860,2021-07-01
TW13,3927,4430,8357,12750,9310,22060,2021-07-01
TW14,3521,3896,7417,10460,7323,17783,2021-07-01
TW15,1427,1580,3007,11067,9834,20901,2021-07-01
TW16,1168,1385,2553,8288,7476,15764,2021-07-01
TW17,576,621,1197,5787,5601,11388,2021-07-01
TW18,1492,1520,3012,10251,9214,19465,2021-07-01
TW19,1228,1383,2611,7023,5721,12744,2021-07-01
TW20,1748,1760,3508,8672,7558,16230,2021-07-01
UB1,11232,8150,19382,14025,8080,22105,2021-07-01
UB1,0,0,0,0,1,1,2021-07-01
UB2,8648,6495,15143,11844,7064,18908,2021-07-01
UB3,8650,8194,16844,18589,11887,30476,2021-07-01
UB4,5442,5280,10722,14225,10277,24502,2021-07-01
UB5,5599,6723,12322,16159,11703,27862,2021-07-01
UB6,7079,6709,13788,20944,14048,34992,2021-07-01
UB7,3524,4066,7590,11940,8516,20456,2021-07-01
UB8,3284,3425,6709,11622,8926,20548,2021-07-01
UB9,779,874,1653,6095,5531,11626,2021-07-01
UB10,2391,2752,5143,13869,12025,25894,2021-07-01
UB11,1,1,2,11,3,14,2021-07-01
UNKNOWNNA,1749,1383,3132,20644,13873,34517,2021-07-01
W1,40,29,69,51,32,83,2021-07-01
W1,104,31,135,94,40,134,2021-07-01
W1,68,74,142,305,169,474,2021-07-01
W1,17,9,26,21,7,28,2021-07-01
W1,221,117,338,377,154,531,2021-07-01
W1,2,0,2,2,1,3,2021-07-01
W1,191,160,351,541,259,800,2021-07-01
W1,254,254,508,1024,756,1780,2021-07-01
W1,929,819,1748,2280,1471,3751,2021-07-01
W1,204,163,367,700,424,1124,2021-07-01
W1,397,411,808,1058,644,1702,2021-07-01
W1,68,52,120,69,56,125,2021-07-01
W1,53,64,117,93,52,145,2021-07-01
W1,0,1,1,0,0,0,2021-07-01
W1,65,65,130,88,36,124,2021-07-01
W1,60,14,74,48,7,55,2021-07-01
W1,48,39,87,140,63,203,2021-07-01
W1,502,359,861,1118,559,1677,2021-07-01
W1,558,567,1125,1761,1170,2931,2021-07-01
W1,87,61,148,98,48,146,2021-07-01
W1,453,503,956,1133,681,1814,2021-07-01
W1,53,20,73,84,41,125,2021-07-01
W1,60,55,115,104,58,162,2021-07-01
W2,7806,7153,14959,16794,10894,27688,2021-07-01
W2,1,0,1,0,0,0,2021-07-01
W3,7836,7539,15375,21731,15369,37100,2021-07-01
W4,3950,4537,8487,17397,15174,32571,2021-07-01
W5,5182,5362,10544,21119,17051,38170,2021-07-01
W6,4320,4276,8596,11511,9102,20613,2021-07-01
W7,3459,3685,7144,10011,8196,18207,2021-07-01
W8,2278,2727,5005,8083,6896,14979,2021-07-01
W9,4841,5260,10101,12475,9257,21732,2021-07-01
W10,4891,5539,10430,9183,6943,16126,2021-07-01
W11,4012,4491,8503,10010,8135,18145,2021-07-01
W12,7434,7510,14944,14626,10484,25110,2021-07-01
W13,3693,3654,7347,12507,9962,22469,2021-07-01
W14,4889,5292,10181,12647,9779,22426,2021-07-01
W15,4,1,5,7,6,13,2021-07-01
W16,5,1,6,0,2,2,2021-07-01
W17,8,7,15,8,6,14,2021-07-01
W18,2,2,4,1,0,1,2021-07-01
W19,2,6,8,6,2,8,2021-07-01
W21,0,3,3,0,0,0,2021-07-01
W22,3,1,4,5,0,5,2021-07-01
W23,0,1,1,0,0,0,2021-07-01
W26,0,1,1,0,1,1,2021-07-01
W27,0,0,0,1,0,1,2021-07-01
W28,0,1,1,0,0,0,2021-07-01
W30,0,0,0,1,0,1,2021-07-01
W32,1,0,1,0,0,0,2021-07-01
W38,0,0,0,1,0,1,2021-07-01
W40,0,0,0,0,1,1,2021-07-01
W43,0,0,0,0,1,1,2021-07-01
WA1,1232,1316,2548,8304,7099,15403,2021-07-01
WA2,2886,3346,6232,13196,10833,24029,2021-07-01
WA3,1980,2492,4472,17805,16296,34101,2021-07-01
WA4,2022,2208,4230,18631,17345,35976,2021-07-01
WA5,2945,3559,6504,22526,20145,42671,2021-07-01
WA6,671,738,1409,7748,7421,15169,2021-07-01
WA7,4513,5572,10085,20707,17376,38083,2021-07-01
WA8,3782,4746,8528,21855,18437,40292,2021-07-01
WA9,3467,4455,7922,15826,12673,28499,2021-07-01
WA10,2372,2754,5126,13008,10965,23973,2021-07-01
WA11,1849,2422,4271,14236,12453,26689,2021-07-01
WA12,1353,1714,3067,8368,7189,15557,2021-07-01
WA13,355,459,814,5213,5087,10300,2021-07-01
WA14,1650,1640,3290,11461,10633,22094,2021-07-01
WA15,2030,2092,4122,16465,15467,31932,2021-07-01
WA16,885,919,1804,9569,9234,18803,2021-07-01
WC1,19,25,44,30,18,48,2021-07-01
WC1,107,101,208,294,132,426,2021-07-01
WC1,209,221,430,356,221,577,2021-07-01
WC1,245,252,497,465,293,758,2021-07-01
WC1,0,1,1,0,0,0,2021-07-01
WC1,1028,959,1987,1759,947,2706,2021-07-01
WC1,0,1,1,1,0,1,2021-07-01
WC1,843,803,1646,1832,1124,2956,2021-07-01
WC1,0,0,0,1,0,1,2021-07-01
WC1,1,0,1,0,0,0,2021-07-01
WC1,58,42,100,178,102,280,2021-07-01
WC1,1,0,1,0,0,0,2021-07-01
WC1,63,43,106,96,47,143,2021-07-01
WC1,1060,1005,2065,1893,1163,3056,2021-07-01
WC1,0,0,0,1,0,1,2021-07-01
WC1,2,1,3,0,0,0,2021-07-01
WC2,7,3,10,14,4,18,2021-07-01
WC2,20,18,38,97,54,151,2021-07-01
WC2,210,169,379,463,274,737,2021-07-01
WC2,80,63,143,224,123,347,2021-07-01
WC2,420,318,738,791,373,1164,2021-07-01
WC2,95,60,155,250,116,366,2021-07-01
WC2,47,36,83,142,84,226,2021-07-01
WC2,0,0,0,0,1,1,2021-07-01
WC2,0,0,0,0,1,1,2021-07-01
WC4,1,0,1,0,0,0,2021-07-01
WC12,1,0,1,0,0,0,2021-07-01
WC13,0,2,2,2,0,2,2021-07-01
WC14,3,1,4,0,1,1,2021-07-01
WC18,1,0,1,0,0,0,2021-07-01
WC19,1,1,2,0,0,0,2021-07-01
WC23,0,0,0,2,0,2,2021-07-01
WC24,2,0,2,5,1,6,2021-07-01
WC26,0,0,0,1,0,1,2021-07-01
WC28,1,0,1,0,2,2,2021-07-01
WC44,0,0,0,1,0,1,2021-07-01
WC78,1,0,1,0,0,0,2021-07-01
WD1,59,50,109,129,63,192,2021-07-01
WD2,98,70,168,198,83,281,2021-07-01
WD3,1897,2005,3902,16425,16055,32480,2021-07-01
WD4,419,409,828,4625,4450,9075,2021-07-01
WD5,536,552,1088,4337,4234,8571,2021-07-01
WD6,2901,3358,6259,15020,12763,27783,2021-07-01
WD7,545,610,1155,5252,5170,10422,2021-07-01
WD17,1342,1429,2771,6876,5616,12492,2021-07-01
WD18,2936,3353,6289,9106,6442,15548,2021-07-01
WD19,1824,2088,3912,10427,9410,19837,2021-07-01
WD22,0,0,0,0,1,1,2021-07-01
WD23,1374,1618,2992,10284,10157,20441,2021-07-01
WD24,1953,2153,4106,8558,6717,15275,2021-07-01
WD25,1757,2108,3865,10873,9851,20724,2021-07-01
WF0,0,0,0,1,0,1,2021-07-01
WF1,2874,3313,6187,12149,9039,21188,2021-07-01
WF2,3137,3926,7063,17388,14601,31989,2021-07-01
WF3,1406,1908,3314,12176,11158,23334,2021-07-01
WF4,1936,2436,4372,16188,14369,30557,2021-07-01
WF5,973,1239,2212,7467,6827,14294,2021-07-01
WF6,1250,1645,2895,7468,6047,13515,2021-07-01
WF7,1076,1569,2645,7559,6522,14081,2021-07-01
WF8,1791,2368,4159,12024,10382,22406,2021-07-01
WF9,2653,3461,6114,13122,10325,23447,2021-07-01
WF10,3063,4143,7206,16150,13008,29158,2021-07-01
WF11,1067,1386,2453,5731,4676,10407,2021-07-01
WF12,2268,2997,5265,11260,8790,20050,2021-07-01
WF13,2483,3072,5555,7996,5305,13301,2021-07-01
WF14,762,1024,1786,7215,6685,13900,2021-07-01
WF15,911,1155,2066,5963,5284,11247,2021-07-01
WF16,806,1040,1846,3917,2940,6857,2021-07-01
WF17,2924,3943,6867,13663,10261,23924,2021-07-01
WF21,0,0,0,1,0,1,2021-07-01
WN0,0,0,0,1,0,1,2021-07-01
WN1,1238,1314,2552,6711,5303,12014,2021-07-01
WN2,2759,3509,6268,17669,14820,32489,2021-07-01
WN3,1556,2002,3558,10656,8940,19596,2021-07-01
WN4,1305,1597,2902,10115,8818,18933,2021-07-01
WN5,2439,3010,5449,14635,12150,26785,2021-07-01
WN6,1749,2078,3827,15099,13691,28790,2021-07-01
WN7,3012,3666,6678,16063,13046,29109,2021-07-01
WN8,3441,4156,7597,15174,12476,27650,2021-07-01
WR1,845,769,1614,3342,2488,5830,2021-07-01
WR2,1370,1521,2891,10858,9895,20753,2021-07-01
WR3,931,1034,1965,8107,7399,15506,2021-07-01
WR4,1751,2113,3864,8505,7260,15765,2021-07-01
WR5,1612,2055,3667,12363,11115,23478,2021-07-01
WR6,361,356,717,5540,5392,10932,2021-07-01
WR7,126,139,265,2439,2405,4844,2021-07-01
WR8,250,249,499,3516,3405,6921,2021-07-01
WR9,1423,1637,3060,12485,11887,24372,2021-07-01
WR10,561,775,1336,7756,7418,15174,2021-07-01
WR11,1939,2262,4201,17813,15732,33545,2021-07-01
WR12,177,208,385,2508,2471,4979,2021-07-01
WR13,237,236,473,3723,3654,7377,2021-07-01
WR14,1786,2116,3902,12354,11613,23967,2021-07-01
WR15,263,273,536,2934,2680,5614,2021-07-01
WS0,0,0,0,0,1,1,2021-07-01
WS1,2806,3217,6023,7676,4791,12467,2021-07-01
WS2,3696,4909,8605,10984,7261,18245,2021-07-01
WS3,3763,4776,8539,15495,12180,27675,2021-07-01
WS4,970,1124,2094,5983,5071,11054,2021-07-01
WS5,1176,1701,2877,7619,6481,14100,2021-07-01
WS6,620,781,1401,6479,5735,12214,2021-07-01
WS7,1065,1338,2403,11322,10138,21460,2021-07-01
WS8,915,1066,1981,5347,4613,9960,2021-07-01
WS9,1019,1263,2282,9656,8808,18464,2021-07-01
WS10,3761,4920,8681,14112,10419,24531,2021-07-01
WS11,2046,2613,4659,15212,13265,28477,2021-07-01
WS12,1370,1856,3226,13333,11825,25158,2021-07-01
WS13,1300,1507,2807,10133,9192,19325,2021-07-01
WS14,619,666,1285,6767,6493,13260,2021-07-01
WS15,1685,2049,3734,14078,12483,26561,2021-07-01
WV0,0,2,2,1,0,1,2021-07-01
WV1,2182,2115,4297,4356,2648,7004,2021-07-01
WV2,2417,2542,4959,4877,3196,8073,2021-07-01
WV3,2322,2574,4896,9982,8078,18060,2021-07-01
WV4,2080,2605,4685,11938,9894,21832,2021-07-01
WV5,470,563,1033,5919,5497,11416,2021-07-01
WV6,2996,3357,6353,15750,13440,29190,2021-07-01
WV7,397,278,675,2288,2069,4357,2021-07-01
WV8,786,1078,1864,5507,5060,10567,2021-07-01
WV9,317,396,713,2575,2311,4886,2021-07-01
WV10,5004,6412,11416,16942,13474,30416,2021-07-01
WV11,2174,2801,4975,11496,9235,20731,2021-07-01
WV12,1383,1834,3217,8571,7117,15688,2021-07-01
WV13,1726,2162,3888,6580,5068,11648,2021-07-01
WV14,3614,4589,8203,14949,11629,26578,2021-07-01
WV15,311,343,654,3453,3049,6502,2021-07-01
WV16,558,693,1251,6869,6270,13139,2021-07-01
YL55,0,0,0,0,1,1,2021-07-01
YO0,0,0,0,1,0,1,2021-07-01
YO1,418,400,818,1396,1082,2478,2021-07-01
YO1,0,0,0,1,0,1,2021-07-01
YO2,33,34,67,61,21,82,2021-07-01
YO3,34,27,61,77,48,125,2021-07-01
YO3,0,0,0,0,1,1,2021-07-01
YO4,11,10,21,86,65,151,2021-07-01
YO5,8,8,16,28,17,45,2021-07-01
YO6,18,27,45,105,53,158,2021-07-01
YO7,661,830,1491,8129,7559,15688,2021-07-01
YO8,1953,2545,4498,17439,15605,33044,2021-07-01
YO9,2,0,2,0,0,0,2021-07-01
YO10,1646,1963,3609,6903,5896,12799,2021-07-01
YO11,1570,1736,3306,7378,5900,13278,2021-07-01
YO12,2431,2878,5309,12791,11027,23818,2021-07-01
YO13,274,328,602,4186,4096,8282,2021-07-01
YO14,444,553,997,4188,3785,7973,2021-07-01
YO15,798,845,1643,4647,3721,8368,2021-07-01
YO16,1251,1609,2860,8355,6978,15333,2021-07-01
YO17,888,996,1884,8634,7826,16460,2021-07-01
YO18,350,445,795,4455,4203,8658,2021-07-01
YO19,423,496,919,5070,4786,9856,2021-07-01
YO20,0,0,0,0,1,1,2021-07-01
YO21,576,634,1210,5239,4801,10040,2021-07-01
YO22,396,447,843,3173,2849,6022,2021-07-01
YO23,873,1015,1888,6994,6857,13851,2021-07-01
YO24,1815,2305,4120,9767,8989,18756,2021-07-01
YO25,1109,1375,2484,13262,12284,25546,2021-07-01
YO26,1546,1906,3452,10715,9841,20556,2021-07-01
YO29,0,0,0,1,0,1,2021-07-01
YO30,1560,1796,3356,8843,7926,16769,2021-07-01
YO31,1707,2061,3768,8484,7505,15989,2021-07-01
YO32,1032,1327,2359,10317,10008,20325,2021-07-01
YO34,1,0,1,1,0,1,2021-07-01
YO35,0,0,0,0,1,1,2021-07-01
YO41,264,356,620,4483,4368,8851,2021-07-01
YO42,498,634,1132,6169,5981,12150,2021-07-01
YO43,386,450,836,5052,4745,9797,2021-07-01
YO45,0,0,0,0,1,1,2021-07-01
YO51,159,201,360,2525,2459,4984,2021-07-01
YO60,114,121,235,1920,1905,3825,2021-07-01
YO61,400,498,898,5738,5677,11415,2021-07-01
YO62,414,412,826,4681,4518,9199,2021-07-01
YO69,0,0,0,1,0,1,2021-07-01
ZE0,0,0,0,0,1,1,2021-07-01
ZE1,448,532,980,2699,2289,4988,2021-07-01
ZE2,606,763,1369,5399,4847,10246,2021-07-01
ZE3,21,23,44,160,142,302,2021-07-01
TotalNA,4254843,4797515,9052358,21828931,18837345,40666276,2021-07-01
AB1,50,59,109,155,110,265,2015-06-01
AB2,27,28,55,120,59,179,2015-06-01
AB3,1,5,6,23,32,55,2015-06-01
AB4,0,0,0,6,10,16,2015-06-01
AB5,0,1,1,7,5,12,2015-06-01
AB9,29,17,46,65,10,75,2015-06-01
AB10,1431,1513,2944,7610,5985,13595,2015-06-01
AB11,1841,1967,3808,6491,4238,10729,2015-06-01
AB12,1195,1554,2749,9673,8368,18041,2015-06-01
AB13,103,119,222,1354,1308,2662,2015-06-01
AB14,224,261,485,1965,1813,3778,2015-06-01
AB15,1431,1817,3248,15074,13928,29002,2015-06-01
AB16,2241,2987,5228,8423,6108,14531,2015-06-01
AB21,839,1074,1913,8453,7250,15703,2015-06-01
AB22,606,825,1431,6433,5733,12166,2015-06-01
AB23,442,490,932,4391,3909,8300,2015-06-01
AB24,2980,3097,6077,9267,5654,14921,2015-06-01
AB25,1468,1368,2836,5253,3631,8884,2015-06-01
AB30,203,263,466,2887,2635,5522,2015-06-01
AB31,458,535,993,6349,5933,12282,2015-06-01
AB32,424,514,938,5209,4971,10180,2015-06-01
AB33,131,181,312,2209,1963,4172,2015-06-01
AB34,180,235,415,2123,2049,4172,2015-06-01
AB35,96,122,218,984,915,1899,2015-06-01
AB36,16,21,37,220,209,429,2015-06-01
AB37,46,55,101,538,461,999,2015-06-01
AB38,126,196,322,1730,1498,3228,2015-06-01
AB39,643,769,1412,6726,6318,13044,2015-06-01
AB41,626,905,1531,8441,7650,16091,2015-06-01
AB42,1440,1820,3260,12002,10148,22150,2015-06-01
AB43,1068,1295,2363,8182,7034,15216,2015-06-01
AB44,194,237,431,1348,1171,2519,2015-06-01
AB45,439,526,965,3967,3460,7427,2015-06-01
AB51,996,1271,2267,13387,12236,25623,2015-06-01
AB52,118,190,308,1992,1817,3809,2015-06-01
AB53,346,491,837,4900,4230,9130,2015-06-01
AB54,386,525,911,4308,3776,8084,2015-06-01
AB55,286,459,745,3346,2834,6180,2015-06-01
AB56,671,743,1414,4864,4318,9182,2015-06-01
AL1,1787,1934,3721,13505,11872,25377,2015-06-01
AL2,890,1069,1959,9295,8602,17897,2015-06-01
AL3,1096,1265,2361,10597,9970,20567,2015-06-01
AL4,941,1087,2028,10484,10091,20575,2015-06-01
AL5,1031,1106,2137,11927,11644,23571,2015-06-01
AL6,346,329,675,4838,4667,9505,2015-06-01
AL7,1833,2269,4102,11562,10248,21810,2015-06-01
AL8,541,690,1231,4965,4635,9600,2015-06-01
AL9,373,416,789,4695,4246,8941,2015-06-01
AL10,2843,2539,5382,10351,7356,17707,2015-06-01
B1,719,620,1339,1816,959,2775,2015-06-01
B2,56,52,108,74,35,109,2015-06-01
B3,125,144,269,548,341,889,2015-06-01
B4,189,101,290,231,59,290,2015-06-01
B5,1132,1197,2329,2651,1589,4240,2015-06-01
B6,2457,2636,5093,4240,2133,6373,2015-06-01
B7,991,1234,2225,1584,861,2445,2015-06-01
B8,4644,5049,9693,9129,4764,13893,2015-06-01
B9,2576,3095,5671,5162,2834,7996,2015-06-01
B10,3095,3410,6505,5737,2819,8556,2015-06-01
B11,5137,5432,10569,10388,5440,15828,2015-06-01
B12,2524,2522,5046,4144,2017,6161,2015-06-01
B13,2761,3278,6039,11876,9176,21052,2015-06-01
B14,2985,3749,6734,12742,10380,23122,2015-06-01
B15,1407,1434,2841,4632,3494,8126,2015-06-01
B16,2569,2668,5237,5654,3386,9040,2015-06-01
B17,1549,1842,3391,8005,6713,14718,2015-06-01
B18,1834,2281,4115,3105,1942,5047,2015-06-01
B19,2807,2939,5746,3667,1845,5512,2015-06-01
B20,3539,4038,7577,9451,6554,16005,2015-06-01
B21,4134,4270,8404,6560,3785,10345,2015-06-01
B23,3495,4415,7910,11667,8787,20454,2015-06-01
B24,2073,2581,4654,8425,6422,14847,2015-06-01
B25,1394,1749,3143,4413,2977,7390,2015-06-01
B26,1959,2401,4360,10882,8356,19238,2015-06-01
B27,2042,2486,4528,7388,5190,12578,2015-06-01
B28,1659,2112,3771,10694,8563,19257,2015-06-01
B29,2862,3385,6247,9145,6897,16042,2015-06-01
B30,1780,2234,4014,8708,7854,16562,2015-06-01
B31,3839,5103,8942,16221,12974,29195,2015-06-01
B32,2703,3853,6556,10896,8537,19433,2015-06-01
B33,2711,3609,6320,9239,6444,15683,2015-06-01
B34,1285,1728,3013,5459,4202,9661,2015-06-01
B35,827,1072,1899,2334,1824,4158,2015-06-01
B36,2281,3247,5528,11273,8709,19982,2015-06-01
B37,2720,3441,6161,10069,7817,17886,2015-06-01
B38,1456,1949,3405,5762,4724,10486,2015-06-01
B42,1422,1884,3306,7544,5997,13541,2015-06-01
B43,1327,1722,3049,10317,8667,18984,2015-06-01
B44,2657,3487,6144,10382,8069,18451,2015-06-01
B45,1797,2514,4311,10082,8224,18306,2015-06-01
B46,408,488,896,4957,4480,9437,2015-06-01
B47,275,306,581,3924,3711,7635,2015-06-01
B48,165,178,343,2318,2129,4447,2015-06-01
B49,356,475,831,4024,3736,7760,2015-06-01
B50,176,213,389,2119,2021,4140,2015-06-01
B60,889,1032,1921,10087,9409,19496,2015-06-01
B61,966,1197,2163,9135,8039,17174,2015-06-01
B62,951,1226,2177,8999,7695,16694,2015-06-01
B63,1621,2163,3784,12611,10474,23085,2015-06-01
B64,949,1224,2173,5145,3946,9091,2015-06-01
B65,1387,1911,3298,7255,5478,12733,2015-06-01
B66,2653,2942,5595,4816,2712,7528,2015-06-01
B67,2809,3216,6025,8210,5639,13849,2015-06-01
B68,2035,2802,4837,9709,7297,17006,2015-06-01
B69,1862,2480,4342,8517,6254,14771,2015-06-01
B70,2531,3030,5561,7282,4322,11604,2015-06-01
B71,2029,2648,4677,9021,6364,15385,2015-06-01
B72,410,453,863,3815,3343,7158,2015-06-01
B73,890,1057,1947,8811,8011,16822,2015-06-01
B74,874,1027,1901,12845,12104,24949,2015-06-01
B75,1018,1345,2363,9722,9116,18838,2015-06-01
B76,927,888,1815,8972,7892,16864,2015-06-01
B77,2720,3930,6650,19525,16412,35937,2015-06-01
B78,934,1190,2124,8960,7772,16732,2015-06-01
B79,903,1244,2147,7843,6676,14519,2015-06-01
B80,236,267,503,2740,2525,5265,2015-06-01
B90,1616,1999,3615,17691,16060,33751,2015-06-01
B91,1172,1345,2517,13476,12681,26157,2015-06-01
B92,1588,1973,3561,13699,11936,25635,2015-06-01
B93,526,550,1076,7882,7705,15587,2015-06-01
B94,160,186,346,3206,3073,6279,2015-06-01
B95,186,197,383,2524,2450,4974,2015-06-01
B96,116,138,254,2126,2017,4143,2015-06-01
B97,1217,1588,2805,11650,10190,21840,2015-06-01
B98,2784,3926,6710,17110,13572,30682,2015-06-01
BA1,2189,2437,4626,13713,12411,26124,2015-06-01
BA2,3638,4031,7669,23333,20870,44203,2015-06-01
BA3,1337,1295,2632,13137,11929,25066,2015-06-01
BA4,638,759,1397,6810,6102,12912,2015-06-01
BA5,654,703,1357,6674,6298,12972,2015-06-01
BA6,622,671,1293,4922,4685,9607,2015-06-01
BA7,111,148,259,1340,1351,2691,2015-06-01
BA8,122,179,301,1693,1603,3296,2015-06-01
BA9,231,317,548,2828,2529,5357,2015-06-01
BA10,138,188,326,1319,1240,2559,2015-06-01
BA11,1249,1638,2887,11797,11008,22805,2015-06-01
BA12,1153,1452,2605,11006,9841,20847,2015-06-01
BA13,691,903,1594,7449,6733,14182,2015-06-01
BA14,2017,2288,4305,17068,15197,32265,2015-06-01
BA15,451,559,1010,5012,4967,9979,2015-06-01
BA16,591,658,1249,4400,3953,8353,2015-06-01
BA20,430,548,978,4089,3460,7549,2015-06-01
BA21,1568,2065,3633,11485,9493,20978,2015-06-01
BA22,498,500,998,7034,6553,13587,2015-06-01
BB1,4107,5325,9432,20109,14352,34461,2015-06-01
BB2,3562,4377,7939,18411,14310,32721,2015-06-01
BB3,1752,2272,4024,11284,9338,20622,2015-06-01
BB4,1769,2358,4127,14647,12708,27355,2015-06-01
BB5,3346,4338,7684,19402,15178,34580,2015-06-01
BB6,613,773,1386,5278,4609,9887,2015-06-01
BB7,1032,1176,2208,11960,11118,23078,2015-06-01
BB8,1100,1406,2506,7795,6691,14486,2015-06-01
BB9,2503,3166,5669,13859,10334,24193,2015-06-01
BB10,2063,2611,4674,12251,9494,21745,2015-06-01
BB11,1496,1889,3385,6767,5189,11956,2015-06-01
BB12,1685,2091,3776,11972,10077,22049,2015-06-01
BB18,653,881,1534,6071,5220,11291,2015-06-01
BD1,440,308,748,755,266,1021,2015-06-01
BD2,1708,2298,4006,9255,7177,16432,2015-06-01
BD3,3139,3601,6740,7046,3677,10723,2015-06-01
BD4,2149,3018,5167,7763,5480,13243,2015-06-01
BD5,2684,3153,5837,6521,3491,10012,2015-06-01
BD6,1656,2416,4072,8832,6998,15830,2015-06-01
BD7,3166,3312,6478,8687,5056,13743,2015-06-01
BD8,2596,3125,5721,7282,4028,11310,2015-06-01
BD9,1922,2560,4482,7432,5080,12512,2015-06-01
BD10,1323,1657,2980,8127,7036,15163,2015-06-01
BD11,364,544,908,3916,3579,7495,2015-06-01
BD12,868,1136,2004,5680,4643,10323,2015-06-01
BD13,1110,1385,2495,8897,7806,16703,2015-06-01
BD14,409,525,934,2670,2276,4946,2015-06-01
BD15,759,1102,1861,5114,4146,9260,2015-06-01
BD16,995,1189,2184,9391,8427,17818,2015-06-01
BD17,674,811,1485,6686,5959,12645,2015-06-01
BD18,1563,2073,3636,8398,6725,15123,2015-06-01
BD19,899,1120,2019,7641,6663,14304,2015-06-01
BD20,1164,1571,2735,13357,12032,25389,2015-06-01
BD21,1708,2344,4052,6972,4656,11628,2015-06-01
BD22,1346,1761,3107,10145,8682,18827,2015-06-01
BD23,981,1251,2232,11322,10377,21699,2015-06-01
BD24,189,224,413,1976,1790,3766,2015-06-01
BD99,0,0,0,0,1,1,2015-06-01
BH1,1671,1600,3271,6271,4125,10396,2015-06-01
BH2,704,586,1290,2965,2003,4968,2015-06-01
BH3,280,285,565,2108,1806,3914,2015-06-01
BH4,423,442,865,3677,3060,6737,2015-06-01
BH5,664,671,1335,3587,2835,6422,2015-06-01
BH6,926,1062,1988,8381,7908,16289,2015-06-01
BH7,623,661,1284,4212,3746,7958,2015-06-01
BH8,1754,1817,3571,9334,7804,17138,2015-06-01
BH9,1488,1670,3158,9870,8922,18792,2015-06-01
BH10,786,940,1726,7329,6609,13938,2015-06-01
BH11,1012,1308,2320,7003,6170,13173,2015-06-01
BH12,1819,2158,3977,12262,10656,22918,2015-06-01
BH13,151,183,334,3371,3212,6583,2015-06-01
BH14,883,898,1781,9081,8467,17548,2015-06-01
BH15,1571,1751,3322,11918,10460,22378,2015-06-01
BH16,607,803,1410,5839,5406,11245,2015-06-01
BH17,932,1145,2077,8286,7795,16081,2015-06-01
BH18,245,254,499,5023,4760,9783,2015-06-01
BH19,429,587,1016,4318,3884,8202,2015-06-01
BH20,1009,905,1914,8248,7175,15423,2015-06-01
BH21,1026,1253,2279,16405,16005,32410,2015-06-01
BH22,661,730,1391,11078,10579,21657,2015-06-01
BH23,1770,1919,3689,20293,19427,39720,2015-06-01
BH24,711,709,1420,9754,9452,19206,2015-06-01
BH25,822,936,1758,9613,9336,18949,2015-06-01
BH31,326,340,666,5310,5265,10575,2015-06-01
BL0,607,772,1379,6479,6100,12579,2015-06-01
BL1,3728,4245,7973,19895,15561,35456,2015-06-01
BL2,2542,3102,5644,14824,12367,27191,2015-06-01
BL3,4386,5238,9624,19145,13630,32775,2015-06-01
BL4,2019,2693,4712,10278,7648,17926,2015-06-01
BL5,1079,1264,2343,9945,8995,18940,2015-06-01
BL6,1225,1452,2677,10935,9683,20618,2015-06-01
BL7,411,520,931,6141,5897,12038,2015-06-01
BL8,1384,1656,3040,13383,12100,25483,2015-06-01
BL9,2834,3531,6365,15895,12572,28467,2015-06-01
BN1,5907,5728,11635,25605,21206,46811,2015-06-01
BN2,6693,7335,14028,27341,21334,48675,2015-06-01
BN3,5196,5540,10736,27039,22887,49926,2015-06-01
BN5,191,232,423,2908,2870,5778,2015-06-01
BN6,607,597,1204,6695,6707,13402,2015-06-01
BN7,1109,1363,2472,6918,6575,13493,2015-06-01
BN8,516,569,1085,6353,6187,12540,2015-06-01
BN9,710,950,1660,4524,3786,8310,2015-06-01
BN10,839,1085,1924,6736,5804,12540,2015-06-01
BN11,1893,2104,3997,10581,8901,19482,2015-06-01
BN12,794,907,1701,7917,7548,15465,2015-06-01
BN13,1144,1298,2442,10107,9458,19565,2015-06-01
BN14,1308,1533,2841,11197,10411,21608,2015-06-01
BN15,1230,1547,2777,10012,8683,18695,2015-06-01
BN16,844,938,1782,10814,10596,21410,2015-06-01
BN17,1492,1909,3401,10061,8545,18606,2015-06-01
BN18,525,510,1035,5094,4860,9954,2015-06-01
BN20,769,958,1727,7624,7402,15026,2015-06-01
BN21,1436,1512,2948,7918,6641,14559,2015-06-01
BN22,1837,2343,4180,10537,9100,19637,2015-06-01
BN23,1257,1679,2936,9803,8769,18572,2015-06-01
BN24,252,313,565,3600,3366,6966,2015-06-01
BN25,866,1201,2067,8877,8308,17185,2015-06-01
BN26,331,430,761,4279,3994,8273,2015-06-01
BN27,1042,1267,2309,10007,9319,19326,2015-06-01
BN41,1335,1660,2995,6662,5942,12604,2015-06-01
BN42,535,586,1121,3631,3181,6812,2015-06-01
BN43,1110,1208,2318,8212,7494,15706,2015-06-01
BN44,315,362,677,4065,3984,8049,2015-06-01
BN45,25,19,44,236,229,465,2015-06-01
BR1,3841,4771,8612,19010,17020,36030,2015-06-01
BR2,2177,2422,4599,16724,15611,32335,2015-06-01
BR3,2423,2817,5240,17813,16430,34243,2015-06-01
BR4,882,801,1683,7504,7162,14666,2015-06-01
BR5,2686,3366,6052,15331,13890,29221,2015-06-01
BR6,2010,2223,4233,17823,16997,34820,2015-06-01
BR7,590,803,1393,6876,6594,13470,2015-06-01
BR8,1005,1403,2408,8258,7169,15427,2015-06-01
BS1,733,687,1420,2801,1473,4274,2015-06-01
BS2,1638,1691,3329,3861,2528,6389,2015-06-01
BS3,2108,2514,4622,11918,9749,21667,2015-06-01
BS4,2843,3605,6448,15643,12585,28228,2015-06-01
BS5,4547,4973,9520,15926,11537,27463,2015-06-01
BS6,1835,1982,3817,10226,9127,19353,2015-06-01
BS7,2534,2660,5194,12873,10702,23575,2015-06-01
BS8,1239,1269,2508,8200,7046,15246,2015-06-01
BS9,1195,1264,2459,12099,11200,23299,2015-06-01
BS10,1738,2311,4049,8846,7256,16102,2015-06-01
BS11,1176,1481,2657,5649,4348,9997,2015-06-01
BS12,17,11,28,69,21,90,2015-06-01
BS13,1874,2501,4375,8869,6868,15737,2015-06-01
BS14,1190,1494,2684,10547,9136,19683,2015-06-01
BS15,1905,2330,4235,17150,14810,31960,2015-06-01
BS16,3293,3699,6992,26022,22620,48642,2015-06-01
BS17,9,13,22,56,41,97,2015-06-01
BS18,11,10,21,64,46,110,2015-06-01
BS19,2,8,10,35,39,74,2015-06-01
BS20,882,1060,1942,12008,11062,23070,2015-06-01
BS21,762,978,1740,9052,8527,17579,2015-06-01
BS22,1299,1825,3124,14174,12503,26677,2015-06-01
BS23,1989,2339,4328,11344,8774,20118,2015-06-01
BS24,552,769,1321,7082,6602,13684,2015-06-01
BS25,166,176,342,2632,2474,5106,2015-06-01
BS26,156,146,302,2037,1970,4007,2015-06-01
BS27,209,218,427,2806,2608,5414,2015-06-01
BS28,87,86,173,1399,1372,2771,2015-06-01
BS29,81,98,179,1130,977,2107,2015-06-01
BS30,900,1099,1999,11396,10747,22143,2015-06-01
BS31,719,859,1578,7585,6902,14487,2015-06-01
BS32,836,971,1807,9093,8246,17339,2015-06-01
BS34,1477,1707,3184,10756,9080,19836,2015-06-01
BS35,727,856,1583,8932,8226,17158,2015-06-01
BS36,487,455,942,6348,5946,12294,2015-06-01
BS37,1347,1715,3062,14445,12874,27319,2015-06-01
BS39,413,456,869,6116,5698,11814,2015-06-01
BS40,292,346,638,5367,5248,10615,2015-06-01
BS41,157,185,342,2371,2247,4618,2015-06-01
BS48,747,821,1568,9334,8836,18170,2015-06-01
BS49,396,450,846,4556,4355,8911,2015-06-01
BS99,1,1,2,2,1,3,2015-06-01
CA1,1313,1748,3061,7147,5682,12829,2015-06-01
CA2,1836,2595,4431,12384,9656,22040,2015-06-01
CA3,472,587,1059,5098,4542,9640,2015-06-01
CA4,193,254,447,3798,3653,7451,2015-06-01
CA5,180,201,381,2787,2624,5411,2015-06-01
CA6,245,328,573,3648,3166,6814,2015-06-01
CA7,712,940,1652,8612,7811,16423,2015-06-01
CA8,288,438,726,4015,3572,7587,2015-06-01
CA9,79,115,194,881,749,1630,2015-06-01
CA10,309,429,738,5727,5238,10965,2015-06-01
CA11,762,940,1702,7999,7067,15066,2015-06-01
CA12,280,367,647,3035,2700,5735,2015-06-01
CA13,467,605,1072,5853,5296,11149,2015-06-01
CA14,1524,2134,3658,12053,9690,21743,2015-06-01
CA15,705,958,1663,5399,4318,9717,2015-06-01
CA16,131,214,345,2422,2244,4666,2015-06-01
CA17,120,179,299,1894,1652,3546,2015-06-01
CA18,9,8,17,126,119,245,2015-06-01
CA19,31,33,64,473,419,892,2015-06-01
CA20,82,103,185,1358,1198,2556,2015-06-01
CA21,27,20,47,333,285,618,2015-06-01
CA22,432,576,1008,3217,2576,5793,2015-06-01
CA23,60,86,146,556,465,1021,2015-06-01
CA24,30,52,82,396,322,718,2015-06-01
CA25,310,398,708,1907,1490,3397,2015-06-01
CA26,152,208,360,1328,1104,2432,2015-06-01
CA27,51,69,120,643,563,1206,2015-06-01
CA28,1368,1771,3139,9404,7467,16871,2015-06-01
CB1,3337,3475,6812,16402,13943,30345,2015-06-01
CB2,1235,1279,2514,6782,5930,12712,2015-06-01
CB3,1060,1297,2357,7536,6958,14494,2015-06-01
CB4,3373,3822,7195,17281,14340,31621,2015-06-01
CB5,968,1140,2108,5463,4600,10063,2015-06-01
CB6,1148,1529,2677,14023,12607,26630,2015-06-01
CB7,933,1135,2068,9817,8706,18523,2015-06-01
CB8,1419,1606,3025,11710,10592,22302,2015-06-01
CB9,1451,2010,3461,10942,9106,20048,2015-06-01
CB10,469,575,1044,5267,4969,10236,2015-06-01
CB11,630,707,1337,6875,6346,13221,2015-06-01
CB21,345,375,720,4422,4109,8531,2015-06-01
CB22,572,575,1147,6621,5948,12569,2015-06-01
CB23,816,917,1733,8852,8147,16999,2015-06-01
CB24,834,837,1671,9026,8043,17069,2015-06-01
CB25,369,389,758,4822,4309,9131,2015-06-01
CF1,55,46,101,89,30,119,2015-06-01
CF2,33,26,59,88,42,130,2015-06-01
CF3,2490,3248,5738,12801,11260,24061,2015-06-01
CF4,30,20,50,110,68,178,2015-06-01
CF5,3657,4565,8222,20159,17762,37921,2015-06-01
CF6,73,62,135,89,43,132,2015-06-01
CF7,10,5,15,37,35,72,2015-06-01
CF8,25,27,52,101,66,167,2015-06-01
CF10,1156,938,2094,3537,2171,5708,2015-06-01
CF11,2998,2803,5801,10077,7110,17187,2015-06-01
CF14,2989,3485,6474,25648,23984,49632,2015-06-01
CF15,546,669,1215,6902,6666,13568,2015-06-01
CF23,2224,2796,5020,15539,14466,30005,2015-06-01
CF24,4572,4019,8591,11169,7568,18737,2015-06-01
CF31,1756,2327,4083,15530,13748,29278,2015-06-01
CF32,1361,1816,3177,10227,8394,18621,2015-06-01
CF33,688,997,1685,4866,3938,8804,2015-06-01
CF34,1008,1326,2334,6562,5056,11618,2015-06-01
CF35,438,549,987,5689,5118,10807,2015-06-01
CF36,497,623,1120,6060,5479,11539,2015-06-01
CF37,2062,2360,4422,11775,9154,20929,2015-06-01
CF38,701,1028,1729,8299,7520,15819,2015-06-01
CF39,1375,2034,3409,9161,7215,16376,2015-06-01
CF40,1003,1429,2432,6414,4749,11163,2015-06-01
CF41,484,685,1169,3466,2602,6068,2015-06-01
CF42,641,917,1558,4171,3139,7310,2015-06-01
CF43,657,978,1635,3556,2467,6023,2015-06-01
CF44,1847,2724,4571,12863,9983,22846,2015-06-01
CF45,1115,1544,2659,5892,4395,10287,2015-06-01
CF46,588,893,1481,4958,4139,9097,2015-06-01
CF47,1240,1747,2987,6454,4715,11169,2015-06-01
CF48,1309,1887,3196,8612,6812,15424,2015-06-01
CF61,461,575,1036,3650,3340,6990,2015-06-01
CF62,1836,2298,4134,13716,12553,26269,2015-06-01
CF63,1306,1620,2926,6302,5408,11710,2015-06-01
CF64,1412,1730,3142,13234,12503,25737,2015-06-01
CF71,221,218,439,3765,3610,7375,2015-06-01
CF72,820,1090,1910,9246,8599,17845,2015-06-01
CF81,950,1358,2308,4922,3489,8411,2015-06-01
CF82,860,1231,2091,6571,5392,11963,2015-06-01
CF83,2531,3368,5899,17398,14795,32193,2015-06-01
CH1,1921,2298,4219,9119,7052,16171,2015-06-01
CH2,1514,1860,3374,12402,10839,23241,2015-06-01
CH3,1155,1297,2452,12993,12069,25062,2015-06-01
CH4,1512,1903,3415,11562,10529,22091,2015-06-01
CH5,2060,2612,4672,14609,12286,26895,2015-06-01
CH6,870,1205,2075,5377,4406,9783,2015-06-01
CH7,1736,2250,3986,18415,16734,35149,2015-06-01
CH8,932,1283,2215,7577,6421,13998,2015-06-01
CH41,1592,1801,3393,4183,2916,7099,2015-06-01
CH42,2421,2831,5252,8178,6541,14719,2015-06-01
CH43,2096,2344,4440,12513,10829,23342,2015-06-01
CH44,2209,2646,4855,8117,6158,14275,2015-06-01
CH45,1678,1981,3659,10331,9128,19459,2015-06-01
CH46,1457,1807,3264,8260,6949,15209,2015-06-01
CH47,410,524,934,4071,3953,8024,2015-06-01
CH48,577,584,1161,5758,5581,11339,2015-06-01
CH49,1403,1784,3187,9833,8946,18779,2015-06-01
CH60,311,324,635,5317,5244,10561,2015-06-01
CH61,582,697,1279,6557,6365,12922,2015-06-01
CH62,1538,1809,3347,9688,8416,18104,2015-06-01
CH63,1240,1410,2650,10902,10329,21231,2015-06-01
CH64,601,680,1281,7515,7031,14546,2015-06-01
CH65,1830,2278,4108,8266,6615,14881,2015-06-01
CH66,1464,1890,3354,12804,11401,24205,2015-06-01
CM0,588,722,1310,6464,5688,12152,2015-06-01
CM1,2944,3340,6284,22387,19690,42077,2015-06-01
CM2,2450,2945,5395,21868,19648,41516,2015-06-01
CM3,1689,2046,3735,21970,20514,42484,2015-06-01
CM4,328,358,686,4300,4123,8423,2015-06-01
CM5,339,380,719,4376,4064,8440,2015-06-01
CM6,629,794,1423,10379,9726,20105,2015-06-01
CM7,2151,2756,4907,17465,14922,32387,2015-06-01
CM8,1471,2046,3517,11434,9915,21349,2015-06-01
CM9,1237,1556,2793,13015,11765,24780,2015-06-01
CM11,714,804,1518,7791,7253,15044,2015-06-01
CM12,699,752,1451,8092,7547,15639,2015-06-01
CM13,945,1074,2019,9793,9053,18846,2015-06-01
CM14,877,1096,1973,7516,6716,14232,2015-06-01
CM15,803,943,1746,9389,8881,18270,2015-06-01
CM16,718,865,1583,8968,8216,17184,2015-06-01
CM17,821,1076,1897,7990,7240,15230,2015-06-01
CM18,1616,2129,3745,8385,6562,14947,2015-06-01
CM19,1291,1583,2874,7504,5916,13420,2015-06-01
CM20,1620,2031,3651,7140,5295,12435,2015-06-01
CM21,342,405,747,4508,4069,8577,2015-06-01
CM22,412,471,883,5750,5339,11089,2015-06-01
CM23,1616,1825,3441,15354,14020,29374,2015-06-01
CM24,247,266,513,2850,2560,5410,2015-06-01
CM77,457,536,993,5912,5635,11547,2015-06-01
CO1,1069,1192,2261,4756,3701,8457,2015-06-01
CO2,1971,2550,4521,11469,9229,20698,2015-06-01
CO3,1254,1453,2707,10698,9750,20448,2015-06-01
CO4,2672,3267,5939,15514,12980,28494,2015-06-01
CO5,847,1029,1876,11343,10428,21771,2015-06-01
CO6,810,995,1805,11253,10598,21851,2015-06-01
CO7,1171,1363,2534,13090,11818,24908,2015-06-01
CO8,67,73,140,940,875,1815,2015-06-01
CO9,861,1073,1934,9553,8628,18181,2015-06-01
CO10,1792,2229,4021,17588,15630,33218,2015-06-01
CO11,403,530,933,4999,4568,9567,2015-06-01
CO12,1035,1332,2367,7788,6286,14074,2015-06-01
CO13,360,443,803,4776,4393,9169,2015-06-01
CO14,260,361,621,2310,1873,4183,2015-06-01
CO15,2124,2541,4665,15005,12088,27093,2015-06-01
CO16,986,1214,2200,8975,7754,16729,2015-06-01
CR0,15415,17313,32728,48218,37112,85330,2015-06-01
CR2,2799,3146,5945,17782,15969,33751,2015-06-01
CR3,1213,1414,2627,10798,10206,21004,2015-06-01
CR4,7839,7749,15588,19161,13045,32206,2015-06-01
CR5,1314,1576,2890,10794,10213,21007,2015-06-01
CR6,319,346,665,3979,3745,7724,2015-06-01
CR7,6498,6346,12844,13736,10063,23799,2015-06-01
CR8,1706,1940,3646,12356,11296,23652,2015-06-01
CR9,60,45,105,67,25,92,2015-06-01
CT1,1883,2162,4045,7471,5949,13420,2015-06-01
CT2,1652,1865,3517,8381,7249,15630,2015-06-01
CT3,732,950,1682,6463,5843,12306,2015-06-01
CT4,557,682,1239,6796,6537,13333,2015-06-01
CT5,1304,1493,2797,12183,11455,23638,2015-06-01
CT6,1570,1855,3425,13963,12589,26552,2015-06-01
CT7,380,516,896,4461,3981,8442,2015-06-01
CT8,421,466,887,2465,2242,4707,2015-06-01
CT9,2965,3350,6315,13092,10490,23582,2015-06-01
CT10,1225,1405,2630,8800,8146,16946,2015-06-01
CT11,1957,2232,4189,9183,7515,16698,2015-06-01
CT12,1068,1287,2355,6050,5047,11097,2015-06-01
CT13,387,407,794,3223,2903,6126,2015-06-01
CT14,1630,1936,3566,12170,10633,22803,2015-06-01
CT15,438,607,1045,5175,4692,9867,2015-06-01
CT16,1206,1344,2550,6494,5089,11583,2015-06-01
CT17,1324,1606,2930,6480,5026,11506,2015-06-01
CT18,423,498,921,5542,5152,10694,2015-06-01
CT19,1728,2119,3847,8955,7378,16333,2015-06-01
CT20,1359,1483,2842,7165,5429,12594,2015-06-01
CT21,577,738,1315,6460,5981,12441,2015-06-01
CV1,3802,3047,6849,6410,2758,9168,2015-06-01
CV2,4955,6345,11300,19219,14083,33302,2015-06-01
CV3,3942,4979,8921,22022,17534,39556,2015-06-01
CV4,2111,2461,4572,9647,7522,17169,2015-06-01
CV5,2277,2553,4830,17083,14518,31601,2015-06-01
CV6,6560,8208,14768,26315,19068,45383,2015-06-01
CV7,1053,1369,2422,10943,9609,20552,2015-06-01
CV8,1013,1147,2160,12330,11640,23970,2015-06-01
CV9,868,1061,1929,7925,6716,14641,2015-06-01
CV10,2463,3334,5797,17115,14097,31212,2015-06-01
CV11,1802,2285,4087,14046,11578,25624,2015-06-01
CV12,1387,1957,3344,10858,9001,19859,2015-06-01
CV13,232,327,559,4386,4054,8440,2015-06-01
CV21,2101,2594,4695,12179,9147,21326,2015-06-01
CV22,1411,1698,3109,13125,11501,24626,2015-06-01
CV23,612,756,1368,8693,7963,16656,2015-06-01
CV31,1757,2094,3851,9692,7653,17345,2015-06-01
CV32,1417,1650,3067,11653,10078,21731,2015-06-01
CV33,205,258,463,2625,2479,5104,2015-06-01
CV34,1297,1576,2873,11408,10074,21482,2015-06-01
CV35,644,733,1377,10134,9839,19973,2015-06-01
CV36,264,322,586,3860,3660,7520,2015-06-01
CV37,1505,1818,3323,15606,14569,30175,2015-06-01
CV47,560,682,1242,6669,6138,12807,2015-06-01
CW1,2213,2718,4931,13018,10698,23716,2015-06-01
CW2,1951,2122,4073,13973,11966,25939,2015-06-01
CW3,257,321,578,3657,3465,7122,2015-06-01
CW4,245,240,485,3890,3763,7653,2015-06-01
CW5,886,975,1861,11055,10446,21501,2015-06-01
CW6,259,360,619,5174,5087,10261,2015-06-01
CW7,1653,2190,3843,10784,9019,19803,2015-06-01
CW8,1175,1387,2562,13890,12759,26649,2015-06-01
CW9,1150,1418,2568,12539,11054,23593,2015-06-01
CW10,457,540,997,5687,5248,10935,2015-06-01
CW11,691,852,1543,8642,8107,16749,2015-06-01
CW12,907,1053,1960,11377,10395,21772,2015-06-01
DA1,3186,3938,7124,18164,14770,32934,2015-06-01
DA2,924,1241,2165,8152,7282,15434,2015-06-01
DA3,584,633,1217,6887,6554,13441,2015-06-01
DA4,316,363,679,3754,3465,7219,2015-06-01
DA5,808,886,1694,8001,7449,15450,2015-06-01
DA6,524,613,1137,3648,3171,6819,2015-06-01
DA7,1563,1965,3528,12858,11339,24197,2015-06-01
DA8,2649,3421,6070,10143,8345,18488,2015-06-01
DA9,575,690,1265,4468,3875,8343,2015-06-01
DA10,398,534,932,2136,1641,3777,2015-06-01
DA11,2372,2864,5236,12639,9718,22357,2015-06-01
DA12,2800,3362,6162,16074,13009,29083,2015-06-01
DA13,384,419,803,6089,5818,11907,2015-06-01
DA14,1050,1342,2392,7450,6778,14228,2015-06-01
DA15,1210,1486,2696,10731,9632,20363,2015-06-01
DA16,1961,2588,4549,12734,10798,23532,2015-06-01
DA17,1247,1664,2911,5571,4449,10020,2015-06-01
DA18,681,824,1505,1271,873,2144,2015-06-01
DD1,975,820,1795,1995,1368,3363,2015-06-01
DD2,2581,3237,5818,12382,10290,22672,2015-06-01
DD3,2611,3077,5688,10899,8152,19051,2015-06-01
DD4,3169,4010,7179,12289,9568,21857,2015-06-01
DD5,1008,1269,2277,12002,11351,23353,2015-06-01
DD6,406,536,942,3434,3219,6653,2015-06-01
DD7,438,634,1072,4628,4114,8742,2015-06-01
DD8,1087,1397,2484,10430,9094,19524,2015-06-01
DD9,505,693,1198,4054,3570,7624,2015-06-01
DD10,865,1177,2042,7764,6612,14376,2015-06-01
DD11,1283,1638,2921,9452,7878,17330,2015-06-01
DE1,1084,1031,2115,3559,2013,5572,2015-06-01
DE2,17,9,26,32,10,42,2015-06-01
DE3,526,682,1208,6740,6027,12767,2015-06-01
DE4,1093,1427,2520,13017,11484,24501,2015-06-01
DE5,800,1094,1894,7880,6606,14486,2015-06-01
DE6,697,852,1549,9941,9254,19195,2015-06-01
DE7,2296,3049,5345,16874,13669,30543,2015-06-01
DE11,1802,2342,4144,15252,13080,28332,2015-06-01
DE12,705,823,1528,7889,6962,14851,2015-06-01
DE13,1291,1735,3026,15099,13576,28675,2015-06-01
DE14,1827,2290,4117,8995,6183,15178,2015-06-01
DE15,1180,1496,2676,8086,6566,14652,2015-06-01
DE21,2802,3843,6645,19253,15843,35096,2015-06-01
DE22,2289,2804,5093,14420,11941,26361,2015-06-01
DE23,4320,4968,9288,17383,12678,30061,2015-06-01
DE24,3543,4812,8355,16541,12249,28790,2015-06-01
DE45,223,268,491,3335,3181,6516,2015-06-01
DE55,1969,2650,4619,17575,14597,32172,2015-06-01
DE56,1215,1593,2808,14901,13467,28368,2015-06-01
DE65,640,790,1430,8642,8049,16691,2015-06-01
DE72,608,864,1472,7968,7366,15334,2015-06-01
DE73,586,768,1354,7073,6600,13673,2015-06-01
DE74,389,446,835,4277,3707,7984,2015-06-01
DE75,834,1041,1875,6152,5138,11290,2015-06-01
DG1,1074,1380,2454,9586,8555,18141,2015-06-01
DG2,1257,1638,2895,7656,6570,14226,2015-06-01
DG3,155,231,386,1741,1592,3333,2015-06-01
DG4,245,359,604,1477,1060,2537,2015-06-01
DG5,209,258,467,1938,1714,3652,2015-06-01
DG6,249,297,546,1864,1712,3576,2015-06-01
DG7,419,510,929,4652,4350,9002,2015-06-01
DG8,494,698,1192,4695,4117,8812,2015-06-01
DG9,778,974,1752,5607,4769,10376,2015-06-01
DG10,172,200,372,1497,1296,2793,2015-06-01
DG11,489,662,1151,4928,4355,9283,2015-06-01
DG12,630,794,1424,4284,3579,7863,2015-06-01
DG13,136,154,290,1102,931,2033,2015-06-01
DG14,34,57,91,569,495,1064,2015-06-01
DG16,137,198,335,1419,1162,2581,2015-06-01
DH1,1811,2216,4027,13413,11723,25136,2015-06-01
DH2,1345,1944,3289,10416,8414,18830,2015-06-01
DH3,1201,1653,2854,8542,6921,15463,2015-06-01
DH4,1506,2026,3532,11046,8956,20002,2015-06-01
DH5,1006,1445,2451,6166,4580,10746,2015-06-01
DH6,1442,2130,3572,11032,8817,19849,2015-06-01
DH7,1763,2604,4367,13831,11377,25208,2015-06-01
DH8,1646,2301,3947,12653,10470,23123,2015-06-01
DH9,1895,2657,4552,11309,8462,19771,2015-06-01
DL1,2673,3547,6220,14214,10611,24825,2015-06-01
DL2,396,498,894,6856,6522,13378,2015-06-01
DL3,2075,2620,4695,14801,12454,27255,2015-06-01
DL4,584,742,1326,2803,2048,4851,2015-06-01
DL5,1404,2049,3453,9713,7989,17702,2015-06-01
DL6,471,672,1143,5837,5280,11117,2015-06-01
DL7,337,498,835,5893,5551,11444,2015-06-01
DL8,424,583,1007,7499,6914,14413,2015-06-01
DL9,1588,1199,2787,4640,3052,7692,2015-06-01
DL10,611,844,1455,7070,6506,13576,2015-06-01
DL11,95,131,226,2153,2028,4181,2015-06-01
DL12,354,472,826,4483,4027,8510,2015-06-01
DL13,404,611,1015,5320,4447,9767,2015-06-01
DL14,1639,2223,3862,12362,10113,22475,2015-06-01
DL15,849,1345,2194,7506,6037,13543,2015-06-01
DL16,824,1141,1965,6646,5390,12036,2015-06-01
DL17,845,1271,2116,5767,4409,10176,2015-06-01
DN1,868,811,1679,2100,927,3027,2015-06-01
DN2,1502,2012,3514,7438,5537,12975,2015-06-01
DN3,1091,1559,2650,10655,8972,19627,2015-06-01
DN4,2638,3466,6104,16864,13259,30123,2015-06-01
DN5,1810,2515,4325,13199,10984,24183,2015-06-01
DN6,1733,2390,4123,9562,7395,16957,2015-06-01
DN7,1092,1528,2620,7379,5834,13213,2015-06-01
DN8,943,1230,2173,5649,4228,9877,2015-06-01
DN9,570,716,1286,7801,7409,15210,2015-06-01
DN10,339,433,772,4950,4466,9416,2015-06-01
DN11,1303,1859,3162,9382,7698,17080,2015-06-01
DN12,1470,1934,3404,6805,4992,11797,2015-06-01
DN14,1832,2739,4571,16403,13341,29744,2015-06-01
DN15,2004,2502,4506,11504,8700,20204,2015-06-01
DN16,1540,1932,3472,10004,8083,18087,2015-06-01
DN17,1662,2197,3859,12834,10659,23493,2015-06-01
DN18,478,744,1222,4207,3377,7584,2015-06-01
DN19,183,244,427,2438,2143,4581,2015-06-01
DN20,592,823,1415,7242,6322,13564,2015-06-01
DN21,1613,2204,3817,13209,11258,24467,2015-06-01
DN22,1329,1777,3106,12836,11224,24060,2015-06-01
DN31,813,948,1761,2292,1449,3741,2015-06-01
DN32,2309,2590,4899,7578,5386,12964,2015-06-01
DN33,1189,1407,2596,5984,4974,10958,2015-06-01
DN34,1077,1436,2513,6260,4836,11096,2015-06-01
DN35,1886,2413,4299,10877,8620,19497,2015-06-01
DN36,556,694,1250,7730,7031,14761,2015-06-01
DN37,889,1127,2016,7965,6926,14891,2015-06-01
DN38,77,122,199,1117,984,2101,2015-06-01
DN39,76,128,204,1128,926,2054,2015-06-01
DN40,653,979,1632,4263,3189,7452,2015-06-01
DN41,148,223,371,2570,2353,4923,2015-06-01
DT1,824,943,1767,6622,6034,12656,2015-06-01
DT2,698,769,1467,10313,9934,20247,2015-06-01
DT3,819,1026,1845,8913,8153,17066,2015-06-01
DT4,2043,2359,4402,12583,10528,23111,2015-06-01
DT5,680,870,1550,4081,3372,7453,2015-06-01
DT6,719,895,1614,8401,8023,16424,2015-06-01
DT7,191,239,430,2074,2006,4080,2015-06-01
DT8,172,222,394,2384,2279,4663,2015-06-01
DT9,654,853,1507,7923,7648,15571,2015-06-01
DT10,304,340,644,4729,4492,9221,2015-06-01
DT11,1111,1229,2340,11946,10479,22425,2015-06-01
DY1,1867,2317,4184,9795,7453,17248,2015-06-01
DY2,2186,2907,5093,10079,7174,17253,2015-06-01
DY3,1218,1696,2914,11950,10029,21979,2015-06-01
DY4,2692,3559,6251,12403,8863,21266,2015-06-01
DY5,2075,2760,4835,13539,10634,24173,2015-06-01
DY6,763,1028,1791,10668,9469,20137,2015-06-01
DY7,204,244,448,3260,3104,6364,2015-06-01
DY8,1902,2413,4315,18038,15735,33773,2015-06-01
DY9,1228,1573,2801,10623,9175,19798,2015-06-01
DY10,1569,1930,3499,12564,11094,23658,2015-06-01
DY11,1301,1690,2991,10783,9143,19926,2015-06-01
DY12,366,433,799,5013,4506,9519,2015-06-01
DY13,751,1010,1761,8626,7562,16188,2015-06-01
DY14,201,225,426,3449,3096,6545,2015-06-01
E1,10876,7573,18449,15323,7451,22774,2015-06-01
E1,948,1072,2020,4210,2741,6951,2015-06-01
E2,5371,5059,10430,10524,6168,16692,2015-06-01
E3,6296,5820,12116,12372,7517,19889,2015-06-01
E4,4071,4733,8804,21379,17837,39216,2015-06-01
E5,6955,7049,14004,11128,7325,18453,2015-06-01
E6,15607,11797,27404,21587,11155,32742,2015-06-01
E7,12075,8111,20186,14683,7623,22306,2015-06-01
E8,5177,5607,10784,9419,6517,15936,2015-06-01
E9,5320,5876,11196,8644,5967,14611,2015-06-01
E10,7378,6174,13552,13272,7357,20629,2015-06-01
E11,6486,6177,12663,17572,12657,30229,2015-06-01
E12,9117,6275,15392,11252,5973,17225,2015-06-01
E13,9304,7089,16393,11788,6089,17877,2015-06-01
E14,8729,8783,17512,22017,12498,34515,2015-06-01
E15,8608,7359,15967,13333,7245,20578,2015-06-01
E16,6235,6764,12999,11881,6912,18793,2015-06-01
E17,14128,13123,27251,31118,20133,51251,2015-06-01
E18,1246,1350,2596,6939,5993,12932,2015-06-01
EC1,64,46,110,306,161,467,2015-06-01
EC1,85,84,169,447,270,717,2015-06-01
EC1,296,300,596,673,326,999,2015-06-01
EC1,1,2,3,4,0,4,2015-06-01
EC1,524,571,1095,1439,930,2369,2015-06-01
EC1,1456,1332,2788,3080,1833,4913,2015-06-01
EC1,358,377,735,986,548,1534,2015-06-01
EC2,105,67,172,521,239,760,2015-06-01
EC2,15,6,21,181,34,215,2015-06-01
EC2,5,3,8,29,5,34,2015-06-01
EC2,0,0,0,12,2,14,2015-06-01
EC2,1,1,2,34,10,44,2015-06-01
EC2,3,5,8,109,28,137,2015-06-01
EC2,173,159,332,1360,947,2307,2015-06-01
EC3,11,4,15,62,8,70,2015-06-01
EC3,6,4,10,21,10,31,2015-06-01
EC3,20,17,37,123,62,185,2015-06-01
EC3,1,0,1,3,2,5,2015-06-01
EC3,6,3,9,42,21,63,2015-06-01
EC3,4,2,6,48,15,63,2015-06-01
EC4,43,13,56,149,80,229,2015-06-01
EC4,10,12,22,152,50,202,2015-06-01
EC4,5,1,6,49,15,64,2015-06-01
EC4,0,0,0,13,6,19,2015-06-01
EC4,4,5,9,47,18,65,2015-06-01
EC4,20,22,42,173,88,261,2015-06-01
EC4,11,13,24,121,68,189,2015-06-01
EH1,503,458,961,1382,959,2341,2015-06-01
EH2,71,70,141,301,210,511,2015-06-01
EH3,1650,1645,3295,6958,5959,12917,2015-06-01
EH4,3492,4034,7526,17314,15306,32620,2015-06-01
EH5,1367,1613,2980,5802,4709,10511,2015-06-01
EH6,2927,3065,5992,11181,8750,19931,2015-06-01
EH7,2483,2690,5173,9423,7442,16865,2015-06-01
EH8,1668,1736,3404,5818,4535,10353,2015-06-01
EH9,1223,1377,2600,6310,5760,12070,2015-06-01
EH10,1781,1805,3586,12760,11224,23984,2015-06-01
EH11,3272,3568,6840,9761,7065,16826,2015-06-01
EH12,1705,2266,3971,13592,12415,26007,2015-06-01
EH13,851,1019,1870,4722,4288,9010,2015-06-01
EH14,2497,2848,5345,12814,10746,23560,2015-06-01
EH15,1282,1496,2778,6604,5816,12420,2015-06-01
EH16,2163,2506,4669,8163,6650,14813,2015-06-01
EH17,1338,1782,3120,5464,4272,9736,2015-06-01
EH18,96,135,231,837,768,1605,2015-06-01
EH19,623,804,1427,4481,4064,8545,2015-06-01
EH20,320,480,800,2143,1683,3826,2015-06-01
EH21,1381,1841,3222,7518,6376,13894,2015-06-01
EH22,1713,2238,3951,9619,7961,17580,2015-06-01
EH23,423,605,1028,2503,2057,4560,2015-06-01
EH24,68,107,175,586,503,1089,2015-06-01
EH25,148,199,347,1067,928,1995,2015-06-01
EH26,847,1165,2012,5975,5132,11107,2015-06-01
EH27,141,165,306,1021,985,2006,2015-06-01
EH28,142,185,327,1082,918,2000,2015-06-01
EH29,187,236,423,1270,1147,2417,2015-06-01
EH30,455,647,1102,3343,2990,6333,2015-06-01
EH31,78,101,179,996,941,1937,2015-06-01
EH32,895,1193,2088,6705,5744,12449,2015-06-01
EH33,602,807,1409,4504,3885,8389,2015-06-01
EH34,76,80,156,1031,988,2019,2015-06-01
EH35,94,135,229,785,628,1413,2015-06-01
EH36,12,12,24,165,157,322,2015-06-01
EH37,50,91,141,625,560,1185,2015-06-01
EH38,14,17,31,171,174,345,2015-06-01
EH39,386,428,814,3295,3119,6414,2015-06-01
EH40,60,83,143,828,777,1605,2015-06-01
EH41,484,622,1106,4368,3910,8278,2015-06-01
EH42,406,568,974,3637,3199,6836,2015-06-01
EH43,41,63,104,280,241,521,2015-06-01
EH44,105,161,266,1236,1149,2385,2015-06-01
EH45,417,553,970,3837,3626,7463,2015-06-01
EH46,114,146,260,1388,1354,2742,2015-06-01
EH47,1359,1988,3347,8713,6786,15499,2015-06-01
EH48,1580,2253,3833,12305,10369,22674,2015-06-01
EH49,627,861,1488,6163,5569,11732,2015-06-01
EH51,679,940,1619,4998,4272,9270,2015-06-01
EH52,891,1260,2151,6607,5432,12039,2015-06-01
EH53,462,627,1089,3634,3177,6811,2015-06-01
EH54,3358,4690,8048,17850,14740,32590,2015-06-01
EH55,408,524,932,2875,2360,5235,2015-06-01
EN1,3054,3882,6936,14873,12682,27555,2015-06-01
EN2,1467,1927,3394,10701,9490,20191,2015-06-01
EN3,5427,6993,12420,16966,12547,29513,2015-06-01
EN4,1353,1614,2967,9641,8710,18351,2015-06-01
EN5,2232,2870,5102,13665,12349,26014,2015-06-01
EN6,1182,1272,2454,11400,10684,22084,2015-06-01
EN7,760,997,1757,8521,7937,16458,2015-06-01
EN8,1983,2458,4441,12622,10454,23076,2015-06-01
EN9,1003,1218,2221,9433,8046,17479,2015-06-01
EN10,655,777,1432,6619,6250,12869,2015-06-01
EN11,906,1058,1964,8354,7272,15626,2015-06-01
EX1,1099,1303,2402,6326,5535,11861,2015-06-01
EX2,1873,2341,4214,13830,12252,26082,2015-06-01
EX3,143,141,284,1866,1851,3717,2015-06-01
EX4,2885,3418,6303,15804,13034,28838,2015-06-01
EX5,515,633,1148,7644,7330,14974,2015-06-01
EX6,367,387,754,5797,5446,11243,2015-06-01
EX7,526,647,1173,4468,3995,8463,2015-06-01
EX8,1604,2027,3631,13265,12037,25302,2015-06-01
EX9,154,219,373,2605,2593,5198,2015-06-01
EX10,492,635,1127,6375,6296,12671,2015-06-01
EX11,222,265,487,3208,3170,6378,2015-06-01
EX12,275,407,682,3602,3258,6860,2015-06-01
EX13,376,455,831,4593,4375,8968,2015-06-01
EX14,654,859,1513,8191,7503,15694,2015-06-01
EX15,651,755,1406,8087,7500,15587,2015-06-01
EX16,1199,1443,2642,11710,10587,22297,2015-06-01
EX17,657,780,1437,7441,6860,14301,2015-06-01
EX18,105,99,204,1260,1212,2472,2015-06-01
EX19,55,95,150,1526,1425,2951,2015-06-01
EX20,640,851,1491,7919,7081,15000,2015-06-01
EX21,108,103,211,1859,1706,3565,2015-06-01
EX22,282,349,631,4399,3856,8255,2015-06-01
EX23,557,645,1202,5943,5429,11372,2015-06-01
EX24,99,125,224,1471,1465,2936,2015-06-01
EX31,838,1107,1945,9478,8536,18014,2015-06-01
EX32,1227,1566,2793,7988,6903,14891,2015-06-01
EX33,335,438,773,3966,3646,7612,2015-06-01
EX34,836,1070,1906,6244,5297,11541,2015-06-01
EX35,72,82,154,689,609,1298,2015-06-01
EX36,268,334,602,3374,3010,6384,2015-06-01
EX37,92,106,198,1567,1470,3037,2015-06-01
EX38,321,374,695,3060,2757,5817,2015-06-01
EX39,1485,1841,3326,13835,12381,26216,2015-06-01
FK1,1395,1844,3239,9651,7889,17540,2015-06-01
FK2,2005,2682,4687,15954,13658,29612,2015-06-01
FK3,956,1262,2218,5303,4213,9516,2015-06-01
FK4,573,835,1408,4666,3941,8607,2015-06-01
FK5,717,1003,1720,6519,6047,12566,2015-06-01
FK6,661,925,1586,4587,3784,8371,2015-06-01
FK7,1504,2124,3628,10143,8880,19023,2015-06-01
FK8,988,1124,2112,5727,4988,10715,2015-06-01
FK9,588,707,1295,4218,3802,8020,2015-06-01
FK10,1900,2622,4522,11902,10086,21988,2015-06-01
FK11,75,132,207,1038,980,2018,2015-06-01
FK12,229,290,519,1762,1506,3268,2015-06-01
FK13,323,350,673,2103,1806,3909,2015-06-01
FK14,192,199,391,1787,1708,3495,2015-06-01
FK15,429,494,923,3955,3818,7773,2015-06-01
FK16,67,84,151,749,664,1413,2015-06-01
FK17,144,186,330,1397,1245,2642,2015-06-01
FK18,4,7,11,100,90,190,2015-06-01
FK19,17,27,44,254,223,477,2015-06-01
FK20,26,41,67,159,126,285,2015-06-01
FK21,35,50,85,372,308,680,2015-06-01
FY1,3080,3198,6278,9077,5810,14887,2015-06-01
FY2,1309,1503,2812,8008,6781,14789,2015-06-01
FY3,1964,2491,4455,9997,8296,18293,2015-06-01
FY4,2586,3214,5800,14435,11634,26069,2015-06-01
FY5,1635,1933,3568,16236,14359,30595,2015-06-01
FY6,748,978,1726,11036,10333,21369,2015-06-01
FY7,1789,2001,3790,7714,6050,13764,2015-06-01
FY8,1750,1971,3721,16382,15058,31440,2015-06-01
G1,485,343,828,1411,799,2210,2015-06-01
G2,270,158,428,492,214,706,2015-06-01
G3,1716,1464,3180,4505,2817,7322,2015-06-01
G4,1173,889,2062,2440,1278,3718,2015-06-01
G5,1236,1033,2269,2568,1405,3973,2015-06-01
G11,1371,1483,2854,5719,4912,10631,2015-06-01
G12,1585,1518,3103,7809,7010,14819,2015-06-01
G13,2127,2497,4624,9463,7804,17267,2015-06-01
G14,1409,1632,3041,4868,3985,8853,2015-06-01
G15,1687,1939,3626,3839,2925,6764,2015-06-01
G20,2855,3045,5900,7183,5332,12515,2015-06-01
G21,3054,3467,6521,6108,3973,10081,2015-06-01
G22,1813,2148,3961,3946,2562,6508,2015-06-01
G23,531,734,1265,2015,1625,3640,2015-06-01
G31,2509,2649,5158,5141,3443,8584,2015-06-01
G32,2473,3114,5587,10250,7580,17830,2015-06-01
G33,3332,4012,7344,11200,8875,20075,2015-06-01
G34,1076,1273,2349,1722,1136,2858,2015-06-01
G40,1085,1230,2315,2407,1513,3920,2015-06-01
G41,2666,2697,5363,10468,8326,18794,2015-06-01
G42,3423,2967,6390,7749,5130,12879,2015-06-01
G43,1175,1306,2481,5129,4246,9375,2015-06-01
G44,1751,2269,4020,9280,8162,17442,2015-06-01
G45,1600,1870,3470,3153,2013,5166,2015-06-01
G46,1632,1885,3517,8456,7738,16194,2015-06-01
G51,2666,2599,5265,5296,3264,8560,2015-06-01
G52,2123,2782,4905,7862,6175,14037,2015-06-01
G53,2683,3257,5940,8702,7052,15754,2015-06-01
G60,244,304,548,1910,1834,3744,2015-06-01
G61,1042,1215,2257,10956,10639,21595,2015-06-01
G62,574,680,1254,5002,4877,9879,2015-06-01
G63,273,364,637,3731,3780,7511,2015-06-01
G64,1211,1610,2821,9418,8716,18134,2015-06-01
G65,791,1058,1849,4135,3251,7386,2015-06-01
G66,1987,2505,4492,12903,11412,24315,2015-06-01
G67,2590,3496,6086,10501,7890,18391,2015-06-01
G68,773,970,1743,6526,5966,12492,2015-06-01
G69,1818,2287,4105,11330,9710,21040,2015-06-01
G71,1411,1867,3278,9779,8669,18448,2015-06-01
G72,2713,3483,6196,14816,12566,27382,2015-06-01
G73,2090,2624,4714,9596,8008,17604,2015-06-01
G74,1860,2356,4216,13004,10951,23955,2015-06-01
G75,2326,3132,5458,12679,10525,23204,2015-06-01
G76,914,1104,2018,7955,7792,15747,2015-06-01
G77,781,969,1750,9095,9089,18184,2015-06-01
G78,1410,1778,3188,7609,6564,14173,2015-06-01
G81,2839,3598,6437,11078,8814,19892,2015-06-01
G82,1552,2007,3559,8130,6860,14990,2015-06-01
G83,1499,2065,3564,8078,6676,14754,2015-06-01
G84,1183,1447,2630,7763,6942,14705,2015-06-01
GL1,2622,2832,5454,10307,7344,17651,2015-06-01
GL2,1720,2162,3882,19735,17996,37731,2015-06-01
GL3,1137,1511,2648,11345,10276,21621,2015-06-01
GL4,2233,2858,5091,16645,14605,31250,2015-06-01
GL5,1407,1520,2927,11343,10407,21750,2015-06-01
GL6,784,927,1711,9777,9455,19232,2015-06-01
GL7,1568,1924,3492,16528,15517,32045,2015-06-01
GL8,244,325,569,3326,3173,6499,2015-06-01
GL9,47,60,107,1101,1046,2147,2015-06-01
GL10,578,571,1149,5237,4609,9846,2015-06-01
GL11,575,737,1312,6941,6336,13277,2015-06-01
GL12,461,497,958,5855,5427,11282,2015-06-01
GL13,174,174,348,2346,2070,4416,2015-06-01
GL14,622,878,1500,5595,4625,10220,2015-06-01
GL15,701,906,1607,8043,7119,15162,2015-06-01
GL16,423,591,1014,4960,4493,9453,2015-06-01
GL17,372,535,907,4552,4077,8629,2015-06-01
GL18,256,308,564,3082,2727,5809,2015-06-01
GL19,215,236,451,3651,3466,7117,2015-06-01
GL20,1016,1176,2192,10663,9709,20372,2015-06-01
GL50,1115,1301,2416,7018,5891,12909,2015-06-01
GL51,2658,3246,5904,17491,14990,32481,2015-06-01
GL52,1884,2078,3962,15405,14417,29822,2015-06-01
GL53,732,804,1536,7450,7353,14803,2015-06-01
GL54,708,819,1527,9057,8566,17623,2015-06-01
GL55,155,175,330,2099,2122,4221,2015-06-01
GL56,302,322,624,3342,3301,6643,2015-06-01
GU1,1669,1863,3532,11101,9619,20720,2015-06-01
GU2,1948,2142,4090,10649,8809,19458,2015-06-01
GU3,360,407,767,4703,4511,9214,2015-06-01
GU4,511,589,1100,6488,6442,12930,2015-06-01
GU5,348,411,759,4323,4355,8678,2015-06-01
GU6,555,522,1077,5672,5603,11275,2015-06-01
GU7,1011,1145,2156,8318,7869,16187,2015-06-01
GU8,558,647,1205,6978,6882,13860,2015-06-01
GU9,1048,1371,2419,11079,10436,21515,2015-06-01
GU10,640,719,1359,9436,9194,18630,2015-06-01
GU11,1558,1913,3471,8205,6186,14391,2015-06-01
GU12,1454,1827,3281,11842,10365,22207,2015-06-01
GU13,755,10,765,540,26,566,2015-06-01
GU14,2784,3260,6044,20553,17887,38440,2015-06-01
GU15,1805,1917,3722,13870,12400,26270,2015-06-01
GU16,1073,1002,2075,9728,8699,18427,2015-06-01
GU17,564,488,1052,4849,3955,8804,2015-06-01
GU18,150,183,333,3061,2938,5999,2015-06-01
GU19,214,207,421,2319,2141,4460,2015-06-01
GU20,118,129,247,1940,1975,3915,2015-06-01
GU21,2677,3129,5806,19033,16498,35531,2015-06-01
GU22,1574,1938,3512,13437,11985,25422,2015-06-01
GU23,198,228,426,2772,2697,5469,2015-06-01
GU24,908,779,1687,6836,6413,13249,2015-06-01
GU25,329,373,702,2659,2741,5400,2015-06-01
GU26,254,255,509,2956,2893,5849,2015-06-01
GU27,674,828,1502,6874,6590,13464,2015-06-01
GU28,240,262,502,2694,2596,5290,2015-06-01
GU29,294,427,721,3636,3651,7287,2015-06-01
GU30,337,399,736,3812,3616,7428,2015-06-01
GU31,381,472,853,4383,4189,8572,2015-06-01
GU32,516,608,1124,4361,4149,8510,2015-06-01
GU33,272,340,612,3320,3214,6534,2015-06-01
GU34,1065,1298,2363,11673,10873,22546,2015-06-01
GU35,1112,1262,2374,9630,8157,17787,2015-06-01
GU46,415,491,906,6227,5901,12128,2015-06-01
GU47,651,781,1432,7695,7128,14823,2015-06-01
GU51,691,729,1420,9151,8588,17739,2015-06-01
GU52,399,496,895,6362,6159,12521,2015-06-01
HA0,10768,8112,18880,17409,10461,27870,2015-06-01
HA1,3883,3984,7867,13612,10250,23862,2015-06-01
HA2,5142,5714,10856,20356,15521,35877,2015-06-01
HA3,7199,7344,14543,27471,20595,48066,2015-06-01
HA4,2421,2845,5266,19036,17035,36071,2015-06-01
HA5,2180,2509,4689,17914,16692,34606,2015-06-01
HA6,1103,1336,2439,9239,8716,17955,2015-06-01
HA7,2340,2791,5131,14252,12266,26518,2015-06-01
HA8,7154,7346,14500,25114,18905,44019,2015-06-01
HA9,8002,6575,14577,18156,11591,29747,2015-06-01
HD1,2158,2006,4164,5570,3396,8966,2015-06-01
HD2,1859,2515,4374,8864,7127,15991,2015-06-01
HD3,1366,1889,3255,10147,8855,19002,2015-06-01
HD4,1589,2140,3729,9248,7438,16686,2015-06-01
HD5,1677,2264,3941,9600,7946,17546,2015-06-01
HD6,1204,1537,2741,9335,7985,17320,2015-06-01
HD7,924,1299,2223,8168,7110,15278,2015-06-01
HD8,976,1317,2293,12485,11583,24068,2015-06-01
HD9,1269,1563,2832,12832,11662,24494,2015-06-01
HG1,1528,1900,3428,12010,10785,22795,2015-06-01
HG2,1326,1520,2846,11668,11224,22892,2015-06-01
HG3,853,1006,1859,10434,10070,20504,2015-06-01
HG4,868,1133,2001,9378,8563,17941,2015-06-01
HG5,596,738,1334,7130,6560,13690,2015-06-01
HP1,1116,1357,2473,9147,8236,17383,2015-06-01
HP2,2161,2823,4984,13748,11533,25281,2015-06-01
HP3,1410,1716,3126,12025,10589,22614,2015-06-01
HP4,792,821,1613,9378,9127,18505,2015-06-01
HP5,1132,1375,2507,9609,8599,18208,2015-06-01
HP6,569,544,1113,5435,5278,10713,2015-06-01
HP7,392,450,842,4227,4048,8275,2015-06-01
HP8,199,216,415,2913,2971,5884,2015-06-01
HP9,615,640,1255,7062,7118,14180,2015-06-01
HP10,559,646,1205,7985,7797,15782,2015-06-01
HP11,853,954,1807,4975,3934,8909,2015-06-01
HP12,1321,1730,3051,7732,5923,13655,2015-06-01
HP13,2289,2888,5177,15093,12588,27681,2015-06-01
HP14,561,615,1176,7156,6726,13882,2015-06-01
HP15,456,538,994,7156,6901,14057,2015-06-01
HP16,325,382,707,4890,4926,9816,2015-06-01
HP17,288,304,592,3983,3916,7899,2015-06-01
HP18,441,440,881,5402,5215,10617,2015-06-01
HP19,1171,1495,2666,7953,6653,14606,2015-06-01
HP20,833,980,1813,4938,3955,8893,2015-06-01
HP21,1647,2181,3828,11642,9957,21599,2015-06-01
HP22,800,783,1583,10099,9867,19966,2015-06-01
HP23,618,728,1346,6918,6557,13475,2015-06-01
HP27,400,425,825,4929,4815,9744,2015-06-01
HR1,1216,1399,2615,11695,10763,22458,2015-06-01
HR2,1723,2263,3986,13371,11689,25060,2015-06-01
HR3,185,215,400,3063,2870,5933,2015-06-01
HR4,1208,1437,2645,10769,9458,20227,2015-06-01
HR5,141,172,313,1803,1611,3414,2015-06-01
HR6,753,936,1689,7653,6851,14504,2015-06-01
HR7,189,251,440,2805,2455,5260,2015-06-01
HR8,458,582,1040,5358,4965,10323,2015-06-01
HR9,639,831,1470,8187,7510,15697,2015-06-01
HS1,295,379,674,1525,1257,2782,2015-06-01
HS2,545,749,1294,5044,4186,9230,2015-06-01
HS3,63,87,150,462,338,800,2015-06-01
HS4,19,16,35,92,66,158,2015-06-01
HS5,12,21,33,95,72,167,2015-06-01
HS6,68,101,169,620,536,1156,2015-06-01
HS7,77,106,183,481,388,869,2015-06-01
HS8,104,127,231,691,544,1235,2015-06-01
HS9,79,64,143,407,373,780,2015-06-01
HU1,290,212,502,840,352,1192,2015-06-01
HU2,411,362,773,938,357,1295,2015-06-01
HU3,2862,2842,5704,6186,3239,9425,2015-06-01
HU4,1426,1800,3226,7188,5469,12657,2015-06-01
HU5,3322,3772,7094,14037,10580,24617,2015-06-01
HU6,2620,3143,5763,8447,5856,14303,2015-06-01
HU7,3014,3758,6772,12218,9231,21449,2015-06-01
HU8,2190,2800,4990,10564,7898,18462,2015-06-01
HU9,3133,3889,7022,10409,6885,17294,2015-06-01
HU10,578,740,1318,7251,6729,13980,2015-06-01
HU11,362,511,873,5151,4436,9587,2015-06-01
HU12,902,1221,2123,9931,8521,18452,2015-06-01
HU13,611,878,1489,5235,4500,9735,2015-06-01
HU14,232,237,469,3346,3254,6600,2015-06-01
HU15,593,809,1402,9105,8503,17608,2015-06-01
HU16,590,697,1287,5824,5194,11018,2015-06-01
HU17,1647,1905,3552,16072,14461,30533,2015-06-01
HU18,353,469,822,3175,2666,5841,2015-06-01
HU19,461,527,988,2346,1572,3918,2015-06-01
HU20,27,29,56,377,353,730,2015-06-01
HX1,1699,2303,4002,6262,3884,10146,2015-06-01
HX2,1901,2614,4515,12110,10033,22143,2015-06-01
HX3,2080,2764,4844,15595,13115,28710,2015-06-01
HX4,410,581,991,4498,4092,8590,2015-06-01
HX5,497,669,1166,3232,2621,5853,2015-06-01
HX6,833,1122,1955,6565,5626,12191,2015-06-01
HX7,635,762,1397,4619,4465,9084,2015-06-01
IG1,10334,8465,18799,20295,12178,32473,2015-06-01
IG2,2639,2751,5390,9576,6931,16507,2015-06-01
IG3,4541,4127,8668,12662,8226,20888,2015-06-01
IG4,746,852,1598,3522,2702,6224,2015-06-01
IG5,1078,1290,2368,6124,5091,11215,2015-06-01
IG6,1861,2239,4100,9697,7888,17585,2015-06-01
IG7,1104,1388,2492,7656,6832,14488,2015-06-01
IG8,2032,2438,4470,13297,11928,25225,2015-06-01
IG9,513,558,1071,4933,4747,9680,2015-06-01
IG10,1394,1741,3135,11580,10883,22463,2015-06-01
IG11,7844,7192,15036,15181,8758,23939,2015-06-01
IP1,2344,2604,4948,12653,9654,22307,2015-06-01
IP2,1763,2260,4023,9984,7442,17426,2015-06-01
IP3,1609,2126,3735,11114,8828,19942,2015-06-01
IP4,1717,1990,3707,12524,10680,23204,2015-06-01
IP5,531,598,1129,7392,6905,14297,2015-06-01
IP6,419,529,948,6502,5981,12483,2015-06-01
IP7,491,626,1117,6148,5494,11642,2015-06-01
IP8,321,376,697,4390,3963,8353,2015-06-01
IP9,333,387,720,4439,4216,8655,2015-06-01
IP10,71,97,168,1422,1324,2746,2015-06-01
IP11,1071,1489,2560,11230,9486,20716,2015-06-01
IP12,821,945,1766,9357,8866,18223,2015-06-01
IP13,559,632,1191,7251,6861,14112,2015-06-01
IP14,1206,1526,2732,14704,13138,27842,2015-06-01
IP15,66,85,151,859,934,1793,2015-06-01
IP16,321,355,676,2369,2001,4370,2015-06-01
IP17,320,454,774,4393,4226,8619,2015-06-01
IP18,127,141,268,1429,1402,2831,2015-06-01
IP19,256,332,588,3997,3630,7627,2015-06-01
IP20,232,278,510,3119,2829,5948,2015-06-01
IP21,250,323,573,4543,4213,8756,2015-06-01
IP22,756,822,1578,8378,7621,15999,2015-06-01
IP23,219,283,502,2867,2663,5530,2015-06-01
IP24,1578,2012,3590,8771,6955,15726,2015-06-01
IP25,613,765,1378,6513,5731,12244,2015-06-01
IP26,295,385,680,3291,2996,6287,2015-06-01
IP27,878,1055,1933,5740,4984,10724,2015-06-01
IP28,960,1206,2166,8267,7698,15965,2015-06-01
IP29,219,277,496,3593,3428,7021,2015-06-01
IP30,359,473,832,5488,5176,10664,2015-06-01
IP31,524,681,1205,8140,7472,15612,2015-06-01
IP32,709,923,1632,5485,4923,10408,2015-06-01
IP33,1018,1255,2273,8225,7236,15461,2015-06-01
IV1,150,136,286,905,758,1663,2015-06-01
IV2,2154,2821,4975,16620,14801,31421,2015-06-01
IV3,1305,1618,2923,5809,4555,10364,2015-06-01
IV4,169,206,375,1716,1551,3267,2015-06-01
IV5,51,64,115,509,476,985,2015-06-01
IV6,165,187,352,1697,1516,3213,2015-06-01
IV7,195,260,455,2231,2078,4309,2015-06-01
IV8,32,32,64,344,330,674,2015-06-01
IV9,51,63,114,443,417,860,2015-06-01
IV10,103,123,226,962,915,1877,2015-06-01
IV11,56,56,112,322,296,618,2015-06-01
IV12,624,734,1358,4450,4016,8466,2015-06-01
IV13,13,26,39,266,205,471,2015-06-01
IV14,94,106,200,809,738,1547,2015-06-01
IV15,310,371,681,1879,1637,3516,2015-06-01
IV16,62,69,131,688,641,1329,2015-06-01
IV17,370,426,796,2056,1709,3765,2015-06-01
IV18,305,403,708,2053,1717,3770,2015-06-01
IV19,226,293,519,1699,1497,3196,2015-06-01
IV20,154,199,353,1138,986,2124,2015-06-01
IV21,46,52,98,445,393,838,2015-06-01
IV22,60,68,128,593,511,1104,2015-06-01
IV23,33,45,78,362,304,666,2015-06-01
IV24,44,68,112,567,524,1091,2015-06-01
IV25,75,112,187,932,862,1794,2015-06-01
IV26,100,131,231,701,661,1362,2015-06-01
IV27,159,166,325,1487,1273,2760,2015-06-01
IV28,15,15,30,181,181,362,2015-06-01
IV30,1577,2058,3635,11568,10060,21628,2015-06-01
IV31,369,453,822,2590,2147,4737,2015-06-01
IV32,210,195,405,1871,1692,3563,2015-06-01
IV33,1,0,1,0,0,0,2015-06-01
IV36,673,942,1615,5706,5012,10718,2015-06-01
IV40,122,177,299,945,804,1749,2015-06-01
IV41,30,19,49,139,116,255,2015-06-01
IV42,16,23,39,206,165,371,2015-06-01
IV43,13,18,31,107,93,200,2015-06-01
IV44,12,9,21,105,103,208,2015-06-01
IV45,13,6,19,114,101,215,2015-06-01
IV46,2,5,7,37,30,67,2015-06-01
IV47,16,29,45,235,191,426,2015-06-01
IV48,2,6,8,40,37,77,2015-06-01
IV49,52,57,109,433,354,787,2015-06-01
IV51,229,312,541,1980,1724,3704,2015-06-01
IV52,19,27,46,127,144,271,2015-06-01
IV53,8,5,13,65,55,120,2015-06-01
IV54,55,75,130,570,459,1029,2015-06-01
IV55,49,54,103,518,445,963,2015-06-01
IV56,9,11,20,142,112,254,2015-06-01
IV63,104,134,238,986,923,1909,2015-06-01
KA1,1387,1864,3251,9314,7821,17135,2015-06-01
KA2,288,416,704,2557,2256,4813,2015-06-01
KA3,1848,2417,4265,12675,11050,23725,2015-06-01
KA4,242,335,577,1902,1698,3600,2015-06-01
KA5,421,621,1042,3532,2893,6425,2015-06-01
KA6,1003,1325,2328,6368,5299,11667,2015-06-01
KA7,1177,1464,2641,10208,9418,19626,2015-06-01
KA8,1173,1584,2757,5451,4049,9500,2015-06-01
KA9,649,780,1429,5836,5361,11197,2015-06-01
KA10,625,819,1444,5807,5384,11191,2015-06-01
KA11,1133,1671,2804,6898,5670,12568,2015-06-01
KA12,1161,1565,2726,5383,4112,9495,2015-06-01
KA13,960,1375,2335,5479,4520,9999,2015-06-01
KA14,29,33,62,198,159,357,2015-06-01
KA15,342,445,787,2528,2219,4747,2015-06-01
KA16,182,190,372,1146,868,2014,2015-06-01
KA17,154,221,375,1540,1277,2817,2015-06-01
KA18,1070,1547,2617,7035,5382,12417,2015-06-01
KA19,357,460,817,2668,2279,4947,2015-06-01
KA20,631,857,1488,2537,1922,4459,2015-06-01
KA21,804,922,1726,3787,3075,6862,2015-06-01
KA22,651,921,1572,3419,2841,6260,2015-06-01
KA23,210,273,483,1998,1884,3882,2015-06-01
KA24,270,430,700,2027,1737,3764,2015-06-01
KA25,421,533,954,2143,1757,3900,2015-06-01
KA26,509,720,1229,3695,3049,6744,2015-06-01
KA27,226,292,518,1766,1638,3404,2015-06-01
KA28,50,72,122,443,372,815,2015-06-01
KA29,47,69,116,604,559,1163,2015-06-01
KA30,401,628,1029,4134,3683,7817,2015-06-01
KT1,1715,1800,3515,7357,5809,13166,2015-06-01
KT2,1963,2331,4294,11289,10298,21587,2015-06-01
KT3,2939,3225,6164,15256,13037,28293,2015-06-01
KT4,1463,1613,3076,11375,10337,21712,2015-06-01
KT5,1233,1263,2496,7516,6466,13982,2015-06-01
KT6,1804,2156,3960,11427,9876,21303,2015-06-01
KT7,406,428,834,3965,3911,7876,2015-06-01
KT8,966,1075,2041,7801,7393,15194,2015-06-01
KT9,1215,1389,2604,7790,6844,14634,2015-06-01
KT10,909,892,1801,9043,9082,18125,2015-06-01
KT11,824,864,1688,7026,7176,14202,2015-06-01
KT12,1606,1871,3477,14660,13957,28617,2015-06-01
KT13,938,1025,1963,9928,9707,19635,2015-06-01
KT14,571,581,1152,5240,5175,10415,2015-06-01
KT15,1063,1133,2196,10813,9909,20722,2015-06-01
KT16,769,953,1722,7454,6859,14313,2015-06-01
KT17,1053,1063,2116,9181,8510,17691,2015-06-01
KT18,653,811,1464,6431,6320,12751,2015-06-01
KT19,1863,2113,3976,12762,11454,24216,2015-06-01
KT20,675,808,1483,8324,7942,16266,2015-06-01
KT21,422,492,914,5340,5363,10703,2015-06-01
KT22,1006,1012,2018,9630,9198,18828,2015-06-01
KT23,344,353,697,4381,4394,8775,2015-06-01
KT24,245,300,545,3939,4023,7962,2015-06-01
KW1,520,576,1096,3796,3209,7005,2015-06-01
KW2,5,2,7,28,29,57,2015-06-01
KW3,37,58,95,402,324,726,2015-06-01
KW5,8,8,16,124,116,240,2015-06-01
KW6,11,10,21,152,119,271,2015-06-01
KW7,2,4,6,46,39,85,2015-06-01
KW8,25,42,67,317,269,586,2015-06-01
KW9,71,92,163,646,554,1200,2015-06-01
KW10,86,101,187,608,536,1144,2015-06-01
KW11,4,7,11,47,40,87,2015-06-01
KW12,51,65,116,661,576,1237,2015-06-01
KW13,3,6,9,40,37,77,2015-06-01
KW14,642,782,1424,4459,3694,8153,2015-06-01
KW15,410,506,916,2773,2451,5224,2015-06-01
KW16,162,226,388,1322,1153,2475,2015-06-01
KW17,393,481,874,3351,3048,6399,2015-06-01
KY1,1316,1671,2987,7959,6421,14380,2015-06-01
KY2,1450,1995,3445,10073,8524,18597,2015-06-01
KY3,503,653,1156,3883,3431,7314,2015-06-01
KY4,1043,1471,2514,7182,5612,12794,2015-06-01
KY5,1032,1542,2574,6352,4843,11195,2015-06-01
KY6,1049,1396,2445,6273,5227,11500,2015-06-01
KY7,1411,1913,3324,9284,7933,17217,2015-06-01
KY8,1859,2430,4289,11183,9089,20272,2015-06-01
KY9,57,81,138,749,726,1475,2015-06-01
KY10,356,507,863,3232,2913,6145,2015-06-01
KY11,2933,3886,6819,20348,17697,38045,2015-06-01
KY12,1704,2178,3882,13922,12063,25985,2015-06-01
KY13,345,400,745,4306,4301,8607,2015-06-01
KY14,235,313,548,2574,2299,4873,2015-06-01
KY15,808,1049,1857,7978,7422,15400,2015-06-01
KY16,1051,1325,2376,6224,5579,11803,2015-06-01
L1,434,436,870,1136,662,1798,2015-06-01
L2,73,35,108,202,94,296,2015-06-01
L3,881,853,1734,2832,1802,4634,2015-06-01
L4,3600,4542,8142,9325,5980,15305,2015-06-01
L5,1323,1660,2983,2744,1536,4280,2015-06-01
L6,2328,2564,4892,4605,2557,7162,2015-06-01
L7,2179,2015,4194,3284,1706,4990,2015-06-01
L8,3797,3856,7653,6099,3560,9659,2015-06-01
L9,2116,2875,4991,8647,6391,15038,2015-06-01
L10,840,1269,2109,4893,3917,8810,2015-06-01
L11,2270,3044,5314,6163,4316,10479,2015-06-01
L12,1654,2183,3837,10512,9088,19600,2015-06-01
L13,2486,3114,5600,7972,5648,13620,2015-06-01
L14,2013,2871,4884,6930,5229,12159,2015-06-01
L15,2217,2606,4823,6903,5149,12052,2015-06-01
L16,674,875,1549,5360,4819,10179,2015-06-01
L17,1492,1621,3113,6763,5678,12441,2015-06-01
L18,1232,1495,2727,8685,7908,16593,2015-06-01
L19,1459,1712,3171,7271,6177,13448,2015-06-01
L20,2897,3393,6290,7748,5108,12856,2015-06-01
L21,1884,2447,4331,6689,4938,11627,2015-06-01
L22,938,1035,1973,4464,3652,8116,2015-06-01
L23,1537,1862,3399,10804,9848,20652,2015-06-01
L24,1227,1614,2841,3973,2804,6777,2015-06-01
L25,1901,2331,4232,11167,9313,20480,2015-06-01
L26,978,1282,2260,4914,4252,9166,2015-06-01
L27,544,752,1296,1628,1135,2763,2015-06-01
L28,595,811,1406,1552,857,2409,2015-06-01
L29,29,20,49,201,198,399,2015-06-01
L30,1425,1919,3344,5474,4078,9552,2015-06-01
L31,1228,1562,2790,11467,10136,21603,2015-06-01
L32,1696,2264,3960,5556,3884,9440,2015-06-01
L33,1471,2028,3499,4539,3263,7802,2015-06-01
L34,570,716,1286,4278,3453,7731,2015-06-01
L35,1601,2293,3894,10387,8259,18646,2015-06-01
L36,2995,4100,7095,11536,8852,20388,2015-06-01
L37,781,878,1659,9137,8785,17922,2015-06-01
L38,81,112,193,1104,1060,2164,2015-06-01
L39,948,1133,2081,9949,9237,19186,2015-06-01
L40,563,631,1194,7276,6651,13927,2015-06-01
L41,82,73,155,44,20,64,2015-06-01
L42,46,36,82,61,27,88,2015-06-01
L43,80,126,206,179,164,343,2015-06-01
L44,37,29,66,41,16,57,2015-06-01
L45,14,18,32,52,37,89,2015-06-01
L46,15,18,33,51,23,74,2015-06-01
L47,12,12,24,51,34,85,2015-06-01
L48,10,11,21,61,58,119,2015-06-01
L49,16,30,46,42,42,84,2015-06-01
L60,3,16,19,127,133,260,2015-06-01
L61,9,10,19,51,63,114,2015-06-01
L62,22,26,48,53,48,101,2015-06-01
L63,13,11,24,80,42,122,2015-06-01
L64,21,21,42,128,123,251,2015-06-01
L65,17,18,35,42,31,73,2015-06-01
L66,21,36,57,123,116,239,2015-06-01
L69,20,5,25,37,5,42,2015-06-01
L71,0,1,1,0,0,0,2015-06-01
LA1,2968,3632,6600,14304,11705,26009,2015-06-01
LA2,637,776,1413,8291,7853,16144,2015-06-01
LA3,1293,1573,2866,8710,7340,16050,2015-06-01
LA4,1376,1652,3028,8511,7099,15610,2015-06-01
LA5,469,614,1083,6290,6000,12290,2015-06-01
LA6,297,385,682,5287,5092,10379,2015-06-01
LA7,133,156,289,2044,1936,3980,2015-06-01
LA8,180,220,400,3771,3616,7387,2015-06-01
LA9,1103,1382,2485,11077,9959,21036,2015-06-01
LA10,106,106,212,1392,1296,2688,2015-06-01
LA11,210,295,505,3903,3792,7695,2015-06-01
LA12,671,790,1461,7924,7105,15029,2015-06-01
LA13,969,1220,2189,6691,5723,12414,2015-06-01
LA14,2421,2887,5308,11764,9168,20932,2015-06-01
LA15,341,458,799,2772,2366,5138,2015-06-01
LA16,96,141,237,1292,1124,2416,2015-06-01
LA17,17,32,49,493,460,953,2015-06-01
LA18,346,485,831,2914,2330,5244,2015-06-01
LA19,25,31,56,419,375,794,2015-06-01
LA20,17,38,55,543,487,1030,2015-06-01
LA21,30,38,68,411,348,759,2015-06-01
LA22,213,225,438,1862,1697,3559,2015-06-01
LA23,409,430,839,3329,2958,6287,2015-06-01
LD1,346,476,822,4260,3808,8068,2015-06-01
LD2,163,178,341,2171,1946,4117,2015-06-01
LD3,750,883,1633,7402,6642,14044,2015-06-01
LD4,16,20,36,319,281,600,2015-06-01
LD5,31,44,75,448,383,831,2015-06-01
LD6,75,130,205,1064,943,2007,2015-06-01
LD7,131,155,286,1836,1633,3469,2015-06-01
LD8,113,149,262,1802,1652,3454,2015-06-01
LE1,1292,1205,2497,2202,1039,3241,2015-06-01
LE2,8127,9171,17298,33618,26472,60090,2015-06-01
LE3,6633,8192,14825,30277,22888,53165,2015-06-01
LE4,7601,9406,17007,30344,22241,52585,2015-06-01
LE5,7182,8155,15337,25785,18467,44252,2015-06-01
LE6,360,450,810,4786,4311,9097,2015-06-01
LE7,1334,1717,3051,17611,16159,33770,2015-06-01
LE8,1006,1249,2255,13463,12700,26163,2015-06-01
LE9,1699,2236,3935,21382,18880,40262,2015-06-01
LE10,1620,2002,3622,18425,16188,34613,2015-06-01
LE11,3376,3615,6991,18231,13885,32116,2015-06-01
LE12,1887,2420,4307,23914,21675,45589,2015-06-01
LE13,1032,1348,2380,9588,8258,17846,2015-06-01
LE14,407,560,967,7167,6650,13817,2015-06-01
LE15,960,1332,2292,11937,11059,22996,2015-06-01
LE16,1159,1402,2561,12900,11990,24890,2015-06-01
LE17,542,672,1214,8480,7702,16182,2015-06-01
LE18,1298,1775,3073,11408,9741,21149,2015-06-01
LE19,425,610,1035,5478,5013,10491,2015-06-01
LE65,482,627,1109,5344,4846,10190,2015-06-01
LE67,2169,2698,4867,21210,18190,39400,2015-06-01
LL11,1750,2295,4045,12494,10307,22801,2015-06-01
LL12,1157,1375,2532,10314,9078,19392,2015-06-01
LL13,2089,2363,4452,10397,8379,18776,2015-06-01
LL14,1606,2340,3946,10691,8561,19252,2015-06-01
LL15,346,444,790,3922,3588,7510,2015-06-01
LL16,664,824,1488,5547,4947,10494,2015-06-01
LL17,183,223,406,2052,1934,3986,2015-06-01
LL18,2400,3165,5565,13359,11038,24397,2015-06-01
LL19,958,1267,2225,6911,6034,12945,2015-06-01
LL20,333,374,707,3076,2660,5736,2015-06-01
LL21,230,277,507,2519,2225,4744,2015-06-01
LL22,670,858,1528,6699,5830,12529,2015-06-01
LL23,119,154,273,1530,1306,2836,2015-06-01
LL24,60,84,144,856,730,1586,2015-06-01
LL25,18,17,35,175,161,336,2015-06-01
LL26,178,261,439,1588,1344,2932,2015-06-01
LL27,38,51,89,316,250,566,2015-06-01
LL28,488,624,1112,5058,4702,9760,2015-06-01
LL29,1142,1417,2559,6555,5633,12188,2015-06-01
LL30,1057,1293,2350,7169,6170,13339,2015-06-01
LL31,381,499,880,3313,3011,6324,2015-06-01
LL32,298,370,668,2367,2166,4533,2015-06-01
LL33,188,237,425,1354,1209,2563,2015-06-01
LL34,201,290,491,1484,1294,2778,2015-06-01
LL35,20,23,43,300,240,540,2015-06-01
LL36,146,215,361,1630,1414,3044,2015-06-01
LL37,22,20,42,210,177,387,2015-06-01
LL38,14,36,50,271,219,490,2015-06-01
LL39,11,14,25,93,69,162,2015-06-01
LL40,148,194,342,1471,1307,2778,2015-06-01
LL41,338,401,739,2112,1655,3767,2015-06-01
LL42,137,178,315,749,598,1347,2015-06-01
LL43,14,19,33,207,187,394,2015-06-01
LL44,21,43,64,374,353,727,2015-06-01
LL45,24,27,51,236,221,457,2015-06-01
LL46,48,73,121,668,628,1296,2015-06-01
LL47,12,24,36,225,182,407,2015-06-01
LL48,93,131,224,868,761,1629,2015-06-01
LL49,214,222,436,1504,1211,2715,2015-06-01
LL51,21,29,50,345,286,631,2015-06-01
LL52,82,99,181,979,901,1880,2015-06-01
LL53,477,599,1076,5942,5338,11280,2015-06-01
LL54,384,531,915,3989,3491,7480,2015-06-01
LL55,957,1266,2223,7061,6055,13116,2015-06-01
LL56,104,88,192,768,698,1466,2015-06-01
LL57,1510,1621,3131,7168,5811,12979,2015-06-01
LL58,132,193,325,1388,1265,2653,2015-06-01
LL59,245,260,505,2003,1932,3935,2015-06-01
LL60,92,101,193,1107,1052,2159,2015-06-01
LL61,195,234,429,2256,2114,4370,2015-06-01
LL62,60,56,116,676,648,1324,2015-06-01
LL63,40,62,102,526,473,999,2015-06-01
LL64,36,34,70,326,303,629,2015-06-01
LL65,1218,1452,2670,8051,6710,14761,2015-06-01
LL66,9,8,17,111,98,209,2015-06-01
LL67,55,89,144,523,444,967,2015-06-01
LL68,239,331,570,2233,1897,4130,2015-06-01
LL69,30,28,58,260,224,484,2015-06-01
LL70,8,10,18,108,111,219,2015-06-01
LL71,66,89,155,726,627,1353,2015-06-01
LL72,29,47,76,277,249,526,2015-06-01
LL73,2,4,6,106,100,206,2015-06-01
LL74,73,81,154,932,886,1818,2015-06-01
LL75,49,52,101,567,521,1088,2015-06-01
LL76,12,7,19,116,101,217,2015-06-01
LL77,249,372,621,2442,2250,4692,2015-06-01
LL78,13,18,31,201,198,399,2015-06-01
LN1,1116,1359,2475,9183,7901,17084,2015-06-01
LN2,1954,2403,4357,12755,10888,23643,2015-06-01
LN3,237,337,574,3654,3226,6880,2015-06-01
LN4,1232,1619,2851,14753,13111,27864,2015-06-01
LN5,1637,1871,3508,10834,8879,19713,2015-06-01
LN6,2351,2991,5342,20012,17451,37463,2015-06-01
LN7,194,251,445,2473,2217,4690,2015-06-01
LN8,543,694,1237,6832,6108,12940,2015-06-01
LN9,319,356,675,3672,3231,6903,2015-06-01
LN10,149,187,336,2461,2246,4707,2015-06-01
LN11,1044,1266,2310,10641,9579,20220,2015-06-01
LN12,546,697,1243,4791,3635,8426,2015-06-01
LN13,278,332,610,3066,2681,5747,2015-06-01
LS1,224,181,405,748,432,1180,2015-06-01
LS2,801,640,1441,1202,547,1749,2015-06-01
LS3,294,269,563,476,247,723,2015-06-01
LS4,703,720,1423,2087,1398,3485,2015-06-01
LS5,550,655,1205,2242,1658,3900,2015-06-01
LS6,2958,2805,5763,8216,5954,14170,2015-06-01
LS7,2838,3317,6155,7771,6091,13862,2015-06-01
LS8,4064,4555,8619,14001,10763,24764,2015-06-01
LS9,3745,4350,8095,8108,4465,12573,2015-06-01
LS10,2655,3576,6231,9373,6247,15620,2015-06-01
LS11,3240,3746,6986,8398,4670,13068,2015-06-01
LS12,2882,3499,6381,11512,8159,19671,2015-06-01
LS13,2360,3264,5624,10507,7976,18483,2015-06-01
LS14,2432,3358,5790,9573,7069,16642,2015-06-01
LS15,1664,2138,3802,12262,10321,22583,2015-06-01
LS16,1656,2061,3717,12759,11492,24251,2015-06-01
LS17,1662,2402,4064,16770,15300,32070,2015-06-01
LS18,1117,966,2083,7689,6512,14201,2015-06-01
LS19,754,1028,1782,7300,6607,13907,2015-06-01
LS20,431,539,970,4573,4279,8852,2015-06-01
LS21,659,832,1491,6657,6029,12686,2015-06-01
LS22,480,596,1076,6160,5973,12133,2015-06-01
LS23,254,297,551,3273,3119,6392,2015-06-01
LS24,395,467,862,4562,4119,8681,2015-06-01
LS25,1505,2107,3612,14828,13011,27839,2015-06-01
LS26,1241,1850,3091,10584,8969,19553,2015-06-01
LS27,1765,2368,4133,12076,9832,21908,2015-06-01
LS28,1609,2268,3877,13620,11975,25595,2015-06-01
LS29,995,1123,2118,12163,11924,24087,2015-06-01
LU1,5102,4570,9672,12958,8067,21025,2015-06-01
LU2,3631,4402,8033,20571,16575,37146,2015-06-01
LU3,4773,5840,10613,20613,15339,35952,2015-06-01
LU4,4678,5752,10430,16673,11042,27715,2015-06-01
LU5,1973,2543,4516,13882,11593,25475,2015-06-01
LU6,1215,1542,2757,12565,11054,23619,2015-06-01
LU7,1893,2352,4245,21821,19600,41421,2015-06-01
M1,802,527,1329,2324,1089,3413,2015-06-01
M2,9,9,18,33,19,52,2015-06-01
M3,852,713,1565,2927,1589,4516,2015-06-01
M4,724,616,1340,2373,1414,3787,2015-06-01
M5,1488,1546,3034,3837,2324,6161,2015-06-01
M6,2794,2946,5740,8885,6155,15040,2015-06-01
M7,2754,2423,5177,7170,4705,11875,2015-06-01
M8,4483,3801,8284,8867,4833,13700,2015-06-01
M9,3444,4280,7724,9942,7175,17117,2015-06-01
M10,62,49,111,43,10,53,2015-06-01
M11,2185,2765,4950,4840,2969,7809,2015-06-01
M12,2799,2315,5114,3976,1953,5929,2015-06-01
M13,3526,2686,6212,5130,2580,7710,2015-06-01
M14,5377,4627,10004,9558,5588,15146,2015-06-01
M15,2230,1793,4023,4636,2423,7059,2015-06-01
M16,3472,3672,7144,10187,7435,17622,2015-06-01
M17,0,2,2,6,4,10,2015-06-01
M18,2274,2647,4921,5440,3558,8998,2015-06-01
M19,3650,3620,7270,10253,7357,17610,2015-06-01
M20,3038,3235,6273,14916,12754,27670,2015-06-01
M21,1983,2228,4211,9460,8297,17757,2015-06-01
M22,3410,4104,7514,11306,8531,19837,2015-06-01
M23,2197,2803,5000,8874,7074,15948,2015-06-01
M24,2989,3686,6675,14737,11722,26459,2015-06-01
M25,1731,2102,3833,10693,9083,19776,2015-06-01
M26,1826,2325,4151,11465,9594,21059,2015-06-01
M27,2146,2685,4831,13216,10923,24139,2015-06-01
M28,1629,2054,3683,14038,12528,26566,2015-06-01
M29,938,1219,2157,8401,7360,15761,2015-06-01
M30,2499,2908,5407,10959,8338,19297,2015-06-01
M31,684,793,1477,2406,1970,4376,2015-06-01
M32,1920,2293,4213,9093,7583,16676,2015-06-01
M33,2679,3107,5786,21864,19788,41652,2015-06-01
M34,2444,3083,5527,15764,12902,28666,2015-06-01
M35,1143,1406,2549,6738,5436,12174,2015-06-01
M38,1012,1372,2384,3572,2439,6011,2015-06-01
M40,3756,4535,8291,10734,7515,18249,2015-06-01
M41,1814,2102,3916,15005,13678,28683,2015-06-01
M43,1308,1831,3139,7542,6074,13616,2015-06-01
M44,1053,1391,2444,6483,5202,11685,2015-06-01
M45,1138,1495,2633,7781,6867,14648,2015-06-01
M46,1026,1342,2368,7272,5737,13009,2015-06-01
M50,195,185,380,1089,681,1770,2015-06-01
M60,35,12,47,63,14,77,2015-06-01
M90,1,0,1,1,0,1,2015-06-01
ME1,1627,2051,3678,10434,8856,19290,2015-06-01
ME2,1903,2577,4480,14124,11956,26080,2015-06-01
ME3,954,1269,2223,10730,9430,20160,2015-06-01
ME4,2353,2694,5047,8973,6215,15188,2015-06-01
ME5,2347,3342,5689,19030,16376,35406,2015-06-01
ME6,440,631,1071,3720,3237,6957,2015-06-01
ME7,3309,4285,7594,16130,12589,28719,2015-06-01
ME8,2012,2607,4619,18492,16297,34789,2015-06-01
ME9,753,867,1620,8400,7569,15969,2015-06-01
ME10,2337,2963,5300,16091,13525,29616,2015-06-01
ME11,246,334,580,1076,812,1888,2015-06-01
ME12,1981,2598,4579,12835,10262,23097,2015-06-01
ME13,1177,1519,2696,9931,8756,18687,2015-06-01
ME14,1321,1522,2843,11902,10235,22137,2015-06-01
ME15,2275,2827,5102,17168,14364,31532,2015-06-01
ME16,1255,1665,2920,11223,9499,20722,2015-06-01
ME17,645,791,1436,9134,8203,17337,2015-06-01
ME18,234,239,473,2875,2719,5594,2015-06-01
ME19,686,800,1486,8073,7772,15845,2015-06-01
ME20,704,957,1661,7800,7080,14880,2015-06-01
MK1,74,60,134,290,165,455,2015-06-01
MK2,1203,1572,2775,4648,3400,8048,2015-06-01
MK3,1223,1634,2857,8118,6946,15064,2015-06-01
MK4,874,1297,2171,7519,7044,14563,2015-06-01
MK5,774,932,1706,5486,5077,10563,2015-06-01
MK6,3127,3773,6900,8477,5720,14197,2015-06-01
MK7,736,890,1626,5384,4881,10265,2015-06-01
MK8,616,806,1422,4447,3892,8339,2015-06-01
MK9,398,352,750,1192,638,1830,2015-06-01
MK10,494,596,1090,3778,3449,7227,2015-06-01
MK11,453,597,1050,2755,2359,5114,2015-06-01
MK12,998,1201,2199,4330,3169,7499,2015-06-01
MK13,1495,1728,3223,6539,5284,11823,2015-06-01
MK14,1603,1951,3554,7013,5388,12401,2015-06-01
MK15,361,449,810,2804,2568,5372,2015-06-01
MK16,742,887,1629,7269,6623,13892,2015-06-01
MK17,470,531,1001,7333,6930,14263,2015-06-01
MK18,1329,1415,2744,11890,11275,23165,2015-06-01
MK19,345,433,778,4623,4299,8922,2015-06-01
MK40,2412,2409,4821,10139,7408,17547,2015-06-01
MK41,2063,2508,4571,14981,13370,28351,2015-06-01
MK42,2798,3958,6756,14374,11197,25571,2015-06-01
MK43,1187,1233,2420,13036,12180,25216,2015-06-01
MK44,448,513,961,6643,6304,12947,2015-06-01
MK45,1414,1680,3094,17400,16160,33560,2015-06-01
MK46,245,316,561,3644,3474,7118,2015-06-01
ML1,3020,3945,6965,16656,13236,29892,2015-06-01
ML2,2172,2797,4969,12360,9760,22120,2015-06-01
ML3,2779,3684,6463,16815,13549,30364,2015-06-01
ML4,1414,1997,3411,6830,5229,12059,2015-06-01
ML5,2797,3673,6470,13760,10677,24437,2015-06-01
ML6,2888,3805,6693,17742,14452,32194,2015-06-01
ML7,729,1079,1808,5047,3888,8935,2015-06-01
ML8,675,996,1671,7064,6202,13266,2015-06-01
ML9,1160,1630,2790,7897,6468,14365,2015-06-01
ML10,403,468,871,4011,3758,7769,2015-06-01
ML11,1289,1913,3202,12456,10519,22975,2015-06-01
ML12,237,361,598,3415,3142,6557,2015-06-01
N1,9865,10667,20532,23897,16913,40810,2015-06-01
N2,2070,2176,4246,8869,7998,16867,2015-06-01
N3,2211,2467,4678,11364,9669,21033,2015-06-01
N4,6786,6386,13172,14156,9488,23644,2015-06-01
N5,2205,2543,4748,7314,5775,13089,2015-06-01
N6,1309,1572,2881,7139,6340,13479,2015-06-01
N7,5536,5749,11285,12134,8179,20313,2015-06-01
N8,4374,4393,8767,12644,9954,22598,2015-06-01
N9,5810,7130,12940,14611,10424,25035,2015-06-01
N10,2198,2649,4847,9209,8043,17252,2015-06-01
N11,2769,2944,5713,10292,7793,18085,2015-06-01
N12,2444,2706,5150,11952,9976,21928,2015-06-01
N13,2867,3051,5918,11858,9075,20933,2015-06-01
N14,1859,2150,4009,11692,9982,21674,2015-06-01
N15,7650,6623,14273,12269,6870,19139,2015-06-01
N16,8721,7806,16527,16917,11337,28254,2015-06-01
N17,10840,10918,21758,16588,9870,26458,2015-06-01
N18,4128,4777,8905,8881,6011,14892,2015-06-01
N19,4043,4590,8633,9678,7340,17018,2015-06-01
N20,1168,1343,2511,7784,7109,14893,2015-06-01
N21,1143,1340,2483,9106,8186,17292,2015-06-01
N22,5917,5700,11617,13470,8906,22376,2015-06-01
NE1,644,443,1087,1591,675,2266,2015-06-01
NE2,1381,1294,2675,5447,3970,9417,2015-06-01
NE3,2707,3448,6155,17502,15035,32537,2015-06-01
NE4,4415,3862,8277,8406,4405,12811,2015-06-01
NE5,2827,3958,6785,13892,10068,23960,2015-06-01
NE6,3943,4539,8482,11271,7284,18555,2015-06-01
NE7,799,975,1774,5084,4263,9347,2015-06-01
NE8,2868,2905,5773,7589,4167,11756,2015-06-01
NE9,2064,2761,4825,11086,8415,19501,2015-06-01
NE10,2104,2975,5079,9932,6847,16779,2015-06-01
NE11,869,1272,2141,5130,3788,8918,2015-06-01
NE12,1770,2532,4302,10916,8767,19683,2015-06-01
NE13,469,642,1111,4475,3953,8428,2015-06-01
NE15,1956,2675,4631,9877,7281,17158,2015-06-01
NE16,1005,1452,2457,8882,7432,16314,2015-06-01
NE17,241,347,588,1479,1183,2662,2015-06-01
NE18,31,32,63,362,357,719,2015-06-01
NE19,44,82,126,877,827,1704,2015-06-01
NE20,316,382,698,5030,4874,9904,2015-06-01
NE21,870,1189,2059,5501,4159,9660,2015-06-01
NE22,831,1039,1870,5969,4928,10897,2015-06-01
NE23,1799,2737,4536,13387,10969,24356,2015-06-01
NE24,1908,2734,4642,11629,9021,20650,2015-06-01
NE25,1167,1573,2740,10546,9532,20078,2015-06-01
NE26,830,976,1806,6927,6262,13189,2015-06-01
NE27,554,880,1434,3919,3247,7166,2015-06-01
NE28,2825,3939,6764,12880,9482,22362,2015-06-01
NE29,2296,2981,5277,9995,7743,17738,2015-06-01
NE30,879,1080,1959,7766,7012,14778,2015-06-01
NE31,1248,1618,2866,5699,4216,9915,2015-06-01
NE32,1596,2087,3683,7350,5549,12899,2015-06-01
NE33,2102,1998,4100,7683,5354,13037,2015-06-01
NE34,2989,3941,6930,15273,11773,27046,2015-06-01
NE35,334,446,780,2019,1583,3602,2015-06-01
NE36,259,288,547,2495,2227,4722,2015-06-01
NE37,1312,1908,3220,5965,4484,10449,2015-06-01
NE38,1734,2440,4174,10799,8679,19478,2015-06-01
NE39,351,500,851,3027,2653,5680,2015-06-01
NE40,665,933,1598,5262,4430,9692,2015-06-01
NE41,62,69,131,819,795,1614,2015-06-01
NE42,525,819,1344,4205,3691,7896,2015-06-01
NE43,102,124,226,1806,1731,3537,2015-06-01
NE44,21,37,58,432,432,864,2015-06-01
NE45,100,157,257,1421,1348,2769,2015-06-01
NE46,570,753,1323,5525,5111,10636,2015-06-01
NE47,233,333,566,3070,2836,5906,2015-06-01
NE48,102,157,259,1789,1533,3322,2015-06-01
NE49,146,251,397,1575,1255,2830,2015-06-01
NE61,1149,1631,2780,11814,10412,22226,2015-06-01
NE62,384,603,987,3312,2640,5952,2015-06-01
NE63,1535,2184,3719,8453,6382,14835,2015-06-01
NE64,371,504,875,1809,1368,3177,2015-06-01
NE65,626,914,1540,7535,6657,14192,2015-06-01
NE66,522,765,1287,6395,5746,12141,2015-06-01
NE67,14,21,35,361,344,705,2015-06-01
NE68,51,62,113,730,650,1380,2015-06-01
NE69,9,11,20,159,142,301,2015-06-01
NE70,53,70,123,665,649,1314,2015-06-01
NE71,85,118,203,1115,1021,2136,2015-06-01
NE99,0,0,0,1,0,1,2015-06-01
NG1,821,647,1468,1838,976,2814,2015-06-01
NG2,3396,3999,7395,17755,14527,32282,2015-06-01
NG3,3408,4388,7796,13701,10380,24081,2015-06-01
NG4,2024,2736,4760,13643,11359,25002,2015-06-01
NG5,5220,7250,12470,26814,21922,48736,2015-06-01
NG6,2615,3760,6375,10273,7678,17951,2015-06-01
NG7,4852,4604,9456,9666,5177,14843,2015-06-01
NG8,4276,5913,10189,17491,13321,30812,2015-06-01
NG9,3689,4416,8105,24548,20561,45109,2015-06-01
NG10,2339,2878,5217,16369,13740,30109,2015-06-01
NG11,2016,2769,4785,11789,9277,21066,2015-06-01
NG12,1153,1552,2705,12471,11601,24072,2015-06-01
NG13,636,838,1474,7973,7377,15350,2015-06-01
NG14,577,687,1264,7271,6744,14015,2015-06-01
NG15,1711,2454,4165,14032,11774,25806,2015-06-01
NG16,2560,3479,6039,23071,19169,42240,2015-06-01
NG17,3230,4426,7656,23799,19260,43059,2015-06-01
NG18,2209,2639,4848,13668,11328,24996,2015-06-01
NG19,2323,3094,5417,17511,14216,31727,2015-06-01
NG20,1492,2023,3515,8198,6201,14399,2015-06-01
NG21,936,1228,2164,7841,6740,14581,2015-06-01
NG22,1081,1405,2486,9878,8507,18385,2015-06-01
NG23,434,511,945,7334,6990,14324,2015-06-01
NG24,2159,2685,4844,15429,12839,28268,2015-06-01
NG25,250,362,612,3325,3225,6550,2015-06-01
NG31,2239,2841,5080,15177,12181,27358,2015-06-01
NG32,345,422,767,5501,5126,10627,2015-06-01
NG33,269,366,635,3971,3660,7631,2015-06-01
NG34,1452,1724,3176,15332,13800,29132,2015-06-01
NN1,2844,2623,5467,9272,6045,15317,2015-06-01
NN2,2330,2709,5039,12569,9906,22475,2015-06-01
NN3,4467,5744,10211,24885,20536,45421,2015-06-01
NN4,1958,2600,4558,17119,15244,32363,2015-06-01
NN5,2044,2563,4607,13380,10691,24071,2015-06-01
NN6,943,1140,2083,13890,13189,27079,2015-06-01
NN7,782,1009,1791,11520,10860,22380,2015-06-01
NN8,3088,3840,6928,16492,13230,29722,2015-06-01
NN9,894,1235,2129,10106,8847,18953,2015-06-01
NN10,1469,1946,3415,13959,12072,26031,2015-06-01
NN11,1624,2228,3852,14210,12156,26366,2015-06-01
NN12,721,901,1622,9658,8892,18550,2015-06-01
NN13,587,755,1342,7379,6827,14206,2015-06-01
NN14,1301,1672,2973,16859,15360,32219,2015-06-01
NN15,1311,1727,3038,12828,11611,24439,2015-06-01
NN16,1901,2192,4093,9607,7386,16993,2015-06-01
NN17,1751,2212,3963,8752,6681,15433,2015-06-01
NN18,2364,3071,5435,10443,8135,18578,2015-06-01
NN29,350,418,768,4506,4113,8619,2015-06-01
NP1,66,82,148,211,166,377,2015-06-01
NP2,13,18,31,82,50,132,2015-06-01
NP3,16,29,45,68,54,122,2015-06-01
NP4,1789,2506,4295,15376,12987,28363,2015-06-01
NP5,5,12,17,35,33,68,2015-06-01
NP6,22,24,46,100,62,162,2015-06-01
NP7,816,1086,1902,9746,8921,18667,2015-06-01
NP8,132,206,338,2175,2073,4248,2015-06-01
NP9,42,32,74,119,42,161,2015-06-01
NP10,864,1092,1956,8360,7681,16041,2015-06-01
NP11,1668,2320,3988,12240,10034,22274,2015-06-01
NP12,1332,1960,3292,11190,9391,20581,2015-06-01
NP13,983,1462,2445,6419,4625,11044,2015-06-01
NP15,149,184,333,3207,3043,6250,2015-06-01
NP16,825,1035,1860,8914,8231,17145,2015-06-01
NP18,549,750,1299,6527,5828,12355,2015-06-01
NP19,3353,4252,7605,15449,11551,27000,2015-06-01
NP20,3163,3920,7083,15127,11722,26849,2015-06-01
NP22,1105,1600,2705,6875,5179,12054,2015-06-01
NP23,1562,2215,3777,10698,8274,18972,2015-06-01
NP24,282,404,686,1398,986,2384,2015-06-01
NP25,507,561,1068,5674,5300,10974,2015-06-01
NP26,745,939,1684,8502,7571,16073,2015-06-01
NP44,2280,3071,5351,15795,13148,28943,2015-06-01
NR1,1700,1694,3394,7948,6085,14033,2015-06-01
NR2,1460,1723,3183,7725,6475,14200,2015-06-01
NR3,2256,2584,4840,10009,7519,17528,2015-06-01
NR4,1057,1266,2323,6906,6153,13059,2015-06-01
NR5,1768,2154,3922,8708,7070,15778,2015-06-01
NR6,799,1066,1865,9214,7933,17147,2015-06-01
NR7,1175,1382,2557,11704,10454,22158,2015-06-01
NR8,546,705,1251,7721,7299,15020,2015-06-01
NR9,438,527,965,6823,6440,13263,2015-06-01
NR10,614,809,1423,8892,8211,17103,2015-06-01
NR11,533,651,1184,6977,6419,13396,2015-06-01
NR12,591,703,1294,8121,7424,15545,2015-06-01
NR13,695,802,1497,10541,9931,20472,2015-06-01
NR14,642,729,1371,9337,8759,18096,2015-06-01
NR15,377,547,924,6213,5906,12119,2015-06-01
NR16,307,458,765,4968,4592,9560,2015-06-01
NR17,534,591,1125,6042,5349,11391,2015-06-01
NR18,581,685,1266,6310,5938,12248,2015-06-01
NR19,757,968,1725,7167,6250,13417,2015-06-01
NR20,511,692,1203,7385,6655,14040,2015-06-01
NR21,499,655,1154,6026,5455,11481,2015-06-01
NR22,39,52,91,325,316,641,2015-06-01
NR23,125,153,278,1120,941,2061,2015-06-01
NR24,116,164,280,1742,1592,3334,2015-06-01
NR25,278,337,615,3271,3027,6298,2015-06-01
NR26,274,358,632,2968,2684,5652,2015-06-01
NR27,448,567,1015,4005,3539,7544,2015-06-01
NR28,603,738,1341,6283,5629,11912,2015-06-01
NR29,652,763,1415,8102,7210,15312,2015-06-01
NR30,2091,2297,4388,8958,6413,15371,2015-06-01
NR31,2469,2966,5435,16697,13668,30365,2015-06-01
NR32,1917,2163,4080,13116,10923,24039,2015-06-01
NR33,1643,1930,3573,13976,11995,25971,2015-06-01
NR34,655,876,1531,8570,7685,16255,2015-06-01
NR35,339,444,783,4141,3797,7938,2015-06-01
NW1,6892,7154,14046,16046,10405,26451,2015-06-01
NW2,10355,9209,19564,24317,15688,40005,2015-06-01
NW3,4439,5296,9735,19656,16422,36078,2015-06-01
NW4,3224,3369,6593,12678,9872,22550,2015-06-01
NW5,3165,3635,6800,8070,6247,14317,2015-06-01
NW6,7905,7963,15868,21195,16062,37257,2015-06-01
NW7,1817,2172,3989,9951,8743,18694,2015-06-01
NW8,3693,4485,8178,12303,9229,21532,2015-06-01
NW9,8067,8086,16153,23486,15478,38964,2015-06-01
NW10,15687,14518,30205,28619,18279,46898,2015-06-01
NW11,3160,3157,6317,13670,11772,25442,2015-06-01
OL1,1799,1990,3789,5374,3824,9198,2015-06-01
OL2,1845,2438,4283,14581,12482,27063,2015-06-01
OL3,502,508,1010,5877,5541,11418,2015-06-01
OL4,2639,3261,5900,13817,10583,24400,2015-06-01
OL5,512,698,1210,3833,3300,7133,2015-06-01
OL6,1925,2338,4263,8860,6535,15395,2015-06-01
OL7,1043,1423,2466,5143,3752,8895,2015-06-01
OL8,3041,3730,6771,10304,6571,16875,2015-06-01
OL9,2681,3200,5881,12120,8900,21020,2015-06-01
OL10,1687,2094,3781,8578,6939,15517,2015-06-01
OL11,2855,3528,6383,13891,10932,24823,2015-06-01
OL12,2484,3133,5617,14659,11992,26651,2015-06-01
OL13,748,1024,1772,5293,4360,9653,2015-06-01
OL14,738,1028,1766,5195,4477,9672,2015-06-01
OL15,570,698,1268,5366,4726,10092,2015-06-01
OL16,2346,2848,5194,11206,8691,19897,2015-06-01
OX1,1560,1281,2841,5993,4701,10694,2015-06-01
OX2,2748,2913,5661,12985,11885,24870,2015-06-01
OX3,3084,3806,6890,13219,10792,24011,2015-06-01
OX4,5413,5806,11219,17385,12736,30121,2015-06-01
OX5,1313,1384,2697,9135,8035,17170,2015-06-01
OX6,20,17,37,48,46,94,2015-06-01
OX7,822,1063,1885,9169,8639,17808,2015-06-01
OX8,34,36,70,152,134,286,2015-06-01
OX9,541,659,1200,5528,5199,10727,2015-06-01
OX10,1020,1246,2266,9800,8941,18741,2015-06-01
OX11,1433,1806,3239,12171,10631,22802,2015-06-01
OX12,1035,1239,2274,9841,8754,18595,2015-06-01
OX13,422,570,992,5187,4668,9855,2015-06-01
OX14,2006,2486,4492,16490,14588,31078,2015-06-01
OX15,551,604,1155,7522,7246,14768,2015-06-01
OX16,2704,3454,6158,15533,12306,27839,2015-06-01
OX17,445,553,998,7096,6738,13834,2015-06-01
OX18,890,1232,2122,9394,8400,17794,2015-06-01
OX20,182,213,395,1821,1782,3603,2015-06-01
OX25,343,439,782,3473,3245,6718,2015-06-01
OX26,1538,1967,3505,11478,9930,21408,2015-06-01
OX27,209,273,482,2631,2575,5206,2015-06-01
OX28,1241,1497,2738,9638,8621,18259,2015-06-01
OX29,807,899,1706,9251,8690,17941,2015-06-01
OX33,293,302,595,3116,2899,6015,2015-06-01
OX39,177,204,381,2863,2728,5591,2015-06-01
OX44,268,356,624,3298,3082,6380,2015-06-01
OX49,125,160,285,1655,1695,3350,2015-06-01
PA1,1326,1565,2891,6648,5226,11874,2015-06-01
PA2,2257,2969,5226,12952,10880,23832,2015-06-01
PA3,1893,2320,4213,6516,4615,11131,2015-06-01
PA4,1302,1756,3058,7627,6344,13971,2015-06-01
PA5,1341,1836,3177,6782,5302,12084,2015-06-01
PA6,176,249,425,2630,2594,5224,2015-06-01
PA7,198,260,458,2062,1857,3919,2015-06-01
PA8,743,999,1742,5272,4669,9941,2015-06-01
PA9,62,75,137,694,627,1321,2015-06-01
PA10,145,208,353,1464,1338,2802,2015-06-01
PA11,230,289,519,2166,2036,4202,2015-06-01
PA12,148,180,328,1230,1206,2436,2015-06-01
PA13,132,169,301,1821,1828,3649,2015-06-01
PA14,1281,1552,2833,4756,3740,8496,2015-06-01
PA15,1361,1567,2928,4387,3227,7614,2015-06-01
PA16,1939,2262,4201,8742,7563,16305,2015-06-01
PA17,79,92,171,942,800,1742,2015-06-01
PA18,73,129,202,1030,1009,2039,2015-06-01
PA19,508,688,1196,4077,3619,7696,2015-06-01
PA20,349,441,790,2077,1701,3778,2015-06-01
PA21,42,33,75,332,286,618,2015-06-01
PA22,9,7,16,139,120,259,2015-06-01
PA23,736,989,1725,4273,3880,8153,2015-06-01
PA24,27,21,48,197,151,348,2015-06-01
PA25,0,6,6,25,21,46,2015-06-01
PA26,9,6,15,60,43,103,2015-06-01
PA27,17,39,56,295,293,588,2015-06-01
PA28,386,460,846,2583,2140,4723,2015-06-01
PA29,90,105,195,910,802,1712,2015-06-01
PA30,64,81,145,526,488,1014,2015-06-01
PA31,186,256,442,1933,1691,3624,2015-06-01
PA32,41,60,101,496,436,932,2015-06-01
PA33,34,30,64,308,250,558,2015-06-01
PA34,617,729,1346,3782,3252,7034,2015-06-01
PA35,57,66,123,540,529,1069,2015-06-01
PA36,1,1,2,20,14,34,2015-06-01
PA37,116,154,270,1114,1010,2124,2015-06-01
PA38,40,32,72,363,337,700,2015-06-01
PA39,2,0,2,2,11,13,2015-06-01
PA40,1,2,3,5,4,9,2015-06-01
PA41,9,9,18,50,51,101,2015-06-01
PA42,59,86,145,402,336,738,2015-06-01
PA43,53,70,123,294,235,529,2015-06-01
PA44,6,11,17,121,97,218,2015-06-01
PA45,11,10,21,61,42,103,2015-06-01
PA46,6,10,16,77,67,144,2015-06-01
PA47,6,5,11,68,58,126,2015-06-01
PA48,16,17,33,119,118,237,2015-06-01
PA49,7,11,18,74,69,143,2015-06-01
PA60,10,21,31,80,72,152,2015-06-01
PA61,7,20,27,56,57,113,2015-06-01
PA62,2,2,4,12,9,21,2015-06-01
PA63,1,0,1,3,3,6,2015-06-01
PA64,0,3,3,33,35,68,2015-06-01
PA65,9,12,21,91,83,174,2015-06-01
PA66,4,13,17,64,61,125,2015-06-01
PA67,18,16,34,102,108,210,2015-06-01
PA68,0,0,0,5,4,9,2015-06-01
PA69,1,1,2,11,9,20,2015-06-01
PA70,4,4,8,29,23,52,2015-06-01
PA71,2,0,2,24,17,41,2015-06-01
PA72,15,14,29,182,172,354,2015-06-01
PA73,2,2,4,31,25,56,2015-06-01
PA74,0,2,2,16,14,30,2015-06-01
PA75,56,77,133,550,521,1071,2015-06-01
PA76,6,7,13,54,58,112,2015-06-01
PA77,27,40,67,250,250,500,2015-06-01
PA78,14,16,30,74,78,152,2015-06-01
PA80,6,4,10,9,2,11,2015-06-01
PA81,1,5,6,18,10,28,2015-06-01
PA82,4,4,8,15,12,27,2015-06-01
PA83,0,0,0,1,0,1,2015-06-01
PA84,0,1,1,1,0,1,2015-06-01
PA85,4,2,6,3,4,7,2015-06-01
PA86,21,36,57,92,90,182,2015-06-01
PA87,10,14,24,17,20,37,2015-06-01
PA88,2,1,3,7,1,8,2015-06-01
PE1,4146,4423,8569,14069,8889,22958,2015-06-01
PE2,2519,3260,5779,15085,12222,27307,2015-06-01
PE3,2065,2723,4788,9522,7064,16586,2015-06-01
PE4,1462,1847,3309,9640,8411,18051,2015-06-01
PE5,39,39,78,610,574,1184,2015-06-01
PE6,1119,1502,2621,14216,13073,27289,2015-06-01
PE7,1551,1967,3518,15681,13932,29613,2015-06-01
PE8,551,719,1270,6680,6218,12898,2015-06-01
PE9,1162,1429,2591,11858,11058,22916,2015-06-01
PE10,700,907,1607,8283,7527,15810,2015-06-01
PE11,1647,1977,3624,15461,13088,28549,2015-06-01
PE12,1235,1636,2871,15390,13331,28721,2015-06-01
PE13,1742,1925,3667,11989,9951,21940,2015-06-01
PE14,684,825,1509,8512,7653,16165,2015-06-01
PE15,1044,1356,2400,10648,9269,19917,2015-06-01
PE16,382,463,845,4074,3415,7489,2015-06-01
PE17,39,21,60,84,60,144,2015-06-01
PE18,38,76,114,98,84,182,2015-06-01
PE19,1622,2134,3756,16370,14630,31000,2015-06-01
PE20,477,631,1108,5459,4714,10173,2015-06-01
PE21,2212,2488,4700,13283,10787,24070,2015-06-01
PE22,516,633,1149,6849,5983,12832,2015-06-01
PE23,305,336,641,3327,3029,6356,2015-06-01
PE24,443,557,1000,4684,3802,8486,2015-06-01
PE25,1156,1364,2520,7112,5499,12611,2015-06-01
PE26,430,534,964,4433,3997,8430,2015-06-01
PE27,825,1051,1876,7394,6413,13807,2015-06-01
PE28,1420,1804,3224,18321,17331,35652,2015-06-01
PE29,1587,2068,3655,9505,7943,17448,2015-06-01
PE30,2343,2878,5221,13760,11521,25281,2015-06-01
PE31,508,639,1147,7741,7160,14901,2015-06-01
PE32,421,524,945,6277,5809,12086,2015-06-01
PE33,401,582,983,6118,5420,11538,2015-06-01
PE34,436,587,1023,5548,4884,10432,2015-06-01
PE35,1,1,2,40,33,73,2015-06-01
PE36,231,278,509,2234,2039,4273,2015-06-01
PE37,327,462,789,3831,3284,7115,2015-06-01
PE38,461,551,1012,5500,4712,10212,2015-06-01
PH1,2407,3046,5453,14167,11872,26039,2015-06-01
PH2,1489,1792,3281,12329,11161,23490,2015-06-01
PH3,222,264,486,2212,2099,4311,2015-06-01
PH4,24,42,66,327,305,632,2015-06-01
PH5,25,52,77,339,313,652,2015-06-01
PH6,80,107,187,950,953,1903,2015-06-01
PH7,394,477,871,3304,3018,6322,2015-06-01
PH8,81,95,176,784,757,1541,2015-06-01
PH9,28,44,72,380,353,733,2015-06-01
PH10,454,515,969,3989,3573,7562,2015-06-01
PH11,132,185,317,1309,1155,2464,2015-06-01
PH12,43,69,112,816,705,1521,2015-06-01
PH13,170,215,385,1548,1304,2852,2015-06-01
PH14,37,73,110,798,766,1564,2015-06-01
PH15,157,212,369,1374,1179,2553,2015-06-01
PH16,166,191,357,1474,1331,2805,2015-06-01
PH17,9,8,17,77,57,134,2015-06-01
PH18,30,41,71,319,265,584,2015-06-01
PH19,5,8,13,41,27,68,2015-06-01
PH20,64,90,154,606,533,1139,2015-06-01
PH21,84,126,210,849,738,1587,2015-06-01
PH22,192,256,448,1154,974,2128,2015-06-01
PH23,28,34,62,325,311,636,2015-06-01
PH24,20,30,50,287,251,538,2015-06-01
PH25,28,30,58,359,319,678,2015-06-01
PH26,165,151,316,1384,1252,2636,2015-06-01
PH30,0,0,0,4,1,5,2015-06-01
PH31,24,25,49,231,209,440,2015-06-01
PH32,38,48,86,284,252,536,2015-06-01
PH33,723,981,1704,4052,3269,7321,2015-06-01
PH34,36,49,85,428,386,814,2015-06-01
PH35,17,22,39,130,109,239,2015-06-01
PH36,40,70,110,498,441,939,2015-06-01
PH37,9,11,20,68,56,124,2015-06-01
PH38,13,16,29,82,74,156,2015-06-01
PH39,27,17,44,142,154,296,2015-06-01
PH40,26,19,45,124,103,227,2015-06-01
PH41,68,56,124,365,325,690,2015-06-01
PH42,1,8,9,38,28,66,2015-06-01
PH43,1,2,3,13,8,21,2015-06-01
PH44,2,2,4,5,5,10,2015-06-01
PH49,42,56,98,429,356,785,2015-06-01
PH50,48,79,127,312,249,561,2015-06-01
PL1,1964,1959,3923,6232,3900,10132,2015-06-01
PL2,2155,2595,4750,9409,7533,16942,2015-06-01
PL3,1617,2016,3633,10559,9101,19660,2015-06-01
PL4,2428,2349,4777,8206,5597,13803,2015-06-01
PL5,2640,3630,6270,13231,10634,23865,2015-06-01
PL6,1839,2458,4297,14776,12869,27645,2015-06-01
PL7,1096,1455,2551,11602,10838,22440,2015-06-01
PL8,166,168,334,2327,2312,4639,2015-06-01
PL9,945,1237,2182,10561,9724,20285,2015-06-01
PL10,142,206,348,1338,1160,2498,2015-06-01
PL11,502,658,1160,3885,3419,7304,2015-06-01
PL12,808,994,1802,8473,7682,16155,2015-06-01
PL13,357,466,823,3750,3216,6966,2015-06-01
PL14,777,1102,1879,8584,7908,16492,2015-06-01
PL15,558,774,1332,7541,6918,14459,2015-06-01
PL16,47,55,102,802,767,1569,2015-06-01
PL17,309,399,708,3995,3584,7579,2015-06-01
PL18,176,246,422,1974,1922,3896,2015-06-01
PL19,572,700,1272,6207,5850,12057,2015-06-01
PL20,411,509,920,4653,4448,9101,2015-06-01
PL21,579,772,1351,6893,6617,13510,2015-06-01
PL22,119,139,258,1333,1286,2619,2015-06-01
PL23,107,133,240,1218,1175,2393,2015-06-01
PL24,432,541,973,3639,3274,6913,2015-06-01
PL25,1098,1209,2307,8767,7783,16550,2015-06-01
PL26,1060,1215,2275,9949,8804,18753,2015-06-01
PL27,375,499,874,4471,4291,8762,2015-06-01
PL28,167,212,379,1539,1443,2982,2015-06-01
PL29,31,26,57,372,353,725,2015-06-01
PL30,238,296,534,4297,4036,8333,2015-06-01
PL31,696,789,1485,4977,4224,9201,2015-06-01
PL32,129,175,304,1551,1436,2987,2015-06-01
PL33,60,78,138,695,647,1342,2015-06-01
PL34,61,78,139,682,613,1295,2015-06-01
PL35,28,46,74,383,370,753,2015-06-01
PO1,2365,2668,5033,6641,4269,10910,2015-06-01
PO2,3103,3925,7028,12805,9746,22551,2015-06-01
PO3,1110,1317,2427,6757,5609,12366,2015-06-01
PO4,2599,2924,5523,12319,9911,22230,2015-06-01
PO5,2251,2284,4535,7471,4954,12425,2015-06-01
PO6,2483,3024,5507,13594,11435,25029,2015-06-01
PO7,1609,1953,3562,15246,13905,29151,2015-06-01
PO8,1255,1555,2810,13347,12248,25595,2015-06-01
PO9,3004,3862,6866,15569,13057,28626,2015-06-01
PO10,602,744,1346,7088,6562,13650,2015-06-01
PO11,640,721,1361,7046,6450,13496,2015-06-01
PO12,2497,2993,5490,16089,13572,29661,2015-06-01
PO13,1810,2421,4231,11656,10246,21902,2015-06-01
PO14,1140,1348,2488,12792,11795,24587,2015-06-01
PO15,799,887,1686,8414,7781,16195,2015-06-01
PO16,1247,1387,2634,12290,11009,23299,2015-06-01
PO17,198,210,408,2624,2431,5055,2015-06-01
PO18,445,488,933,5448,5284,10732,2015-06-01
PO19,1516,1705,3221,9729,9223,18952,2015-06-01
PO20,1130,1315,2445,12968,12103,25071,2015-06-01
PO21,1826,1983,3809,13673,11973,25646,2015-06-01
PO22,1097,1300,2397,10883,10012,20895,2015-06-01
PO30,1367,1615,2982,9737,8903,18640,2015-06-01
PO31,650,742,1392,5248,4856,10104,2015-06-01
PO32,379,453,832,2747,2494,5241,2015-06-01
PO33,1572,1943,3515,10521,9281,19802,2015-06-01
PO34,56,60,116,909,923,1832,2015-06-01
PO35,154,149,303,1424,1375,2799,2015-06-01
PO36,821,954,1775,5790,5240,11030,2015-06-01
PO37,454,511,965,3290,2856,6146,2015-06-01
PO38,553,685,1238,4898,4403,9301,2015-06-01
PO39,82,119,201,962,877,1839,2015-06-01
PO40,216,279,495,2038,1903,3941,2015-06-01
PO41,59,81,140,965,942,1907,2015-06-01
PR1,4658,5294,9952,19779,14423,34202,2015-06-01
PR2,3954,4889,8843,26143,22051,48194,2015-06-01
PR3,883,1215,2098,15156,14066,29222,2015-06-01
PR4,1769,2289,4058,22855,20874,43729,2015-06-01
PR5,1563,2088,3651,14599,12831,27430,2015-06-01
PR6,1252,1578,2830,12832,11381,24213,2015-06-01
PR7,1905,2505,4410,20490,18204,38694,2015-06-01
PR8,2467,2888,5355,18913,17219,36132,2015-06-01
PR9,1779,2167,3946,15038,13126,28164,2015-06-01
PR25,1279,1675,2954,10713,9357,20070,2015-06-01
PR26,474,521,995,5150,4708,9858,2015-06-01
RG1,4944,4801,9745,13791,8344,22135,2015-06-01
RG2,3147,3466,6613,12624,9477,22101,2015-06-01
RG3,17,11,28,58,25,83,2015-06-01
RG4,1705,2082,3787,15229,13965,29194,2015-06-01
RG5,1052,1280,2332,9983,9047,19030,2015-06-01
RG6,1948,2106,4054,14046,12066,26112,2015-06-01
RG7,1039,1321,2360,12789,11954,24743,2015-06-01
RG8,732,710,1442,7791,7435,15226,2015-06-01
RG9,931,966,1897,9330,9037,18367,2015-06-01
RG10,584,617,1201,7548,7327,14875,2015-06-01
RG11,19,18,37,48,40,88,2015-06-01
RG12,2775,3632,6407,19908,16718,36626,2015-06-01
RG13,13,22,35,38,33,71,2015-06-01
RG14,1743,2101,3844,13902,11878,25780,2015-06-01
RG15,12,19,31,57,55,112,2015-06-01
RG16,18,14,32,99,79,178,2015-06-01
RG17,558,638,1196,5843,5455,11298,2015-06-01
RG18,643,795,1438,7232,6628,13860,2015-06-01
RG19,647,817,1464,6393,5778,12171,2015-06-01
RG20,614,757,1371,8023,7659,15682,2015-06-01
RG21,1815,2170,3985,9280,7136,16416,2015-06-01
RG22,1963,2549,4512,15166,13213,28379,2015-06-01
RG23,550,690,1240,4778,4220,8998,2015-06-01
RG24,1359,1895,3254,11836,10365,22201,2015-06-01
RG25,271,304,575,3523,3185,6708,2015-06-01
RG26,743,936,1679,8908,8129,17037,2015-06-01
RG27,568,629,1197,8554,8391,16945,2015-06-01
RG28,227,267,494,2168,1964,4132,2015-06-01
RG29,170,276,446,2561,2424,4985,2015-06-01
RG30,3459,4107,7566,15264,11522,26786,2015-06-01
RG31,1175,1463,2638,11027,10055,21082,2015-06-01
RG40,928,1026,1954,10935,10476,21411,2015-06-01
RG41,984,1130,2114,11336,10940,22276,2015-06-01
RG42,994,1157,2151,10154,9663,19817,2015-06-01
RG45,457,485,942,5558,5352,10910,2015-06-01
RH1,2164,2669,4833,17473,15496,32969,2015-06-01
RH2,882,1054,1936,9811,9313,19124,2015-06-01
RH3,118,121,239,1756,1784,3540,2015-06-01
RH4,641,745,1386,5742,5418,11160,2015-06-01
RH5,593,633,1226,6849,6367,13216,2015-06-01
RH6,1298,1395,2693,11992,10818,22810,2015-06-01
RH7,463,356,819,3651,3213,6864,2015-06-01
RH8,553,642,1195,5857,5754,11611,2015-06-01
RH9,171,206,377,2112,2106,4218,2015-06-01
RH10,3321,3756,7077,24985,21344,46329,2015-06-01
RH11,4115,4972,9087,18779,14592,33371,2015-06-01
RH12,1603,1909,3512,16867,15762,32629,2015-06-01
RH13,1198,1474,2672,14748,13829,28577,2015-06-01
RH14,433,531,964,5930,5487,11417,2015-06-01
RH15,1295,1468,2763,11470,10554,22024,2015-06-01
RH16,1429,1717,3146,12433,11548,23981,2015-06-01
RH17,629,703,1332,7386,7160,14546,2015-06-01
RH18,282,291,573,1867,1868,3735,2015-06-01
RH19,1358,1495,2853,13393,12393,25786,2015-06-01
RH20,635,760,1395,10467,10193,20660,2015-06-01
RM1,1130,1398,2528,7126,5908,13034,2015-06-01
RM2,529,619,1148,4951,4462,9413,2015-06-01
RM3,2614,3424,6038,13128,10674,23802,2015-06-01
RM4,132,135,267,1884,1775,3659,2015-06-01
RM5,1085,1372,2457,6785,5845,12630,2015-06-01
RM6,2630,3246,5876,10735,8164,18899,2015-06-01
RM7,1753,2314,4067,9462,7637,17099,2015-06-01
RM8,3876,4612,8488,11463,8078,19541,2015-06-01
RM9,3281,4223,7504,10116,6903,17019,2015-06-01
RM10,3602,4612,8214,10643,7334,17977,2015-06-01
RM11,1252,1465,2717,12221,11196,23417,2015-06-01
RM12,1648,1980,3628,12670,10777,23447,2015-06-01
RM13,1688,2086,3774,10169,8399,18568,2015-06-01
RM14,916,1013,1929,10507,9715,20222,2015-06-01
RM15,1653,2069,3722,9493,7655,17148,2015-06-01
RM16,1826,2365,4191,14633,12736,27369,2015-06-01
RM17,1746,2291,4037,9390,6985,16375,2015-06-01
RM18,1234,1694,2928,5141,3979,9120,2015-06-01
RM19,428,658,1086,2348,1725,4073,2015-06-01
RM20,381,494,875,1764,1163,2927,2015-06-01
S1,439,305,744,857,372,1229,2015-06-01
S2,3384,4010,7394,9413,5824,15237,2015-06-01
S3,1651,1313,2964,2977,1265,4242,2015-06-01
S4,1243,1283,2526,2931,1592,4523,2015-06-01
S5,4242,5704,9946,15245,10353,25598,2015-06-01
S6,3006,3630,6636,18564,14936,33500,2015-06-01
S7,1185,1109,2294,5753,4766,10519,2015-06-01
S8,2395,3052,5447,14569,11962,26531,2015-06-01
S9,1965,2393,4358,7913,4779,12692,2015-06-01
S10,2030,2010,4040,12858,11301,24159,2015-06-01
S11,1589,1690,3279,10521,9536,20057,2015-06-01
S12,1430,2215,3645,11764,8894,20658,2015-06-01
S13,1421,2018,3439,9589,7395,16984,2015-06-01
S14,724,893,1617,2051,1253,3304,2015-06-01
S17,445,535,980,6030,5789,11819,2015-06-01
S18,709,888,1597,9614,8785,18399,2015-06-01
S19,2,3,5,23,13,36,2015-06-01
S20,1093,1663,2756,10890,9012,19902,2015-06-01
S21,778,1070,1848,7367,6110,13477,2015-06-01
S25,801,1201,2002,7520,6347,13867,2015-06-01
S26,850,1348,2198,9389,7955,17344,2015-06-01
S30,16,21,37,125,115,240,2015-06-01
S31,8,23,31,43,18,61,2015-06-01
S32,137,178,315,2307,2273,4580,2015-06-01
S33,138,171,309,1940,1814,3754,2015-06-01
S35,1348,1892,3240,15185,13174,28359,2015-06-01
S36,911,1242,2153,10166,8813,18979,2015-06-01
S40,1634,2165,3799,11864,9792,21656,2015-06-01
S41,1726,2270,3996,11746,9563,21309,2015-06-01
S42,1054,1412,2466,10306,8789,19095,2015-06-01
S43,1816,2637,4453,13483,10645,24128,2015-06-01
S44,985,1376,2361,7404,5900,13304,2015-06-01
S45,552,787,1339,4663,3765,8428,2015-06-01
S60,1703,2346,4049,12726,10007,22733,2015-06-01
S61,1908,2591,4499,11205,8495,19700,2015-06-01
S62,1013,1393,2406,6028,4474,10502,2015-06-01
S63,2374,2968,5342,11696,8851,20547,2015-06-01
S64,1710,2141,3851,9535,7277,16812,2015-06-01
S65,2373,2829,5202,9633,6632,16265,2015-06-01
S66,1972,2836,4808,15295,12620,27915,2015-06-01
S70,2278,2840,5118,11493,8280,19773,2015-06-01
S71,2466,3225,5691,14455,10966,25421,2015-06-01
S72,1344,1781,3125,8162,6430,14592,2015-06-01
S73,1403,1931,3334,8711,6831,15542,2015-06-01
S74,863,1249,2112,5742,4446,10188,2015-06-01
S75,1591,2143,3734,15919,13636,29555,2015-06-01
S80,1629,2010,3639,9527,7377,16904,2015-06-01
S81,1372,1906,3278,13602,11815,25417,2015-06-01
SA1,3711,3906,7617,12599,8240,20839,2015-06-01
SA2,1568,1754,3322,12586,11067,23653,2015-06-01
SA3,730,834,1564,10388,9967,20355,2015-06-01
SA4,1403,1897,3300,15905,14708,30613,2015-06-01
SA5,1959,2819,4778,11109,8797,19906,2015-06-01
SA6,1505,2109,3614,11196,9414,20610,2015-06-01
SA7,530,745,1275,5305,4736,10041,2015-06-01
SA8,439,598,1037,4463,3997,8460,2015-06-01
SA9,534,698,1232,5475,4779,10254,2015-06-01
SA10,1015,1486,2501,10770,9284,20054,2015-06-01
SA11,1626,2288,3914,11918,9390,21308,2015-06-01
SA12,1682,2202,3884,10404,8545,18949,2015-06-01
SA13,947,1262,2209,6486,5066,11552,2015-06-01
SA14,1161,1488,2649,11766,10405,22171,2015-06-01
SA15,1699,2023,3722,11700,9599,21299,2015-06-01
SA16,284,408,692,3044,2616,5660,2015-06-01
SA17,348,417,765,3261,2810,6071,2015-06-01
SA18,1147,1361,2508,10414,9241,19655,2015-06-01
SA19,265,365,630,3847,3511,7358,2015-06-01
SA20,109,142,251,1317,1125,2442,2015-06-01
SA31,644,892,1536,5305,4829,10134,2015-06-01
SA32,161,194,355,3080,2972,6052,2015-06-01
SA33,306,423,729,5023,4595,9618,2015-06-01
SA34,142,174,316,2057,1796,3853,2015-06-01
SA35,19,28,47,365,325,690,2015-06-01
SA36,7,10,17,143,132,275,2015-06-01
SA37,32,39,71,561,516,1077,2015-06-01
SA38,149,165,314,1725,1606,3331,2015-06-01
SA39,63,85,148,1006,878,1884,2015-06-01
SA40,113,112,225,1104,955,2059,2015-06-01
SA41,60,49,109,823,754,1577,2015-06-01
SA42,65,73,138,812,767,1579,2015-06-01
SA43,446,557,1003,4732,4254,8986,2015-06-01
SA44,305,398,703,4434,4161,8595,2015-06-01
SA45,70,58,128,590,540,1130,2015-06-01
SA46,96,115,211,986,834,1820,2015-06-01
SA47,45,42,87,394,362,756,2015-06-01
SA48,344,323,667,3216,2999,6215,2015-06-01
SA61,709,944,1653,4674,4092,8766,2015-06-01
SA62,545,700,1245,7946,7359,15305,2015-06-01
SA63,31,32,63,493,465,958,2015-06-01
SA64,80,131,211,807,687,1494,2015-06-01
SA65,161,211,372,1526,1350,2876,2015-06-01
SA66,80,90,170,1238,1207,2445,2015-06-01
SA67,187,264,451,2769,2556,5325,2015-06-01
SA68,105,131,236,1552,1403,2955,2015-06-01
SA69,102,150,252,1437,1282,2719,2015-06-01
SA70,371,479,850,3394,3050,6444,2015-06-01
SA71,470,513,983,3865,3307,7172,2015-06-01
SA72,482,591,1073,3365,2962,6327,2015-06-01
SA73,883,1153,2036,6809,5829,12638,2015-06-01
SA99,0,1,1,0,0,0,2015-06-01
SE1,8011,7944,15955,17192,10305,27497,2015-06-01
SE2,2912,3711,6623,7576,5572,13148,2015-06-01
SE3,2578,3065,5643,10776,9090,19866,2015-06-01
SE4,3376,3737,7113,7942,6367,14309,2015-06-01
SE5,7178,7645,14823,11569,7628,19197,2015-06-01
SE6,5966,6923,12889,14605,11702,26307,2015-06-01
SE7,2519,2793,5312,6071,4247,10318,2015-06-01
SE8,4167,4352,8519,6576,4150,10726,2015-06-01
SE9,4363,5383,9746,20200,16884,37084,2015-06-01
SE10,1993,2304,4297,6744,5367,12111,2015-06-01
SE11,2972,3136,6108,5995,3577,9572,2015-06-01
SE12,2230,2708,4938,8429,7062,15491,2015-06-01
SE13,4947,5121,10068,11193,8583,19776,2015-06-01
SE14,3630,3667,7297,6274,4126,10400,2015-06-01
SE15,10772,11024,21796,15322,10465,25787,2015-06-01
SE16,4998,5675,10673,12594,8351,20945,2015-06-01
SE17,5778,5873,11651,7509,4126,11635,2015-06-01
SE18,10771,10978,21749,19648,12976,32624,2015-06-01
SE19,2650,3186,5836,8806,7224,16030,2015-06-01
SE20,2350,2802,5152,6529,5298,11827,2015-06-01
SE21,1315,1519,2834,4963,4514,9477,2015-06-01
SE22,2968,3266,6234,9071,7813,16884,2015-06-01
SE23,3274,3847,7121,9927,8331,18258,2015-06-01
SE24,1785,1892,3677,5563,4773,10336,2015-06-01
SE25,3796,4357,8153,10062,8274,18336,2015-06-01
SE26,2899,3441,6340,8217,6820,15037,2015-06-01
SE27,2434,2704,5138,6196,4881,11077,2015-06-01
SE28,3237,4226,7463,7323,5128,12451,2015-06-01
SG1,2957,3668,6625,17845,14736,32581,2015-06-01
SG2,2094,2774,4868,15091,12957,28048,2015-06-01
SG3,230,257,487,2758,2673,5431,2015-06-01
SG4,1137,1322,2459,11249,10379,21628,2015-06-01
SG5,1332,1488,2820,11797,10759,22556,2015-06-01
SG6,1670,2083,3753,11865,10399,22264,2015-06-01
SG7,503,575,1078,5036,4693,9729,2015-06-01
SG8,1334,1513,2847,15051,13532,28583,2015-06-01
SG9,246,290,536,3956,3822,7778,2015-06-01
SG10,43,56,99,806,770,1576,2015-06-01
SG11,229,227,456,3311,3057,6368,2015-06-01
SG12,1126,1253,2379,11205,10291,21496,2015-06-01
SG13,670,663,1333,6151,5870,12021,2015-06-01
SG14,813,864,1677,7271,6701,13972,2015-06-01
SG15,225,257,482,2109,1875,3984,2015-06-01
SG16,157,213,370,2268,2182,4450,2015-06-01
SG17,384,496,880,4677,4411,9088,2015-06-01
SG18,861,1122,1983,9103,7985,17088,2015-06-01
SG19,776,1092,1868,9508,8510,18018,2015-06-01
SK1,592,779,1371,3523,2640,6163,2015-06-01
SK2,1384,1727,3111,10550,9152,19702,2015-06-01
SK3,1612,2057,3669,8601,7329,15930,2015-06-01
SK4,1762,1916,3678,12900,11589,24489,2015-06-01
SK5,1922,2425,4347,8745,7078,15823,2015-06-01
SK6,1883,2355,4238,19179,17434,36613,2015-06-01
SK7,1312,1528,2840,16353,15549,31902,2015-06-01
SK8,2260,2696,4956,23003,21451,44454,2015-06-01
SK9,1325,1577,2902,15267,14566,29833,2015-06-01
SK10,1399,1618,3017,15242,14532,29774,2015-06-01
SK11,1569,1856,3425,13465,11913,25378,2015-06-01
SK12,565,572,1137,7922,7608,15530,2015-06-01
SK13,1429,1896,3325,11731,10420,22151,2015-06-01
SK14,2582,3148,5730,14987,12454,27441,2015-06-01
SK15,1418,1738,3156,9345,7881,17226,2015-06-01
SK16,986,1261,2247,6542,5208,11750,2015-06-01
SK17,1083,1381,2464,11565,9923,21488,2015-06-01
SK22,478,595,1073,4635,4062,8697,2015-06-01
SK23,549,655,1204,6734,6066,12800,2015-06-01
SL0,392,438,830,4797,4284,9081,2015-06-01
SL1,6389,6453,12842,24710,18072,42782,2015-06-01
SL2,4204,4873,9077,18929,14662,33591,2015-06-01
SL3,2425,3242,5667,17144,14261,31405,2015-06-01
SL4,1926,2291,4217,16960,15453,32413,2015-06-01
SL5,1054,1211,2265,9865,9926,19791,2015-06-01
SL6,3403,3921,7324,31309,28492,59801,2015-06-01
SL7,774,808,1582,8485,8405,16890,2015-06-01
SL8,207,194,401,2629,2588,5217,2015-06-01
SL9,862,881,1743,9032,9040,18072,2015-06-01
SM1,2421,2979,5400,13757,11325,25082,2015-06-01
SM2,1305,1746,3051,10774,9681,20455,2015-06-01
SM3,1126,1255,2381,7798,6933,14731,2015-06-01
SM4,3016,3155,6171,12964,9804,22768,2015-06-01
SM5,2366,2972,5338,13071,11552,24623,2015-06-01
SM6,2285,2751,5036,12623,11245,23868,2015-06-01
SM7,579,576,1155,7226,7232,14458,2015-06-01
SN1,2611,2239,4850,9561,6234,15795,2015-06-01
SN2,2567,3196,5763,13483,10342,23825,2015-06-01
SN3,2770,3571,6341,18137,14843,32980,2015-06-01
SN4,981,1189,2170,10887,9823,20710,2015-06-01
SN5,1484,2061,3545,12660,10946,23606,2015-06-01
SN6,733,916,1649,8483,7765,16248,2015-06-01
SN7,464,621,1085,5206,4825,10031,2015-06-01
SN8,907,982,1889,9336,8768,18104,2015-06-01
SN9,279,316,595,3152,2992,6144,2015-06-01
SN10,1120,1411,2531,11600,10685,22285,2015-06-01
SN11,778,1082,1860,8122,7385,15507,2015-06-01
SN12,936,1068,2004,9433,8523,17956,2015-06-01
SN13,562,744,1306,6052,5771,11823,2015-06-01
SN14,1051,1238,2289,10529,9571,20100,2015-06-01
SN15,1223,1692,2915,13027,11526,24553,2015-06-01
SN16,386,408,794,5615,5286,10901,2015-06-01
SN25,1047,1413,2460,12937,11385,24322,2015-06-01
SN26,60,52,112,733,617,1350,2015-06-01
SO1,20,24,44,57,24,81,2015-06-01
SO2,51,25,76,89,42,131,2015-06-01
SO3,22,15,37,93,52,145,2015-06-01
SO4,10,19,29,55,39,94,2015-06-01
SO5,10,13,23,38,27,65,2015-06-01
SO9,17,12,29,26,7,33,2015-06-01
SO14,2734,2182,4916,6514,3244,9758,2015-06-01
SO15,2551,2747,5298,12500,9672,22172,2015-06-01
SO16,4044,5060,9104,21305,17074,38379,2015-06-01
SO17,1290,1232,2522,4896,3410,8306,2015-06-01
SO18,1952,2304,4256,12378,10310,22688,2015-06-01
SO19,3209,4169,7378,18125,15014,33139,2015-06-01
SO20,266,310,576,3393,3103,6496,2015-06-01
SO21,566,704,1270,7759,7523,15282,2015-06-01
SO22,1389,1579,2968,9159,8384,17543,2015-06-01
SO23,1111,1205,2316,6982,6396,13378,2015-06-01
SO24,365,395,760,4550,4377,8927,2015-06-01
SO30,899,1146,2045,12311,11708,24019,2015-06-01
SO31,1447,1674,3121,17452,16464,33916,2015-06-01
SO32,539,596,1135,8229,8057,16286,2015-06-01
SO40,1287,1707,2994,15961,14515,30476,2015-06-01
SO41,919,986,1905,12357,12450,24807,2015-06-01
SO42,138,178,316,2064,1979,4043,2015-06-01
SO43,112,133,245,1826,1741,3567,2015-06-01
SO45,1226,1632,2858,13450,12318,25768,2015-06-01
SO50,2067,2529,4596,16511,14379,30890,2015-06-01
SO51,830,953,1783,10713,10321,21034,2015-06-01
SO52,162,234,396,2693,2485,5178,2015-06-01
SO53,976,1179,2155,12535,11957,24492,2015-06-01
SP1,1001,1081,2082,7333,6783,14116,2015-06-01
SP2,1545,1747,3292,9791,8479,18270,2015-06-01
SP3,348,459,807,4572,4386,8958,2015-06-01
SP4,1460,1802,3262,11677,9774,21451,2015-06-01
SP5,563,681,1244,9095,8893,17988,2015-06-01
SP6,372,399,771,5810,5655,11465,2015-06-01
SP7,424,616,1040,5134,4917,10051,2015-06-01
SP8,421,527,948,5532,5201,10733,2015-06-01
SP9,441,830,1271,3052,2181,5233,2015-06-01
SP10,2232,2898,5130,13820,11419,25239,2015-06-01
SP11,809,1076,1885,8978,8115,17093,2015-06-01
SR1,473,371,844,1103,440,1543,2015-06-01
SR2,2230,2402,4632,9748,7198,16946,2015-06-01
SR3,2046,2749,4795,12086,9537,21623,2015-06-01
SR4,2782,3574,6356,11532,8098,19630,2015-06-01
SR5,2428,3009,5437,8948,6053,15001,2015-06-01
SR6,1259,1554,2813,10563,9013,19576,2015-06-01
SR7,1507,2148,3655,9406,7209,16615,2015-06-01
SR8,2174,3044,5218,10594,7968,18562,2015-06-01
SS0,2928,3337,6265,13044,10459,23503,2015-06-01
SS1,1865,1996,3861,8714,7245,15959,2015-06-01
SS2,2456,3047,5503,11296,9115,20411,2015-06-01
SS3,1565,1977,3542,9855,8721,18576,2015-06-01
SS4,860,1024,1884,7466,6808,14274,2015-06-01
SS5,756,823,1579,8606,7816,16422,2015-06-01
SS6,1126,1337,2463,12035,10931,22966,2015-06-01
SS7,1791,2190,3981,19295,17232,36527,2015-06-01
SS8,1931,2636,4567,14030,11470,25500,2015-06-01
SS9,2131,2486,4617,18339,16688,35027,2015-06-01
SS11,615,813,1428,6761,5861,12622,2015-06-01
SS12,594,796,1390,6966,6311,13277,2015-06-01
SS13,1561,2134,3695,7509,5949,13458,2015-06-01
SS14,1865,2528,4393,7635,5721,13356,2015-06-01
SS15,1945,2630,4575,9864,8220,18084,2015-06-01
SS16,1777,2517,4294,10263,8335,18598,2015-06-01
SS17,1349,1765,3114,12335,10742,23077,2015-06-01
SS99,0,1,1,0,0,0,2015-06-01
ST1,2179,2447,4626,9115,6023,15138,2015-06-01
ST2,1958,2613,4571,10267,7780,18047,2015-06-01
ST3,3511,4531,8042,21970,17064,39034,2015-06-01
ST4,3373,3913,7286,17507,13309,30816,2015-06-01
ST5,3829,4601,8430,26348,21981,48329,2015-06-01
ST6,3866,5055,8921,19534,14176,33710,2015-06-01
ST7,1919,2420,4339,19985,17473,37458,2015-06-01
ST8,632,826,1458,7501,6635,14136,2015-06-01
ST9,258,334,592,4899,4438,9337,2015-06-01
ST10,730,921,1651,9809,8648,18457,2015-06-01
ST11,267,338,605,3935,3489,7424,2015-06-01
ST12,116,132,248,1331,1261,2592,2015-06-01
ST13,926,1198,2124,10107,8854,18961,2015-06-01
ST14,784,993,1777,7334,6307,13641,2015-06-01
ST15,659,806,1465,7903,7274,15177,2015-06-01
ST16,1551,1789,3340,9642,7904,17546,2015-06-01
ST17,1764,2127,3891,13708,12056,25764,2015-06-01
ST18,373,422,795,6747,6191,12938,2015-06-01
ST19,458,544,1002,5863,5420,11283,2015-06-01
ST20,176,227,403,2794,2514,5308,2015-06-01
ST21,130,172,302,2445,2239,4684,2015-06-01
SW1,60,57,117,340,172,512,2015-06-01
SW1,121,77,198,432,217,649,2015-06-01
SW1,51,41,92,330,187,517,2015-06-01
SW1,1057,1299,2356,3805,2585,6390,2015-06-01
SW1,1970,2247,4217,6885,5066,11951,2015-06-01
SW1,753,843,1596,2682,2194,4876,2015-06-01
SW1,705,836,1541,2747,2166,4913,2015-06-01
SW1,66,60,126,378,178,556,2015-06-01
SW2,6890,7253,14143,15118,10977,26095,2015-06-01
SW3,1918,2453,4371,8569,7347,15916,2015-06-01
SW4,4408,4513,8921,12566,9210,21776,2015-06-01
SW5,2109,1835,3944,5859,3789,9648,2015-06-01
SW6,5368,6138,11506,20941,17269,38210,2015-06-01
SW7,2679,2278,4957,8708,6038,14746,2015-06-01
SW8,4986,5235,10221,10482,6477,16959,2015-06-01
SW9,7115,7252,14367,11249,6885,18134,2015-06-01
SW10,1860,2127,3987,6421,5228,11649,2015-06-01
SW11,6047,7002,13049,22207,17801,40008,2015-06-01
SW12,2398,2476,4874,10539,8918,19457,2015-06-01
SW13,922,1136,2058,6104,5898,12002,2015-06-01
SW14,927,1025,1952,6399,6039,12438,2015-06-01
SW15,4668,5398,10066,21047,17763,38810,2015-06-01
SW16,9649,9358,19007,26064,19651,45715,2015-06-01
SW17,7951,7173,15124,20253,15163,35416,2015-06-01
SW18,4202,4874,9076,21240,18427,39667,2015-06-01
SW19,6006,6704,12710,30423,25500,55923,2015-06-01
SW20,1850,2054,3904,11787,10513,22300,2015-06-01
SY1,1393,1764,3157,8353,6740,15093,2015-06-01
SY2,767,935,1702,5979,5150,11129,2015-06-01
SY3,1307,1545,2852,11786,11011,22797,2015-06-01
SY4,726,874,1600,9271,8795,18066,2015-06-01
SY5,651,681,1332,8063,7486,15549,2015-06-01
SY6,180,211,391,2831,2658,5489,2015-06-01
SY7,309,420,729,4407,4026,8433,2015-06-01
SY8,565,695,1260,7180,6538,13718,2015-06-01
SY9,74,93,167,1111,954,2065,2015-06-01
SY10,404,486,890,6226,5677,11903,2015-06-01
SY11,1079,1326,2405,8865,7779,16644,2015-06-01
SY12,266,320,586,3002,2659,5661,2015-06-01
SY13,624,693,1317,7434,6561,13995,2015-06-01
SY14,147,162,309,2473,2418,4891,2015-06-01
SY15,128,136,264,2206,2059,4265,2015-06-01
SY16,680,812,1492,5478,4734,10212,2015-06-01
SY17,85,106,191,1492,1332,2824,2015-06-01
SY18,117,146,263,1795,1535,3330,2015-06-01
SY19,21,27,48,424,377,801,2015-06-01
SY20,238,285,523,2498,2206,4704,2015-06-01
SY21,548,727,1275,6293,5570,11863,2015-06-01
SY22,214,273,487,3477,3262,6739,2015-06-01
SY23,1245,1327,2572,8510,7340,15850,2015-06-01
SY24,150,191,341,1704,1542,3246,2015-06-01
SY25,116,190,306,1752,1538,3290,2015-06-01
TA1,1756,2124,3880,13252,11998,25250,2015-06-01
TA2,1122,1329,2451,9194,8314,17508,2015-06-01
TA3,342,387,729,6024,5807,11831,2015-06-01
TA4,577,665,1242,7455,7261,14716,2015-06-01
TA5,271,317,588,4104,3882,7986,2015-06-01
TA6,2281,2702,4983,15359,12667,28026,2015-06-01
TA7,442,480,922,6341,5997,12338,2015-06-01
TA8,557,635,1192,6409,5713,12122,2015-06-01
TA9,504,570,1074,4795,4239,9034,2015-06-01
TA10,261,285,546,3825,3732,7557,2015-06-01
TA11,253,284,537,3667,3579,7246,2015-06-01
TA12,184,243,427,2504,2339,4843,2015-06-01
TA13,108,124,232,1578,1511,3089,2015-06-01
TA14,81,121,202,1268,1106,2374,2015-06-01
TA15,20,29,49,275,268,543,2015-06-01
TA16,46,59,105,751,644,1395,2015-06-01
TA17,2,13,15,238,257,495,2015-06-01
TA18,312,405,717,4008,3594,7602,2015-06-01
TA19,301,405,706,4502,4350,8852,2015-06-01
TA20,710,796,1506,7531,6716,14247,2015-06-01
TA21,675,815,1490,6868,6262,13130,2015-06-01
TA22,60,90,150,1069,1055,2124,2015-06-01
TA23,243,310,553,2079,1855,3934,2015-06-01
TA24,674,860,1534,6724,6031,12755,2015-06-01
TD1,767,1086,1853,5856,4953,10809,2015-06-01
TD2,78,84,162,1037,1007,2044,2015-06-01
TD3,37,31,68,413,364,777,2015-06-01
TD4,76,83,159,889,796,1685,2015-06-01
TD5,357,427,784,4247,4101,8348,2015-06-01
TD6,222,291,513,2997,2919,5916,2015-06-01
TD7,303,396,699,2722,2448,5170,2015-06-01
TD8,218,294,512,2335,2084,4419,2015-06-01
TD9,751,1041,1792,6458,5353,11811,2015-06-01
TD10,37,52,89,432,395,827,2015-06-01
TD11,203,295,498,2990,2612,5602,2015-06-01
TD12,143,170,313,1645,1458,3103,2015-06-01
TD13,38,34,72,379,354,733,2015-06-01
TD14,234,362,596,2334,2007,4341,2015-06-01
TD15,744,998,1742,6314,5350,11664,2015-06-01
TF1,1880,2316,4196,12301,10135,22436,2015-06-01
TF2,1832,2282,4114,13024,11025,24049,2015-06-01
TF3,1654,2175,3829,7321,5693,13014,2015-06-01
TF4,814,1118,1932,6064,5190,11254,2015-06-01
TF5,186,208,394,2006,1912,3918,2015-06-01
TF6,132,170,302,2212,2019,4231,2015-06-01
TF7,1187,1573,2760,5020,3891,8911,2015-06-01
TF8,97,96,193,1220,1116,2336,2015-06-01
TF9,848,1043,1891,9699,8488,18187,2015-06-01
TF10,543,596,1139,6723,6017,12740,2015-06-01
TF11,338,329,667,3817,3429,7246,2015-06-01
TF12,214,248,462,1974,1759,3733,2015-06-01
TF13,97,117,214,1422,1402,2824,2015-06-01
TN1,688,779,1467,3757,3071,6828,2015-06-01
TN2,1134,1484,2618,10080,9074,19154,2015-06-01
TN3,309,360,669,4808,4634,9442,2015-06-01
TN4,1382,1702,3084,10529,9856,20385,2015-06-01
TN5,261,324,585,3462,3488,6950,2015-06-01
TN6,842,950,1792,9918,9390,19308,2015-06-01
TN7,59,84,143,1000,998,1998,2015-06-01
TN8,433,582,1015,5061,4810,9871,2015-06-01
TN9,945,1055,2000,5908,5225,11133,2015-06-01
TN10,695,829,1524,5907,5495,11402,2015-06-01
TN11,415,506,921,5537,5294,10831,2015-06-01
TN12,993,1227,2220,11411,10511,21922,2015-06-01
TN13,914,1053,1967,9233,9056,18289,2015-06-01
TN14,473,505,978,6111,5758,11869,2015-06-01
TN15,662,858,1520,10149,9645,19794,2015-06-01
TN16,642,742,1384,7893,7346,15239,2015-06-01
TN17,547,678,1225,5371,5104,10475,2015-06-01
TN18,201,238,439,2494,2351,4845,2015-06-01
TN19,155,179,334,2086,1916,4002,2015-06-01
TN20,136,147,283,1511,1545,3056,2015-06-01
TN21,425,575,1000,6587,6293,12880,2015-06-01
TN22,899,1094,1993,10514,10021,20535,2015-06-01
TN23,2045,2638,4683,13265,11276,24541,2015-06-01
TN24,1528,1925,3453,10892,9459,20351,2015-06-01
TN25,474,519,993,6490,6180,12670,2015-06-01
TN26,281,356,637,4810,4479,9289,2015-06-01
TN27,324,436,760,5394,5011,10405,2015-06-01
TN28,260,383,643,3316,2916,6232,2015-06-01
TN29,490,638,1128,5317,4418,9735,2015-06-01
TN30,277,344,621,3792,3673,7465,2015-06-01
TN31,525,661,1186,5428,4847,10275,2015-06-01
TN32,185,202,387,2132,1980,4112,2015-06-01
TN33,482,503,985,4804,4729,9533,2015-06-01
TN34,1912,2303,4215,9564,7845,17409,2015-06-01
TN35,956,1211,2167,6138,5474,11612,2015-06-01
TN36,88,92,180,948,884,1832,2015-06-01
TN37,1280,1495,2775,6489,5299,11788,2015-06-01
TN38,1726,2091,3817,9095,7593,16688,2015-06-01
TN39,968,1203,2171,9445,8832,18277,2015-06-01
TN40,741,936,1677,5790,5179,10969,2015-06-01
TQ1,1795,2050,3845,10973,9224,20197,2015-06-01
TQ2,1880,2281,4161,11785,10288,22073,2015-06-01
TQ3,1513,1684,3197,10862,9577,20439,2015-06-01
TQ4,743,957,1700,6916,6168,13084,2015-06-01
TQ5,835,1031,1866,7117,6218,13335,2015-06-01
TQ6,324,423,747,3095,2706,5801,2015-06-01
TQ7,542,682,1224,6522,6203,12725,2015-06-01
TQ8,76,76,152,760,687,1447,2015-06-01
TQ9,733,869,1602,6684,6779,13463,2015-06-01
TQ10,118,177,295,1498,1449,2947,2015-06-01
TQ11,183,246,429,1540,1487,3027,2015-06-01
TQ12,1953,2322,4275,19732,18283,38015,2015-06-01
TQ13,717,810,1527,9096,9011,18107,2015-06-01
TQ14,770,905,1675,7227,6728,13955,2015-06-01
TR1,1029,1301,2330,6978,6428,13406,2015-06-01
TR2,253,346,599,3842,3666,7508,2015-06-01
TR3,357,416,773,4896,4676,9572,2015-06-01
TR4,361,408,769,4491,4250,8741,2015-06-01
TR5,140,140,280,1464,1490,2954,2015-06-01
TR6,155,173,328,1444,1286,2730,2015-06-01
TR7,1158,1296,2454,7477,6446,13923,2015-06-01
TR8,298,333,631,3473,3083,6556,2015-06-01
TR9,290,403,693,3046,2707,5753,2015-06-01
TR10,457,542,999,3349,2930,6279,2015-06-01
TR11,1270,1452,2722,9683,8927,18610,2015-06-01
TR12,267,317,584,3704,3299,7003,2015-06-01
TR13,692,878,1570,7355,6938,14293,2015-06-01
TR14,1245,1366,2611,8668,7318,15986,2015-06-01
TR15,910,1075,1985,6775,5853,12628,2015-06-01
TR16,524,622,1146,6043,5569,11612,2015-06-01
TR17,66,85,151,572,483,1055,2015-06-01
TR18,1154,1336,2490,6357,5483,11840,2015-06-01
TR19,407,480,887,3361,3079,6440,2015-06-01
TR20,338,368,706,3753,3498,7251,2015-06-01
TR21,76,101,177,584,476,1060,2015-06-01
TR22,6,6,12,28,20,48,2015-06-01
TR23,3,4,7,30,25,55,2015-06-01
TR24,5,6,11,46,31,77,2015-06-01
TR25,6,1,7,44,34,78,2015-06-01
TR26,562,658,1220,4032,3657,7689,2015-06-01
TR27,582,772,1354,5357,4930,10287,2015-06-01
TS1,1951,1576,3527,3064,1325,4389,2015-06-01
TS2,125,124,249,186,107,293,2015-06-01
TS3,2397,3037,5434,6563,4213,10776,2015-06-01
TS4,1374,1594,2968,4116,2820,6936,2015-06-01
TS5,2051,2538,4589,13187,10959,24146,2015-06-01
TS6,1822,2465,4287,9173,6958,16131,2015-06-01
TS7,702,982,1684,8572,7555,16127,2015-06-01
TS8,972,1340,2312,6991,6121,13112,2015-06-01
TS9,292,379,671,5312,4952,10264,2015-06-01
TS10,1855,2460,4315,11953,9758,21711,2015-06-01
TS11,393,576,969,4518,3908,8426,2015-06-01
TS12,924,1271,2195,7758,6480,14238,2015-06-01
TS13,523,690,1213,3307,2415,5722,2015-06-01
TS14,615,793,1408,6536,5749,12285,2015-06-01
TS15,362,417,779,5531,5073,10604,2015-06-01
TS16,341,401,742,4006,3672,7678,2015-06-01
TS17,1890,2460,4350,14559,12483,27042,2015-06-01
TS18,1393,1549,2942,7373,5948,13321,2015-06-01
TS19,1985,2746,4731,11155,9024,20179,2015-06-01
TS20,1013,1278,2291,6697,5434,12131,2015-06-01
TS21,374,446,820,4794,4257,9051,2015-06-01
TS22,216,236,452,3587,3229,6816,2015-06-01
TS23,1524,2053,3577,9481,7883,17364,2015-06-01
TS24,1463,1798,3261,5645,4003,9648,2015-06-01
TS25,1964,2578,4542,11847,9375,21222,2015-06-01
TS26,1174,1290,2464,8186,7161,15347,2015-06-01
TS27,425,619,1044,4400,3831,8231,2015-06-01
TS28,227,323,550,1729,1427,3156,2015-06-01
TS29,287,379,666,2034,1609,3643,2015-06-01
TS90,0,0,0,1,0,1,2015-06-01
TW1,1326,1569,2895,10067,9109,19176,2015-06-01
TW2,1593,1788,3381,11245,10158,21403,2015-06-01
TW3,7022,5221,12243,14140,8597,22737,2015-06-01
TW4,4632,3904,8536,10069,5937,16006,2015-06-01
TW5,4305,3679,7984,11357,7430,18787,2015-06-01
TW6,9,1,10,34,11,45,2015-06-01
TW7,2992,3552,6544,13714,10729,24443,2015-06-01
TW8,1780,2066,3846,6663,4947,11610,2015-06-01
TW9,1335,1553,2888,8725,7805,16530,2015-06-01
TW10,1281,1489,2770,7703,6913,14616,2015-06-01
TW11,1148,1349,2497,8800,8326,17126,2015-06-01
TW12,1223,1412,2635,8655,8182,16837,2015-06-01
TW13,2947,3577,6524,12212,8898,21110,2015-06-01
TW14,2637,2980,5617,10002,7043,17045,2015-06-01
TW15,1096,1270,2366,11134,9848,20982,2015-06-01
TW16,844,1061,1905,8030,7099,15129,2015-06-01
TW17,499,525,1024,5927,5573,11500,2015-06-01
TW18,1122,1212,2334,10093,9065,19158,2015-06-01
TW19,825,1083,1908,6645,5496,12141,2015-06-01
TW20,1306,1418,2724,8333,7241,15574,2015-06-01
UB1,9182,6387,15569,13946,7839,21785,2015-06-01
UB2,6528,4679,11207,11001,6690,17691,2015-06-01
UB3,6033,6028,12061,17270,10895,28165,2015-06-01
UB4,4324,4180,8504,13996,10143,24139,2015-06-01
UB5,4588,5466,10054,15378,10808,26186,2015-06-01
UB6,5774,5493,11267,20002,13383,33385,2015-06-01
UB7,2501,2819,5320,10245,7467,17712,2015-06-01
UB8,2408,2624,5032,11134,8591,19725,2015-06-01
UB9,641,706,1347,5712,5188,10900,2015-06-01
UB10,1749,2103,3852,12762,11127,23889,2015-06-01
UB11,2,0,2,12,4,16,2015-06-01
W1,32,13,45,45,11,56,2015-06-01
W1,58,66,124,320,181,501,2015-06-01
W1,10,3,13,13,2,15,2015-06-01
W1,208,116,324,423,182,605,2015-06-01
W1,130,107,237,461,201,662,2015-06-01
W1,213,221,434,1130,816,1946,2015-06-01
W1,792,681,1473,2251,1505,3756,2015-06-01
W1,202,160,362,854,484,1338,2015-06-01
W1,373,357,730,1163,690,1853,2015-06-01
W1,77,60,137,97,66,163,2015-06-01
W1,57,63,120,123,64,187,2015-06-01
W1,63,67,130,99,44,143,2015-06-01
W1,49,13,62,70,12,82,2015-06-01
W1,45,26,71,154,58,212,2015-06-01
W1,425,288,713,1080,564,1644,2015-06-01
W1,487,495,982,1769,1168,2937,2015-06-01
W1,91,53,144,108,53,161,2015-06-01
W1,361,382,743,1002,631,1633,2015-06-01
W1,56,21,77,140,56,196,2015-06-01
W1,52,46,98,103,47,150,2015-06-01
W2,6890,6125,13015,16384,10435,26819,2015-06-01
W3,6157,5999,12156,19641,13599,33240,2015-06-01
W4,3180,3671,6851,16920,14723,31643,2015-06-01
W5,4047,4312,8359,20071,16188,36259,2015-06-01
W6,3536,3605,7141,10791,8430,19221,2015-06-01
W7,2826,3160,5986,9681,7859,17540,2015-06-01
W8,1933,2350,4283,8225,6977,15202,2015-06-01
W9,4265,4637,8902,12242,9049,21291,2015-06-01
W10,4332,4844,9176,8830,6416,15246,2015-06-01
W11,3653,4067,7720,10324,8140,18464,2015-06-01
W12,6346,6466,12812,13743,9513,23256,2015-06-01
W13,2934,3134,6068,12364,9671,22035,2015-06-01
W14,4231,4536,8767,12501,9550,22051,2015-06-01
WA1,1000,1069,2069,7694,6468,14162,2015-06-01
WA2,2347,2988,5335,12792,10250,23042,2015-06-01
WA3,1719,2332,4051,17151,15313,32464,2015-06-01
WA4,1667,2000,3667,18108,16381,34489,2015-06-01
WA5,2551,3195,5746,21273,18647,39920,2015-06-01
WA6,580,674,1254,7607,7089,14696,2015-06-01
WA7,3859,5277,9136,19919,15918,35837,2015-06-01
WA8,3255,4230,7485,20658,16819,37477,2015-06-01
WA9,2973,3839,6812,14826,11203,26029,2015-06-01
WA10,1994,2461,4455,12445,10139,22584,2015-06-01
WA11,1768,2345,4113,14518,12247,26765,2015-06-01
WA12,1099,1474,2573,7396,6023,13419,2015-06-01
WA13,341,394,735,5198,4988,10186,2015-06-01
WA14,1322,1378,2700,10973,10111,21084,2015-06-01
WA15,1675,1789,3464,16769,15396,32165,2015-06-01
WA16,797,821,1618,9583,9053,18636,2015-06-01
WC1,86,65,151,239,100,339,2015-06-01
WC1,180,217,397,419,254,673,2015-06-01
WC1,219,216,435,479,312,791,2015-06-01
WC1,912,813,1725,1785,963,2748,2015-06-01
WC1,719,699,1418,1804,1111,2915,2015-06-01
WC1,42,36,78,183,109,292,2015-06-01
WC1,44,29,73,85,49,134,2015-06-01
WC1,958,867,1825,1829,1144,2973,2015-06-01
WC2,11,9,20,84,50,134,2015-06-01
WC2,188,154,342,505,243,748,2015-06-01
WC2,65,45,110,227,109,336,2015-06-01
WC2,390,268,658,832,369,1201,2015-06-01
WC2,80,52,132,238,111,349,2015-06-01
WC2,32,22,54,101,49,150,2015-06-01
WD1,34,34,68,91,62,153,2015-06-01
WD2,83,64,147,161,85,246,2015-06-01
WD3,1478,1791,3269,16097,15449,31546,2015-06-01
WD4,370,375,745,4480,4313,8793,2015-06-01
WD5,446,477,923,4338,4057,8395,2015-06-01
WD6,2196,2691,4887,13940,11743,25683,2015-06-01
WD7,436,512,948,5230,5063,10293,2015-06-01
WD17,900,936,1836,6266,5121,11387,2015-06-01
WD18,2251,2552,4803,8368,5896,14264,2015-06-01
WD19,1404,1816,3220,9953,9099,19052,2015-06-01
WD23,1023,1253,2276,9733,9441,19174,2015-06-01
WD24,1551,1718,3269,8125,6355,14480,2015-06-01
WD25,1423,1775,3198,10204,8924,19128,2015-06-01
WF1,2305,2748,5053,10699,7531,18230,2015-06-01
WF2,2667,3632,6299,16194,13064,29258,2015-06-01
WF3,1313,1869,3182,11896,10322,22218,2015-06-01
WF4,1711,2406,4117,15486,13090,28576,2015-06-01
WF5,870,1148,2018,7467,6448,13915,2015-06-01
WF6,1105,1497,2602,7082,5524,12606,2015-06-01
WF7,956,1464,2420,6814,5526,12340,2015-06-01
WF8,1545,2068,3613,10791,8733,19524,2015-06-01
WF9,2375,3127,5502,12103,9007,21110,2015-06-01
WF10,2616,3659,6275,14234,10600,24834,2015-06-01
WF11,955,1285,2240,5442,4190,9632,2015-06-01
WF12,2008,2670,4678,10687,7874,18561,2015-06-01
WF13,1926,2515,4441,7347,4689,12036,2015-06-01
WF14,737,1015,1752,7056,6273,13329,2015-06-01
WF15,811,1092,1903,6061,5130,11191,2015-06-01
WF16,677,896,1573,3799,2696,6495,2015-06-01
WF17,2456,3408,5864,13019,9135,22154,2015-06-01
WN1,981,1118,2099,6562,5111,11673,2015-06-01
WN2,2334,3298,5632,17176,13686,30862,2015-06-01
WN3,1303,1859,3162,10412,8381,18793,2015-06-01
WN4,1169,1524,2693,10310,8694,19004,2015-06-01
WN5,2113,2603,4716,14336,11398,25734,2015-06-01
WN6,1566,1848,3414,14429,12586,27015,2015-06-01
WN7,2533,3199,5732,15219,11960,27179,2015-06-01
WN8,3012,4015,7027,14697,11787,26484,2015-06-01
WR1,582,593,1175,2846,2187,5033,2015-06-01
WR2,1158,1346,2504,10184,8935,19119,2015-06-01
WR3,783,944,1727,7624,6878,14502,2015-06-01
WR4,1441,1868,3309,8344,7081,15425,2015-06-01
WR5,1290,1706,2996,11184,9744,20928,2015-06-01
WR6,337,375,712,5373,5078,10451,2015-06-01
WR7,123,130,253,2383,2237,4620,2015-06-01
WR8,238,260,498,3365,3218,6583,2015-06-01
WR9,1234,1532,2766,11610,10627,22237,2015-06-01
WR10,478,671,1149,7142,6672,13814,2015-06-01
WR11,1636,1982,3618,15614,13608,29222,2015-06-01
WR12,157,186,343,2330,2234,4564,2015-06-01
WR13,222,224,446,3443,3385,6828,2015-06-01
WR14,1639,1935,3574,12379,11322,23701,2015-06-01
WR15,234,267,501,2868,2590,5458,2015-06-01
WS1,2118,2601,4719,7117,4381,11498,2015-06-01
WS2,2753,3821,6574,9987,6376,16363,2015-06-01
WS3,3052,3960,7012,14645,10975,25620,2015-06-01
WS4,809,996,1805,5741,4671,10412,2015-06-01
WS5,916,1415,2331,7514,6304,13818,2015-06-01
WS6,581,795,1376,6754,5765,12519,2015-06-01
WS7,944,1303,2247,11280,9690,20970,2015-06-01
WS8,722,942,1664,5231,4163,9394,2015-06-01
WS9,878,1183,2061,9735,8551,18286,2015-06-01
WS10,3044,4041,7085,13219,9276,22495,2015-06-01
WS11,1819,2401,4220,14661,12338,26999,2015-06-01
WS12,1148,1607,2755,12596,10764,23360,2015-06-01
WS13,1085,1317,2402,9151,8101,17252,2015-06-01
WS14,516,602,1118,6897,6483,13380,2015-06-01
WS15,1510,1960,3470,13313,11449,24762,2015-06-01
WV1,1591,1612,3203,3978,2397,6375,2015-06-01
WV2,1726,1778,3504,3816,2370,6186,2015-06-01
WV3,1729,2028,3757,9633,7964,17597,2015-06-01
WV4,1686,2197,3883,11763,9541,21304,2015-06-01
WV5,408,570,978,5959,5362,11321,2015-06-01
WV6,2386,2931,5317,15366,13074,28440,2015-06-01
WV7,302,273,575,2249,1992,4241,2015-06-01
WV8,672,998,1670,5447,4850,10297,2015-06-01
WV9,254,408,662,2627,2297,4924,2015-06-01
WV10,4003,5349,9352,15845,11846,27691,2015-06-01
WV11,1835,2440,4275,11398,8683,20081,2015-06-01
WV12,1192,1602,2794,8559,6892,15451,2015-06-01
WV13,1319,1733,3052,6217,4733,10950,2015-06-01
WV14,2800,3764,6564,13822,10329,24151,2015-06-01
WV15,245,320,565,3379,2983,6362,2015-06-01
WV16,514,627,1141,6761,6007,12768,2015-06-01
YO1,279,292,571,1230,904,2134,2015-06-01
YO2,17,21,38,44,23,67,2015-06-01
YO3,29,28,57,55,34,89,2015-06-01
YO4,7,11,18,95,80,175,2015-06-01
YO5,4,9,13,30,22,52,2015-06-01
YO6,13,26,39,96,67,163,2015-06-01
YO7,612,787,1399,7625,6822,14447,2015-06-01
YO8,1660,2359,4019,16091,13775,29866,2015-06-01
YO10,1341,1627,2968,6748,5647,12395,2015-06-01
YO11,1242,1525,2767,6926,5276,12202,2015-06-01
YO12,2018,2653,4671,12993,10794,23787,2015-06-01
YO13,215,314,529,4122,3847,7969,2015-06-01
YO14,402,567,969,4097,3562,7659,2015-06-01
YO15,711,789,1500,4709,3684,8393,2015-06-01
YO16,1075,1496,2571,8412,6677,15089,2015-06-01
YO17,740,903,1643,7926,6911,14837,2015-06-01
YO18,301,402,703,4201,3830,8031,2015-06-01
YO19,357,419,776,4887,4641,9528,2015-06-01
YO21,508,637,1145,5341,4667,10008,2015-06-01
YO22,349,476,825,3089,2711,5800,2015-06-01
YO23,716,961,1677,6890,6483,13373,2015-06-01
YO24,1530,2185,3715,9942,8690,18632,2015-06-01
YO25,983,1324,2307,12942,11566,24508,2015-06-01
YO26,1295,1789,3084,10516,9255,19771,2015-06-01
YO30,1339,1631,2970,8571,7600,16171,2015-06-01
YO31,1378,1813,3191,8345,7173,15518,2015-06-01
YO32,949,1318,2267,10669,10048,20717,2015-06-01
YO41,239,354,593,4221,3970,8191,2015-06-01
YO42,429,588,1017,5602,5112,10714,2015-06-01
YO43,306,425,731,4807,4386,9193,2015-06-01
YO51,148,192,340,2176,2030,4206,2015-06-01
YO60,139,123,262,1935,1873,3808,2015-06-01
YO61,372,447,819,5442,5203,10645,2015-06-01
YO62,387,368,755,4634,4221,8855,2015-06-01
ZE1,426,539,965,2776,2208,4984,2015-06-01
ZE2,593,833,1426,5341,4616,9957,2015-06-01
ZE3,17,29,46,183,130,313,2015-06-01
TotalNA,3516989,4127906,7644895,20834299,17514433,38348732,2015-06-01
AA3,0,0,0,1,0,1,2017-06-01
AA78,0,0,0,0,1,1,2017-06-01
AB1,79,86,165,247,163,410,2017-06-01
AB2,27,36,63,122,65,187,2017-06-01
AB3,6,9,15,40,51,91,2017-06-01
AB4,3,4,7,36,34,70,2017-06-01
AB5,1,4,5,32,30,62,2017-06-01
AB9,31,18,49,68,12,80,2017-06-01
AB10,1454,1537,2991,7537,5965,13502,2017-06-01
AB11,1842,1983,3825,6466,4228,10694,2017-06-01
AB12,1205,1585,2790,10531,9256,19787,2017-06-01
AB13,95,118,213,1385,1334,2719,2017-06-01
AB14,227,267,494,1930,1799,3729,2017-06-01
AB15,1426,1810,3236,15358,14326,29684,2017-06-01
AB16,2242,2956,5198,8441,6282,14723,2017-06-01
AB18,0,0,0,0,1,1,2017-06-01
AB21,896,1091,1987,9031,7861,16892,2017-06-01
AB22,577,790,1367,6333,5720,12053,2017-06-01
AB23,429,486,915,4745,4185,8930,2017-06-01
AB24,3033,3172,6205,9429,5846,15275,2017-06-01
AB25,1479,1369,2848,5169,3677,8846,2017-06-01
AB28,0,0,0,1,0,1,2017-06-01
AB29,0,1,1,1,0,1,2017-06-01
AB30,217,281,498,2952,2650,5602,2017-06-01
AB31,480,536,1016,6452,6074,12526,2017-06-01
AB32,447,515,962,5645,5443,11088,2017-06-01
AB33,130,172,302,2331,2105,4436,2017-06-01
AB34,157,229,386,2217,2091,4308,2017-06-01
AB35,114,118,232,988,919,1907,2017-06-01
AB36,20,21,41,231,210,441,2017-06-01
AB37,37,48,85,540,469,1009,2017-06-01
AB38,120,186,306,1747,1516,3263,2017-06-01
AB39,659,789,1448,6800,6434,13234,2017-06-01
AB41,632,891,1523,8546,7893,16439,2017-06-01
AB42,1524,1823,3347,12504,10761,23265,2017-06-01
AB43,1062,1329,2391,8312,7201,15513,2017-06-01
AB44,204,236,440,1357,1186,2543,2017-06-01
AB45,425,521,946,4084,3568,7652,2017-06-01
AB49,0,0,0,1,0,1,2017-06-01
AB51,1017,1285,2302,13890,12782,26672,2017-06-01
AB52,118,174,292,2101,1941,4042,2017-06-01
AB53,362,466,828,4891,4259,9150,2017-06-01
AB54,393,512,905,4341,3819,8160,2017-06-01
AB55,285,442,727,3441,2912,6353,2017-06-01
AB56,663,758,1421,5078,4555,9633,2017-06-01
AL1,1877,2020,3897,13924,12318,26242,2017-06-01
AL2,907,1037,1944,9515,8945,18460,2017-06-01
AL3,1135,1333,2468,11036,10427,21463,2017-06-01
AL4,976,1151,2127,10763,10407,21170,2017-06-01
AL5,1053,1208,2261,12195,11901,24096,2017-06-01
AL6,341,359,700,5075,4925,10000,2017-06-01
AL7,1966,2369,4335,12053,10725,22778,2017-06-01
AL8,579,693,1272,5000,4767,9767,2017-06-01
AL9,401,453,854,4897,4454,9351,2017-06-01
AL10,3109,2763,5872,11160,7877,19037,2017-06-01
B0,2,0,2,0,0,0,2017-06-01
B1,856,729,1585,1981,1034,3015,2017-06-01
B2,77,62,139,109,43,152,2017-06-01
B3,158,153,311,588,393,981,2017-06-01
B4,261,144,405,271,86,357,2017-06-01
B5,1266,1317,2583,2802,1696,4498,2017-06-01
B5,0,0,0,1,1,2,2017-06-01
B6,2635,2810,5445,4419,2209,6628,2017-06-01
B7,1028,1333,2361,1686,929,2615,2017-06-01
B8,4837,5332,10169,9604,5090,14694,2017-06-01
B9,2698,3332,6030,5506,3032,8538,2017-06-01
B9,0,0,0,1,0,1,2017-06-01
B10,3226,3528,6754,5996,2995,8991,2017-06-01
B11,5298,5816,11114,10862,5634,16496,2017-06-01
B12,2696,2710,5406,4373,2124,6497,2017-06-01
B13,2965,3432,6397,12223,9407,21630,2017-06-01
B14,3205,3859,7064,12991,10685,23676,2017-06-01
B15,1540,1571,3111,4900,3672,8572,2017-06-01
B16,2738,2864,5602,6111,3611,9722,2017-06-01
B17,1650,1990,3640,8426,7073,15499,2017-06-01
B18,1968,2468,4436,3478,2107,5585,2017-06-01
B19,3024,3237,6261,4095,2070,6165,2017-06-01
B20,3780,4217,7997,9915,6711,16626,2017-06-01
B21,4321,4498,8819,6946,3850,10796,2017-06-01
B22,0,0,0,1,0,1,2017-06-01
B23,3797,4766,8563,12408,9219,21627,2017-06-01
B24,2197,2703,4900,8757,6649,15406,2017-06-01
B25,1467,1826,3293,4639,3152,7791,2017-06-01
B26,2021,2579,4600,11233,8661,19894,2017-06-01
B27,2117,2594,4711,7539,5381,12920,2017-06-01
B28,1760,2280,4040,10924,8875,19799,2017-06-01
B29,3160,3653,6813,9485,7210,16695,2017-06-01
B30,1930,2366,4296,8879,8006,16885,2017-06-01
B31,4050,5361,9411,16849,13770,30619,2017-06-01
B32,2921,4102,7023,11166,8842,20008,2017-06-01
B33,2882,3856,6738,9666,6883,16549,2017-06-01
B34,1364,1791,3155,5771,4467,10238,2017-06-01
B35,845,1154,1999,2385,1921,4306,2017-06-01
B36,2408,3337,5745,11559,9082,20641,2017-06-01
B37,2903,3629,6532,10416,8182,18598,2017-06-01
B38,1502,2029,3531,5979,5016,10995,2017-06-01
B41,1,0,1,1,0,1,2017-06-01
B42,1521,2023,3544,7781,6264,14045,2017-06-01
B43,1369,1832,3201,10627,8990,19617,2017-06-01
B44,2761,3692,6453,10683,8346,19029,2017-06-01
B45,1920,2600,4520,10608,8880,19488,2017-06-01
B46,422,483,905,5124,4684,9808,2017-06-01
B47,285,313,598,3967,3839,7806,2017-06-01
B48,180,180,360,2417,2215,4632,2017-06-01
B49,341,456,797,4129,3899,8028,2017-06-01
B50,200,218,418,2322,2190,4512,2017-06-01
B60,933,1085,2018,10376,9753,20129,2017-06-01
B61,1051,1235,2286,9250,8413,17663,2017-06-01
B62,993,1280,2273,9126,7929,17055,2017-06-01
B63,1687,2229,3916,12739,10743,23482,2017-06-01
B64,986,1300,2286,5288,4147,9435,2017-06-01
B65,1448,2017,3465,7567,5785,13352,2017-06-01
B66,2748,3204,5952,5279,2977,8256,2017-06-01
B67,2813,3367,6180,8603,5872,14475,2017-06-01
B68,2154,2924,5078,10170,7699,17869,2017-06-01
B69,2009,2669,4678,8914,6620,15534,2017-06-01
B70,2708,3313,6021,7931,4802,12733,2017-06-01
B71,2184,2805,4989,9364,6772,16136,2017-06-01
B72,420,461,881,3886,3413,7299,2017-06-01
B73,931,1087,2018,8917,8149,17066,2017-06-01
B74,942,1127,2069,12951,12213,25164,2017-06-01
B75,1115,1439,2554,9912,9388,19300,2017-06-01
B76,956,920,1876,9067,7897,16964,2017-06-01
B77,2778,3945,6723,19949,16809,36758,2017-06-01
B78,972,1177,2149,9105,8013,17118,2017-06-01
B79,962,1276,2238,8151,6800,14951,2017-06-01
B80,270,263,533,2780,2527,5307,2017-06-01
B90,1774,2075,3849,17991,16536,34527,2017-06-01
B91,1213,1476,2689,13648,12812,26460,2017-06-01
B92,1714,2061,3775,13986,12183,26169,2017-06-01
B93,537,600,1137,7968,7828,15796,2017-06-01
B94,162,184,346,3252,3122,6374,2017-06-01
B95,190,211,401,2583,2510,5093,2017-06-01
B96,118,143,261,2200,2089,4289,2017-06-01
B97,1289,1633,2922,11919,10474,22393,2017-06-01
B98,2902,3950,6852,17365,13992,31357,2017-06-01
BA0,0,0,0,1,1,2,2017-06-01
BA1,2337,2631,4968,13940,12625,26565,2017-06-01
BA2,3890,4263,8153,23844,21399,45243,2017-06-01
BA3,1401,1397,2798,13650,12587,26237,2017-06-01
BA4,639,781,1420,7127,6456,13583,2017-06-01
BA5,698,760,1458,6978,6648,13626,2017-06-01
BA6,650,675,1325,5186,5003,10189,2017-06-01
BA7,112,146,258,1393,1392,2785,2017-06-01
BA8,122,179,301,1747,1673,3420,2017-06-01
BA9,235,336,571,3165,2910,6075,2017-06-01
BA10,150,195,345,1316,1265,2581,2017-06-01
BA11,1352,1727,3079,12260,11399,23659,2017-06-01
BA12,1178,1465,2643,11250,10180,21430,2017-06-01
BA13,749,941,1690,7637,7017,14654,2017-06-01
BA14,2231,2537,4768,18264,16502,34766,2017-06-01
BA15,476,590,1066,5119,5128,10247,2017-06-01
BA16,602,675,1277,4721,4290,9011,2017-06-01
BA20,469,546,1015,4258,3570,7828,2017-06-01
BA21,1606,2167,3773,12204,10231,22435,2017-06-01
BA22,473,504,977,7229,6746,13975,2017-06-01
BB0,0,0,0,1,0,1,2017-06-01
BB1,4317,5739,10056,20813,14871,35684,2017-06-01
BB2,3671,4562,8233,18907,14601,33508,2017-06-01
BB3,1834,2369,4203,11505,9615,21120,2017-06-01
BB4,1829,2451,4280,15124,13228,28352,2017-06-01
BB5,3569,4573,8142,19965,15771,35736,2017-06-01
BB6,641,788,1429,5420,4750,10170,2017-06-01
BB7,1129,1259,2388,12687,11955,24642,2017-06-01
BB8,1145,1418,2563,8013,6899,14912,2017-06-01
BB9,2592,3300,5892,14337,10635,24972,2017-06-01
BB10,2128,2707,4835,12566,9855,22421,2017-06-01
BB11,1541,1967,3508,7074,5441,12515,2017-06-01
BB12,1734,2069,3803,12188,10331,22519,2017-06-01
BB18,677,886,1563,6220,5437,11657,2017-06-01
BD0,0,0,0,1,0,1,2017-06-01
BD1,531,383,914,900,336,1236,2017-06-01
BD2,1776,2388,4164,9473,7422,16895,2017-06-01
BD3,3315,3794,7109,7626,4143,11769,2017-06-01
BD4,2280,3120,5400,8153,5926,14079,2017-06-01
BD5,2794,3250,6044,6867,3780,10647,2017-06-01
BD6,1758,2446,4204,9165,7402,16567,2017-06-01
BD7,3308,3442,6750,8945,5238,14183,2017-06-01
BD8,2738,3255,5993,7659,4350,12009,2017-06-01
BD9,1972,2718,4690,7874,5402,13276,2017-06-01
BD10,1390,1770,3160,8527,7435,15962,2017-06-01
BD11,378,531,909,4000,3724,7724,2017-06-01
BD12,909,1169,2078,5798,4781,10579,2017-06-01
BD13,1108,1416,2524,9361,8308,17669,2017-06-01
BD14,432,564,996,2772,2314,5086,2017-06-01
BD15,838,1178,2016,5296,4324,9620,2017-06-01
BD16,1065,1230,2295,9485,8655,18140,2017-06-01
BD17,714,852,1566,6789,6073,12862,2017-06-01
BD18,1619,2157,3776,8648,6980,15628,2017-06-01
BD19,917,1149,2066,7800,6917,14717,2017-06-01
BD20,1226,1588,2814,13698,12506,26204,2017-06-01
BD21,1787,2441,4228,7163,4906,12069,2017-06-01
BD22,1364,1835,3199,10326,8988,19314,2017-06-01
BD23,1021,1280,2301,11558,10697,22255,2017-06-01
BD24,190,225,415,2075,1888,3963,2017-06-01
BD99,0,0,0,0,1,1,2017-06-01
BH0,0,0,0,0,1,1,2017-06-01
BH1,1888,1784,3672,6799,4507,11306,2017-06-01
BH2,772,627,1399,3118,2099,5217,2017-06-01
BH2,0,0,0,1,0,1,2017-06-01
BH3,298,311,609,2169,1799,3968,2017-06-01
BH4,454,457,911,3778,3172,6950,2017-06-01
BH5,704,692,1396,3752,3000,6752,2017-06-01
BH6,972,1101,2073,8588,8225,16813,2017-06-01
BH7,617,704,1321,4315,3855,8170,2017-06-01
BH8,1844,1874,3718,9603,8106,17709,2017-06-01
BH9,1581,1744,3325,10095,9177,19272,2017-06-01
BH10,816,940,1756,7480,6795,14275,2017-06-01
BH11,1025,1316,2341,7194,6340,13534,2017-06-01
BH12,1876,2126,4002,12531,11059,23590,2017-06-01
BH13,141,196,337,3379,3211,6590,2017-06-01
BH14,932,945,1877,9365,8722,18087,2017-06-01
BH15,1586,1767,3353,12335,10872,23207,2017-06-01
BH16,591,804,1395,5988,5625,11613,2017-06-01
BH17,884,1126,2010,8424,7925,16349,2017-06-01
BH18,255,249,504,5076,4843,9919,2017-06-01
BH19,427,589,1016,4414,3912,8326,2017-06-01
BH20,1011,876,1887,8616,7429,16045,2017-06-01
BH21,1078,1248,2326,16660,16456,33116,2017-06-01
BH22,664,718,1382,11277,10805,22082,2017-06-01
BH23,1838,1971,3809,20817,20097,40914,2017-06-01
BH24,692,733,1425,9843,9607,19450,2017-06-01
BH25,848,931,1779,9769,9583,19352,2017-06-01
BH31,314,318,632,5373,5395,10768,2017-06-01
BL0,620,794,1414,6629,6242,12871,2017-06-01
BL1,4087,4551,8638,20855,16193,37048,2017-06-01
BL2,2734,3309,6043,15204,12774,27978,2017-06-01
BL3,4640,5548,10188,19993,14081,34074,2017-06-01
BL4,2191,2828,5019,10558,7942,18500,2017-06-01
BL5,1074,1319,2393,10159,9191,19350,2017-06-01
BL6,1276,1523,2799,11417,10205,21622,2017-06-01
BL7,434,525,959,6240,5977,12217,2017-06-01
BL8,1449,1730,3179,13656,12362,26018,2017-06-01
BL9,3120,3748,6868,16385,13072,29457,2017-06-01
BN0,0,0,0,1,0,1,2017-06-01
BN1,6499,6276,12775,26051,21591,47642,2017-06-01
BN2,7349,7883,15232,27734,21831,49565,2017-06-01
BN3,5537,5868,11405,27607,23337,50944,2017-06-01
BN4,3,2,5,19,14,33,2017-06-01
BN5,203,250,453,3018,3032,6050,2017-06-01
BN6,655,656,1311,6888,6884,13772,2017-06-01
BN7,1162,1469,2631,6949,6739,13688,2017-06-01
BN8,518,581,1099,6395,6260,12655,2017-06-01
BN9,780,1021,1801,4605,3878,8483,2017-06-01
BN10,928,1179,2107,7047,6087,13134,2017-06-01
BN11,2005,2215,4220,11010,9218,20228,2017-06-01
BN12,809,958,1767,8170,7877,16047,2017-06-01
BN13,1204,1339,2543,10535,9918,20453,2017-06-01
BN14,1380,1592,2972,11337,10660,21997,2017-06-01
BN15,1300,1572,2872,10156,8857,19013,2017-06-01
BN16,864,979,1843,10998,10920,21918,2017-06-01
BN17,1567,2029,3596,10711,9266,19977,2017-06-01
BN18,554,522,1076,5271,5105,10376,2017-06-01
BN19,0,0,0,5,1,6,2017-06-01
BN20,828,998,1826,7760,7569,15329,2017-06-01
BN21,1536,1658,3194,8250,6932,15182,2017-06-01
BN22,1958,2459,4417,10851,9470,20321,2017-06-01
BN23,1290,1723,3013,10153,9035,19188,2017-06-01
BN24,257,301,558,3717,3587,7304,2017-06-01
BN25,922,1219,2141,9055,8458,17513,2017-06-01
BN26,403,473,876,4714,4418,9132,2017-06-01
BN27,1133,1369,2502,11038,10386,21424,2017-06-01
BN32,1,0,1,0,0,0,2017-06-01
BN41,1401,1733,3134,6795,6144,12939,2017-06-01
BN42,567,621,1188,3670,3233,6903,2017-06-01
BN43,1235,1264,2499,8426,7814,16240,2017-06-01
BN44,335,383,718,4070,4028,8098,2017-06-01
BN45,26,25,51,244,221,465,2017-06-01
BR0,0,0,0,2,0,2,2017-06-01
BR1,4071,5019,9090,19716,17493,37209,2017-06-01
BR2,2356,2709,5065,17611,16331,33942,2017-06-01
BR3,2587,3010,5597,18209,16718,34927,2017-06-01
BR4,919,855,1774,7599,7271,14870,2017-06-01
BR5,2800,3680,6480,15887,14425,30312,2017-06-01
BR6,2072,2361,4433,17969,17197,35166,2017-06-01
BR7,684,846,1530,7103,6843,13946,2017-06-01
BR8,1096,1414,2510,8333,7452,15785,2017-06-01
BS0,0,0,0,1,0,1,2017-06-01
BS1,898,844,1742,3308,1901,5209,2017-06-01
BS2,1772,1797,3569,4407,2851,7258,2017-06-01
BS3,2267,2678,4945,12534,10302,22836,2017-06-01
BS4,3002,3913,6915,16284,13112,29396,2017-06-01
BS5,4749,5265,10014,16910,12400,29310,2017-06-01
BS6,2004,2065,4069,10466,9464,19930,2017-06-01
BS7,2700,2852,5552,13503,11105,24608,2017-06-01
BS8,1356,1437,2793,8485,7253,15738,2017-06-01
BS9,1247,1338,2585,12234,11361,23595,2017-06-01
BS10,1796,2418,4214,9295,7621,16916,2017-06-01
BS11,1223,1507,2730,5928,4603,10531,2017-06-01
BS12,23,14,37,127,62,189,2017-06-01
BS13,1944,2667,4611,9343,7295,16638,2017-06-01
BS14,1248,1536,2784,10631,9421,20052,2017-06-01
BS15,1976,2395,4371,17698,15379,33077,2017-06-01
BS16,3592,3982,7574,27598,24249,51847,2017-06-01
BS17,19,18,37,114,85,199,2017-06-01
BS18,17,15,32,109,90,199,2017-06-01
BS19,6,9,15,68,56,124,2017-06-01
BS20,940,1110,2050,12542,11652,24194,2017-06-01
BS21,788,1023,1811,9106,8585,17691,2017-06-01
BS22,1398,1799,3197,14471,12860,27331,2017-06-01
BS23,2123,2501,4624,11865,9140,21005,2017-06-01
BS24,658,870,1528,8067,7567,15634,2017-06-01
BS25,191,158,349,2643,2487,5130,2017-06-01
BS26,163,163,326,2048,2001,4049,2017-06-01
BS27,217,238,455,2902,2794,5696,2017-06-01
BS28,82,82,164,1424,1401,2825,2017-06-01
BS29,82,101,183,1153,1014,2167,2017-06-01
BS30,870,1105,1975,11596,10843,22439,2017-06-01
BS31,729,879,1608,8006,7333,15339,2017-06-01
BS32,887,1036,1923,9313,8412,17725,2017-06-01
BS34,1561,1829,3390,11782,9977,21759,2017-06-01
BS35,713,847,1560,9116,8432,17548,2017-06-01
BS36,487,476,963,6560,6249,12809,2017-06-01
BS37,1428,1752,3180,15167,13547,28714,2017-06-01
BS38,0,0,0,1,0,1,2017-06-01
BS39,438,518,956,6484,6021,12505,2017-06-01
BS40,303,331,634,5454,5341,10795,2017-06-01
BS41,179,189,368,2389,2289,4678,2017-06-01
BS45,0,0,0,2,1,3,2017-06-01
BS48,708,825,1533,9407,8913,18320,2017-06-01
BS49,405,444,849,4618,4459,9077,2017-06-01
BS51,0,0,0,1,0,1,2017-06-01
BS53,0,0,0,1,0,1,2017-06-01
BS57,0,0,0,1,0,1,2017-06-01
BS67,0,0,0,0,1,1,2017-06-01
BS94,0,1,1,0,0,0,2017-06-01
BS99,1,0,1,1,1,2,2017-06-01
C7,0,0,0,0,1,1,2017-06-01
CA0,0,0,0,1,1,2,2017-06-01
CA1,1389,1806,3195,7399,5871,13270,2017-06-01
CA2,1960,2723,4683,12887,10250,23137,2017-06-01
CA3,485,584,1069,5159,4659,9818,2017-06-01
CA4,177,257,434,3894,3771,7665,2017-06-01
CA5,185,214,399,2923,2809,5732,2017-06-01
CA6,246,338,584,3851,3378,7229,2017-06-01
CA7,676,924,1600,8791,7979,16770,2017-06-01
CA8,290,408,698,4090,3726,7816,2017-06-01
CA9,72,107,179,858,765,1623,2017-06-01
CA10,332,439,771,5872,5465,11337,2017-06-01
CA11,798,985,1783,8206,7245,15451,2017-06-01
CA12,302,350,652,3040,2746,5786,2017-06-01
CA13,449,615,1064,6005,5486,11491,2017-06-01
CA14,1558,2175,3733,12482,10199,22681,2017-06-01
CA15,733,977,1710,5623,4566,10189,2017-06-01
CA16,136,205,341,2499,2322,4821,2017-06-01
CA17,127,177,304,2019,1777,3796,2017-06-01
CA18,7,6,13,123,116,239,2017-06-01
CA19,30,34,64,464,414,878,2017-06-01
CA20,86,99,185,1371,1208,2579,2017-06-01
CA21,25,22,47,329,281,610,2017-06-01
CA22,418,593,1011,3239,2596,5835,2017-06-01
CA23,54,75,129,568,477,1045,2017-06-01
CA24,34,56,90,411,323,734,2017-06-01
CA25,305,398,703,1967,1561,3528,2017-06-01
CA26,153,213,366,1348,1125,2473,2017-06-01
CA27,48,63,111,655,583,1238,2017-06-01
CA28,1382,1750,3132,9712,7824,17536,2017-06-01
CB1,3522,3826,7348,16460,13878,30338,2017-06-01
CB2,1405,1467,2872,7237,6401,13638,2017-06-01
CB3,1119,1286,2405,6943,6323,13266,2017-06-01
CB4,3542,3934,7476,16664,13803,30467,2017-06-01
CB5,1022,1186,2208,5169,4326,9495,2017-06-01
CB6,1238,1567,2805,14349,13014,27363,2017-06-01
CB7,993,1155,2148,10170,9010,19180,2017-06-01
CB8,1490,1622,3112,12139,11039,23178,2017-06-01
CB9,1491,2012,3503,11333,9549,20882,2017-06-01
CB10,516,609,1125,5444,5177,10621,2017-06-01
CB11,656,747,1403,7148,6724,13872,2017-06-01
CB19,0,0,0,1,0,1,2017-06-01
CB21,405,429,834,4912,4583,9495,2017-06-01
CB22,637,653,1290,7577,6804,14381,2017-06-01
CB23,940,1099,2039,10561,9859,20420,2017-06-01
CB24,965,1020,1985,10420,9507,19927,2017-06-01
CB25,382,449,831,5469,4915,10384,2017-06-01
CB52,0,0,0,1,0,1,2017-06-01
CF0,1,0,1,1,1,2,2017-06-01
CF1,93,71,164,190,74,264,2017-06-01
CF2,50,45,95,171,58,229,2017-06-01
CF3,2640,3417,6057,13148,11736,24884,2017-06-01
CF4,50,41,91,204,149,353,2017-06-01
CF5,3879,4791,8670,20669,18439,39108,2017-06-01
CF6,88,76,164,170,84,254,2017-06-01
CF7,15,11,26,83,66,149,2017-06-01
CF8,59,54,113,207,141,348,2017-06-01
CF10,1319,1076,2395,3800,2257,6057,2017-06-01
CF11,3223,3014,6237,10756,7476,18232,2017-06-01
CF14,3103,3538,6641,25906,24392,50298,2017-06-01
CF15,584,660,1244,6992,6767,13759,2017-06-01
CF18,0,1,1,0,0,0,2017-06-01
CF23,2245,2886,5131,15788,14742,30530,2017-06-01
CF24,4988,4338,9326,11528,7837,19365,2017-06-01
CF31,1864,2386,4250,15906,14200,30106,2017-06-01
CF32,1405,1826,3231,10622,8882,19504,2017-06-01
CF33,742,1015,1757,5044,4196,9240,2017-06-01
CF34,1026,1342,2368,6691,5182,11873,2017-06-01
CF35,481,595,1076,6623,6040,12663,2017-06-01
CF36,547,645,1192,6134,5669,11803,2017-06-01
CF37,2202,2410,4612,12084,9581,21665,2017-06-01
CF38,752,1046,1798,8697,7937,16634,2017-06-01
CF39,1360,2009,3369,9540,7590,17130,2017-06-01
CF40,1014,1484,2498,6537,4896,11433,2017-06-01
CF41,498,720,1218,3531,2694,6225,2017-06-01
CF42,699,935,1634,4259,3272,7531,2017-06-01
CF43,696,994,1690,3658,2569,6227,2017-06-01
CF44,1956,2819,4775,13367,10605,23972,2017-06-01
CF45,1158,1574,2732,6013,4545,10558,2017-06-01
CF46,638,891,1529,5151,4449,9600,2017-06-01
CF47,1333,1847,3180,6646,4931,11577,2017-06-01
CF48,1362,1924,3286,8946,7089,16035,2017-06-01
CF61,489,587,1076,3715,3411,7126,2017-06-01
CF62,1953,2443,4396,14318,13281,27599,2017-06-01
CF63,1388,1695,3083,6521,5624,12145,2017-06-01
CF64,1527,1771,3298,13492,12849,26341,2017-06-01
CF71,223,221,444,3796,3736,7532,2017-06-01
CF72,855,1116,1971,9710,9209,18919,2017-06-01
CF81,937,1328,2265,5077,3719,8796,2017-06-01
CF82,901,1225,2126,6915,5810,12725,2017-06-01
CF83,2639,3438,6077,17868,15434,33302,2017-06-01
CH1,2074,2466,4540,9481,7340,16821,2017-06-01
CH2,1603,2000,3603,12702,11181,23883,2017-06-01
CH3,1282,1361,2643,13616,12740,26356,2017-06-01
CH4,1619,2002,3621,12119,11061,23180,2017-06-01
CH5,2133,2693,4826,14949,12554,27503,2017-06-01
CH6,886,1228,2114,5610,4635,10245,2017-06-01
CH6,0,0,0,1,0,1,2017-06-01
CH7,1789,2351,4140,19047,17492,36539,2017-06-01
CH8,900,1238,2138,7715,6599,14314,2017-06-01
CH9,1,0,1,1,0,1,2017-06-01
CH22,0,0,0,1,1,2,2017-06-01
CH41,1738,1937,3675,4412,3108,7520,2017-06-01
CH42,2475,2951,5426,8413,6728,15141,2017-06-01
CH43,2107,2444,4551,12807,11125,23932,2017-06-01
CH44,2316,2797,5113,8175,6319,14494,2017-06-01
CH45,1717,2025,3742,10568,9369,19937,2017-06-01
CH46,1514,1851,3365,8325,7162,15487,2017-06-01
CH47,426,540,966,4079,3998,8077,2017-06-01
CH48,599,604,1203,5773,5651,11424,2017-06-01
CH49,1433,1808,3241,9964,9231,19195,2017-06-01
CH60,341,321,662,5344,5295,10639,2017-06-01
CH61,603,688,1291,6611,6442,13053,2017-06-01
CH62,1568,1841,3409,9935,8759,18694,2017-06-01
CH63,1241,1415,2656,10979,10464,21443,2017-06-01
CH64,607,680,1287,7632,7226,14858,2017-06-01
CH65,1923,2388,4311,8517,6861,15378,2017-06-01
CH66,1555,1931,3486,12913,11694,24607,2017-06-01
CM0,626,735,1361,6794,6021,12815,2017-06-01
CM1,3052,3576,6628,23345,20615,43960,2017-06-01
CM2,2508,3003,5511,22433,20152,42585,2017-06-01
CM3,1691,2011,3702,22269,21004,43273,2017-06-01
CM4,308,366,674,4398,4194,8592,2017-06-01
CM5,342,397,739,4543,4290,8833,2017-06-01
CM6,732,814,1546,10898,10407,21305,2017-06-01
CM7,2239,2885,5124,18183,15570,33753,2017-06-01
CM8,1567,2080,3647,11885,10327,22212,2017-06-01
CM9,1232,1554,2786,13393,12192,25585,2017-06-01
CM11,733,808,1541,7932,7408,15340,2017-06-01
CM12,712,735,1447,8204,7796,16000,2017-06-01
CM13,949,1095,2044,10005,9265,19270,2017-06-01
CM14,905,1104,2009,7895,7088,14983,2017-06-01
CM15,770,931,1701,9452,9023,18475,2017-06-01
CM16,784,933,1717,9199,8521,17720,2017-06-01
CM17,852,1093,1945,8542,7848,16390,2017-06-01
CM18,1709,2139,3848,8535,6711,15246,2017-06-01
CM19,1337,1627,2964,7755,6135,13890,2017-06-01
CM20,1730,2162,3892,7790,5875,13665,2017-06-01
CM21,352,437,789,4680,4241,8921,2017-06-01
CM22,443,502,945,6147,5726,11873,2017-06-01
CM23,1696,1925,3621,15654,14377,30031,2017-06-01
CM24,276,292,568,3072,2787,5859,2017-06-01
CM77,443,553,996,5969,5729,11698,2017-06-01
CO0,1,1,2,0,0,0,2017-06-01
CO1,1220,1367,2587,5331,4071,9402,2017-06-01
CO1,0,0,0,0,1,1,2017-06-01
CO2,2162,2843,5005,12833,10582,23415,2017-06-01
CO3,1321,1467,2788,11150,10161,21311,2017-06-01
CO4,2791,3446,6237,16233,13604,29837,2017-06-01
CO5,855,1047,1902,11522,10705,22227,2017-06-01
CO6,879,992,1871,11489,10870,22359,2017-06-01
CO7,1168,1341,2509,13405,12252,25657,2017-06-01
CO8,64,78,142,979,928,1907,2017-06-01
CO9,869,1068,1937,10004,9040,19044,2017-06-01
CO10,1874,2313,4187,18274,16387,34661,2017-06-01
CO11,426,538,964,5111,4733,9844,2017-06-01
CO12,1032,1362,2394,8061,6625,14686,2017-06-01
CO13,409,459,868,4894,4502,9396,2017-06-01
CO14,281,360,641,2347,1944,4291,2017-06-01
CO15,2262,2634,4896,15291,12545,27836,2017-06-01
CO16,1058,1291,2349,9604,8326,17930,2017-06-01
CR0,16201,18339,34540,50414,38964,89378,2017-06-01
CR1,8,6,14,10,2,12,2017-06-01
CR2,2958,3446,6404,18210,16291,34501,2017-06-01
CR3,1265,1526,2791,11169,10569,21738,2017-06-01
CR4,8115,8135,16250,20564,13929,34493,2017-06-01
CR5,1365,1639,3004,11166,10584,21750,2017-06-01
CR6,337,394,731,4025,3791,7816,2017-06-01
CR7,6595,6602,13197,14356,10413,24769,2017-06-01
CR8,1841,2055,3896,12507,11529,24036,2017-06-01
CR9,57,48,105,93,47,140,2017-06-01
CT0,0,0,0,0,1,1,2017-06-01
CT1,2106,2360,4466,7860,6288,14148,2017-06-01
CT2,1780,1965,3745,8559,7392,15951,2017-06-01
CT3,769,964,1733,6719,6154,12873,2017-06-01
CT4,600,672,1272,6963,6732,13695,2017-06-01
CT5,1394,1536,2930,12429,11739,24168,2017-06-01
CT6,1636,1909,3545,14328,13137,27465,2017-06-01
CT7,402,525,927,4535,4108,8643,2017-06-01
CT8,414,487,901,2570,2353,4923,2017-06-01
CT9,3208,3612,6820,13540,11048,24588,2017-06-01
CT10,1295,1439,2734,9046,8397,17443,2017-06-01
CT11,2175,2390,4565,9561,7867,17428,2017-06-01
CT12,1146,1356,2502,6183,5288,11471,2017-06-01
CT13,403,434,837,3332,3031,6363,2017-06-01
CT14,1697,2005,3702,12587,11159,23746,2017-06-01
CT15,480,608,1088,5295,4784,10079,2017-06-01
CT16,1283,1393,2676,6758,5325,12083,2017-06-01
CT17,1372,1659,3031,6652,5251,11903,2017-06-01
CT18,483,534,1017,5680,5322,11002,2017-06-01
CT19,1839,2210,4049,9207,7612,16819,2017-06-01
CT20,1405,1574,2979,7531,5785,13316,2017-06-01
CT21,604,733,1337,6619,6234,12853,2017-06-01
CV0,0,0,0,1,1,2,2017-06-01
CV1,4107,3312,7419,6731,2939,9670,2017-06-01
CV2,5284,6646,11930,20048,14644,34692,2017-06-01
CV3,4194,5250,9444,23089,18350,41439,2017-06-01
CV4,2299,2630,4929,10108,7964,18072,2017-06-01
CV5,2355,2660,5015,17523,14853,32376,2017-06-01
CV6,7144,8760,15904,27835,20168,48003,2017-06-01
CV7,1098,1404,2502,11269,10130,21399,2017-06-01
CV8,1075,1178,2253,12509,11858,24367,2017-06-01
CV9,878,1112,1990,8297,7040,15337,2017-06-01
CV10,2520,3505,6025,18183,15025,33208,2017-06-01
CV11,1918,2302,4220,14398,11839,26237,2017-06-01
CV12,1438,2009,3447,11156,9333,20489,2017-06-01
CV13,250,327,577,4526,4253,8779,2017-06-01
CV17,0,0,0,1,0,1,2017-06-01
CV19,0,0,0,1,0,1,2017-06-01
CV21,2267,2808,5075,13191,9899,23090,2017-06-01
CV22,1505,1793,3298,13640,11982,25622,2017-06-01
CV23,630,780,1410,9174,8486,17660,2017-06-01
CV25,1,0,1,0,0,0,2017-06-01
CV27,0,0,0,1,0,1,2017-06-01
CV31,1854,2167,4021,10096,8053,18149,2017-06-01
CV32,1522,1732,3254,11857,10251,22108,2017-06-01
CV33,202,238,440,2721,2579,5300,2017-06-01
CV34,1375,1641,3016,11681,10507,22188,2017-06-01
CV35,656,800,1456,10513,10239,20752,2017-06-01
CV36,274,320,594,3959,3721,7680,2017-06-01
CV37,1626,1953,3579,16303,15318,31621,2017-06-01
CV47,556,649,1205,6921,6414,13335,2017-06-01
CW1,2322,2825,5147,13504,11215,24719,2017-06-01
CW2,2009,2210,4219,14556,12337,26893,2017-06-01
CW3,253,304,557,3728,3542,7270,2017-06-01
CW4,264,284,548,4027,3953,7980,2017-06-01
CW5,961,1037,1998,11594,10975,22569,2017-06-01
CW6,272,361,633,5485,5314,10799,2017-06-01
CW7,1732,2197,3929,11055,9393,20448,2017-06-01
CW8,1251,1413,2664,14703,13612,28315,2017-06-01
CW9,1241,1452,2693,12937,11590,24527,2017-06-01
CW10,458,615,1073,6035,5493,11528,2017-06-01
CW11,761,901,1662,9412,8799,18211,2017-06-01
CW12,963,1141,2104,11710,10886,22596,2017-06-01
D21,0,0,0,1,0,1,2017-06-01
DA0,1,1,2,0,0,0,2017-06-01
DA1,3549,4454,8003,19954,16347,36301,2017-06-01
DA2,1013,1349,2362,8691,7815,16506,2017-06-01
DA3,581,607,1188,7037,6734,13771,2017-06-01
DA4,327,393,720,3823,3523,7346,2017-06-01
DA5,868,930,1798,8105,7577,15682,2017-06-01
DA6,541,640,1181,3701,3233,6934,2017-06-01
DA7,1663,2064,3727,13012,11526,24538,2017-06-01
DA8,2897,3640,6537,10812,8777,19589,2017-06-01
DA9,654,737,1391,4864,4218,9082,2017-06-01
DA10,427,574,1001,2326,1782,4108,2017-06-01
DA11,2503,2998,5501,13185,10161,23346,2017-06-01
DA12,3019,3561,6580,16603,13583,30186,2017-06-01
DA13,368,417,785,6154,5876,12030,2017-06-01
DA14,1096,1400,2496,7646,7001,14647,2017-06-01
DA15,1254,1549,2803,10878,9742,20620,2017-06-01
DA16,2098,2744,4842,13034,11057,24091,2017-06-01
DA17,1369,1818,3187,5949,4723,10672,2017-06-01
DA18,699,865,1564,1314,901,2215,2017-06-01
DD1,1071,914,1985,2196,1455,3651,2017-06-01
DD2,2624,3318,5942,12516,10681,23197,2017-06-01
DD3,2677,3085,5762,10938,8477,19415,2017-06-01
DD4,3233,4011,7244,12555,9937,22492,2017-06-01
DD5,1020,1228,2248,12094,11547,23641,2017-06-01
DD6,442,544,986,3468,3323,6791,2017-06-01
DD7,434,616,1050,4713,4256,8969,2017-06-01
DD8,1093,1426,2519,10654,9466,20120,2017-06-01
DD9,520,674,1194,4041,3616,7657,2017-06-01
DD10,910,1165,2075,7950,6811,14761,2017-06-01
DD11,1352,1675,3027,9656,8114,17770,2017-06-01
DE0,0,0,0,1,1,2,2017-06-01
DE1,1260,1108,2368,3762,2136,5898,2017-06-01
DE2,26,19,45,81,30,111,2017-06-01
DE3,551,706,1257,6766,6140,12906,2017-06-01
DE4,1137,1480,2617,13219,11878,25097,2017-06-01
DE5,808,1141,1949,8306,7075,15381,2017-06-01
DE6,700,858,1558,10325,9512,19837,2017-06-01
DE7,2374,3171,5545,17371,14240,31611,2017-06-01
DE11,1854,2431,4285,16280,14145,30425,2017-06-01
DE12,713,856,1569,8137,7256,15393,2017-06-01
DE13,1250,1731,2981,15576,14120,29696,2017-06-01
DE14,2013,2401,4414,9773,6810,16583,2017-06-01
DE15,1200,1504,2704,8309,6810,15119,2017-06-01
DE19,0,0,0,0,1,1,2017-06-01
DE21,2882,4019,6901,19647,16240,35887,2017-06-01
DE22,2433,2956,5389,15093,12586,27679,2017-06-01
DE23,4586,5156,9742,17872,13044,30916,2017-06-01
DE24,3590,5045,8635,17472,13133,30605,2017-06-01
DE31,0,0,0,1,0,1,2017-06-01
DE40,0,0,0,1,0,1,2017-06-01
DE44,0,0,0,0,1,1,2017-06-01
DE45,217,292,509,3412,3239,6651,2017-06-01
DE51,0,0,0,1,0,1,2017-06-01
DE53,0,0,0,1,0,1,2017-06-01
DE55,2008,2730,4738,18266,15422,33688,2017-06-01
DE56,1268,1648,2916,15223,13874,29097,2017-06-01
DE65,651,806,1457,8863,8357,17220,2017-06-01
DE66,0,0,0,0,1,1,2017-06-01
DE72,633,865,1498,8132,7528,15660,2017-06-01
DE73,578,775,1353,7340,6850,14190,2017-06-01
DE74,422,472,894,4645,4085,8730,2017-06-01
DE75,829,1069,1898,6343,5286,11629,2017-06-01
DG1,1142,1405,2547,9899,8904,18803,2017-06-01
DG2,1289,1726,3015,7693,6766,14459,2017-06-01
DG3,169,240,409,1788,1669,3457,2017-06-01
DG4,228,343,571,1457,1083,2540,2017-06-01
DG5,223,243,466,1965,1763,3728,2017-06-01
DG6,259,294,553,1895,1760,3655,2017-06-01
DG7,423,511,934,4748,4452,9200,2017-06-01
DG8,492,702,1194,4757,4164,8921,2017-06-01
DG9,806,999,1805,5628,4887,10515,2017-06-01
DG10,181,195,376,1499,1331,2830,2017-06-01
DG11,492,622,1114,5016,4493,9509,2017-06-01
DG12,638,808,1446,4343,3671,8014,2017-06-01
DG13,138,159,297,1100,952,2052,2017-06-01
DG14,39,50,89,570,489,1059,2017-06-01
DG16,141,196,337,1411,1189,2600,2017-06-01
DH1,1949,2304,4253,13654,12017,25671,2017-06-01
DH2,1329,1974,3303,10709,8842,19551,2017-06-01
DH3,1218,1700,2918,8949,7320,16269,2017-06-01
DH4,1581,2071,3652,11558,9518,21076,2017-06-01
DH5,1036,1531,2567,6604,5092,11696,2017-06-01
DH6,1501,2138,3639,11849,9762,21611,2017-06-01
DH7,1809,2668,4477,14306,11956,26262,2017-06-01
DH8,1702,2392,4094,13318,11286,24604,2017-06-01
DH9,1949,2681,4630,11716,8926,20642,2017-06-01
DH10,0,0,0,1,0,1,2017-06-01
DL0,0,0,0,1,0,1,2017-06-01
DL1,2745,3761,6506,14788,11226,26014,2017-06-01
DL2,438,527,965,7008,6769,13777,2017-06-01
DL3,2211,2777,4988,15065,12736,27801,2017-06-01
DL4,605,767,1372,3013,2203,5216,2017-06-01
DL5,1488,2072,3560,9840,8238,18078,2017-06-01
DL6,523,667,1190,5859,5355,11214,2017-06-01
DL7,365,477,842,5992,5724,11716,2017-06-01
DL8,422,561,983,7791,7248,15039,2017-06-01
DL9,1856,1240,3096,5182,3392,8574,2017-06-01
DL10,622,815,1437,7073,6697,13770,2017-06-01
DL11,101,133,234,2193,2092,4285,2017-06-01
DL12,376,487,863,4626,4196,8822,2017-06-01
DL13,414,594,1008,5451,4610,10061,2017-06-01
DL14,1708,2313,4021,12720,10482,23202,2017-06-01
DL15,914,1335,2249,7744,6370,14114,2017-06-01
DL16,841,1160,2001,7302,6136,13438,2017-06-01
DL17,864,1316,2180,5990,4625,10615,2017-06-01
DN0,1,0,1,1,0,1,2017-06-01
DN1,1022,877,1899,2357,1022,3379,2017-06-01
DN2,1603,2092,3695,7643,5662,13305,2017-06-01
DN3,1079,1527,2606,11041,9348,20389,2017-06-01
DN4,2809,3626,6435,17718,13944,31662,2017-06-01
DN5,1856,2575,4431,13534,11384,24918,2017-06-01
DN6,1811,2433,4244,9720,7643,17363,2017-06-01
DN7,1091,1574,2665,7589,6051,13640,2017-06-01
DN8,965,1299,2264,5913,4427,10340,2017-06-01
DN9,591,727,1318,8296,7810,16106,2017-06-01
DN10,347,444,791,5154,4707,9861,2017-06-01
DN11,1369,1836,3205,9705,8077,17782,2017-06-01
DN12,1555,2063,3618,7026,5214,12240,2017-06-01
DN14,1890,2784,4674,17029,14009,31038,2017-06-01
DN15,2190,2578,4768,11941,9022,20963,2017-06-01
DN16,1585,1969,3554,10400,8604,19004,2017-06-01
DN17,1733,2199,3932,13052,10858,23910,2017-06-01
DN18,518,743,1261,4382,3630,8012,2017-06-01
DN19,202,244,446,2479,2209,4688,2017-06-01
DN20,617,799,1416,7424,6539,13963,2017-06-01
DN21,1726,2273,3999,13652,11681,25333,2017-06-01
DN22,1386,1788,3174,13247,11784,25031,2017-06-01
DN31,827,995,1822,2392,1449,3841,2017-06-01
DN32,2395,2655,5050,7688,5530,13218,2017-06-01
DN33,1241,1435,2676,6346,5275,11621,2017-06-01
DN34,1123,1445,2568,6405,5063,11468,2017-06-01
DN35,1945,2395,4340,11131,8890,20021,2017-06-01
DN36,551,696,1247,7972,7284,15256,2017-06-01
DN37,873,1123,1996,8061,7135,15196,2017-06-01
DN38,89,112,201,1150,1016,2166,2017-06-01
DN39,72,113,185,1164,964,2128,2017-06-01
DN40,678,963,1641,4531,3431,7962,2017-06-01
DN41,141,202,343,2580,2386,4966,2017-06-01
DT0,0,0,0,0,1,1,2017-06-01
DT1,853,1035,1888,7179,6589,13768,2017-06-01
DT2,698,753,1451,10482,10178,20660,2017-06-01
DT3,873,1038,1911,9236,8548,17784,2017-06-01
DT4,2117,2381,4498,12916,10948,23864,2017-06-01
DT5,708,850,1558,4260,3595,7855,2017-06-01
DT6,737,863,1600,8495,8195,16690,2017-06-01
DT7,216,243,459,2116,2042,4158,2017-06-01
DT8,177,213,390,2408,2361,4769,2017-06-01
DT9,669,837,1506,8127,7992,16119,2017-06-01
DT10,331,361,692,4777,4597,9374,2017-06-01
DT11,1163,1249,2412,12258,10844,23102,2017-06-01
DY0,0,0,0,1,0,1,2017-06-01
DY1,2015,2502,4517,10356,7983,18339,2017-06-01
DY2,2343,3034,5377,10431,7528,17959,2017-06-01
DY3,1312,1713,3025,12279,10492,22771,2017-06-01
DY4,2953,3838,6791,12895,9311,22206,2017-06-01
DY5,2123,2910,5033,13851,10960,24811,2017-06-01
DY6,774,1050,1824,10914,9776,20690,2017-06-01
DY7,195,224,419,3293,3191,6484,2017-06-01
DY8,2031,2458,4489,18444,16271,34715,2017-06-01
DY9,1311,1596,2907,10899,9407,20306,2017-06-01
DY10,1619,2036,3655,13049,11532,24581,2017-06-01
DY11,1382,1746,3128,11275,9622,20897,2017-06-01
DY12,353,435,788,5032,4613,9645,2017-06-01
DY13,786,1036,1822,8857,7867,16724,2017-06-01
DY14,207,237,444,3583,3270,6853,2017-06-01
E0,0,0,0,1,0,1,2017-06-01
E1,11172,8299,19471,16992,8397,25389,2017-06-01
E1,0,1,1,0,0,0,2017-06-01
E1,1,0,1,0,0,0,2017-06-01
E1,0,0,0,0,1,1,2017-06-01
E1,0,0,0,1,0,1,2017-06-01
E1,1016,1166,2182,4509,2930,7439,2017-06-01
E2,5610,5510,11120,11569,6864,18433,2017-06-01
E2,0,1,1,0,0,0,2017-06-01
E2,0,0,0,0,1,1,2017-06-01
E3,6760,6714,13474,14439,9067,23506,2017-06-01
E4,4378,5046,9424,22326,18705,41031,2017-06-01
E5,7325,7407,14732,11818,7886,19704,2017-06-01
E6,15793,12454,28247,23337,12030,35367,2017-06-01
E7,12120,8504,20624,15843,8082,23925,2017-06-01
E8,5570,5993,11563,10486,7279,17765,2017-06-01
E9,5712,6323,12035,9415,6552,15967,2017-06-01
E10,7629,6462,14091,14348,8055,22403,2017-06-01
E11,6769,6505,13274,18317,13155,31472,2017-06-01
E12,9116,6597,15713,12104,6268,18372,2017-06-01
E13,9496,7506,17002,12854,6696,19550,2017-06-01
E14,9543,9742,19285,24095,13972,38067,2017-06-01
E15,8943,7892,16835,14889,8122,23011,2017-06-01
E16,6781,7258,14039,13659,8123,21782,2017-06-01
E17,14678,13753,28431,33107,21562,54669,2017-06-01
E18,1285,1437,2722,7122,6096,13218,2017-06-01
E19,0,0,0,1,0,1,2017-06-01
E20,288,334,622,1101,644,1745,2017-06-01
EC1,17,7,24,27,8,35,2017-06-01
EC1,75,57,132,356,180,536,2017-06-01
EC1,2,0,2,1,0,1,2017-06-01
EC1,1,0,1,0,1,1,2017-06-01
EC1,98,88,186,466,272,738,2017-06-01
EC1,317,314,631,676,348,1024,2017-06-01
EC1,2,2,4,4,0,4,2017-06-01
EC1,1,0,1,0,0,0,2017-06-01
EC1,550,612,1162,1450,968,2418,2017-06-01
EC1,0,1,1,1,0,1,2017-06-01
EC1,2,0,2,0,0,0,2017-06-01
EC1,1560,1518,3078,3540,2058,5598,2017-06-01
EC1,391,411,802,1026,604,1630,2017-06-01
EC1,0,0,0,1,0,1,2017-06-01
EC2,1,2,3,7,2,9,2017-06-01
EC2,114,89,203,541,271,812,2017-06-01
EC2,0,1,1,2,0,2,2017-06-01
EC2,21,7,28,192,38,230,2017-06-01
EC2,4,3,7,30,4,34,2017-06-01
EC2,0,0,0,10,2,12,2017-06-01
EC2,1,1,2,40,13,53,2017-06-01
EC2,0,0,0,1,0,1,2017-06-01
EC2,4,6,10,106,29,135,2017-06-01
EC2,187,198,385,1437,978,2415,2017-06-01
EC3,0,1,1,4,2,6,2017-06-01
EC3,12,4,16,66,8,74,2017-06-01
EC3,5,4,9,20,9,29,2017-06-01
EC3,25,26,51,124,54,178,2017-06-01
EC3,1,0,1,3,3,6,2017-06-01
EC3,10,4,14,48,22,70,2017-06-01
EC3,5,1,6,60,17,77,2017-06-01
EC3,1,0,1,0,0,0,2017-06-01
EC4,2,1,3,8,2,10,2017-06-01
EC4,50,18,68,159,88,247,2017-06-01
EC4,0,0,0,1,0,1,2017-06-01
EC4,0,0,0,1,0,1,2017-06-01
EC4,16,11,27,145,48,193,2017-06-01
EC4,6,2,8,79,20,99,2017-06-01
EC4,0,0,0,15,5,20,2017-06-01
EC4,6,6,12,41,18,59,2017-06-01
EC4,1,0,1,0,0,0,2017-06-01
EC4,24,23,47,158,101,259,2017-06-01
EC4,0,0,0,1,0,1,2017-06-01
EC4,13,14,27,124,70,194,2017-06-01
EC8,0,1,1,0,0,0,2017-06-01
EC10,1,0,1,0,0,0,2017-06-01
EC11,0,1,1,0,0,0,2017-06-01
EC12,1,0,1,1,0,1,2017-06-01
EC14,1,2,3,4,0,4,2017-06-01
EC15,0,0,0,1,0,1,2017-06-01
EC16,1,0,1,1,0,1,2017-06-01
EC17,1,0,1,2,2,4,2017-06-01
EC19,0,1,1,1,0,1,2017-06-01
EC24,0,0,0,0,1,1,2017-06-01
EC27,0,0,0,3,1,4,2017-06-01
EC28,0,0,0,1,0,1,2017-06-01
EC31,0,0,0,0,1,1,2017-06-01
EC34,1,0,1,0,0,0,2017-06-01
EC41,0,0,0,1,0,1,2017-06-01
EC47,0,0,0,5,0,5,2017-06-01
EC77,1,0,1,0,0,0,2017-06-01
EH0,1,5,6,3,3,6,2017-06-01
EH1,559,512,1071,1512,1046,2558,2017-06-01
EH1,0,1,1,0,0,0,2017-06-01
EH2,114,99,213,456,270,726,2017-06-01
EH3,1750,1811,3561,7258,6141,13399,2017-06-01
EH3,0,0,0,1,0,1,2017-06-01
EH4,3606,4195,7801,17899,15823,33722,2017-06-01
EH5,1452,1766,3218,6373,5266,11639,2017-06-01
EH6,3102,3263,6365,11864,9355,21219,2017-06-01
EH7,2652,2904,5556,9863,7799,17662,2017-06-01
EH8,1747,1852,3599,5891,4594,10485,2017-06-01
EH9,1265,1427,2692,6455,5914,12369,2017-06-01
EH10,1830,1887,3717,13042,11487,24529,2017-06-01
EH11,3537,3730,7267,10167,7368,17535,2017-06-01
EH12,1849,2349,4198,14000,12919,26919,2017-06-01
EH13,894,1020,1914,4801,4330,9131,2017-06-01
EH14,2595,2894,5489,13004,11014,24018,2017-06-01
EH15,1348,1533,2881,6801,6040,12841,2017-06-01
EH16,2307,2703,5010,8719,7129,15848,2017-06-01
EH17,1386,1825,3211,5732,4514,10246,2017-06-01
EH18,104,134,238,862,786,1648,2017-06-01
EH19,699,880,1579,5028,4698,9726,2017-06-01
EH20,315,493,808,2264,1804,4068,2017-06-01
EH21,1490,1873,3363,7851,6821,14672,2017-06-01
EH22,1786,2336,4122,10566,8938,19504,2017-06-01
EH23,454,642,1096,2933,2554,5487,2017-06-01
EH24,71,120,191,621,556,1177,2017-06-01
EH25,161,205,366,1200,1075,2275,2017-06-01
EH26,886,1172,2058,6094,5319,11413,2017-06-01
EH27,150,163,313,1070,1009,2079,2017-06-01
EH28,153,197,350,1253,1073,2326,2017-06-01
EH29,207,259,466,1821,1695,3516,2017-06-01
EH30,476,660,1136,3536,3193,6729,2017-06-01
EH31,84,102,186,997,963,1960,2017-06-01
EH32,923,1236,2159,6872,6059,12931,2017-06-01
EH33,649,856,1505,4746,4146,8892,2017-06-01
EH34,78,92,170,1038,975,2013,2017-06-01
EH35,93,154,247,789,639,1428,2017-06-01
EH36,13,11,24,171,160,331,2017-06-01
EH37,54,93,147,642,591,1233,2017-06-01
EH38,12,16,28,171,177,348,2017-06-01
EH39,387,462,849,3503,3362,6865,2017-06-01
EH40,58,83,141,850,833,1683,2017-06-01
EH41,504,638,1142,4392,4057,8449,2017-06-01
EH42,469,602,1071,3890,3491,7381,2017-06-01
EH43,43,61,104,278,260,538,2017-06-01
EH44,107,165,272,1261,1173,2434,2017-06-01
EH45,428,545,973,4048,3806,7854,2017-06-01
EH46,128,145,273,1429,1441,2870,2017-06-01
EH47,1422,2009,3431,8987,7225,16212,2017-06-01
EH48,1685,2311,3996,13172,11295,24467,2017-06-01
EH49,635,865,1500,6190,5626,11816,2017-06-01
EH51,689,887,1576,5068,4405,9473,2017-06-01
EH52,902,1290,2192,6975,5833,12808,2017-06-01
EH53,444,607,1051,3959,3497,7456,2017-06-01
EH54,3550,4696,8246,18290,15251,33541,2017-06-01
EH55,413,531,944,2956,2430,5386,2017-06-01
EN0,0,0,0,0,1,1,2017-06-01
EN1,3328,4151,7479,15325,13143,28468,2017-06-01
EN2,1583,2032,3615,10835,9712,20547,2017-06-01
EN3,5701,7422,13123,17419,13009,30428,2017-06-01
EN4,1460,1748,3208,9904,8919,18823,2017-06-01
EN5,2465,3083,5548,14054,12629,26683,2017-06-01
EN6,1232,1391,2623,11645,10886,22531,2017-06-01
EN7,816,1007,1823,8628,8144,16772,2017-06-01
EN8,2115,2618,4733,13299,10920,24219,2017-06-01
EN9,1038,1308,2346,9641,8296,17937,2017-06-01
EN10,714,876,1590,6754,6349,13103,2017-06-01
EN11,957,1123,2080,8479,7444,15923,2017-06-01
EX0,0,0,0,2,0,2,2017-06-01
EX1,1201,1429,2630,6947,6096,13043,2017-06-01
EX2,2049,2472,4521,14671,13257,27928,2017-06-01
EX3,152,140,292,1898,1864,3762,2017-06-01
EX4,3141,3650,6791,16064,13350,29414,2017-06-01
EX5,561,729,1290,8801,8521,17322,2017-06-01
EX6,379,435,814,6077,5790,11867,2017-06-01
EX7,563,703,1266,4869,4479,9348,2017-06-01
EX8,1681,2067,3748,13634,12448,26082,2017-06-01
EX9,152,220,372,2694,2674,5368,2017-06-01
EX10,527,661,1188,6644,6571,13215,2017-06-01
EX11,239,286,525,3341,3322,6663,2017-06-01
EX12,294,419,713,3720,3375,7095,2017-06-01
EX13,380,472,852,4901,4713,9614,2017-06-01
EX14,676,867,1543,8398,7760,16158,2017-06-01
EX15,672,794,1466,8607,7976,16583,2017-06-01
EX16,1257,1508,2765,12019,10987,23006,2017-06-01
EX17,680,848,1528,7599,7061,14660,2017-06-01
EX18,107,89,196,1317,1253,2570,2017-06-01
EX19,64,105,169,1554,1428,2982,2017-06-01
EX20,691,877,1568,8316,7552,15868,2017-06-01
EX21,106,105,211,1875,1762,3637,2017-06-01
EX22,309,366,675,4656,4078,8734,2017-06-01
EX23,569,670,1239,6159,5711,11870,2017-06-01
EX24,106,127,233,1491,1498,2989,2017-06-01
EX31,850,1114,1964,9775,8831,18606,2017-06-01
EX32,1329,1619,2948,8198,7143,15341,2017-06-01
EX33,335,435,770,4041,3736,7777,2017-06-01
EX34,879,1107,1986,6355,5403,11758,2017-06-01
EX35,87,80,167,684,627,1311,2017-06-01
EX36,285,344,629,3495,3180,6675,2017-06-01
EX37,80,114,194,1620,1498,3118,2017-06-01
EX38,304,388,692,3168,2864,6032,2017-06-01
EX39,1557,1892,3449,14298,13041,27339,2017-06-01
FK1,1459,1881,3340,9717,8065,17782,2017-06-01
FK1,0,0,0,0,1,1,2017-06-01
FK2,2109,2779,4888,16996,14863,31859,2017-06-01
FK3,990,1264,2254,5382,4352,9734,2017-06-01
FK4,577,857,1434,4708,4101,8809,2017-06-01
FK5,736,1032,1768,7068,6590,13658,2017-06-01
FK6,662,917,1579,4753,3984,8737,2017-06-01
FK7,1512,2169,3681,10300,9199,19499,2017-06-01
FK8,1074,1157,2231,5956,5258,11214,2017-06-01
FK9,604,746,1350,4397,3998,8395,2017-06-01
FK10,1958,2667,4625,12308,10666,22974,2017-06-01
FK11,91,121,212,1022,996,2018,2017-06-01
FK12,246,293,539,1744,1492,3236,2017-06-01
FK13,309,355,664,2156,1837,3993,2017-06-01
FK14,179,211,390,1816,1747,3563,2017-06-01
FK15,424,532,956,4108,3982,8090,2017-06-01
FK16,78,95,173,925,851,1776,2017-06-01
FK17,134,186,320,1427,1284,2711,2017-06-01
FK18,5,7,12,97,85,182,2017-06-01
FK19,18,27,45,246,212,458,2017-06-01
FK20,29,43,72,168,126,294,2017-06-01
FK21,39,49,88,391,334,725,2017-06-01
FY0,0,0,0,4,3,7,2017-06-01
FY1,3381,3450,6831,9385,5914,15299,2017-06-01
FY2,1379,1557,2936,8142,6905,15047,2017-06-01
FY3,2105,2596,4701,10226,8573,18799,2017-06-01
FY4,2671,3327,5998,14559,11988,26547,2017-06-01
FY5,1698,1994,3692,16594,14892,31486,2017-06-01
FY6,778,976,1754,11120,10496,21616,2017-06-01
FY7,1852,2091,3943,7995,6319,14314,2017-06-01
FY8,1790,2024,3814,16869,15558,32427,2017-06-01
G1,556,397,953,1452,803,2255,2017-06-01
G2,315,184,499,623,258,881,2017-06-01
G2,0,1,1,0,0,0,2017-06-01
G3,1819,1559,3378,4813,3095,7908,2017-06-01
G3,0,1,1,0,0,0,2017-06-01
G4,1287,942,2229,2549,1361,3910,2017-06-01
G5,1348,1181,2529,2918,1729,4647,2017-06-01
G6,0,4,4,6,1,7,2017-06-01
G7,1,0,1,4,4,8,2017-06-01
G8,0,0,0,2,0,2,2017-06-01
G9,0,0,0,3,0,3,2017-06-01
G10,0,2,2,0,0,0,2017-06-01
G11,1479,1585,3064,5907,5132,11039,2017-06-01
G12,1707,1589,3296,8072,7242,15314,2017-06-01
G13,2245,2614,4859,9618,8070,17688,2017-06-01
G14,1530,1695,3225,4992,4071,9063,2017-06-01
G15,1765,1991,3756,4001,3140,7141,2017-06-01
G16,2,1,3,0,0,0,2017-06-01
G17,0,0,0,0,1,1,2017-06-01
G18,0,1,1,0,1,1,2017-06-01
G19,1,0,1,1,0,1,2017-06-01
G20,3017,3232,6249,7557,5718,13275,2017-06-01
G21,3258,3572,6830,6411,4246,10657,2017-06-01
G22,1901,2191,4092,3963,2758,6721,2017-06-01
G23,552,758,1310,2133,1760,3893,2017-06-01
G24,1,0,1,0,0,0,2017-06-01
G25,0,2,2,1,0,1,2017-06-01
G26,0,0,0,2,0,2,2017-06-01
G29,0,0,0,1,0,1,2017-06-01
G30,3,0,3,1,0,1,2017-06-01
G31,2686,2861,5547,5596,3778,9374,2017-06-01
G32,2588,3272,5860,10678,7984,18662,2017-06-01
G33,3503,4156,7659,12014,9755,21769,2017-06-01
G34,1093,1273,2366,1798,1226,3024,2017-06-01
G35,1,1,2,0,0,0,2017-06-01
G36,0,2,2,2,0,2,2017-06-01
G37,0,0,0,1,1,2,2017-06-01
G38,0,0,0,1,0,1,2017-06-01
G39,0,0,0,0,1,1,2017-06-01
G40,1238,1426,2664,2871,1870,4741,2017-06-01
G41,2715,2810,5525,10642,8490,19132,2017-06-01
G42,3553,3067,6620,8013,5297,13310,2017-06-01
G43,1229,1345,2574,5253,4346,9599,2017-06-01
G44,1780,2306,4086,9357,8285,17642,2017-06-01
G45,1718,1951,3669,3289,2141,5430,2017-06-01
G46,1715,1933,3648,8501,7803,16304,2017-06-01
G47,1,1,2,3,1,4,2017-06-01
G48,2,0,2,1,1,2,2017-06-01
G49,0,0,0,4,0,4,2017-06-01
G50,2,0,2,1,1,2,2017-06-01
G51,2914,2819,5733,5712,3594,9306,2017-06-01
G52,2232,2839,5071,7962,6434,14396,2017-06-01
G53,2827,3357,6184,9313,7689,17002,2017-06-01
G54,2,0,2,2,0,2,2017-06-01
G55,0,3,3,1,2,3,2017-06-01
G56,1,1,2,1,0,1,2017-06-01
G57,0,1,1,0,0,0,2017-06-01
G58,0,0,0,1,0,1,2017-06-01
G59,0,0,0,0,1,1,2017-06-01
G60,260,312,572,1917,1814,3731,2017-06-01
G61,1089,1186,2275,11008,10829,21837,2017-06-01
G62,584,676,1260,5051,4964,10015,2017-06-01
G63,299,380,679,3782,3926,7708,2017-06-01
G64,1190,1521,2711,9810,9166,18976,2017-06-01
G65,798,1045,1843,4524,3713,8237,2017-06-01
G66,1943,2462,4405,13741,12416,26157,2017-06-01
G67,2662,3453,6115,10572,8151,18723,2017-06-01
G68,766,1011,1777,6900,6368,13268,2017-06-01
G69,1797,2286,4083,11778,10374,22152,2017-06-01
G70,0,0,0,1,3,4,2017-06-01
G71,1455,1871,3326,10323,9314,19637,2017-06-01
G72,2825,3588,6413,16018,13841,29859,2017-06-01
G73,2155,2681,4836,9748,8209,17957,2017-06-01
G74,1909,2402,4311,13143,11240,24383,2017-06-01
G75,2335,3198,5533,13382,11426,24808,2017-06-01
G76,935,1146,2081,8172,8006,16178,2017-06-01
G77,867,1001,1868,9576,9705,19281,2017-06-01
G78,1449,1782,3231,7730,6797,14527,2017-06-01
G80,1,0,1,0,0,0,2017-06-01
G81,2914,3722,6636,11233,9109,20342,2017-06-01
G82,1636,2023,3659,8679,7498,16177,2017-06-01
G83,1525,2048,3573,8125,6848,14973,2017-06-01
G84,1193,1464,2657,7818,7034,14852,2017-06-01
GL0,0,0,0,0,1,1,2017-06-01
GL1,2848,3053,5901,10881,7733,18614,2017-06-01
GL1,0,0,0,0,1,1,2017-06-01
GL2,1871,2354,4225,21346,19651,40997,2017-06-01
GL3,1179,1590,2769,12100,11080,23180,2017-06-01
GL4,2333,2953,5286,17068,15151,32219,2017-06-01
GL5,1485,1589,3074,11530,10686,22216,2017-06-01
GL6,823,948,1771,10051,9712,19763,2017-06-01
GL7,1661,1929,3590,17293,16313,33606,2017-06-01
GL8,256,343,599,3421,3255,6676,2017-06-01
GL9,58,65,123,1117,1063,2180,2017-06-01
GL10,606,606,1212,5441,4838,10279,2017-06-01
GL11,597,779,1376,7166,6609,13775,2017-06-01
GL12,475,488,963,6007,5636,11643,2017-06-01
GL13,151,172,323,2495,2217,4712,2017-06-01
GL14,651,895,1546,5830,4908,10738,2017-06-01
GL15,746,937,1683,8358,7489,15847,2017-06-01
GL16,460,637,1097,5290,4827,10117,2017-06-01
GL17,396,535,931,4661,4187,8848,2017-06-01
GL18,265,351,616,3296,2962,6258,2017-06-01
GL19,233,230,463,3694,3563,7257,2017-06-01
GL20,1080,1211,2291,10969,9981,20950,2017-06-01
GL50,1206,1441,2647,7492,6226,13718,2017-06-01
GL51,2699,3384,6083,18104,15582,33686,2017-06-01
GL52,1993,2196,4189,16363,15374,31737,2017-06-01
GL53,789,813,1602,7660,7508,15168,2017-06-01
GL54,777,869,1646,9681,9307,18988,2017-06-01
GL55,153,182,335,2180,2218,4398,2017-06-01
GL56,320,367,687,3649,3588,7237,2017-06-01
GU0,0,0,0,0,1,1,2017-06-01
GU1,1812,1981,3793,11228,9778,21006,2017-06-01
GU2,2078,2207,4285,10729,8882,19611,2017-06-01
GU3,379,414,793,4790,4573,9363,2017-06-01
GU4,536,612,1148,6605,6575,13180,2017-06-01
GU5,338,437,775,4420,4465,8885,2017-06-01
GU6,581,565,1146,5757,5743,11500,2017-06-01
GU7,1064,1193,2257,8598,8245,16843,2017-06-01
GU8,584,634,1218,7139,7052,14191,2017-06-01
GU9,1093,1380,2473,11306,10753,22059,2017-06-01
GU10,670,749,1419,9616,9406,19022,2017-06-01
GU11,1663,2000,3663,8484,6504,14988,2017-06-01
GU12,1489,1872,3361,12173,10712,22885,2017-06-01
GU13,770,14,784,504,50,554,2017-06-01
GU14,2886,3377,6263,21254,18596,39850,2017-06-01
GU15,1804,1980,3784,14254,12791,27045,2017-06-01
GU16,1158,1006,2164,9950,8880,18830,2017-06-01
GU17,653,505,1158,4961,4124,9085,2017-06-01
GU18,151,194,345,3058,2983,6041,2017-06-01
GU19,226,216,442,2451,2347,4798,2017-06-01
GU20,122,121,243,1940,1977,3917,2017-06-01
GU21,2792,3218,6010,19397,16871,36268,2017-06-01
GU22,1720,2031,3751,14074,12543,26617,2017-06-01
GU23,214,230,444,2846,2803,5649,2017-06-01
GU24,881,780,1661,6955,6540,13495,2017-06-01
GU25,359,374,733,2738,2771,5509,2017-06-01
GU26,249,273,522,3086,2969,6055,2017-06-01
GU27,687,844,1531,7045,6752,13797,2017-06-01
GU28,252,268,520,2747,2667,5414,2017-06-01
GU29,305,422,727,3815,3879,7694,2017-06-01
GU30,351,393,744,3914,3796,7710,2017-06-01
GU31,389,461,850,4526,4367,8893,2017-06-01
GU32,524,614,1138,4476,4287,8763,2017-06-01
GU33,291,337,628,3366,3239,6605,2017-06-01
GU34,1113,1364,2477,12348,11580,23928,2017-06-01
GU35,1012,1207,2219,9499,8294,17793,2017-06-01
GU46,415,464,879,6239,5945,12184,2017-06-01
GU47,648,772,1420,7740,7229,14969,2017-06-01
GU51,720,781,1501,9448,8971,18419,2017-06-01
GU52,403,520,923,6925,6749,13674,2017-06-01
HA0,11179,8748,19927,18228,11041,29269,2017-06-01
HA1,4197,4415,8612,14448,10640,25088,2017-06-01
HA2,5463,6112,11575,21446,16147,37593,2017-06-01
HA3,7760,7765,15525,28999,21234,50233,2017-06-01
HA4,2576,3020,5596,19567,17431,36998,2017-06-01
HA5,2362,2684,5046,18167,16798,34965,2017-06-01
HA6,1156,1452,2608,9491,8819,18310,2017-06-01
HA7,2685,3030,5715,15239,12674,27913,2017-06-01
HA8,7883,7916,15799,26723,19654,46377,2017-06-01
HA9,8659,7069,15728,19011,12070,31081,2017-06-01
HD1,2389,2079,4468,5902,3550,9452,2017-06-01
HD2,1948,2587,4535,9125,7433,16558,2017-06-01
HD3,1411,1921,3332,10461,9252,19713,2017-06-01
HD4,1624,2204,3828,9476,7709,17185,2017-06-01
HD5,1701,2303,4004,9876,8246,18122,2017-06-01
HD6,1227,1549,2776,9419,8192,17611,2017-06-01
HD7,976,1294,2270,8303,7310,15613,2017-06-01
HD8,970,1257,2227,12716,11956,24672,2017-06-01
HD9,1286,1587,2873,13200,12133,25333,2017-06-01
HG1,1633,1966,3599,12357,11141,23498,2017-06-01
HG2,1385,1585,2970,11908,11458,23366,2017-06-01
HG3,881,1015,1896,10556,10195,20751,2017-06-01
HG4,933,1121,2054,9548,8831,18379,2017-06-01
HG5,610,725,1335,7214,6705,13919,2017-06-01
HP1,1211,1433,2644,9578,8609,18187,2017-06-01
HP2,2250,2919,5169,14344,12073,26417,2017-06-01
HP2,0,0,0,1,0,1,2017-06-01
HP3,1456,1832,3288,12624,11210,23834,2017-06-01
HP4,850,848,1698,9548,9376,18924,2017-06-01
HP5,1214,1462,2676,9882,8940,18822,2017-06-01
HP6,579,619,1198,5702,5555,11257,2017-06-01
HP7,402,479,881,4332,4161,8493,2017-06-01
HP8,213,242,455,2936,2971,5907,2017-06-01
HP9,611,667,1278,7171,7227,14398,2017-06-01
HP10,588,667,1255,8087,7905,15992,2017-06-01
HP11,920,1057,1977,5362,4244,9606,2017-06-01
HP12,1392,1764,3156,8009,6205,14214,2017-06-01
HP13,2365,3000,5365,15681,13099,28780,2017-06-01
HP14,588,615,1203,7319,6914,14233,2017-06-01
HP15,438,518,956,7212,6970,14182,2017-06-01
HP16,332,409,741,4915,4917,9832,2017-06-01
HP17,276,318,594,4184,4110,8294,2017-06-01
HP18,523,613,1136,6989,6751,13740,2017-06-01
HP19,1272,1687,2959,8732,7376,16108,2017-06-01
HP20,895,1041,1936,5159,4138,9297,2017-06-01
HP21,1729,2255,3984,12178,10378,22556,2017-06-01
HP22,795,810,1605,10391,10160,20551,2017-06-01
HP23,645,741,1386,7023,6802,13825,2017-06-01
HP27,397,430,827,4996,4870,9866,2017-06-01
HR0,0,0,0,1,0,1,2017-06-01
HR1,1323,1439,2762,12188,11251,23439,2017-06-01
HR2,1778,2300,4078,13675,12102,25777,2017-06-01
HR3,179,217,396,3092,2908,6000,2017-06-01
HR4,1261,1476,2737,10905,9683,20588,2017-06-01
HR5,152,164,316,1842,1647,3489,2017-06-01
HR6,812,973,1785,7801,7038,14839,2017-06-01
HR7,222,252,474,2821,2493,5314,2017-06-01
HR8,478,612,1090,5476,5086,10562,2017-06-01
HR9,680,818,1498,8466,7797,16263,2017-06-01
HS1,306,368,674,1538,1322,2860,2017-06-01
HS2,555,722,1277,5115,4325,9440,2017-06-01
HS3,63,84,147,474,344,818,2017-06-01
HS4,18,19,37,88,75,163,2017-06-01
HS5,11,16,27,92,79,171,2017-06-01
HS6,61,104,165,614,541,1155,2017-06-01
HS7,77,111,188,469,380,849,2017-06-01
HS8,101,117,218,697,567,1264,2017-06-01
HS9,80,63,143,417,382,799,2017-06-01
HU1,345,240,585,978,429,1407,2017-06-01
HU2,414,397,811,986,395,1381,2017-06-01
HU3,3089,3018,6107,6736,3640,10376,2017-06-01
HU4,1477,1867,3344,7586,5928,13514,2017-06-01
HU5,3532,3830,7362,14350,10840,25190,2017-06-01
HU6,2789,3257,6046,8607,6035,14642,2017-06-01
HU7,3112,3921,7033,13315,10399,23714,2017-06-01
HU8,2226,2822,5048,10895,8323,19218,2017-06-01
HU9,3277,3989,7266,10637,7192,17829,2017-06-01
HU10,609,739,1348,7342,6868,14210,2017-06-01
HU11,363,470,833,5180,4513,9693,2017-06-01
HU12,892,1230,2122,10100,8759,18859,2017-06-01
HU13,674,863,1537,5308,4649,9957,2017-06-01
HU14,237,250,487,3445,3329,6774,2017-06-01
HU15,645,830,1475,9284,8764,18048,2017-06-01
HU16,599,720,1319,5966,5429,11395,2017-06-01
HU17,1627,1991,3618,16588,15085,31673,2017-06-01
HU18,355,465,820,3263,2783,6046,2017-06-01
HU19,477,526,1003,2438,1661,4099,2017-06-01
HU20,25,37,62,377,355,732,2017-06-01
HU23,1,0,1,0,0,0,2017-06-01
HU30,1,0,1,0,0,0,2017-06-01
HU33,1,0,1,0,0,0,2017-06-01
HU41,1,0,1,0,0,0,2017-06-01
HV15,0,0,0,0,1,1,2017-06-01
HX0,0,0,0,0,1,1,2017-06-01
HX1,1852,2428,4280,6539,4013,10552,2017-06-01
HX2,2059,2707,4766,12567,10511,23078,2017-06-01
HX3,2227,2953,5180,15998,13752,29750,2017-06-01
HX4,443,607,1050,4550,4208,8758,2017-06-01
HX5,529,713,1242,3406,2798,6204,2017-06-01
HX6,901,1146,2047,6712,5758,12470,2017-06-01
HX7,684,801,1485,4654,4558,9212,2017-06-01
IG1,10341,8913,19254,21507,12596,34103,2017-06-01
IG2,2838,2964,5802,10042,7083,17125,2017-06-01
IG3,4657,4396,9053,13083,8404,21487,2017-06-01
IG4,796,895,1691,3691,2781,6472,2017-06-01
IG5,1200,1388,2588,6279,5197,11476,2017-06-01
IG6,2055,2534,4589,10196,8112,18308,2017-06-01
IG7,1176,1524,2700,7823,6987,14810,2017-06-01
IG8,2159,2562,4721,13838,12103,25941,2017-06-01
IG9,523,590,1113,5063,4815,9878,2017-06-01
IG10,1476,1819,3295,11842,11100,22942,2017-06-01
IG11,8162,8020,16182,17037,10012,27049,2017-06-01
IP0,1,0,1,0,0,0,2017-06-01
IP1,2436,2727,5163,13208,10150,23358,2017-06-01
IP2,1799,2351,4150,10252,7831,18083,2017-06-01
IP3,1667,2222,3889,11681,9152,20833,2017-06-01
IP4,1827,2103,3930,13157,11083,24240,2017-06-01
IP5,523,627,1150,7504,7104,14608,2017-06-01
IP6,425,519,944,6816,6301,13117,2017-06-01
IP7,478,619,1097,6372,5796,12168,2017-06-01
IP8,275,368,643,4512,4042,8554,2017-06-01
IP9,309,375,684,4548,4319,8867,2017-06-01
IP10,72,102,174,1490,1404,2894,2017-06-01
IP11,1103,1493,2596,11615,9878,21493,2017-06-01
IP12,865,940,1805,9585,9155,18740,2017-06-01
IP13,570,664,1234,7471,7223,14694,2017-06-01
IP14,1225,1502,2727,15419,13884,29303,2017-06-01
IP15,75,88,163,881,926,1807,2017-06-01
IP16,309,366,675,2461,2128,4589,2017-06-01
IP17,354,476,830,4750,4557,9307,2017-06-01
IP18,145,151,296,1416,1412,2828,2017-06-01
IP19,265,333,598,4091,3754,7845,2017-06-01
IP20,224,270,494,3264,2992,6256,2017-06-01
IP21,260,326,586,4626,4365,8991,2017-06-01
IP22,766,852,1618,8812,8058,16870,2017-06-01
IP23,220,285,505,2983,2761,5744,2017-06-01
IP24,1677,2108,3785,9169,7245,16414,2017-06-01
IP25,630,758,1388,6959,6126,13085,2017-06-01
IP26,292,358,650,3410,3171,6581,2017-06-01
IP27,896,1075,1971,6044,5303,11347,2017-06-01
IP28,1037,1283,2320,8814,8361,17175,2017-06-01
IP29,251,271,522,3728,3591,7319,2017-06-01
IP30,369,472,841,5617,5350,10967,2017-06-01
IP31,562,724,1286,8347,7778,16125,2017-06-01
IP32,749,964,1713,5472,4982,10454,2017-06-01
IP33,1055,1316,2371,8358,7355,15713,2017-06-01
IV1,181,158,339,983,897,1880,2017-06-01
IV2,2268,2880,5148,17521,15750,33271,2017-06-01
IV3,1399,1689,3088,6080,4803,10883,2017-06-01
IV3,0,0,0,0,1,1,2017-06-01
IV4,170,213,383,1813,1641,3454,2017-06-01
IV5,52,56,108,530,519,1049,2017-06-01
IV6,180,212,392,1762,1597,3359,2017-06-01
IV7,193,244,437,2287,2198,4485,2017-06-01
IV8,28,26,54,355,348,703,2017-06-01
IV9,59,59,118,458,440,898,2017-06-01
IV10,105,120,225,1067,1020,2087,2017-06-01
IV11,48,59,107,321,302,623,2017-06-01
IV12,630,754,1384,4605,4142,8747,2017-06-01
IV13,14,23,37,272,218,490,2017-06-01
IV14,79,101,180,847,766,1613,2017-06-01
IV15,331,373,704,1965,1696,3661,2017-06-01
IV16,58,80,138,714,660,1374,2017-06-01
IV17,371,448,819,2132,1787,3919,2017-06-01
IV18,300,398,698,2066,1718,3784,2017-06-01
IV19,238,274,512,1727,1546,3273,2017-06-01
IV20,153,189,342,1171,1014,2185,2017-06-01
IV21,48,48,96,457,387,844,2017-06-01
IV22,57,73,130,603,523,1126,2017-06-01
IV23,33,48,81,360,307,667,2017-06-01
IV24,45,65,110,561,525,1086,2017-06-01
IV25,91,100,191,959,921,1880,2017-06-01
IV26,105,121,226,728,670,1398,2017-06-01
IV27,156,168,324,1514,1293,2807,2017-06-01
IV28,11,18,29,190,178,368,2017-06-01
IV30,1624,2097,3721,12170,10708,22878,2017-06-01
IV31,360,442,802,2602,2248,4850,2017-06-01
IV32,200,225,425,1862,1727,3589,2017-06-01
IV33,1,0,1,1,2,3,2017-06-01
IV34,0,0,0,0,1,1,2017-06-01
IV36,704,983,1687,5953,5251,11204,2017-06-01
IV40,128,177,305,977,835,1812,2017-06-01
IV41,30,19,49,137,119,256,2017-06-01
IV42,18,19,37,198,167,365,2017-06-01
IV43,13,15,28,118,100,218,2017-06-01
IV44,10,13,23,105,95,200,2017-06-01
IV45,12,7,19,121,108,229,2017-06-01
IV46,5,4,9,34,30,64,2017-06-01
IV47,18,26,44,251,208,459,2017-06-01
IV48,0,5,5,34,31,65,2017-06-01
IV49,57,66,123,447,366,813,2017-06-01
IV51,233,308,541,2028,1786,3814,2017-06-01
IV52,21,25,46,119,140,259,2017-06-01
IV53,7,3,10,64,59,123,2017-06-01
IV54,57,77,134,579,463,1042,2017-06-01
IV55,53,51,104,525,461,986,2017-06-01
IV56,8,13,21,155,120,275,2017-06-01
IV63,105,138,243,991,935,1926,2017-06-01
KA1,1447,1858,3305,9593,8161,17754,2017-06-01
KA2,290,398,688,2542,2277,4819,2017-06-01
KA3,1871,2449,4320,13259,11675,24934,2017-06-01
KA4,251,336,587,1945,1769,3714,2017-06-01
KA5,415,609,1024,3613,2966,6579,2017-06-01
KA6,985,1311,2296,6469,5510,11979,2017-06-01
KA7,1227,1477,2704,10340,9678,20018,2017-06-01
KA8,1206,1623,2829,5535,4206,9741,2017-06-01
KA9,673,792,1465,5970,5532,11502,2017-06-01
KA10,633,794,1427,5993,5578,11571,2017-06-01
KA11,1138,1628,2766,7032,5973,13005,2017-06-01
KA12,1184,1600,2784,5559,4369,9928,2017-06-01
KA13,1000,1376,2376,5568,4684,10252,2017-06-01
KA14,32,30,62,192,168,360,2017-06-01
KA15,347,422,769,2581,2267,4848,2017-06-01
KA16,176,188,364,1131,872,2003,2017-06-01
KA17,156,222,378,1525,1323,2848,2017-06-01
KA18,1076,1531,2607,7029,5518,12547,2017-06-01
KA19,358,466,824,2679,2321,5000,2017-06-01
KA20,663,859,1522,2633,2070,4703,2017-06-01
KA21,833,949,1782,3784,3146,6930,2017-06-01
KA22,667,940,1607,3459,2892,6351,2017-06-01
KA23,199,290,489,2018,1903,3921,2017-06-01
KA24,306,462,768,2034,1747,3781,2017-06-01
KA25,418,552,970,2238,1801,4039,2017-06-01
KA26,503,719,1222,3706,3080,6786,2017-06-01
KA27,245,289,534,1806,1702,3508,2017-06-01
KA28,44,71,115,437,367,804,2017-06-01
KA29,50,71,121,589,561,1150,2017-06-01
KA30,423,612,1035,4163,3745,7908,2017-06-01
KT1,1793,1943,3736,7597,6026,13623,2017-06-01
KT2,2090,2517,4607,11628,10572,22200,2017-06-01
KT3,3099,3436,6535,15665,13381,29046,2017-06-01
KT4,1563,1730,3293,11588,10662,22250,2017-06-01
KT5,1244,1387,2631,7656,6556,14212,2017-06-01
KT6,1911,2264,4175,11689,10202,21891,2017-06-01
KT7,411,459,870,4068,4056,8124,2017-06-01
KT8,1027,1102,2129,8018,7562,15580,2017-06-01
KT9,1266,1424,2690,7915,6947,14862,2017-06-01
KT10,950,910,1860,9111,9261,18372,2017-06-01
KT11,867,881,1748,7101,7231,14332,2017-06-01
KT12,1775,1926,3701,15111,14471,29582,2017-06-01
KT13,986,1106,2092,10158,9914,20072,2017-06-01
KT14,597,624,1221,5408,5266,10674,2017-06-01
KT15,1165,1266,2431,11356,10561,21917,2017-06-01
KT16,804,956,1760,7680,7081,14761,2017-06-01
KT17,1095,1121,2216,9633,8863,18496,2017-06-01
KT18,673,881,1554,6566,6513,13079,2017-06-01
KT19,2013,2297,4310,13456,12239,25695,2017-06-01
KT20,693,855,1548,8625,8295,16920,2017-06-01
KT21,472,531,1003,5437,5509,10946,2017-06-01
KT22,1060,1098,2158,9895,9439,19334,2017-06-01
KT23,341,340,681,4496,4506,9002,2017-06-01
KT24,283,256,539,3936,4069,8005,2017-06-01
KW1,498,542,1040,3841,3296,7137,2017-06-01
KW2,4,3,7,30,27,57,2017-06-01
KW3,40,55,95,419,344,763,2017-06-01
KW5,10,11,21,124,115,239,2017-06-01
KW6,13,9,22,149,114,263,2017-06-01
KW7,1,5,6,44,39,83,2017-06-01
KW8,26,34,60,316,278,594,2017-06-01
KW9,68,94,162,656,566,1222,2017-06-01
KW10,78,100,178,611,527,1138,2017-06-01
KW11,3,7,10,47,37,84,2017-06-01
KW12,46,65,111,657,595,1252,2017-06-01
KW13,5,5,10,41,34,75,2017-06-01
KW14,652,779,1431,4446,3717,8163,2017-06-01
KW15,426,498,924,2901,2632,5533,2017-06-01
KW16,152,227,379,1359,1202,2561,2017-06-01
KW17,382,452,834,3510,3181,6691,2017-06-01
KY1,1353,1716,3069,8186,6676,14862,2017-06-01
KY2,1486,2054,3540,10161,8806,18967,2017-06-01
KY3,508,664,1172,3908,3504,7412,2017-06-01
KY4,1071,1552,2623,7496,5965,13461,2017-06-01
KY5,1083,1581,2664,6472,4959,11431,2017-06-01
KY6,1087,1389,2476,6283,5352,11635,2017-06-01
KY7,1481,1923,3404,9353,8066,17419,2017-06-01
KY8,1895,2477,4372,11350,9418,20768,2017-06-01
KY9,61,74,135,743,741,1484,2017-06-01
KY10,370,527,897,3337,3053,6390,2017-06-01
KY11,3105,4005,7110,21359,18783,40142,2017-06-01
KY12,1787,2253,4040,14080,12328,26408,2017-06-01
KY13,372,415,787,4470,4426,8896,2017-06-01
KY14,238,304,542,2608,2350,4958,2017-06-01
KY15,757,1029,1786,8103,7552,15655,2017-06-01
KY16,1127,1403,2530,6271,5738,12009,2017-06-01
L1,558,512,1070,1281,732,2013,2017-06-01
L2,80,47,127,221,95,316,2017-06-01
L3,1017,989,2006,3203,2016,5219,2017-06-01
L4,3869,4744,8613,9690,6369,16059,2017-06-01
L5,1404,1741,3145,2995,1731,4726,2017-06-01
L6,2638,2738,5376,4963,2724,7687,2017-06-01
L7,2375,2190,4565,3560,1784,5344,2017-06-01
L8,4164,4182,8346,6674,3854,10528,2017-06-01
L9,2256,2978,5234,8930,6689,15619,2017-06-01
L10,888,1291,2179,4949,4032,8981,2017-06-01
L11,2452,3286,5738,6702,4843,11545,2017-06-01
L12,1708,2278,3986,10728,9391,20119,2017-06-01
L13,2649,3205,5854,8106,5746,13852,2017-06-01
L14,2119,3014,5133,7421,5720,13141,2017-06-01
L15,2403,2731,5134,7095,5332,12427,2017-06-01
L16,702,864,1566,5419,4918,10337,2017-06-01
L17,1575,1681,3256,6915,5833,12748,2017-06-01
L18,1315,1577,2892,8835,8067,16902,2017-06-01
L19,1562,1801,3363,7555,6437,13992,2017-06-01
L20,3111,3664,6775,8256,5457,13713,2017-06-01
L21,1974,2553,4527,6809,5151,11960,2017-06-01
L22,978,1057,2035,4527,3731,8258,2017-06-01
L23,1599,1959,3558,11089,10109,21198,2017-06-01
L24,1287,1772,3059,4340,3093,7433,2017-06-01
L25,1982,2419,4401,11495,9674,21169,2017-06-01
L26,1033,1321,2354,5029,4402,9431,2017-06-01
L27,569,776,1345,1722,1246,2968,2017-06-01
L28,637,836,1473,1623,946,2569,2017-06-01
L29,31,25,56,202,198,400,2017-06-01
L30,1486,1978,3464,5589,4272,9861,2017-06-01
L31,1270,1556,2826,11495,10290,21785,2017-06-01
L32,1762,2350,4112,5714,4116,9830,2017-06-01
L33,1578,2101,3679,4677,3478,8155,2017-06-01
L34,628,793,1421,4445,3614,8059,2017-06-01
L35,1709,2396,4105,10593,8546,19139,2017-06-01
L36,3148,4238,7386,11988,9420,21408,2017-06-01
L37,838,933,1771,9227,8955,18182,2017-06-01
L38,87,107,194,1088,1066,2154,2017-06-01
L39,1000,1141,2141,10137,9480,19617,2017-06-01
L40,594,622,1216,7431,6817,14248,2017-06-01
L41,128,145,273,138,75,213,2017-06-01
L42,63,50,113,95,43,138,2017-06-01
L43,97,142,239,204,167,371,2017-06-01
L44,50,32,82,101,34,135,2017-06-01
L45,21,24,45,83,46,129,2017-06-01
L46,21,28,49,108,50,158,2017-06-01
L47,16,13,29,49,37,86,2017-06-01
L48,13,15,28,71,56,127,2017-06-01
L49,24,36,60,78,62,140,2017-06-01
L52,0,1,1,0,0,0,2017-06-01
L60,6,19,25,130,127,257,2017-06-01
L61,13,13,26,56,71,127,2017-06-01
L62,30,36,66,87,63,150,2017-06-01
L63,22,22,44,106,61,167,2017-06-01
L64,28,25,53,142,134,276,2017-06-01
L65,26,26,52,68,42,110,2017-06-01
L66,28,38,66,152,126,278,2017-06-01
L67,0,1,1,0,0,0,2017-06-01
L69,20,5,25,35,5,40,2017-06-01
L71,0,1,1,0,0,0,2017-06-01
LA0,0,0,0,0,1,1,2017-06-01
LA1,3205,3854,7059,14754,12228,26982,2017-06-01
LA2,655,783,1438,8505,8071,16576,2017-06-01
LA3,1383,1664,3047,8872,7625,16497,2017-06-01
LA4,1464,1718,3182,8621,7164,15785,2017-06-01
LA5,518,632,1150,6345,6085,12430,2017-06-01
LA6,317,410,727,5405,5325,10730,2017-06-01
LA7,131,157,288,2060,1974,4034,2017-06-01
LA8,205,233,438,3791,3645,7436,2017-06-01
LA9,1167,1450,2617,11351,10277,21628,2017-06-01
LA10,96,105,201,1424,1329,2753,2017-06-01
LA11,222,296,518,3961,3873,7834,2017-06-01
LA12,683,816,1499,8030,7229,15259,2017-06-01
LA13,984,1233,2217,6807,5824,12631,2017-06-01
LA14,2467,2923,5390,11923,9320,21243,2017-06-01
LA15,339,449,788,2803,2432,5235,2017-06-01
LA16,100,152,252,1340,1171,2511,2017-06-01
LA17,15,33,48,496,476,972,2017-06-01
LA18,357,481,838,2952,2391,5343,2017-06-01
LA19,23,38,61,435,384,819,2017-06-01
LA20,16,35,51,545,479,1024,2017-06-01
LA21,30,44,74,423,373,796,2017-06-01
LA22,224,245,469,1860,1691,3551,2017-06-01
LA23,423,442,865,3368,2963,6331,2017-06-01
LD0,0,0,0,1,0,1,2017-06-01
LD1,354,462,816,4429,3975,8404,2017-06-01
LD2,150,170,320,2229,2000,4229,2017-06-01
LD3,754,861,1615,7564,6897,14461,2017-06-01
LD4,14,23,37,318,305,623,2017-06-01
LD5,29,45,74,447,384,831,2017-06-01
LD6,85,121,206,1076,961,2037,2017-06-01
LD7,141,170,311,1854,1669,3523,2017-06-01
LD8,110,118,228,1834,1708,3542,2017-06-01
LE0,0,0,0,1,0,1,2017-06-01
LE1,1513,1378,2891,2574,1261,3835,2017-06-01
LE2,8534,9677,18211,34924,27518,62442,2017-06-01
LE3,7195,8574,15769,32008,23994,56002,2017-06-01
LE4,8105,9962,18067,31865,23379,55244,2017-06-01
LE5,7627,8745,16372,27242,19547,46789,2017-06-01
LE6,345,447,792,4899,4453,9352,2017-06-01
LE7,1347,1712,3059,18591,17238,35829,2017-06-01
LE8,1012,1294,2306,14458,13882,28340,2017-06-01
LE9,1783,2308,4091,22280,19967,42247,2017-06-01
LE10,1701,2129,3830,19502,17160,36662,2017-06-01
LE11,3540,3744,7284,18946,14430,33376,2017-06-01
LE12,1969,2427,4396,24860,22858,47718,2017-06-01
LE13,1071,1381,2452,9836,8458,18294,2017-06-01
LE14,437,534,971,7335,6908,14243,2017-06-01
LE15,1026,1402,2428,12660,11819,24479,2017-06-01
LE16,1226,1447,2673,13677,12773,26450,2017-06-01
LE17,560,699,1259,8829,7979,16808,2017-06-01
LE18,1327,1819,3146,11706,10120,21826,2017-06-01
LE19,432,624,1056,5680,5259,10939,2017-06-01
LE62,0,1,1,0,0,0,2017-06-01
LE65,525,644,1169,5816,5322,11138,2017-06-01
LE67,2195,2801,4996,22552,19531,42083,2017-06-01
LL1,2,1,3,16,11,27,2017-06-01
LL2,0,0,0,3,0,3,2017-06-01
LL10,0,0,0,1,0,1,2017-06-01
LL11,1849,2383,4232,13186,11020,24206,2017-06-01
LL12,1206,1360,2566,10456,9372,19828,2017-06-01
LL13,2252,2508,4760,10726,8649,19375,2017-06-01
LL14,1717,2379,4096,10941,8847,19788,2017-06-01
LL15,357,456,813,3986,3681,7667,2017-06-01
LL16,677,833,1510,5606,5084,10690,2017-06-01
LL17,178,236,414,2136,1987,4123,2017-06-01
LL18,2501,3269,5770,13696,11452,25148,2017-06-01
LL19,1000,1276,2276,7039,6238,13277,2017-06-01
LL20,348,379,727,3156,2709,5865,2017-06-01
LL21,213,282,495,2608,2310,4918,2017-06-01
LL22,718,902,1620,6893,6065,12958,2017-06-01
LL23,115,151,266,1563,1352,2915,2017-06-01
LL24,58,81,139,867,737,1604,2017-06-01
LL25,21,16,37,179,172,351,2017-06-01
LL26,185,244,429,1581,1372,2953,2017-06-01
LL27,36,50,86,335,261,596,2017-06-01
LL28,502,627,1129,5102,4825,9927,2017-06-01
LL29,1202,1410,2612,6707,5819,12526,2017-06-01
LL30,1087,1314,2401,7305,6342,13647,2017-06-01
LL31,386,519,905,3603,3290,6893,2017-06-01
LL32,292,353,645,2390,2257,4647,2017-06-01
LL33,188,254,442,1384,1233,2617,2017-06-01
LL34,192,286,478,1507,1341,2848,2017-06-01
LL35,22,27,49,299,244,543,2017-06-01
LL36,155,212,367,1636,1430,3066,2017-06-01
LL37,20,23,43,229,192,421,2017-06-01
LL38,16,36,52,280,207,487,2017-06-01
LL39,10,15,25,87,74,161,2017-06-01
LL40,158,189,347,1548,1344,2892,2017-06-01
LL41,313,402,715,2129,1704,3833,2017-06-01
LL42,139,180,319,759,617,1376,2017-06-01
LL43,12,18,30,212,185,397,2017-06-01
LL44,21,39,60,384,350,734,2017-06-01
LL45,25,22,47,233,232,465,2017-06-01
LL46,54,65,119,671,620,1291,2017-06-01
LL47,9,25,34,235,195,430,2017-06-01
LL48,98,136,234,904,792,1696,2017-06-01
LL49,203,232,435,1528,1236,2764,2017-06-01
LL51,20,39,59,352,284,636,2017-06-01
LL52,90,90,180,1000,937,1937,2017-06-01
LL53,486,616,1102,6101,5482,11583,2017-06-01
LL54,419,539,958,4088,3638,7726,2017-06-01
LL55,967,1241,2208,7207,6271,13478,2017-06-01
LL56,99,83,182,824,760,1584,2017-06-01
LL57,1644,1685,3329,7385,6126,13511,2017-06-01
LL58,138,212,350,1395,1299,2694,2017-06-01
LL59,266,236,502,2032,1943,3975,2017-06-01
LL60,111,120,231,1149,1099,2248,2017-06-01
LL61,205,241,446,2310,2182,4492,2017-06-01
LL62,60,54,114,707,654,1361,2017-06-01
LL63,43,65,108,548,464,1012,2017-06-01
LL64,35,38,73,307,279,586,2017-06-01
LL65,1245,1492,2737,8230,6898,15128,2017-06-01
LL66,9,10,19,105,89,194,2017-06-01
LL67,54,90,144,509,446,955,2017-06-01
LL68,255,321,576,2302,1990,4292,2017-06-01
LL69,25,30,55,266,227,493,2017-06-01
LL70,10,11,21,116,116,232,2017-06-01
LL71,62,86,148,727,638,1365,2017-06-01
LL72,31,47,78,275,243,518,2017-06-01
LL73,3,2,5,103,95,198,2017-06-01
LL74,77,88,165,974,930,1904,2017-06-01
LL75,54,56,110,575,542,1117,2017-06-01
LL76,10,8,18,114,101,215,2017-06-01
LL77,293,383,676,2495,2326,4821,2017-06-01
LL78,13,15,28,212,208,420,2017-06-01
LN1,1188,1417,2605,9607,8226,17833,2017-06-01
LN2,2079,2504,4583,13043,11263,24306,2017-06-01
LN3,283,345,628,3844,3432,7276,2017-06-01
LN4,1225,1655,2880,15212,13505,28717,2017-06-01
LN5,1769,1981,3750,11202,9177,20379,2017-06-01
LN6,2434,3118,5552,21152,18785,39937,2017-06-01
LN7,205,259,464,2550,2366,4916,2017-06-01
LN8,542,721,1263,7026,6380,13406,2017-06-01
LN9,312,364,676,3843,3449,7292,2017-06-01
LN10,143,192,335,2500,2340,4840,2017-06-01
LN11,1037,1291,2328,10776,9896,20672,2017-06-01
LN12,570,741,1311,4934,3809,8743,2017-06-01
LN13,292,359,651,3177,2810,5987,2017-06-01
LS0,0,1,1,0,0,0,2017-06-01
LS1,243,236,479,864,475,1339,2017-06-01
LS2,880,721,1601,1297,582,1879,2017-06-01
LS3,325,313,638,509,258,767,2017-06-01
LS4,773,772,1545,2190,1489,3679,2017-06-01
LS5,596,702,1298,2309,1766,4075,2017-06-01
LS6,3178,3080,6258,8468,6205,14673,2017-06-01
LS7,3018,3474,6492,8115,6361,14476,2017-06-01
LS8,4354,4890,9244,14505,11086,25591,2017-06-01
LS9,4095,4774,8869,8671,4776,13447,2017-06-01
LS10,2802,3769,6571,10060,6916,16976,2017-06-01
LS11,3478,4091,7569,8949,4992,13941,2017-06-01
LS12,3045,3699,6744,12073,8590,20663,2017-06-01
LS13,2493,3412,5905,10768,8307,19075,2017-06-01
LS14,2568,3498,6066,10268,7780,18048,2017-06-01
LS15,1728,2294,4022,12621,10683,23304,2017-06-01
LS16,1716,2105,3821,12960,11852,24812,2017-06-01
LS17,1745,2422,4167,16939,15626,32565,2017-06-01
LS18,1173,1023,2196,7943,6759,14702,2017-06-01
LS19,785,1042,1827,7410,6754,14164,2017-06-01
LS20,488,563,1051,4843,4597,9440,2017-06-01
LS21,702,864,1566,6848,6351,13199,2017-06-01
LS22,468,573,1041,6280,6094,12374,2017-06-01
LS23,252,298,550,3413,3329,6742,2017-06-01
LS24,394,467,861,4673,4246,8919,2017-06-01
LS25,1566,2129,3695,15331,13596,28927,2017-06-01
LS26,1315,1810,3125,10907,9554,20461,2017-06-01
LS27,1813,2444,4257,12573,10304,22877,2017-06-01
LS28,1682,2350,4032,14187,12675,26862,2017-06-01
LS29,1047,1213,2260,12526,12337,24863,2017-06-01
LS70,0,0,0,1,0,1,2017-06-01
LU1,5356,4995,10351,14048,8627,22675,2017-06-01
LU2,3844,4660,8504,21362,17128,38490,2017-06-01
LU3,4882,6069,10951,21419,15873,37292,2017-06-01
LU4,4787,5983,10770,17346,11505,28851,2017-06-01
LU5,1999,2627,4626,14535,12079,26614,2017-06-01
LU6,1242,1591,2833,13265,11685,24950,2017-06-01
LU7,1933,2445,4378,22944,20609,43553,2017-06-01
M0,20,8,28,38,18,56,2017-06-01
M1,904,620,1524,2457,1184,3641,2017-06-01
M2,17,11,28,62,45,107,2017-06-01
M3,1006,809,1815,3293,1803,5096,2017-06-01
M4,934,711,1645,3054,1865,4919,2017-06-01
M4,0,0,0,1,0,1,2017-06-01
M5,1656,1742,3398,4244,2635,6879,2017-06-01
M6,3134,3206,6340,9471,6492,15963,2017-06-01
M7,3084,2731,5815,7967,5198,13165,2017-06-01
M8,4615,4115,8730,9526,5171,14697,2017-06-01
M9,3713,4694,8407,10720,7649,18369,2017-06-01
M10,93,76,169,87,30,117,2017-06-01
M11,2403,2959,5362,5292,3299,8591,2017-06-01
M12,2903,2553,5456,4466,2229,6695,2017-06-01
M13,3649,2974,6623,5536,2723,8259,2017-06-01
M14,5805,4972,10777,10071,5991,16062,2017-06-01
M15,2432,1982,4414,4972,2639,7611,2017-06-01
M16,3689,3936,7625,10712,7708,18420,2017-06-01
M17,3,5,8,14,3,17,2017-06-01
M18,2481,2918,5399,5737,3742,9479,2017-06-01
M19,3798,3850,7648,10805,7721,18526,2017-06-01
M20,3266,3491,6757,15389,13057,28446,2017-06-01
M21,2072,2346,4418,9796,8588,18384,2017-06-01
M22,3669,4385,8054,11831,9080,20911,2017-06-01
M23,2340,2944,5284,9163,7386,16549,2017-06-01
M24,3201,3901,7102,15202,12233,27435,2017-06-01
M25,1838,2184,4022,10909,9377,20286,2017-06-01
M26,1939,2431,4370,11876,10111,21987,2017-06-01
M27,2332,2848,5180,13697,11429,25126,2017-06-01
M28,1743,2200,3943,14747,13158,27905,2017-06-01
M29,975,1246,2221,8666,7658,16324,2017-06-01
M30,2643,3128,5771,11624,8873,20497,2017-06-01
M31,727,832,1559,2507,2067,4574,2017-06-01
M32,2045,2469,4514,9292,7869,17161,2017-06-01
M33,2797,3292,6089,22433,20358,42791,2017-06-01
M34,2548,3134,5682,16198,13552,29750,2017-06-01
M35,1230,1480,2710,6906,5673,12579,2017-06-01
M38,1086,1463,2549,3697,2629,6326,2017-06-01
M39,0,1,1,1,0,1,2017-06-01
M40,4018,4894,8912,11393,8022,19415,2017-06-01
M41,1924,2202,4126,15230,14027,29257,2017-06-01
M43,1380,1921,3301,7737,6203,13940,2017-06-01
M44,1080,1438,2518,6768,5529,12297,2017-06-01
M45,1222,1561,2783,7926,7013,14939,2017-06-01
M46,1111,1352,2463,7332,5923,13255,2017-06-01
M47,1,0,1,0,0,0,2017-06-01
M50,246,250,496,1192,666,1858,2017-06-01
M51,0,0,0,1,0,1,2017-06-01
M52,0,0,0,1,0,1,2017-06-01
M54,0,0,0,1,0,1,2017-06-01
M60,42,20,62,62,16,78,2017-06-01
M70,1,1,2,4,2,6,2017-06-01
M73,0,0,0,1,0,1,2017-06-01
M74,0,0,0,1,1,2,2017-06-01
M87,0,1,1,0,0,0,2017-06-01
M90,1,0,1,1,0,1,2017-06-01
ME1,1729,2131,3860,10907,9278,20185,2017-06-01
ME2,2058,2718,4776,14760,12595,27355,2017-06-01
ME3,1045,1328,2373,11265,10182,21447,2017-06-01
ME4,2608,2922,5530,9643,6728,16371,2017-06-01
ME5,2373,3356,5729,19442,16768,36210,2017-06-01
ME6,472,630,1102,3927,3474,7401,2017-06-01
ME7,3486,4525,8011,16823,13228,30051,2017-06-01
ME8,2121,2630,4751,18770,16649,35419,2017-06-01
ME9,769,919,1688,8879,8125,17004,2017-06-01
ME10,2510,3083,5593,17084,14449,31533,2017-06-01
ME11,269,331,600,1138,881,2019,2017-06-01
ME12,2115,2749,4864,13630,11021,24651,2017-06-01
ME13,1267,1589,2856,10192,9096,19288,2017-06-01
ME14,1423,1634,3057,12290,10559,22849,2017-06-01
ME15,2428,3044,5472,18200,15374,33574,2017-06-01
ME16,1375,1763,3138,11668,9895,21563,2017-06-01
ME17,701,835,1536,9723,8733,18456,2017-06-01
ME18,222,248,470,2950,2782,5732,2017-06-01
ME19,733,831,1564,8883,8574,17457,2017-06-01
ME20,752,924,1676,8053,7475,15528,2017-06-01
ME21,0,0,0,1,0,1,2017-06-01
ME22,0,0,0,1,0,1,2017-06-01
ME24,0,1,1,5,6,11,2017-06-01
ME30,0,0,0,1,0,1,2017-06-01
ME37,0,0,0,0,1,1,2017-06-01
ME38,0,0,0,1,0,1,2017-06-01
ME39,0,0,0,1,0,1,2017-06-01
ME50,0,0,0,1,0,1,2017-06-01
MK0,0,0,0,0,1,1,2017-06-01
MK1,76,57,133,306,183,489,2017-06-01
MK2,1255,1671,2926,4933,3602,8535,2017-06-01
MK3,1293,1758,3051,9026,7778,16804,2017-06-01
MK4,987,1370,2357,7994,7464,15458,2017-06-01
MK5,826,985,1811,5656,5201,10857,2017-06-01
MK6,3278,3924,7202,9013,6049,15062,2017-06-01
MK7,785,963,1748,5626,5082,10708,2017-06-01
MK8,676,868,1544,4560,3958,8518,2017-06-01
MK9,453,397,850,1226,646,1872,2017-06-01
MK10,720,1017,1737,6002,5541,11543,2017-06-01
MK11,482,634,1116,2966,2588,5554,2017-06-01
MK12,1082,1317,2399,4791,3588,8379,2017-06-01
MK13,1513,1813,3326,6799,5438,12237,2017-06-01
MK14,1707,2016,3723,7632,5913,13545,2017-06-01
MK15,396,467,863,2873,2634,5507,2017-06-01
MK16,729,905,1634,7343,6758,14101,2017-06-01
MK17,476,577,1053,7699,7320,15019,2017-06-01
MK18,1446,1543,2989,12848,12239,25087,2017-06-01
MK19,369,448,817,4802,4520,9322,2017-06-01
MK20,0,1,1,0,0,0,2017-06-01
MK34,1,0,1,1,0,1,2017-06-01
MK40,2606,2625,5231,11193,8192,19385,2017-06-01
MK41,2193,2591,4784,15490,13856,29346,2017-06-01
MK42,3124,4284,7408,16767,13328,30095,2017-06-01
MK43,1295,1303,2598,14186,13406,27592,2017-06-01
MK44,478,521,999,6798,6468,13266,2017-06-01
MK45,1446,1714,3160,18328,17228,35556,2017-06-01
MK46,259,310,569,3656,3523,7179,2017-06-01
ML1,3122,4038,7160,17894,14465,32359,2017-06-01
ML2,2237,2864,5101,12495,10094,22589,2017-06-01
ML3,2881,3783,6664,17436,14313,31749,2017-06-01
ML4,1455,1985,3440,6896,5415,12311,2017-06-01
ML5,2917,3792,6709,14273,11297,25570,2017-06-01
ML6,2939,3917,6856,18260,15098,33358,2017-06-01
ML7,756,1069,1825,5113,4050,9163,2017-06-01
ML8,686,956,1642,7150,6410,13560,2017-06-01
ML9,1176,1669,2845,8050,6662,14712,2017-06-01
ML10,424,465,889,4065,3852,7917,2017-06-01
ML11,1363,1950,3313,12737,10922,23659,2017-06-01
ML12,244,374,618,3496,3239,6735,2017-06-01
N0,1,0,1,1,1,2,2017-06-01
N1,10580,11464,22044,25172,17827,42999,2017-06-01
N1,67,66,133,176,98,274,2017-06-01
N1,0,1,1,0,0,0,2017-06-01
N1,0,1,1,0,0,0,2017-06-01
N1,1,0,1,0,0,0,2017-06-01
N1,0,0,0,0,1,1,2017-06-01
N1,0,0,0,0,2,2,2017-06-01
N2,2189,2328,4517,9102,8077,17179,2017-06-01
N2,0,0,0,0,1,1,2017-06-01
N3,2372,2550,4922,11679,9845,21524,2017-06-01
N4,7220,6822,14042,15111,10253,25364,2017-06-01
N5,2337,2731,5068,7643,6068,13711,2017-06-01
N6,1414,1713,3127,7176,6360,13536,2017-06-01
N7,5888,6219,12107,12973,8795,21768,2017-06-01
N8,4641,4586,9227,13020,10327,23347,2017-06-01
N9,6254,7604,13858,15372,10708,26080,2017-06-01
N10,2339,2762,5101,9317,8230,17547,2017-06-01
N11,2865,3148,6013,10626,8087,18713,2017-06-01
N12,2622,2937,5559,12234,10212,22446,2017-06-01
N13,3116,3260,6376,12143,9288,21431,2017-06-01
N14,1967,2280,4247,12023,10103,22126,2017-06-01
N15,7936,6995,14931,13130,7442,20572,2017-06-01
N16,9047,8261,17308,17581,11646,29227,2017-06-01
N17,11567,11592,23159,18203,10876,29079,2017-06-01
N18,4411,5108,9519,9495,6366,15861,2017-06-01
N19,4266,4814,9080,10016,7600,17616,2017-06-01
N20,1239,1386,2625,7786,7162,14948,2017-06-01
N21,1215,1407,2622,9188,8330,17518,2017-06-01
N22,6133,6004,12137,14233,9287,23520,2017-06-01
N24,0,0,0,1,0,1,2017-06-01
N41,0,0,0,0,1,1,2017-06-01
N99,0,0,0,1,0,1,2017-06-01
NE1,742,532,1274,1764,728,2492,2017-06-01
NE2,1497,1374,2871,5545,4006,9551,2017-06-01
NE2,0,0,0,1,0,1,2017-06-01
NE3,2842,3632,6474,17841,15345,33186,2017-06-01
NE4,4654,4147,8801,8926,4643,13569,2017-06-01
NE5,2947,4117,7064,14427,10615,25042,2017-06-01
NE6,4230,4865,9095,11742,7772,19514,2017-06-01
NE7,797,995,1792,5251,4427,9678,2017-06-01
NE8,3094,3051,6145,8159,4582,12741,2017-06-01
NE9,2199,2811,5010,11302,8750,20052,2017-06-01
NE10,2265,3016,5281,10075,7169,17244,2017-06-01
NE11,917,1267,2184,5205,3899,9104,2017-06-01
NE12,1915,2650,4565,11331,9389,20720,2017-06-01
NE13,535,681,1216,5584,5078,10662,2017-06-01
NE15,2087,2801,4888,10228,7673,17901,2017-06-01
NE16,1008,1453,2461,8933,7582,16515,2017-06-01
NE17,261,341,602,1506,1256,2762,2017-06-01
NE18,28,28,56,375,362,737,2017-06-01
NE19,44,81,125,891,843,1734,2017-06-01
NE20,306,380,686,5092,4996,10088,2017-06-01
NE21,906,1287,2193,5732,4440,10172,2017-06-01
NE22,831,1073,1904,6048,5169,11217,2017-06-01
NE23,1816,2709,4525,13587,11328,24915,2017-06-01
NE24,2052,2897,4949,12301,9792,22093,2017-06-01
NE25,1220,1583,2803,10917,9991,20908,2017-06-01
NE26,851,976,1827,7045,6490,13535,2017-06-01
NE27,621,917,1538,4312,3669,7981,2017-06-01
NE28,2938,4067,7005,13351,10053,23404,2017-06-01
NE29,2439,3067,5506,10210,7999,18209,2017-06-01
NE30,912,1085,1997,7869,7176,15045,2017-06-01
NE31,1307,1711,3018,6179,4740,10919,2017-06-01
NE32,1646,2154,3800,7406,5720,13126,2017-06-01
NE33,2207,2136,4343,7878,5500,13378,2017-06-01
NE34,3187,4095,7282,15716,12360,28076,2017-06-01
NE35,348,464,812,2087,1674,3761,2017-06-01
NE36,268,304,572,2515,2304,4819,2017-06-01
NE37,1390,1893,3283,6071,4605,10676,2017-06-01
NE38,1817,2456,4273,11137,9112,20249,2017-06-01
NE39,348,497,845,3074,2656,5730,2017-06-01
NE40,708,978,1686,5340,4552,9892,2017-06-01
NE41,69,66,135,835,799,1634,2017-06-01
NE42,566,824,1390,4297,3831,8128,2017-06-01
NE43,112,140,252,1809,1754,3563,2017-06-01
NE44,22,29,51,437,443,880,2017-06-01
NE45,113,151,264,1452,1400,2852,2017-06-01
NE46,558,747,1305,5635,5218,10853,2017-06-01
NE47,242,306,548,3118,2935,6053,2017-06-01
NE48,99,152,251,1807,1561,3368,2017-06-01
NE49,158,262,420,1586,1280,2866,2017-06-01
NE61,1177,1625,2802,12078,10876,22954,2017-06-01
NE62,396,584,980,3300,2700,6000,2017-06-01
NE63,1627,2215,3842,8706,6707,15413,2017-06-01
NE64,382,523,905,1855,1426,3281,2017-06-01
NE65,664,906,1570,7688,6953,14641,2017-06-01
NE66,550,806,1356,6517,5880,12397,2017-06-01
NE67,23,22,45,379,378,757,2017-06-01
NE68,51,61,112,748,648,1396,2017-06-01
NE69,8,12,20,146,142,288,2017-06-01
NE70,57,82,139,692,665,1357,2017-06-01
NE71,85,120,205,1174,1065,2239,2017-06-01
NE99,5,0,5,7,0,7,2017-06-01
NG1,1016,804,1820,2126,1126,3252,2017-06-01
NG1,0,0,0,0,1,1,2017-06-01
NG2,3616,4212,7828,18164,14938,33102,2017-06-01
NG3,3659,4682,8341,14459,10948,25407,2017-06-01
NG4,2058,2741,4799,13919,11733,25652,2017-06-01
NG5,5492,7526,13018,27712,22787,50499,2017-06-01
NG6,2816,3944,6760,10558,7849,18407,2017-06-01
NG7,5363,4960,10323,10061,5380,15441,2017-06-01
NG8,4548,6341,10889,18211,13952,32163,2017-06-01
NG9,3909,4584,8493,25022,21053,46075,2017-06-01
NG10,2403,2956,5359,16788,14169,30957,2017-06-01
NG11,2155,2922,5077,12186,9850,22036,2017-06-01
NG12,1185,1537,2722,12700,11916,24616,2017-06-01
NG13,661,812,1473,8472,7945,16417,2017-06-01
NG14,587,693,1280,7504,6963,14467,2017-06-01
NG15,1781,2538,4319,15096,12899,27995,2017-06-01
NG16,2636,3563,6199,23481,19844,43325,2017-06-01
NG17,3451,4534,7985,24776,20369,45145,2017-06-01
NG18,2308,2639,4947,14123,11751,25874,2017-06-01
NG19,2450,3184,5634,18244,15091,33335,2017-06-01
NG20,1495,2018,3513,8638,6645,15283,2017-06-01
NG21,945,1259,2204,8237,7093,15330,2017-06-01
NG22,1130,1378,2508,10280,8994,19274,2017-06-01
NG23,416,495,911,7565,7246,14811,2017-06-01
NG24,2272,2858,5130,16151,13401,29552,2017-06-01
NG25,256,360,616,3342,3294,6636,2017-06-01
NG31,2347,2958,5305,15860,12980,28840,2017-06-01
NG32,387,415,802,5584,5278,10862,2017-06-01
NG33,288,356,644,4099,3802,7901,2017-06-01
NG34,1537,1790,3327,15675,14207,29882,2017-06-01
NG54,0,1,1,0,0,0,2017-06-01
NG66,0,1,1,0,0,0,2017-06-01
NN1,3176,2948,6124,10144,6432,16576,2017-06-01
NN2,2484,2853,5337,13167,10339,23506,2017-06-01
NN3,4675,5919,10594,26555,21805,48360,2017-06-01
NN4,2110,2710,4820,17988,16074,34062,2017-06-01
NN5,2232,2736,4968,14644,11781,26425,2017-06-01
NN6,967,1112,2079,14435,13784,28219,2017-06-01
NN7,799,1004,1803,11937,11281,23218,2017-06-01
NN8,3253,3995,7248,17438,13915,31353,2017-06-01
NN9,952,1220,2172,10656,9396,20052,2017-06-01
NN10,1566,2003,3569,14827,13021,27848,2017-06-01
NN11,1726,2285,4011,14865,12754,27619,2017-06-01
NN12,758,901,1659,10048,9316,19364,2017-06-01
NN13,632,758,1390,7802,7281,15083,2017-06-01
NN14,1333,1696,3029,17654,16154,33808,2017-06-01
NN15,1395,1743,3138,13834,12643,26477,2017-06-01
NN16,2031,2404,4435,10168,7610,17778,2017-06-01
NN17,1880,2303,4183,9725,7576,17301,2017-06-01
NN18,2573,3293,5866,11756,9255,21011,2017-06-01
NN28,1,0,1,0,0,0,2017-06-01
NN29,336,422,758,4573,4198,8771,2017-06-01
NO3,0,1,1,1,0,1,2017-06-01
NP0,0,0,0,0,1,1,2017-06-01
NP1,97,107,204,290,210,500,2017-06-01
NP1,0,0,0,0,1,1,2017-06-01
NP1,0,0,0,0,1,1,2017-06-01
NP2,33,36,69,169,88,257,2017-06-01
NP2,0,0,0,1,0,1,2017-06-01
NP3,41,44,85,147,82,229,2017-06-01
NP4,1839,2504,4343,15861,13618,29479,2017-06-01
NP5,14,13,27,62,59,121,2017-06-01
NP6,36,42,78,203,115,318,2017-06-01
NP7,838,1151,1989,10133,9284,19417,2017-06-01
NP8,132,203,335,2177,2081,4258,2017-06-01
NP9,80,50,130,237,95,332,2017-06-01
NP10,889,1128,2017,8842,8215,17057,2017-06-01
NP11,1727,2335,4062,12588,10390,22978,2017-06-01
NP12,1371,1989,3360,11426,9788,21214,2017-06-01
NP13,956,1456,2412,6513,4806,11319,2017-06-01
NP15,136,171,307,3228,3117,6345,2017-06-01
NP16,865,1036,1901,9038,8452,17490,2017-06-01
NP18,565,748,1313,6679,6085,12764,2017-06-01
NP19,3650,4413,8063,16460,12620,29080,2017-06-01
NP20,3363,4129,7492,16060,12620,28680,2017-06-01
NP21,0,0,0,1,0,1,2017-06-01
NP22,1142,1600,2742,6951,5421,12372,2017-06-01
NP23,1578,2209,3787,10870,8535,19405,2017-06-01
NP24,283,419,702,1459,1023,2482,2017-06-01
NP25,511,576,1087,5974,5541,11515,2017-06-01
NP26,791,957,1748,8889,8014,16903,2017-06-01
NP34,0,0,0,0,1,1,2017-06-01
NP41,0,0,0,1,0,1,2017-06-01
NP44,2375,3112,5487,16066,13626,29692,2017-06-01
NR0,0,0,0,1,1,2,2017-06-01
NR1,1817,1820,3637,8479,6486,14965,2017-06-01
NR2,1610,1843,3453,7890,6662,14552,2017-06-01
NR3,2446,2783,5229,10356,7718,18074,2017-06-01
NR4,1135,1327,2462,7245,6572,13817,2017-06-01
NR5,1855,2236,4091,8891,7288,16179,2017-06-01
NR6,888,1069,1957,9258,8183,17441,2017-06-01
NR7,1220,1430,2650,12046,10824,22870,2017-06-01
NR8,586,770,1356,8226,7906,16132,2017-06-01
NR9,464,546,1010,7010,6675,13685,2017-06-01
NR10,630,800,1430,9188,8591,17779,2017-06-01
NR11,537,659,1196,7165,6707,13872,2017-06-01
NR12,620,703,1323,8444,7811,16255,2017-06-01
NR13,720,859,1579,10818,10275,21093,2017-06-01
NR14,654,712,1366,9876,9387,19263,2017-06-01
NR15,410,530,940,6281,6014,12295,2017-06-01
NR16,307,426,733,5110,4834,9944,2017-06-01
NR17,537,610,1147,6392,5762,12154,2017-06-01
NR18,628,759,1387,6739,6355,13094,2017-06-01
NR19,749,971,1720,7388,6497,13885,2017-06-01
NR20,529,676,1205,7670,7097,14767,2017-06-01
NR21,496,648,1144,6222,5669,11891,2017-06-01
NR22,35,45,80,328,307,635,2017-06-01
NR23,126,148,274,1144,1000,2144,2017-06-01
NR24,120,157,277,1737,1632,3369,2017-06-01
NR25,298,347,645,3256,3067,6323,2017-06-01
NR26,295,387,682,3022,2730,5752,2017-06-01
NR27,481,546,1027,4138,3741,7879,2017-06-01
NR28,623,735,1358,6381,5758,12139,2017-06-01
NR29,662,788,1450,8323,7440,15763,2017-06-01
NR30,2265,2375,4640,9239,6619,15858,2017-06-01
NR31,2581,3062,5643,17127,14240,31367,2017-06-01
NR32,2036,2256,4292,13389,11367,24756,2017-06-01
NR33,1731,2017,3748,14168,12353,26521,2017-06-01
NR34,698,890,1588,8657,7869,16526,2017-06-01
NR35,353,450,803,4320,3916,8236,2017-06-01
NW0,3,1,4,4,1,5,2017-06-01
NW1,7197,7622,14819,16414,10732,27146,2017-06-01
NW1,0,1,1,0,0,0,2017-06-01
NW2,10910,9745,20655,25402,16332,41734,2017-06-01
NW3,4693,5609,10302,19801,16544,36345,2017-06-01
NW4,3503,3644,7147,13216,10063,23279,2017-06-01
NW5,3371,3862,7233,8315,6469,14784,2017-06-01
NW5,0,1,1,0,0,0,2017-06-01
NW6,8341,8440,16781,22032,16592,38624,2017-06-01
NW7,1920,2357,4277,10505,9212,19717,2017-06-01
NW8,3939,4709,8648,12505,9424,21929,2017-06-01
NW9,8707,8892,17599,25860,16874,42734,2017-06-01
NW10,16786,15375,32161,30242,19278,49520,2017-06-01
NW11,3524,3393,6917,14066,12041,26107,2017-06-01
NW12,3,1,4,2,2,4,2017-06-01
NW13,0,1,1,3,1,4,2017-06-01
NW14,1,0,1,1,1,2,2017-06-01
NW15,0,0,0,2,0,2,2017-06-01
NW16,5,1,6,3,0,3,2017-06-01
NW17,0,0,0,2,1,3,2017-06-01
NW18,1,0,1,1,1,2,2017-06-01
NW19,0,1,1,1,1,2,2017-06-01
NW20,0,1,1,1,0,1,2017-06-01
NW21,1,0,1,0,0,0,2017-06-01
NW22,1,0,1,3,0,3,2017-06-01
NW24,1,0,1,0,0,0,2017-06-01
NW25,0,0,0,0,2,2,2017-06-01
NW26,1,1,2,0,0,0,2017-06-01
NW28,0,0,0,0,1,1,2017-06-01
NW44,2,0,2,0,0,0,2017-06-01
NW51,1,0,1,0,0,0,2017-06-01
NW61,0,0,0,0,1,1,2017-06-01
NW70,1,0,1,0,0,0,2017-06-01
NW77,0,1,1,0,0,0,2017-06-01
NW99,2,0,2,1,0,1,2017-06-01
OL0,1,0,1,0,0,0,2017-06-01
OL1,1906,2211,4117,5810,4091,9901,2017-06-01
OL1,1,0,1,0,0,0,2017-06-01
OL2,1959,2511,4470,14674,12660,27334,2017-06-01
OL3,527,559,1086,6026,5795,11821,2017-06-01
OL4,2839,3418,6257,14230,10963,25193,2017-06-01
OL5,541,710,1251,3967,3381,7348,2017-06-01
OL6,2082,2457,4539,9116,6795,15911,2017-06-01
OL7,1100,1507,2607,5346,3872,9218,2017-06-01
OL8,3286,4041,7327,10927,7113,18040,2017-06-01
OL9,2867,3480,6347,12609,9239,21848,2017-06-01
OL10,1809,2244,4053,9122,7477,16599,2017-06-01
OL11,3005,3673,6678,14392,11390,25782,2017-06-01
OL12,2572,3337,5909,15349,12629,27978,2017-06-01
OL13,788,1062,1850,5486,4650,10136,2017-06-01
OL14,808,1058,1866,5279,4600,9879,2017-06-01
OL15,583,720,1303,5498,4887,10385,2017-06-01
OL16,2440,2957,5397,11858,9224,21082,2017-06-01
OX0,1,1,2,0,1,1,2017-06-01
OX1,1689,1396,3085,6161,4876,11037,2017-06-01
OX2,2924,3142,6066,13328,12179,25507,2017-06-01
OX3,3273,3988,7261,13331,10976,24307,2017-06-01
OX4,5683,6148,11831,17809,13153,30962,2017-06-01
OX5,1415,1494,2909,9228,8129,17357,2017-06-01
OX6,34,28,62,98,78,176,2017-06-01
OX7,874,1088,1962,9381,8906,18287,2017-06-01
OX8,49,49,98,207,176,383,2017-06-01
OX9,535,670,1205,5767,5460,11227,2017-06-01
OX10,1088,1290,2378,10194,9455,19649,2017-06-01
OX11,1548,2010,3558,14043,12300,26343,2017-06-01
OX12,1079,1291,2370,10258,9234,19492,2017-06-01
OX13,457,600,1057,5500,5051,10551,2017-06-01
OX14,2054,2523,4577,16711,14769,31480,2017-06-01
OX15,601,642,1243,8040,7834,15874,2017-06-01
OX16,2777,3590,6367,16071,12718,28789,2017-06-01
OX17,490,554,1044,7399,7066,14465,2017-06-01
OX18,926,1229,2155,9636,8761,18397,2017-06-01
OX20,184,219,403,1909,1900,3809,2017-06-01
OX23,0,0,0,1,0,1,2017-06-01
OX25,320,475,795,3849,3624,7473,2017-06-01
OX26,1674,2127,3801,12243,10653,22896,2017-06-01
OX27,231,297,528,2801,2760,5561,2017-06-01
OX28,1311,1555,2866,9858,8929,18787,2017-06-01
OX29,836,922,1758,9518,8984,18502,2017-06-01
OX33,302,295,597,3113,2945,6058,2017-06-01
OX39,172,197,369,3063,2923,5986,2017-06-01
OX44,257,356,613,3345,3155,6500,2017-06-01
OX49,124,155,279,1679,1747,3426,2017-06-01
PA0,0,0,0,1,0,1,2017-06-01
PA1,1415,1634,3049,6915,5444,12359,2017-06-01
PA2,2263,2970,5233,13155,11217,24372,2017-06-01
PA3,1932,2371,4303,6772,5031,11803,2017-06-01
PA4,1327,1813,3140,8109,6879,14988,2017-06-01
PA5,1361,1797,3158,6855,5518,12373,2017-06-01
PA6,163,234,397,2641,2622,5263,2017-06-01
PA7,198,266,464,2616,2446,5062,2017-06-01
PA8,770,1000,1770,5370,4763,10133,2017-06-01
PA9,57,86,143,713,649,1362,2017-06-01
PA10,139,198,337,1460,1401,2861,2017-06-01
PA11,224,289,513,2212,2083,4295,2017-06-01
PA12,142,192,334,1247,1215,2462,2017-06-01
PA13,156,168,324,1807,1847,3654,2017-06-01
PA14,1285,1605,2890,4870,3888,8758,2017-06-01
PA15,1407,1600,3007,4543,3425,7968,2017-06-01
PA16,1953,2255,4208,8949,7907,16856,2017-06-01
PA17,77,90,167,938,838,1776,2017-06-01
PA18,76,122,198,1037,995,2032,2017-06-01
PA19,534,691,1225,4121,3647,7768,2017-06-01
PA20,334,439,773,2089,1722,3811,2017-06-01
PA21,43,35,78,330,286,616,2017-06-01
PA22,12,7,19,132,132,264,2017-06-01
PA23,772,960,1732,4288,3926,8214,2017-06-01
PA24,26,24,50,212,167,379,2017-06-01
PA25,0,6,6,22,20,42,2017-06-01
PA26,10,8,18,61,43,104,2017-06-01
PA27,17,40,57,297,285,582,2017-06-01
PA28,404,481,885,2590,2183,4773,2017-06-01
PA29,102,102,204,895,779,1674,2017-06-01
PA30,68,79,147,518,498,1016,2017-06-01
PA31,210,265,475,1987,1768,3755,2017-06-01
PA32,46,54,100,479,434,913,2017-06-01
PA33,36,27,63,302,246,548,2017-06-01
PA34,620,739,1359,3819,3301,7120,2017-06-01
PA35,46,71,117,548,527,1075,2017-06-01
PA36,1,1,2,18,14,32,2017-06-01
PA37,127,151,278,1158,1089,2247,2017-06-01
PA38,34,35,69,379,343,722,2017-06-01
PA39,3,0,3,3,9,12,2017-06-01
PA40,1,2,3,7,4,11,2017-06-01
PA41,11,16,27,53,50,103,2017-06-01
PA42,61,80,141,402,337,739,2017-06-01
PA43,46,65,111,300,250,550,2017-06-01
PA44,8,13,21,110,104,214,2017-06-01
PA45,12,10,22,59,45,104,2017-06-01
PA46,5,9,14,72,74,146,2017-06-01
PA47,4,7,11,67,54,121,2017-06-01
PA48,16,16,32,120,119,239,2017-06-01
PA49,6,11,17,73,75,148,2017-06-01
PA60,10,21,31,85,71,156,2017-06-01
PA61,7,17,24,57,55,112,2017-06-01
PA62,2,2,4,13,9,22,2017-06-01
PA63,1,0,1,3,4,7,2017-06-01
PA64,0,3,3,34,37,71,2017-06-01
PA65,9,9,18,88,79,167,2017-06-01
PA66,2,11,13,75,71,146,2017-06-01
PA67,16,13,29,103,105,208,2017-06-01
PA68,0,0,0,5,4,9,2017-06-01
PA69,1,1,2,10,6,16,2017-06-01
PA70,4,2,6,28,25,53,2017-06-01
PA71,1,0,1,25,18,43,2017-06-01
PA72,21,18,39,185,172,357,2017-06-01
PA73,3,2,5,26,24,50,2017-06-01
PA74,1,2,3,19,16,35,2017-06-01
PA75,67,82,149,580,532,1112,2017-06-01
PA76,5,6,11,59,61,120,2017-06-01
PA77,21,38,59,250,255,505,2017-06-01
PA78,13,16,29,76,72,148,2017-06-01
PA80,15,14,29,112,78,190,2017-06-01
PA81,4,7,11,23,11,34,2017-06-01
PA82,6,5,11,17,16,33,2017-06-01
PA83,0,0,0,2,1,3,2017-06-01
PA84,0,1,1,1,0,1,2017-06-01
PA85,3,4,7,3,6,9,2017-06-01
PA86,22,39,61,104,95,199,2017-06-01
PA87,28,39,67,57,46,103,2017-06-01
PA88,4,2,6,7,4,11,2017-06-01
PE1,4556,4703,9259,15104,9531,24635,2017-06-01
PE2,2769,3554,6323,16780,13722,30502,2017-06-01
PE3,2213,2865,5078,10049,7412,17461,2017-06-01
PE4,1480,1923,3403,10079,8731,18810,2017-06-01
PE5,36,43,79,646,614,1260,2017-06-01
PE6,1135,1528,2663,14903,13943,28846,2017-06-01
PE7,1603,2121,3724,16607,14705,31312,2017-06-01
PE8,568,755,1323,7014,6550,13564,2017-06-01
PE9,1189,1509,2698,12202,11486,23688,2017-06-01
PE10,728,991,1719,9030,8296,17326,2017-06-01
PE11,1754,2140,3894,16350,13564,29914,2017-06-01
PE12,1276,1624,2900,15965,13934,29899,2017-06-01
PE13,1862,2035,3897,12629,10457,23086,2017-06-01
PE14,699,818,1517,8779,8038,16817,2017-06-01
PE15,1115,1447,2562,11033,9698,20731,2017-06-01
PE16,363,490,853,4216,3563,7779,2017-06-01
PE17,63,50,113,186,138,324,2017-06-01
PE18,52,84,136,136,111,247,2017-06-01
PE19,1753,2234,3987,17301,15600,32901,2017-06-01
PE20,503,604,1107,5672,5023,10695,2017-06-01
PE21,2422,2598,5020,13996,11112,25108,2017-06-01
PE22,521,631,1152,6909,6110,13019,2017-06-01
PE23,306,333,639,3445,3150,6595,2017-06-01
PE24,487,570,1057,4754,3951,8705,2017-06-01
PE25,1241,1458,2699,7209,5671,12880,2017-06-01
PE26,417,546,963,4559,4088,8647,2017-06-01
PE27,836,1129,1965,7813,6771,14584,2017-06-01
PE28,1470,1780,3250,18800,17814,36614,2017-06-01
PE29,1697,2167,3864,10001,8417,18418,2017-06-01
PE30,2596,3009,5605,14420,12140,26560,2017-06-01
PE31,488,622,1110,7887,7350,15237,2017-06-01
PE32,443,515,958,6355,5926,12281,2017-06-01
PE33,434,572,1006,6185,5623,11808,2017-06-01
PE34,433,586,1019,5652,5088,10740,2017-06-01
PE35,2,2,4,38,35,73,2017-06-01
PE36,251,301,552,2272,2116,4388,2017-06-01
PE37,334,491,825,4107,3667,7774,2017-06-01
PE38,475,574,1049,5810,5085,10895,2017-06-01
PE99,0,0,0,1,0,1,2017-06-01
PH1,2435,3116,5551,14382,12120,26502,2017-06-01
PH2,1520,1778,3298,12669,11571,24240,2017-06-01
PH3,253,274,527,2468,2334,4802,2017-06-01
PH4,25,47,72,342,332,674,2017-06-01
PH5,18,58,76,336,311,647,2017-06-01
PH6,85,101,186,988,976,1964,2017-06-01
PH7,387,473,860,3377,3062,6439,2017-06-01
PH8,91,106,197,812,749,1561,2017-06-01
PH9,25,41,66,367,352,719,2017-06-01
PH10,462,522,984,4137,3739,7876,2017-06-01
PH11,117,180,297,1364,1160,2524,2017-06-01
PH12,53,71,124,796,711,1507,2017-06-01
PH13,180,217,397,1604,1384,2988,2017-06-01
PH14,43,84,127,849,822,1671,2017-06-01
PH15,163,209,372,1370,1209,2579,2017-06-01
PH16,177,211,388,1518,1379,2897,2017-06-01
PH17,7,8,15,74,56,130,2017-06-01
PH18,28,40,68,316,262,578,2017-06-01
PH19,1,4,5,40,29,69,2017-06-01
PH20,64,93,157,621,548,1169,2017-06-01
PH21,94,109,203,840,773,1613,2017-06-01
PH22,201,246,447,1222,1069,2291,2017-06-01
PH23,30,37,67,324,318,642,2017-06-01
PH24,23,27,50,296,268,564,2017-06-01
PH25,36,34,70,361,342,703,2017-06-01
PH26,158,161,319,1452,1286,2738,2017-06-01
PH30,0,0,0,3,1,4,2017-06-01
PH31,17,22,39,241,225,466,2017-06-01
PH32,43,43,86,291,243,534,2017-06-01
PH33,700,942,1642,4188,3461,7649,2017-06-01
PH34,31,46,77,442,398,840,2017-06-01
PH35,16,24,40,139,109,248,2017-06-01
PH36,40,75,115,505,467,972,2017-06-01
PH37,9,10,19,64,54,118,2017-06-01
PH38,12,13,25,87,75,162,2017-06-01
PH39,27,18,45,157,164,321,2017-06-01
PH40,23,15,38,123,107,230,2017-06-01
PH41,73,63,136,361,321,682,2017-06-01
PH42,1,7,8,40,28,68,2017-06-01
PH43,1,2,3,11,8,19,2017-06-01
PH44,3,2,5,7,6,13,2017-06-01
PH49,46,60,106,424,367,791,2017-06-01
PH50,40,80,120,304,236,540,2017-06-01
PL0,0,1,1,0,0,0,2017-06-01
PL1,2141,2112,4253,7057,4561,11618,2017-06-01
PL2,2206,2674,4880,9950,8063,18013,2017-06-01
PL3,1690,2070,3760,10789,9324,20113,2017-06-01
PL4,2685,2504,5189,8388,5729,14117,2017-06-01
PL5,2753,3728,6481,13469,10961,24430,2017-06-01
PL6,1854,2501,4355,15092,13373,28465,2017-06-01
PL7,1099,1441,2540,11705,10912,22617,2017-06-01
PL8,172,153,325,2481,2436,4917,2017-06-01
PL9,934,1240,2174,11048,10222,21270,2017-06-01
PL10,148,210,358,1338,1212,2550,2017-06-01
PL11,523,706,1229,3940,3457,7397,2017-06-01
PL12,829,1027,1856,8530,7819,16349,2017-06-01
PL13,381,477,858,3896,3388,7284,2017-06-01
PL14,819,1109,1928,8944,8324,17268,2017-06-01
PL15,586,788,1374,7910,7299,15209,2017-06-01
PL16,45,59,104,837,786,1623,2017-06-01
PL17,331,376,707,4086,3695,7781,2017-06-01
PL18,189,257,446,2008,1955,3963,2017-06-01
PL19,574,678,1252,6328,6025,12353,2017-06-01
PL20,407,507,914,4708,4556,9264,2017-06-01
PL21,599,750,1349,6951,6762,13713,2017-06-01
PL22,128,155,283,1419,1361,2780,2017-06-01
PL23,119,142,261,1245,1209,2454,2017-06-01
PL24,444,570,1014,3798,3482,7280,2017-06-01
PL25,1150,1259,2409,9274,8394,17668,2017-06-01
PL26,1107,1245,2352,10501,9372,19873,2017-06-01
PL27,385,508,893,4669,4501,9170,2017-06-01
PL28,178,210,388,1590,1513,3103,2017-06-01
PL29,27,24,51,383,358,741,2017-06-01
PL30,232,290,522,4422,4149,8571,2017-06-01
PL31,704,866,1570,5270,4490,9760,2017-06-01
PL32,144,184,328,1618,1550,3168,2017-06-01
PL33,72,73,145,739,701,1440,2017-06-01
PL34,59,75,134,700,657,1357,2017-06-01
PL35,33,37,70,395,382,777,2017-06-01
PO1,2586,2869,5455,6925,4427,11352,2017-06-01
PO2,3265,4068,7333,13128,9936,23064,2017-06-01
PO3,1192,1389,2581,7086,5994,13080,2017-06-01
PO4,2723,3130,5853,12861,10233,23094,2017-06-01
PO5,2416,2447,4863,7716,5216,12932,2017-06-01
PO6,2577,3172,5749,14154,11997,26151,2017-06-01
PO7,1664,2058,3722,16036,14707,30743,2017-06-01
PO8,1317,1588,2905,13882,12948,26830,2017-06-01
PO9,3086,4062,7148,16216,13862,30078,2017-06-01
PO10,621,746,1367,7339,6886,14225,2017-06-01
PO11,650,750,1400,7260,6654,13914,2017-06-01
PO12,2684,3177,5861,16382,13952,30334,2017-06-01
PO13,1933,2495,4428,12072,10779,22851,2017-06-01
PO14,1197,1386,2583,13045,12192,25237,2017-06-01
PO15,853,939,1792,8616,8016,16632,2017-06-01
PO16,1300,1406,2706,12369,11179,23548,2017-06-01
PO17,222,231,453,2740,2528,5268,2017-06-01
PO18,463,541,1004,5723,5549,11272,2017-06-01
PO19,1608,1862,3470,10377,9924,20301,2017-06-01
PO20,1165,1365,2530,13256,12467,25723,2017-06-01
PO21,2000,2124,4124,14465,12757,27222,2017-06-01
PO22,1167,1360,2527,11587,10772,22359,2017-06-01
PO30,1424,1678,3102,10122,9293,19415,2017-06-01
PO31,657,744,1401,5376,5038,10414,2017-06-01
PO32,400,483,883,2973,2741,5714,2017-06-01
PO33,1643,1979,3622,10664,9590,20254,2017-06-01
PO34,58,63,121,898,904,1802,2017-06-01
PO35,150,143,293,1441,1419,2860,2017-06-01
PO36,847,978,1825,5920,5341,11261,2017-06-01
PO37,465,517,982,3362,2947,6309,2017-06-01
PO38,558,692,1250,4971,4462,9433,2017-06-01
PO39,87,124,211,982,907,1889,2017-06-01
PO40,224,270,494,2137,2034,4171,2017-06-01
PO41,63,75,138,956,951,1907,2017-06-01
PR0,0,0,0,1,0,1,2017-06-01
PR1,4914,5562,10476,20374,14908,35282,2017-06-01
PR2,4112,5102,9214,26693,22552,49245,2017-06-01
PR3,919,1176,2095,15612,14680,30292,2017-06-01
PR4,1846,2393,4239,23847,22018,45865,2017-06-01
PR5,1643,2144,3787,14954,13211,28165,2017-06-01
PR6,1327,1616,2943,13347,12033,25380,2017-06-01
PR7,2005,2649,4654,22417,20183,42600,2017-06-01
PR8,2542,2966,5508,19381,17640,37021,2017-06-01
PR9,1844,2219,4063,15612,13591,29203,2017-06-01
PR25,1348,1779,3127,11123,9954,21077,2017-06-01
PR26,480,524,1004,5173,4791,9964,2017-06-01
QF62,0,0,0,1,0,1,2017-06-01
QN21,0,0,0,1,0,1,2017-06-01
RG1,5100,4990,10090,14517,8694,23211,2017-06-01
RG2,3176,3700,6876,13232,9869,23101,2017-06-01
RG3,30,28,58,110,56,166,2017-06-01
RG4,1747,2121,3868,15423,14121,29544,2017-06-01
RG5,1104,1301,2405,10251,9369,19620,2017-06-01
RG6,2030,2252,4282,14353,12372,26725,2017-06-01
RG7,1111,1386,2497,13341,12532,25873,2017-06-01
RG8,768,731,1499,7922,7580,15502,2017-06-01
RG9,990,1004,1994,9486,9276,18762,2017-06-01
RG10,628,655,1283,7617,7351,14968,2017-06-01
RG11,35,27,62,110,78,188,2017-06-01
RG12,3004,3791,6795,21137,18130,39267,2017-06-01
RG13,29,44,73,111,86,197,2017-06-01
RG14,1921,2228,4149,14633,12524,27157,2017-06-01
RG15,19,26,45,78,70,148,2017-06-01
RG16,19,22,41,112,92,204,2017-06-01
RG17,600,648,1248,5994,5704,11698,2017-06-01
RG18,685,849,1534,7335,6737,14072,2017-06-01
RG19,691,799,1490,6544,6004,12548,2017-06-01
RG20,642,743,1385,8136,7823,15959,2017-06-01
RG21,1978,2303,4281,9690,7501,17191,2017-06-01
RG22,2033,2607,4640,15513,13459,28972,2017-06-01
RG23,527,676,1203,4847,4315,9162,2017-06-01
RG24,1531,2044,3575,12541,11050,23591,2017-06-01
RG25,274,314,588,3548,3285,6833,2017-06-01
RG26,800,991,1791,9058,8321,17379,2017-06-01
RG27,604,643,1247,9154,9037,18191,2017-06-01
RG28,222,268,490,2224,2008,4232,2017-06-01
RG29,171,274,445,2599,2503,5102,2017-06-01
RG30,3665,4411,8076,15851,12117,27968,2017-06-01
RG31,1213,1477,2690,11032,10075,21107,2017-06-01
RG33,0,0,0,0,1,1,2017-06-01
RG34,0,0,0,0,1,1,2017-06-01
RG40,959,1115,2074,11695,11218,22913,2017-06-01
RG41,1019,1206,2225,11652,11265,22917,2017-06-01
RG42,1068,1144,2212,10555,9975,20530,2017-06-01
RG45,471,476,947,5556,5431,10987,2017-06-01
RH1,2370,2829,5199,17928,16017,33945,2017-06-01
RH2,997,1143,2140,9988,9632,19620,2017-06-01
RH3,126,117,243,1808,1804,3612,2017-06-01
RH4,689,788,1477,5999,5673,11672,2017-06-01
RH5,639,671,1310,6931,6552,13483,2017-06-01
RH6,1342,1501,2843,12497,11394,23891,2017-06-01
RH7,497,385,882,3828,3337,7165,2017-06-01
RH8,568,678,1246,6008,5957,11965,2017-06-01
RH9,168,220,388,2199,2169,4368,2017-06-01
RH10,3638,3961,7599,26051,22153,48204,2017-06-01
RH11,4373,5247,9620,19638,15248,34886,2017-06-01
RH12,1759,2120,3879,18283,17334,35617,2017-06-01
RH13,1314,1550,2864,15242,14317,29559,2017-06-01
RH14,457,566,1023,6353,6009,12362,2017-06-01
RH15,1370,1538,2908,11906,11223,23129,2017-06-01
RH16,1596,1839,3435,13345,12461,25806,2017-06-01
RH17,652,717,1369,7691,7559,15250,2017-06-01
RH18,297,316,613,1908,1931,3839,2017-06-01
RH19,1400,1603,3003,13944,12928,26872,2017-06-01
RH20,689,749,1438,10739,10570,21309,2017-06-01
RM1,1316,1555,2871,7594,6238,13832,2017-06-01
RM2,587,667,1254,5097,4598,9695,2017-06-01
RM3,2796,3789,6585,14448,11756,26204,2017-06-01
RM4,131,140,271,1974,1844,3818,2017-06-01
RM5,1189,1478,2667,6937,6021,12958,2017-06-01
RM6,2850,3563,6413,11362,8521,19883,2017-06-01
RM7,1996,2641,4637,10177,8251,18428,2017-06-01
RM8,4388,5295,9683,13129,9048,22177,2017-06-01
RM9,3567,4627,8194,10900,7242,18142,2017-06-01
RM10,3918,4983,8901,11407,7686,19093,2017-06-01
RM11,1317,1583,2900,12467,11492,23959,2017-06-01
RM12,1774,2080,3854,12914,11040,23954,2017-06-01
RM13,1886,2245,4131,10699,8845,19544,2017-06-01
RM14,991,1061,2052,10639,9873,20512,2017-06-01
RM15,1738,2221,3959,10303,8412,18715,2017-06-01
RM16,1947,2477,4424,15233,13293,28526,2017-06-01
RM17,1883,2399,4282,9916,7285,17201,2017-06-01
RM18,1324,1815,3139,5482,4230,9712,2017-06-01
RM19,492,666,1158,2503,1835,4338,2017-06-01
RM20,448,584,1032,2292,1461,3753,2017-06-01
S1,535,388,923,984,430,1414,2017-06-01
S2,3673,4334,8007,9847,6295,16142,2017-06-01
S3,1824,1470,3294,3143,1354,4497,2017-06-01
S4,1365,1354,2719,3079,1654,4733,2017-06-01
S5,4503,6048,10551,15969,11049,27018,2017-06-01
S6,3110,3781,6891,18836,15460,34296,2017-06-01
S6,0,0,0,0,1,1,2017-06-01
S7,1228,1161,2389,5868,4889,10757,2017-06-01
S7,0,0,0,1,0,1,2017-06-01
S8,2561,3069,5630,14724,12270,26994,2017-06-01
S8,0,0,0,1,0,1,2017-06-01
S9,2090,2491,4581,8158,4986,13144,2017-06-01
S10,2230,2147,4377,13037,11520,24557,2017-06-01
S11,1701,1782,3483,10729,9742,20471,2017-06-01
S12,1506,2301,3807,12004,9261,21265,2017-06-01
S13,1501,2104,3605,9764,7649,17413,2017-06-01
S14,781,988,1769,2103,1349,3452,2017-06-01
S16,0,0,0,0,2,2,2017-06-01
S17,492,570,1062,6041,5906,11947,2017-06-01
S18,715,893,1608,9644,8944,18588,2017-06-01
S19,4,11,15,62,43,105,2017-06-01
S20,1157,1657,2814,10884,9107,19991,2017-06-01
S21,795,1074,1869,7524,6292,13816,2017-06-01
S22,0,1,1,0,1,1,2017-06-01
S24,0,0,0,0,1,1,2017-06-01
S25,820,1216,2036,7694,6587,14281,2017-06-01
S26,868,1321,2189,9572,8224,17796,2017-06-01
S29,0,0,0,2,0,2,2017-06-01
S30,32,31,63,176,159,335,2017-06-01
S31,23,29,52,108,43,151,2017-06-01
S32,149,184,333,2360,2322,4682,2017-06-01
S33,145,155,300,1954,1852,3806,2017-06-01
S35,1372,1871,3243,15264,13442,28706,2017-06-01
S36,947,1269,2216,10613,9294,19907,2017-06-01
S37,1,0,1,0,0,0,2017-06-01
S40,1725,2177,3902,12100,10063,22163,2017-06-01
S41,1805,2331,4136,12155,10094,22249,2017-06-01
S42,1042,1395,2437,10576,9143,19719,2017-06-01
S43,1869,2673,4542,13939,11206,25145,2017-06-01
S44,1018,1408,2426,7607,6165,13772,2017-06-01
S45,579,810,1389,4776,3932,8708,2017-06-01
S46,0,0,0,3,0,3,2017-06-01
S47,0,0,0,1,0,1,2017-06-01
S49,0,0,0,2,0,2,2017-06-01
S54,0,0,0,1,0,1,2017-06-01
S60,1802,2479,4281,13707,10995,24702,2017-06-01
S61,1960,2660,4620,11360,8745,20105,2017-06-01
S62,1082,1465,2547,6381,4810,11191,2017-06-01
S63,2415,3082,5497,13013,10229,23242,2017-06-01
S64,1773,2221,3994,10133,7816,17949,2017-06-01
S65,2424,2942,5366,9893,6908,16801,2017-06-01
S66,1997,2901,4898,15936,13319,29255,2017-06-01
S68,0,0,0,0,1,1,2017-06-01
S70,2464,2939,5403,12398,8984,21382,2017-06-01
S71,2557,3349,5906,15190,11849,27039,2017-06-01
S72,1357,1818,3175,8538,6645,15183,2017-06-01
S73,1465,1972,3437,9232,7251,16483,2017-06-01
S74,862,1275,2137,5926,4686,10612,2017-06-01
S75,1540,2107,3647,16325,14153,30478,2017-06-01
S80,1664,2083,3747,9855,7740,17595,2017-06-01
S81,1414,1890,3304,13866,12088,25954,2017-06-01
SA1,4159,4172,8331,13300,8712,22012,2017-06-01
SA2,1676,1804,3480,12667,11181,23848,2017-06-01
SA3,782,843,1625,10497,10116,20613,2017-06-01
SA4,1488,1934,3422,16410,15356,31766,2017-06-01
SA5,2063,2942,5005,11284,9023,20307,2017-06-01
SA6,1580,2215,3795,11275,9532,20807,2017-06-01
SA7,543,748,1291,5490,4913,10403,2017-06-01
SA8,464,615,1079,4688,4198,8886,2017-06-01
SA9,538,715,1253,5618,4927,10545,2017-06-01
SA10,1040,1492,2532,11143,9693,20836,2017-06-01
SA11,1678,2334,4012,11967,9641,21608,2017-06-01
SA12,1724,2253,3977,10609,8901,19510,2017-06-01
SA13,962,1254,2216,6617,5248,11865,2017-06-01
SA14,1174,1511,2685,12318,11025,23343,2017-06-01
SA15,1738,2113,3851,12198,10225,22423,2017-06-01
SA16,303,429,732,3094,2704,5798,2017-06-01
SA17,346,426,772,3468,3018,6486,2017-06-01
SA18,1176,1368,2544,10814,9602,20416,2017-06-01
SA19,256,339,595,3875,3623,7498,2017-06-01
SA20,115,135,250,1318,1130,2448,2017-06-01
SA31,709,939,1648,5503,5099,10602,2017-06-01
SA32,148,185,333,3147,3012,6159,2017-06-01
SA33,319,422,741,5104,4726,9830,2017-06-01
SA34,138,172,310,2082,1847,3929,2017-06-01
SA35,13,23,36,362,323,685,2017-06-01
SA36,10,8,18,143,143,286,2017-06-01
SA37,31,41,72,586,527,1113,2017-06-01
SA38,145,180,325,1751,1648,3399,2017-06-01
SA39,62,89,151,1029,907,1936,2017-06-01
SA40,124,121,245,1081,993,2074,2017-06-01
SA41,57,57,114,841,769,1610,2017-06-01
SA42,62,74,136,818,788,1606,2017-06-01
SA43,463,572,1035,4812,4385,9197,2017-06-01
SA44,298,366,664,4519,4245,8764,2017-06-01
SA45,63,55,118,614,567,1181,2017-06-01
SA46,94,116,210,959,849,1808,2017-06-01
SA47,44,43,87,401,381,782,2017-06-01
SA48,363,342,705,3284,3026,6310,2017-06-01
SA61,766,992,1758,4624,4165,8789,2017-06-01
SA62,552,735,1287,8338,7693,16031,2017-06-01
SA63,31,30,61,513,480,993,2017-06-01
SA64,91,129,220,834,701,1535,2017-06-01
SA65,163,206,369,1563,1371,2934,2017-06-01
SA66,92,96,188,1253,1215,2468,2017-06-01
SA67,198,270,468,2777,2630,5407,2017-06-01
SA68,100,125,225,1589,1449,3038,2017-06-01
SA69,112,135,247,1462,1337,2799,2017-06-01
SA70,369,464,833,3395,3067,6462,2017-06-01
SA71,463,531,994,3970,3445,7415,2017-06-01
SA72,530,616,1146,3423,3070,6493,2017-06-01
SA73,884,1206,2090,7065,6081,13146,2017-06-01
SA99,1,1,2,0,0,0,2017-06-01
SE0,0,1,1,1,1,2,2017-06-01
SE1,8433,8479,16912,18439,11118,29557,2017-06-01
SE1,0,0,0,2,0,2,2017-06-01
SE2,3119,3909,7028,7824,5785,13609,2017-06-01
SE3,2738,3256,5994,11411,9588,20999,2017-06-01
SE4,3515,3866,7381,8344,6765,15109,2017-06-01
SE5,7425,8069,15494,12391,8343,20734,2017-06-01
SE6,6343,7118,13461,15436,12331,27767,2017-06-01
SE6,1,0,1,0,0,0,2017-06-01
SE7,2655,3030,5685,6331,4522,10853,2017-06-01
SE8,4442,4711,9153,7624,4997,12621,2017-06-01
SE9,4697,5752,10449,21005,17550,38555,2017-06-01
SE10,2389,2832,5221,8530,6661,15191,2017-06-01
SE11,3147,3286,6433,6414,3872,10286,2017-06-01
SE12,2375,2773,5148,8704,7253,15957,2017-06-01
SE13,5250,5533,10783,12206,9341,21547,2017-06-01
SE14,3880,3887,7767,6670,4468,11138,2017-06-01
SE15,11121,11347,22468,16350,11433,27783,2017-06-01
SE16,5389,6126,11515,13855,9338,23193,2017-06-01
SE17,5995,6126,12121,8038,4527,12565,2017-06-01
SE18,11213,11787,23000,20972,13858,34830,2017-06-01
SE19,2731,3332,6063,9123,7448,16571,2017-06-01
SE20,2510,2944,5454,6895,5735,12630,2017-06-01
SE21,1410,1576,2986,5040,4632,9672,2017-06-01
SE22,3107,3406,6513,9336,8079,17415,2017-06-01
SE23,3406,3936,7342,10229,8726,18955,2017-06-01
SE24,1908,1981,3889,5722,4986,10708,2017-06-01
SE25,3943,4580,8523,10666,8701,19367,2017-06-01
SE26,3052,3678,6730,8549,7215,15764,2017-06-01
SE27,2567,2835,5402,6498,5142,11640,2017-06-01
SE28,3405,4367,7772,7619,5278,12897,2017-06-01
SE29,1,3,4,3,0,3,2017-06-01
SE31,0,1,1,0,0,0,2017-06-01
SE33,0,1,1,0,0,0,2017-06-01
SE35,0,1,1,0,0,0,2017-06-01
SE37,0,1,1,0,0,0,2017-06-01
SE41,0,0,0,1,0,1,2017-06-01
SE50,0,0,0,1,0,1,2017-06-01
SE57,0,1,1,0,0,0,2017-06-01
SE59,0,0,0,1,0,1,2017-06-01
SE60,0,0,0,2,0,2,2017-06-01
SE72,1,0,1,0,0,0,2017-06-01
SE73,0,0,0,1,0,1,2017-06-01
SE74,0,1,1,1,0,1,2017-06-01
SE75,1,0,1,0,0,0,2017-06-01
SE76,0,0,0,1,0,1,2017-06-01
SE77,1,0,1,0,0,0,2017-06-01
SE81,0,0,0,0,1,1,2017-06-01
SE88,0,0,0,1,0,1,2017-06-01
SE90,0,0,0,0,1,1,2017-06-01
SE91,0,1,1,0,0,0,2017-06-01
SE99,0,0,0,0,1,1,2017-06-01
SG0,0,0,0,0,1,1,2017-06-01
SG1,3090,3744,6834,18685,15525,34210,2017-06-01
SG2,2165,2824,4989,15452,13371,28823,2017-06-01
SG3,240,271,511,2819,2745,5564,2017-06-01
SG4,1203,1376,2579,11379,10692,22071,2017-06-01
SG5,1390,1581,2971,12540,11654,24194,2017-06-01
SG6,1750,2183,3933,12101,10708,22809,2017-06-01
SG7,514,608,1122,5229,4883,10112,2017-06-01
SG8,1353,1553,2906,15581,14221,29802,2017-06-01
SG9,269,310,579,4326,4182,8508,2017-06-01
SG10,53,60,113,815,781,1596,2017-06-01
SG11,229,226,455,3517,3269,6786,2017-06-01
SG12,1196,1314,2510,11506,10612,22118,2017-06-01
SG13,715,730,1445,6527,6217,12744,2017-06-01
SG14,845,928,1773,7568,7058,14626,2017-06-01
SG15,235,261,496,2166,1946,4112,2017-06-01
SG16,160,234,394,2488,2353,4841,2017-06-01
SG17,454,510,964,5173,4855,10028,2017-06-01
SG18,934,1218,2152,10292,9285,19577,2017-06-01
SG19,823,1105,1928,9825,8905,18730,2017-06-01
SK0,0,0,0,0,1,1,2017-06-01
SK1,686,843,1529,3742,2809,6551,2017-06-01
SK2,1429,1812,3241,10643,9429,20072,2017-06-01
SK3,1723,2208,3931,8781,7496,16277,2017-06-01
SK4,1914,2027,3941,13219,11941,25160,2017-06-01
SK5,2067,2586,4653,9014,7318,16332,2017-06-01
SK6,1969,2376,4345,19468,17844,37312,2017-06-01
SK7,1397,1627,3024,16426,15646,32072,2017-06-01
SK8,2478,2834,5312,23342,21955,45297,2017-06-01
SK9,1397,1608,3005,15498,14787,30285,2017-06-01
SK10,1517,1708,3225,15569,14889,30458,2017-06-01
SK11,1687,1940,3627,13678,12166,25844,2017-06-01
SK12,583,600,1183,8004,7822,15826,2017-06-01
SK13,1494,1932,3426,11938,10650,22588,2017-06-01
SK14,2671,3329,6000,15863,13287,29150,2017-06-01
SK15,1526,1752,3278,9628,8251,17879,2017-06-01
SK16,1068,1336,2404,6614,5333,11947,2017-06-01
SK17,1180,1406,2586,11818,10149,21967,2017-06-01
SK22,511,613,1124,4705,4158,8863,2017-06-01
SK23,580,648,1228,6968,6308,13276,2017-06-01
SL0,427,464,891,4837,4347,9184,2017-06-01
SL1,6671,6797,13468,25674,18823,44497,2017-06-01
SL2,4384,5199,9583,19778,15386,35164,2017-06-01
SL3,2597,3470,6067,18096,15031,33127,2017-06-01
SL4,2041,2428,4469,17287,15827,33114,2017-06-01
SL5,1069,1236,2305,10153,10193,20346,2017-06-01
SL6,3586,4094,7680,32307,29374,61681,2017-06-01
SL7,785,821,1606,8649,8472,17121,2017-06-01
SL8,203,210,413,2662,2641,5303,2017-06-01
SL9,849,926,1775,9198,9270,18468,2017-06-01
SM1,2552,3154,5706,14185,11644,25829,2017-06-01
SM2,1414,1867,3281,10860,9932,20792,2017-06-01
SM3,1146,1364,2510,7960,7078,15038,2017-06-01
SM4,3163,3417,6580,13572,10231,23803,2017-06-01
SM5,2504,3160,5664,13622,12214,25836,2017-06-01
SM6,2383,2895,5278,13085,11553,24638,2017-06-01
SM7,618,635,1253,7375,7371,14746,2017-06-01
SN0,0,0,0,2,0,2,2017-06-01
SN1,2993,2626,5619,10802,7099,17901,2017-06-01
SN2,2695,3379,6074,14435,10985,25420,2017-06-01
SN3,2937,3738,6675,18812,15591,34403,2017-06-01
SN4,1040,1234,2274,11514,10466,21980,2017-06-01
SN5,1554,2142,3696,13274,11666,24940,2017-06-01
SN6,776,917,1693,8866,8119,16985,2017-06-01
SN7,458,612,1070,5626,5219,10845,2017-06-01
SN8,915,1044,1959,9517,9022,18539,2017-06-01
SN9,275,352,627,3239,3111,6350,2017-06-01
SN10,1181,1461,2642,11926,11072,22998,2017-06-01
SN11,856,1121,1977,8578,7858,16436,2017-06-01
SN12,1009,1138,2147,10213,9288,19501,2017-06-01
SN13,607,745,1352,6236,5994,12230,2017-06-01
SN14,1100,1263,2363,10666,9786,20452,2017-06-01
SN15,1515,1737,3252,13993,12150,26143,2017-06-01
SN16,395,420,815,5795,5526,11321,2017-06-01
SN20,0,0,0,2,0,2,2017-06-01
SN24,0,1,1,0,1,1,2017-06-01
SN25,1175,1537,2712,13879,12344,26223,2017-06-01
SN26,49,42,91,754,652,1406,2017-06-01
SN27,0,0,0,1,0,1,2017-06-01
SN31,0,0,0,0,1,1,2017-06-01
SN34,0,0,0,0,1,1,2017-06-01
SN48,0,0,0,1,0,1,2017-06-01
SN66,0,1,1,0,0,0,2017-06-01
SO0,0,0,0,0,1,1,2017-06-01
SO1,60,46,106,204,96,300,2017-06-01
SO2,88,47,135,177,81,258,2017-06-01
SO3,35,24,59,170,116,286,2017-06-01
SO3,1,0,1,1,0,1,2017-06-01
SO4,33,39,72,179,147,326,2017-06-01
SO5,33,25,58,168,99,267,2017-06-01
SO6,0,0,0,2,0,2,2017-06-01
SO9,17,15,32,30,12,42,2017-06-01
SO14,2973,2371,5344,7025,3520,10545,2017-06-01
SO15,2718,2938,5656,12968,10008,22976,2017-06-01
SO16,4344,5333,9677,22014,17667,39681,2017-06-01
SO17,1356,1324,2680,5144,3533,8677,2017-06-01
SO18,2094,2360,4454,12741,10710,23451,2017-06-01
SO19,3334,4422,7756,18876,15633,34509,2017-06-01
SO20,271,316,587,3436,3159,6595,2017-06-01
SO21,577,715,1292,8002,7672,15674,2017-06-01
SO22,1460,1677,3137,9357,8645,18002,2017-06-01
SO23,1193,1277,2470,7275,6698,13973,2017-06-01
SO24,372,414,786,4703,4559,9262,2017-06-01
SO30,931,1114,2045,12568,12088,24656,2017-06-01
SO31,1526,1707,3233,17898,17157,35055,2017-06-01
SO32,550,630,1180,8437,8186,16623,2017-06-01
SO33,0,0,0,1,0,1,2017-06-01
SO40,1339,1690,3029,16124,14808,30932,2017-06-01
SO41,913,1021,1934,12665,12648,25313,2017-06-01
SO42,151,174,325,2050,1951,4001,2017-06-01
SO43,123,138,261,1837,1770,3607,2017-06-01
SO45,1311,1618,2929,13485,12513,25998,2017-06-01
SO50,2221,2664,4885,17244,15249,32493,2017-06-01
SO51,886,1024,1910,11453,11165,22618,2017-06-01
SO52,187,245,432,2757,2573,5330,2017-06-01
SO53,1020,1210,2230,12530,12060,24590,2017-06-01
SP1,1061,1130,2191,7715,7136,14851,2017-06-01
SP2,1614,1804,3418,10251,8981,19232,2017-06-01
SP3,366,462,828,4782,4603,9385,2017-06-01
SP4,1576,1916,3492,12881,10942,23823,2017-06-01
SP5,582,708,1290,9203,9017,18220,2017-06-01
SP6,399,406,805,5880,5725,11605,2017-06-01
SP7,497,642,1139,5639,5466,11105,2017-06-01
SP8,440,512,952,5595,5300,10895,2017-06-01
SP9,445,892,1337,3325,2433,5758,2017-06-01
SP10,2232,2918,5150,14180,11741,25921,2017-06-01
SP11,916,1227,2143,10837,9965,20802,2017-06-01
SR1,518,407,925,1214,480,1694,2017-06-01
SR2,2368,2522,4890,9996,7489,17485,2017-06-01
SR3,2078,2863,4941,12371,9826,22197,2017-06-01
SR4,2864,3739,6603,11824,8419,20243,2017-06-01
SR5,2569,3178,5747,9369,6488,15857,2017-06-01
SR6,1297,1621,2918,10744,9223,19967,2017-06-01
SR7,1587,2177,3764,9679,7496,17175,2017-06-01
SR8,2201,3040,5241,10843,8256,19099,2017-06-01
SS0,3112,3516,6628,13605,10941,24546,2017-06-01
SS1,1960,2175,4135,9106,7606,16712,2017-06-01
SS2,2580,3133,5713,11658,9520,21178,2017-06-01
SS3,1620,1988,3608,10131,9102,19233,2017-06-01
SS4,876,1083,1959,7652,7030,14682,2017-06-01
SS5,781,787,1568,8864,8175,17039,2017-06-01
SS6,1130,1356,2486,12307,11253,23560,2017-06-01
SS7,1907,2230,4137,19655,17764,37419,2017-06-01
SS8,1969,2679,4648,14355,11809,26164,2017-06-01
SS9,2225,2499,4724,18713,17138,35851,2017-06-01
SS11,651,807,1458,7176,6324,13500,2017-06-01
SS12,629,838,1467,7182,6486,13668,2017-06-01
SS13,1625,2150,3775,7813,6191,14004,2017-06-01
SS14,2027,2751,4778,8440,6505,14945,2017-06-01
SS15,2115,2799,4914,10547,8892,19439,2017-06-01
SS16,1848,2643,4491,10717,8604,19321,2017-06-01
SS17,1401,1836,3237,12699,11182,23881,2017-06-01
SS20,0,0,0,0,1,1,2017-06-01
SS25,0,0,0,1,0,1,2017-06-01
SS30,0,0,0,1,1,2,2017-06-01
SS31,0,0,0,1,0,1,2017-06-01
SS39,0,1,1,1,0,1,2017-06-01
SS50,0,0,0,1,0,1,2017-06-01
SS92,0,0,0,1,0,1,2017-06-01
SS95,1,0,1,0,0,0,2017-06-01
SS99,0,1,1,0,0,0,2017-06-01
ST0,0,0,0,1,0,1,2017-06-01
ST1,2307,2626,4933,9587,6309,15896,2017-06-01
ST2,2025,2713,4738,10450,8018,18468,2017-06-01
ST3,3664,4768,8432,22475,17548,40023,2017-06-01
ST4,3615,4147,7762,17762,13561,31323,2017-06-01
ST5,4162,4889,9051,27413,22891,50304,2017-06-01
ST6,4107,5415,9522,20265,14858,35123,2017-06-01
ST7,1957,2475,4432,20412,18089,38501,2017-06-01
ST8,664,842,1506,7719,6855,14574,2017-06-01
ST9,258,342,600,4950,4539,9489,2017-06-01
ST10,745,976,1721,9878,8748,18626,2017-06-01
ST11,283,325,608,3955,3575,7530,2017-06-01
ST12,123,126,249,1405,1371,2776,2017-06-01
ST13,954,1250,2204,10321,9053,19374,2017-06-01
ST14,796,1004,1800,7448,6456,13904,2017-06-01
ST15,662,839,1501,8287,7677,15964,2017-06-01
ST16,1697,1961,3658,10427,8599,19026,2017-06-01
ST17,1798,2235,4033,13866,12234,26100,2017-06-01
ST18,397,418,815,6984,6464,13448,2017-06-01
ST19,447,562,1009,5888,5494,11382,2017-06-01
ST20,178,231,409,2868,2629,5497,2017-06-01
ST21,117,164,281,2481,2305,4786,2017-06-01
SW0,1,1,2,1,3,4,2017-06-01
SW1,39,42,81,83,57,140,2017-06-01
SW1,98,85,183,412,206,618,2017-06-01
SW1,1,0,1,1,1,2,2017-06-01
SW1,0,0,0,0,1,1,2017-06-01
SW1,130,83,213,447,228,675,2017-06-01
SW1,48,53,101,347,184,531,2017-06-01
SW1,1,1,2,0,0,0,2017-06-01
SW1,0,0,0,1,2,3,2017-06-01
SW1,0,1,1,1,0,1,2017-06-01
SW1,1161,1407,2568,4003,2699,6702,2017-06-01
SW1,1,0,1,0,0,0,2017-06-01
SW1,0,0,0,0,1,1,2017-06-01
SW1,2092,2430,4522,6936,5162,12098,2017-06-01
SW1,805,951,1756,2722,2191,4913,2017-06-01
SW1,730,868,1598,2636,2097,4733,2017-06-01
SW1,68,56,124,379,175,554,2017-06-01
SW1,1,1,2,1,0,1,2017-06-01
SW2,7177,7635,14812,15812,11649,27461,2017-06-01
SW3,2015,2554,4569,8774,7397,16171,2017-06-01
SW4,4569,4742,9311,13320,9805,23125,2017-06-01
SW5,2271,1911,4182,6006,3873,9879,2017-06-01
SW6,5789,6545,12334,21751,17883,39634,2017-06-01
SW7,2861,2391,5252,8882,6113,14995,2017-06-01
SW8,5269,5462,10731,11000,6929,17929,2017-06-01
SW9,7469,7564,15033,12444,7643,20087,2017-06-01
SW10,1950,2253,4203,6542,5313,11855,2017-06-01
SW11,6420,7422,13842,23201,18536,41737,2017-06-01
SW12,2476,2607,5083,10799,9122,19921,2017-06-01
SW13,991,1210,2201,6191,5915,12106,2017-06-01
SW14,1015,1114,2129,6544,6206,12750,2017-06-01
SW15,4964,5838,10802,22102,18726,40828,2017-06-01
SW16,10017,9692,19709,27480,20569,48049,2017-06-01
SW17,8114,7445,15559,20863,15882,36745,2017-06-01
SW18,4478,5239,9717,22560,19502,42062,2017-06-01
SW19,6356,7134,13490,31055,26070,57125,2017-06-01
SW20,1936,2241,4177,12085,10775,22860,2017-06-01
SY1,1479,1886,3365,8768,7125,15893,2017-06-01
SY2,783,1004,1787,6125,5368,11493,2017-06-01
SY3,1374,1578,2952,12184,11432,23616,2017-06-01
SY4,769,932,1701,9585,9133,18718,2017-06-01
SY5,666,675,1341,8357,7822,16179,2017-06-01
SY6,187,199,386,2866,2703,5569,2017-06-01
SY7,307,407,714,4448,4129,8577,2017-06-01
SY8,578,727,1305,7298,6619,13917,2017-06-01
SY9,76,91,167,1119,972,2091,2017-06-01
SY10,416,500,916,6330,5850,12180,2017-06-01
SY11,1095,1397,2492,9206,8112,17318,2017-06-01
SY12,274,332,606,3201,2873,6074,2017-06-01
SY13,688,767,1455,7637,6828,14465,2017-06-01
SY14,160,184,344,2643,2585,5228,2017-06-01
SY15,127,135,262,2193,2079,4272,2017-06-01
SY16,759,877,1636,5583,4805,10388,2017-06-01
SY17,86,105,191,1499,1370,2869,2017-06-01
SY18,119,153,272,1827,1564,3391,2017-06-01
SY19,19,29,48,437,380,817,2017-06-01
SY20,236,301,537,2540,2297,4837,2017-06-01
SY21,552,738,1290,6427,5735,12162,2017-06-01
SY22,228,269,497,3560,3345,6905,2017-06-01
SY23,1328,1412,2740,8617,7482,16099,2017-06-01
SY24,164,199,363,1753,1562,3315,2017-06-01
SY25,136,177,313,1743,1571,3314,2017-06-01
T96,0,0,0,0,1,1,2017-06-01
TA1,1916,2183,4099,13851,12530,26381,2017-06-01
TA2,1188,1405,2593,10325,9543,19868,2017-06-01
TA3,344,396,740,6342,6102,12444,2017-06-01
TA4,547,653,1200,7786,7578,15364,2017-06-01
TA5,293,350,643,4557,4292,8849,2017-06-01
TA6,2458,2822,5280,16598,13842,30440,2017-06-01
TA7,414,470,884,6582,6252,12834,2017-06-01
TA8,571,655,1226,6571,5803,12374,2017-06-01
TA9,532,614,1146,4956,4476,9432,2017-06-01
TA10,297,276,573,3985,3936,7921,2017-06-01
TA11,244,294,538,3744,3672,7416,2017-06-01
TA12,155,213,368,2539,2399,4938,2017-06-01
TA13,102,118,220,1709,1635,3344,2017-06-01
TA14,87,122,209,1289,1157,2446,2017-06-01
TA15,22,30,52,280,263,543,2017-06-01
TA16,46,65,111,768,683,1451,2017-06-01
TA17,6,17,23,246,267,513,2017-06-01
TA18,314,412,726,4145,3736,7881,2017-06-01
TA19,321,410,731,4663,4546,9209,2017-06-01
TA20,774,801,1575,7770,7050,14820,2017-06-01
TA21,704,846,1550,7471,6899,14370,2017-06-01
TA22,55,87,142,1104,1084,2188,2017-06-01
TA23,237,297,534,2130,1906,4036,2017-06-01
TA24,694,868,1562,6907,6277,13184,2017-06-01
TD1,826,1118,1944,6146,5278,11424,2017-06-01
TD2,80,91,171,1055,1028,2083,2017-06-01
TD3,37,34,71,417,365,782,2017-06-01
TD4,84,84,168,892,808,1700,2017-06-01
TD5,356,466,822,4307,4231,8538,2017-06-01
TD6,228,292,520,3065,2980,6045,2017-06-01
TD7,306,389,695,2718,2484,5202,2017-06-01
TD8,213,294,507,2321,2113,4434,2017-06-01
TD9,781,1044,1825,6524,5498,12022,2017-06-01
TD10,36,59,95,443,402,845,2017-06-01
TD11,219,314,533,3048,2680,5728,2017-06-01
TD12,143,172,315,1692,1559,3251,2017-06-01
TD13,34,41,75,387,369,756,2017-06-01
TD14,236,347,583,2345,2032,4377,2017-06-01
TD15,758,1030,1788,6459,5533,11992,2017-06-01
TF1,2111,2538,4649,13288,11057,24345,2017-06-01
TF2,1907,2350,4257,13557,11634,25191,2017-06-01
TF3,1716,2300,4016,7858,6204,14062,2017-06-01
TF4,900,1186,2086,6742,5834,12576,2017-06-01
TF5,198,215,413,2019,1930,3949,2017-06-01
TF6,136,166,302,2313,2112,4425,2017-06-01
TF7,1303,1684,2987,5327,4132,9459,2017-06-01
TF8,91,99,190,1244,1136,2380,2017-06-01
TF9,907,1090,1997,9949,8683,18632,2017-06-01
TF10,600,607,1207,7036,6392,13428,2017-06-01
TF11,350,360,710,4134,3751,7885,2017-06-01
TF12,216,246,462,2015,1809,3824,2017-06-01
TF13,110,119,229,1435,1453,2888,2017-06-01
TN0,0,0,0,1,0,1,2017-06-01
TN1,744,847,1591,3973,3242,7215,2017-06-01
TN2,1183,1591,2774,10418,9476,19894,2017-06-01
TN3,337,365,702,4863,4702,9565,2017-06-01
TN3,0,0,0,1,0,1,2017-06-01
TN4,1476,1780,3256,10839,10141,20980,2017-06-01
TN5,272,341,613,3542,3543,7085,2017-06-01
TN6,840,1001,1841,10269,9649,19918,2017-06-01
TN7,67,88,155,1017,1031,2048,2017-06-01
TN8,483,587,1070,5176,4982,10158,2017-06-01
TN9,1012,1142,2154,6330,5678,12008,2017-06-01
TN10,753,863,1616,6006,5598,11604,2017-06-01
TN11,408,497,905,5653,5450,11103,2017-06-01
TN12,1016,1247,2263,11697,10869,22566,2017-06-01
TN13,973,1083,2056,9439,9230,18669,2017-06-01
TN14,491,541,1032,6349,6035,12384,2017-06-01
TN15,726,911,1637,10474,10030,20504,2017-06-01
TN16,666,741,1407,7944,7567,15511,2017-06-01
TN17,542,648,1190,5481,5275,10756,2017-06-01
TN18,224,237,461,2574,2420,4994,2017-06-01
TN19,152,190,342,2162,2013,4175,2017-06-01
TN20,131,146,277,1557,1570,3127,2017-06-01
TN21,452,587,1039,6789,6501,13290,2017-06-01
TN22,939,1129,2068,11014,10560,21574,2017-06-01
TN23,2226,2820,5046,14139,11962,26101,2017-06-01
TN24,1685,2123,3808,11628,9968,21596,2017-06-01
TN25,510,552,1062,7033,6788,13821,2017-06-01
TN26,317,359,676,4945,4663,9608,2017-06-01
TN27,353,438,791,5602,5283,10885,2017-06-01
TN28,303,391,694,3436,3065,6501,2017-06-01
TN29,534,661,1195,5374,4533,9907,2017-06-01
TN30,289,357,646,3821,3718,7539,2017-06-01
TN31,542,670,1212,5648,5126,10774,2017-06-01
TN32,187,202,389,2152,2010,4162,2017-06-01
TN33,515,520,1035,4973,4884,9857,2017-06-01
TN34,2103,2452,4555,9876,8160,18036,2017-06-01
TN35,1013,1279,2292,6244,5661,11905,2017-06-01
TN36,81,96,177,989,910,1899,2017-06-01
TN37,1320,1542,2862,6718,5470,12188,2017-06-01
TN38,1812,2220,4032,9371,7902,17273,2017-06-01
TN39,1021,1256,2277,9723,9102,18825,2017-06-01
TN40,811,1003,1814,5954,5487,11441,2017-06-01
TQ1,1914,2099,4013,11253,9515,20768,2017-06-01
TQ2,1965,2381,4346,12084,10652,22736,2017-06-01
TQ3,1491,1736,3227,11111,9874,20985,2017-06-01
TQ4,786,977,1763,7334,6601,13935,2017-06-01
TQ5,869,1031,1900,7149,6354,13503,2017-06-01
TQ6,318,428,746,3142,2792,5934,2017-06-01
TQ7,579,719,1298,6639,6454,13093,2017-06-01
TQ8,76,74,150,758,685,1443,2017-06-01
TQ9,814,903,1717,6976,7056,14032,2017-06-01
TQ10,119,172,291,1579,1547,3126,2017-06-01
TQ11,202,251,453,1584,1495,3079,2017-06-01
TQ12,2088,2470,4558,20722,19428,40150,2017-06-01
TQ13,784,840,1624,9496,9450,18946,2017-06-01
TQ14,787,939,1726,7402,6904,14306,2017-06-01
TR1,1104,1374,2478,7372,6906,14278,2017-06-01
TR2,272,368,640,4044,3903,7947,2017-06-01
TR3,367,428,795,5129,4909,10038,2017-06-01
TR4,360,429,789,4735,4497,9232,2017-06-01
TR5,149,153,302,1604,1595,3199,2017-06-01
TR6,144,171,315,1520,1373,2893,2017-06-01
TR7,1207,1309,2516,8080,7091,15171,2017-06-01
TR8,283,325,608,3763,3425,7188,2017-06-01
TR9,272,404,676,3158,2840,5998,2017-06-01
TR10,503,581,1084,3570,3184,6754,2017-06-01
TR11,1342,1498,2840,9972,9379,19351,2017-06-01
TR12,289,318,607,3785,3421,7206,2017-06-01
TR13,681,866,1547,7680,7245,14925,2017-06-01
TR14,1300,1451,2751,9126,7840,16966,2017-06-01
TR15,1019,1111,2130,7192,6311,13503,2017-06-01
TR16,489,614,1103,6202,5846,12048,2017-06-01
TR17,72,86,158,578,531,1109,2017-06-01
TR18,1189,1388,2577,6449,5586,12035,2017-06-01
TR19,413,467,880,3443,3226,6669,2017-06-01
TR20,309,336,645,3857,3628,7485,2017-06-01
TR21,78,111,189,590,479,1069,2017-06-01
TR22,7,7,14,26,21,47,2017-06-01
TR23,5,5,10,34,26,60,2017-06-01
TR24,4,6,10,50,30,80,2017-06-01
TR25,7,4,11,49,41,90,2017-06-01
TR26,583,655,1238,4088,3755,7843,2017-06-01
TR27,625,766,1391,5624,5167,10791,2017-06-01
TS1,2110,1668,3778,3163,1342,4505,2017-06-01
TS2,132,127,259,231,126,357,2017-06-01
TS2,0,0,0,1,0,1,2017-06-01
TS3,2555,3211,5766,6709,4448,11157,2017-06-01
TS4,1470,1735,3205,4601,3276,7877,2017-06-01
TS5,2094,2591,4685,13550,11352,24902,2017-06-01
TS6,1873,2508,4381,9412,7279,16691,2017-06-01
TS7,667,948,1615,8720,7789,16509,2017-06-01
TS8,975,1358,2333,7228,6453,13681,2017-06-01
TS9,283,383,666,5350,5023,10373,2017-06-01
TS10,1912,2518,4430,12409,10242,22651,2017-06-01
TS11,411,557,968,4488,3926,8414,2017-06-01
TS12,971,1291,2262,7920,6754,14674,2017-06-01
TS13,537,705,1242,3402,2542,5944,2017-06-01
TS14,600,797,1397,6729,5990,12719,2017-06-01
TS15,388,383,771,5626,5170,10796,2017-06-01
TS16,322,445,767,4043,3752,7795,2017-06-01
TS17,1978,2557,4535,15367,13385,28752,2017-06-01
TS18,1506,1643,3149,7936,6396,14332,2017-06-01
TS19,2094,2860,4954,11350,9462,20812,2017-06-01
TS20,1041,1313,2354,6708,5561,12269,2017-06-01
TS21,360,453,813,4991,4458,9449,2017-06-01
TS22,189,245,434,3735,3374,7109,2017-06-01
TS23,1612,2111,3723,9535,7976,17511,2017-06-01
TS24,1536,1866,3402,5967,4307,10274,2017-06-01
TS25,1984,2621,4605,12147,9895,22042,2017-06-01
TS26,1193,1332,2525,8474,7492,15966,2017-06-01
TS27,466,628,1094,4410,3928,8338,2017-06-01
TS28,237,320,557,1756,1465,3221,2017-06-01
TS29,290,397,687,2060,1638,3698,2017-06-01
TS90,0,0,0,1,0,1,2017-06-01
TW0,0,0,0,0,1,1,2017-06-01
TW1,1426,1689,3115,10225,9318,19543,2017-06-01
TW2,1709,1959,3668,11365,10346,21711,2017-06-01
TW2,0,0,0,1,0,1,2017-06-01
TW3,7342,5635,12977,14813,8928,23741,2017-06-01
TW4,4956,4170,9126,10454,6221,16675,2017-06-01
TW5,4518,3895,8413,11798,7675,19473,2017-06-01
TW6,10,2,12,29,11,40,2017-06-01
TW7,3223,3810,7033,14170,11089,25259,2017-06-01
TW8,1962,2311,4273,7616,5635,13251,2017-06-01
TW9,1432,1697,3129,8938,8052,16990,2017-06-01
TW10,1358,1578,2936,7751,6961,14712,2017-06-01
TW11,1265,1518,2783,9047,8486,17533,2017-06-01
TW12,1288,1514,2802,8795,8316,17111,2017-06-01
TW13,3138,3841,6979,12780,9150,21930,2017-06-01
TW14,2807,3228,6035,10493,7313,17806,2017-06-01
TW15,1152,1334,2486,11346,9997,21343,2017-06-01
TW16,919,1137,2056,8327,7369,15696,2017-06-01
TW17,506,549,1055,6068,5672,11740,2017-06-01
TW18,1179,1264,2443,10320,9254,19574,2017-06-01
TW19,940,1177,2117,6973,5742,12715,2017-06-01
TW20,1457,1489,2946,8528,7329,15857,2017-06-01
UB0,0,0,0,1,0,1,2017-06-01
UB1,9207,6595,15802,14279,8066,22345,2017-06-01
UB1,0,0,0,0,1,1,2017-06-01
UB2,6735,4987,11722,11427,6818,18245,2017-06-01
UB3,6327,6472,12799,18384,11705,30089,2017-06-01
UB4,4328,4356,8684,14436,10380,24816,2017-06-01
UB5,4848,5808,10656,16011,11380,27391,2017-06-01
UB6,5879,5688,11567,20587,13719,34306,2017-06-01
UB7,2708,3167,5875,11302,8128,19430,2017-06-01
UB8,2613,2772,5385,11527,8815,20342,2017-06-01
UB9,675,754,1429,6005,5410,11415,2017-06-01
UB10,1904,2308,4212,13558,11726,25284,2017-06-01
UB11,3,0,3,12,4,16,2017-06-01
UNKNOWNNA,1699,1417,3116,29849,21254,51103,2017-06-01
W1,41,32,73,82,45,127,2017-06-01
W1,112,35,147,120,48,168,2017-06-01
W1,61,68,129,320,184,504,2017-06-01
W1,14,5,19,17,1,18,2017-06-01
W1,204,114,318,418,168,586,2017-06-01
W1,2,0,2,3,0,3,2017-06-01
W1,149,129,278,515,225,740,2017-06-01
W1,219,227,446,1101,780,1881,2017-06-01
W1,859,726,1585,2291,1540,3831,2017-06-01
W1,205,161,366,830,472,1302,2017-06-01
W1,364,372,736,1146,686,1832,2017-06-01
W1,78,62,140,90,64,154,2017-06-01
W1,61,70,131,124,57,181,2017-06-01
W1,0,1,1,0,0,0,2017-06-01
W1,74,71,145,110,44,154,2017-06-01
W1,64,15,79,66,11,77,2017-06-01
W1,44,29,73,140,62,202,2017-06-01
W1,433,328,761,1110,595,1705,2017-06-01
W1,493,511,1004,1784,1208,2992,2017-06-01
W1,98,62,160,119,52,171,2017-06-01
W1,400,411,811,1067,677,1744,2017-06-01
W1,62,22,84,140,58,198,2017-06-01
W1,71,58,129,143,74,217,2017-06-01
W2,7183,6491,13674,16905,10747,27652,2017-06-01
W2,1,0,1,0,0,0,2017-06-01
W3,6654,6504,13158,20732,14363,35095,2017-06-01
W4,3377,3948,7325,17367,15030,32397,2017-06-01
W5,4414,4631,9045,20927,16720,37647,2017-06-01
W6,3771,3849,7620,11089,8678,19767,2017-06-01
W7,3065,3344,6409,10019,8099,18118,2017-06-01
W8,2023,2477,4500,8294,6996,15290,2017-06-01
W9,4466,4850,9316,12491,9209,21700,2017-06-01
W10,4534,5135,9669,9203,6714,15917,2017-06-01
W11,3811,4232,8043,10333,8235,18568,2017-06-01
W12,6689,6766,13455,14424,9979,24403,2017-06-01
W13,3204,3280,6484,12564,9890,22454,2017-06-01
W14,4427,4795,9222,12778,9759,22537,2017-06-01
W15,4,1,5,10,4,14,2017-06-01
W16,5,1,6,1,3,4,2017-06-01
W17,10,7,17,15,10,25,2017-06-01
W18,3,2,5,1,3,4,2017-06-01
W19,3,7,10,8,3,11,2017-06-01
W20,0,0,0,0,1,1,2017-06-01
W21,0,3,3,0,0,0,2017-06-01
W22,3,1,4,6,1,7,2017-06-01
W23,0,1,1,0,0,0,2017-06-01
W24,0,0,0,1,0,1,2017-06-01
W26,0,1,1,0,1,1,2017-06-01
W27,0,0,0,1,0,1,2017-06-01
W28,0,1,1,1,0,1,2017-06-01
W30,0,0,0,1,0,1,2017-06-01
W32,1,0,1,1,0,1,2017-06-01
W38,0,0,0,1,0,1,2017-06-01
W43,0,0,0,0,1,1,2017-06-01
WA1,1076,1172,2248,8280,7018,15298,2017-06-01
WA2,2498,3110,5608,13137,10524,23661,2017-06-01
WA3,1795,2401,4196,17480,15614,33094,2017-06-01
WA4,1776,2122,3898,18713,17165,35878,2017-06-01
WA5,2693,3374,6067,22341,19608,41949,2017-06-01
WA6,625,713,1338,7815,7327,15142,2017-06-01
WA7,4129,5493,9622,20389,16387,36776,2017-06-01
WA8,3427,4495,7922,21506,17667,39173,2017-06-01
WA9,3117,4040,7157,15455,11870,27325,2017-06-01
WA10,2101,2520,4621,12911,10675,23586,2017-06-01
WA11,1770,2416,4186,14727,12540,27267,2017-06-01
WA12,1205,1544,2749,7992,6550,14542,2017-06-01
WA13,372,412,784,5214,5076,10290,2017-06-01
WA14,1417,1428,2845,11416,10463,21879,2017-06-01
WA15,1791,1870,3661,16887,15667,32554,2017-06-01
WA16,818,839,1657,9782,9292,19074,2017-06-01
WC1,20,27,47,38,21,59,2017-06-01
WC1,108,102,210,313,134,447,2017-06-01
WC1,191,224,415,409,257,666,2017-06-01
WC1,244,230,474,479,319,798,2017-06-01
WC1,0,1,1,0,0,0,2017-06-01
WC1,956,876,1832,1826,973,2799,2017-06-01
WC1,0,1,1,1,0,1,2017-06-01
WC1,771,741,1512,1829,1119,2948,2017-06-01
WC1,0,0,0,1,0,1,2017-06-01
WC1,1,0,1,0,0,0,2017-06-01
WC1,45,40,85,183,104,287,2017-06-01
WC1,1,0,1,0,0,0,2017-06-01
WC1,50,38,88,92,45,137,2017-06-01
WC1,998,943,1941,1915,1163,3078,2017-06-01
WC1,0,1,1,2,0,2,2017-06-01
WC1,2,1,3,0,0,0,2017-06-01
WC2,9,3,12,21,5,26,2017-06-01
WC2,12,11,23,97,54,151,2017-06-01
WC2,190,168,358,502,247,749,2017-06-01
WC2,72,50,122,230,102,332,2017-06-01
WC2,417,290,707,826,374,1200,2017-06-01
WC2,90,52,142,245,118,363,2017-06-01
WC2,32,24,56,114,53,167,2017-06-01
WC2,0,0,0,0,1,1,2017-06-01
WC2,0,0,0,0,1,1,2017-06-01
WC4,1,0,1,0,0,0,2017-06-01
WC7,0,0,0,1,0,1,2017-06-01
WC12,1,0,1,0,0,0,2017-06-01
WC13,0,2,2,2,0,2,2017-06-01
WC14,3,1,4,1,2,3,2017-06-01
WC18,1,0,1,0,0,0,2017-06-01
WC19,1,1,2,0,0,0,2017-06-01
WC23,0,0,0,2,0,2,2017-06-01
WC24,2,0,2,4,2,6,2017-06-01
WC28,1,0,1,0,2,2,2017-06-01
WC44,0,0,0,1,0,1,2017-06-01
WC78,1,0,1,0,0,0,2017-06-01
WD1,64,58,122,176,118,294,2017-06-01
WD2,108,77,185,255,135,390,2017-06-01
WD3,1637,1817,3454,16671,16100,32771,2017-06-01
WD4,356,383,739,4655,4431,9086,2017-06-01
WD5,472,505,977,4458,4237,8695,2017-06-01
WD6,2371,2851,5222,14600,12283,26883,2017-06-01
WD7,480,521,1001,5313,5114,10427,2017-06-01
WD17,1014,1141,2155,6702,5515,12217,2017-06-01
WD18,2321,2640,4961,8860,6202,15062,2017-06-01
WD19,1528,1849,3377,10206,9238,19444,2017-06-01
WD22,0,0,0,0,1,1,2017-06-01
WD23,1144,1350,2494,10198,9960,20158,2017-06-01
WD24,1619,1856,3475,8510,6630,15140,2017-06-01
WD25,1498,1886,3384,10790,9528,20318,2017-06-01
WF0,0,0,0,1,0,1,2017-06-01
WF1,2522,2809,5331,11305,8078,19383,2017-06-01
WF2,2792,3701,6493,16929,13881,30810,2017-06-01
WF3,1375,1885,3260,12403,10964,23367,2017-06-01
WF4,1795,2468,4263,16001,13794,29795,2017-06-01
WF5,872,1164,2036,7649,6715,14364,2017-06-01
WF6,1180,1565,2745,7355,5845,13200,2017-06-01
WF7,1005,1507,2512,7250,6010,13260,2017-06-01
WF8,1633,2144,3777,11387,9445,20832,2017-06-01
WF9,2487,3245,5732,12815,9749,22564,2017-06-01
WF10,2696,3798,6494,15401,11733,27134,2017-06-01
WF11,985,1338,2323,5632,4404,10036,2017-06-01
WF12,2047,2765,4812,11112,8319,19431,2017-06-01
WF13,2060,2665,4725,7639,4980,12619,2017-06-01
WF14,746,1014,1760,7300,6582,13882,2017-06-01
WF15,810,1074,1884,6187,5309,11496,2017-06-01
WF16,722,929,1651,3935,2832,6767,2017-06-01
WF17,2575,3557,6132,13614,9650,23264,2017-06-01
WF21,0,0,0,1,0,1,2017-06-01
WN0,0,0,0,1,0,1,2017-06-01
WN1,1064,1205,2269,6745,5275,12020,2017-06-01
WN2,2426,3331,5757,17601,14195,31796,2017-06-01
WN3,1369,1911,3280,10870,8843,19713,2017-06-01
WN4,1191,1529,2720,10386,8815,19201,2017-06-01
WN5,2234,2719,4953,14855,11971,26826,2017-06-01
WN6,1602,1946,3548,14755,12926,27681,2017-06-01
WN7,2669,3275,5944,15682,12367,28049,2017-06-01
WN8,3173,4066,7239,14978,12104,27082,2017-06-01
WR0,0,0,0,1,0,1,2017-06-01
WR1,676,640,1316,3191,2417,5608,2017-06-01
WR2,1217,1389,2606,10725,9508,20233,2017-06-01
WR3,812,962,1774,7951,7196,15147,2017-06-01
WR4,1482,2000,3482,8555,7199,15754,2017-06-01
WR5,1390,1747,3137,11857,10479,22336,2017-06-01
WR6,347,366,713,5540,5307,10847,2017-06-01
WR7,109,111,220,2485,2349,4834,2017-06-01
WR8,235,238,473,3439,3289,6728,2017-06-01
WR9,1245,1516,2761,12000,11183,23183,2017-06-01
WR10,522,690,1212,7491,7110,14601,2017-06-01
WR11,1707,2063,3770,17136,15049,32185,2017-06-01
WR12,169,190,359,2411,2296,4707,2017-06-01
WR13,238,239,477,3591,3509,7100,2017-06-01
WR14,1695,2006,3701,12668,11642,24310,2017-06-01
WR15,263,259,522,2952,2677,5629,2017-06-01
WS1,2287,2801,5088,7459,4589,12048,2017-06-01
WS2,3042,4189,7231,10662,6825,17487,2017-06-01
WS3,3269,4225,7494,15395,11698,27093,2017-06-01
WS4,890,1077,1967,5967,4944,10911,2017-06-01
WS5,992,1486,2478,7670,6501,14171,2017-06-01
WS6,580,811,1391,6848,5850,12698,2017-06-01
WS7,992,1302,2294,11418,9989,21407,2017-06-01
WS8,810,998,1808,5416,4398,9814,2017-06-01
WS9,969,1192,2161,9903,8796,18699,2017-06-01
WS10,3249,4300,7549,13711,9760,23471,2017-06-01
WS11,1860,2451,4311,15118,12833,27951,2017-06-01
WS12,1210,1651,2861,12911,11158,24069,2017-06-01
WS13,1109,1330,2439,9362,8328,17690,2017-06-01
WS14,579,594,1173,7041,6605,13646,2017-06-01
WS15,1590,2008,3598,14025,12271,26296,2017-06-01
WV0,0,1,1,1,0,1,2017-06-01
WV1,1813,1780,3593,4188,2516,6704,2017-06-01
WV2,1855,1934,3789,4318,2767,7085,2017-06-01
WV3,1881,2175,4056,9994,8077,18071,2017-06-01
WV4,1717,2340,4057,12028,9827,21855,2017-06-01
WV5,411,572,983,6055,5512,11567,2017-06-01
WV6,2551,3027,5578,15770,13407,29177,2017-06-01
WV7,353,266,619,2264,2030,4294,2017-06-01
WV8,694,998,1692,5477,4950,10427,2017-06-01
WV9,273,408,681,2691,2342,5033,2017-06-01
WV10,4212,5644,9856,16577,12678,29255,2017-06-01
WV11,1940,2511,4451,11669,9072,20741,2017-06-01
WV12,1257,1682,2939,8732,7091,15823,2017-06-01
WV13,1443,1892,3335,6510,4935,11445,2017-06-01
WV14,3016,4004,7020,14502,11039,25541,2017-06-01
WV15,247,320,567,3455,3030,6485,2017-06-01
WV16,505,641,1146,6879,6226,13105,2017-06-01
X10,0,0,0,1,0,1,2017-06-01
YL55,0,0,0,0,1,1,2017-06-01
YO0,0,0,0,1,0,1,2017-06-01
YO1,324,335,659,1355,983,2338,2017-06-01
YO1,0,0,0,1,0,1,2017-06-01
YO2,35,42,77,107,50,157,2017-06-01
YO3,40,32,72,110,78,188,2017-06-01
YO4,13,14,27,135,104,239,2017-06-01
YO5,8,10,18,41,31,72,2017-06-01
YO6,19,30,49,137,83,220,2017-06-01
YO7,617,775,1392,7886,7136,15022,2017-06-01
YO8,1776,2399,4175,16813,14621,31434,2017-06-01
YO9,2,1,3,0,2,2,2017-06-01
YO10,1465,1725,3190,7016,5911,12927,2017-06-01
YO11,1334,1557,2891,7225,5581,12806,2017-06-01
YO12,2119,2680,4799,13174,11061,24235,2017-06-01
YO13,221,297,518,4150,4027,8177,2017-06-01
YO14,376,586,962,4340,3746,8086,2017-06-01
YO15,728,785,1513,4745,3703,8448,2017-06-01
YO16,1097,1505,2602,8698,6969,15667,2017-06-01
YO17,764,932,1696,8462,7524,15986,2017-06-01
YO18,319,409,728,4500,4152,8652,2017-06-01
YO19,349,446,795,5004,4749,9753,2017-06-01
YO20,0,0,0,0,1,1,2017-06-01
YO21,525,588,1113,5425,4764,10189,2017-06-01
YO22,368,433,801,3204,2840,6044,2017-06-01
YO23,774,973,1747,7041,6686,13727,2017-06-01
YO24,1621,2210,3831,9993,8936,18929,2017-06-01
YO25,1012,1340,2352,13172,11929,25101,2017-06-01
YO26,1390,1818,3208,10640,9525,20165,2017-06-01
YO29,0,0,0,1,0,1,2017-06-01
YO30,1376,1701,3077,8731,7781,16512,2017-06-01
YO31,1468,1907,3375,8689,7504,16193,2017-06-01
YO32,971,1323,2294,10754,10217,20971,2017-06-01
YO34,0,0,0,1,1,2,2017-06-01
YO41,227,368,595,4309,4060,8369,2017-06-01
YO42,458,592,1050,5785,5422,11207,2017-06-01
YO43,322,431,753,4971,4610,9581,2017-06-01
YO45,0,0,0,0,1,1,2017-06-01
YO51,146,193,339,2248,2122,4370,2017-06-01
YO60,111,116,227,1949,1897,3846,2017-06-01
YO61,368,470,838,5633,5478,11111,2017-06-01
YO62,369,376,745,4762,4399,9161,2017-06-01
YO69,0,0,0,1,0,1,2017-06-01
ZE0,0,1,1,0,1,1,2017-06-01
ZE1,429,564,993,2763,2252,5015,2017-06-01
ZE2,610,838,1448,5511,4782,10293,2017-06-01
ZE3,21,28,49,167,139,306,2017-06-01
TotalNA,3708434,4321909,8030343,21656493,18318858,39975351,2017-06-01
AA3,0,0,0,1,0,1,2018-06-01
AA78,0,0,0,0,1,1,2018-06-01
AB1,76,82,158,228,152,380,2018-06-01
AB2,26,34,60,113,62,175,2018-06-01
AB3,7,9,16,37,47,84,2018-06-01
AB4,3,4,7,32,30,62,2018-06-01
AB5,1,4,5,26,26,52,2018-06-01
AB9,31,18,49,68,12,80,2018-06-01
AB10,1480,1537,3017,7449,5997,13446,2018-06-01
AB11,1852,1960,3812,6416,4303,10719,2018-06-01
AB12,1186,1570,2756,10553,9302,19855,2018-06-01
AB13,103,117,220,1385,1362,2747,2018-06-01
AB14,221,272,493,1927,1764,3691,2018-06-01
AB15,1406,1825,3231,15521,14481,30002,2018-06-01
AB16,2229,2921,5150,8396,6285,14681,2018-06-01
AB18,0,0,0,0,1,1,2018-06-01
AB21,905,1070,1975,9141,8041,17182,2018-06-01
AB22,574,774,1348,6320,5681,12001,2018-06-01
AB23,422,471,893,4785,4299,9084,2018-06-01
AB24,3049,3124,6173,9298,5859,15157,2018-06-01
AB25,1490,1378,2868,5154,3680,8834,2018-06-01
AB28,0,0,0,1,0,1,2018-06-01
AB29,0,1,1,1,0,1,2018-06-01
AB30,208,254,462,2979,2711,5690,2018-06-01
AB31,476,526,1002,6437,6117,12554,2018-06-01
AB32,456,506,962,5634,5443,11077,2018-06-01
AB33,123,174,297,2348,2120,4468,2018-06-01
AB34,168,211,379,2213,2115,4328,2018-06-01
AB35,107,116,223,1004,920,1924,2018-06-01
AB36,19,21,40,232,213,445,2018-06-01
AB37,40,49,89,535,465,1000,2018-06-01
AB38,123,178,301,1736,1528,3264,2018-06-01
AB39,673,743,1416,6822,6465,13287,2018-06-01
AB41,595,862,1457,8548,7955,16503,2018-06-01
AB42,1543,1833,3376,12450,10838,23288,2018-06-01
AB43,1038,1291,2329,8285,7284,15569,2018-06-01
AB44,197,230,427,1369,1181,2550,2018-06-01
AB45,424,515,939,4121,3647,7768,2018-06-01
AB51,970,1259,2229,13966,12996,26962,2018-06-01
AB52,117,176,293,2105,1962,4067,2018-06-01
AB53,334,441,775,4864,4244,9108,2018-06-01
AB54,408,503,911,4294,3803,8097,2018-06-01
AB55,272,443,715,3453,2949,6402,2018-06-01
AB56,654,748,1402,5133,4634,9767,2018-06-01
AL1,1955,2094,4049,14026,12455,26481,2018-06-01
AL2,869,1072,1941,9597,8997,18594,2018-06-01
AL3,1157,1338,2495,11058,10544,21602,2018-06-01
AL4,996,1164,2160,10753,10446,21199,2018-06-01
AL5,1099,1196,2295,12267,12067,24334,2018-06-01
AL6,357,358,715,5108,5019,10127,2018-06-01
AL7,2013,2375,4388,12141,10858,22999,2018-06-01
AL8,574,711,1285,5038,4828,9866,2018-06-01
AL9,400,463,863,4899,4518,9417,2018-06-01
AL10,3291,2850,6141,11342,8037,19379,2018-06-01
B0,2,0,2,0,0,0,2018-06-01
B1,881,770,1651,2064,1084,3148,2018-06-01
B2,77,59,136,106,46,152,2018-06-01
B3,171,148,319,631,416,1047,2018-06-01
B4,263,150,413,279,88,367,2018-06-01
B5,1277,1329,2606,2886,1755,4641,2018-06-01
B5,0,0,0,1,1,2,2018-06-01
B6,2630,2872,5502,4596,2308,6904,2018-06-01
B7,1022,1373,2395,1765,1003,2768,2018-06-01
B8,4859,5484,10343,10107,5401,15508,2018-06-01
B9,2720,3458,6178,5731,3205,8936,2018-06-01
B9,0,0,0,1,0,1,2018-06-01
B10,3176,3569,6745,6210,3192,9402,2018-06-01
B11,5293,5935,11228,11226,6017,17243,2018-06-01
B12,2761,2713,5474,4509,2315,6824,2018-06-01
B13,2917,3497,6414,12370,9489,21859,2018-06-01
B14,3238,3861,7099,13045,10838,23883,2018-06-01
B15,1560,1617,3177,4963,3737,8700,2018-06-01
B16,2744,2863,5607,6266,3771,10037,2018-06-01
B17,1727,2064,3791,8526,7100,15626,2018-06-01
B18,1967,2495,4462,3652,2222,5874,2018-06-01
B19,3072,3320,6392,4391,2247,6638,2018-06-01
B20,3715,4260,7975,10200,6991,17191,2018-06-01
B21,4506,4611,9117,7183,4045,11228,2018-06-01
B22,0,0,0,1,0,1,2018-06-01
B23,3890,4837,8727,12721,9543,22264,2018-06-01
B24,2197,2667,4864,8923,6855,15778,2018-06-01
B25,1448,1856,3304,4749,3185,7934,2018-06-01
B26,1968,2596,4564,11348,8852,20200,2018-06-01
B27,2159,2615,4774,7617,5499,13116,2018-06-01
B28,1778,2297,4075,10991,9044,20035,2018-06-01
B29,3204,3704,6908,9554,7390,16944,2018-06-01
B30,1937,2334,4271,8982,8139,17121,2018-06-01
B31,4049,5353,9402,17012,14121,31133,2018-06-01
B32,2908,4107,7015,11311,9041,20352,2018-06-01
B33,2896,3849,6745,9829,7079,16908,2018-06-01
B34,1327,1808,3135,5910,4625,10535,2018-06-01
B35,837,1160,1997,2389,1987,4376,2018-06-01
B36,2364,3310,5674,11595,9257,20852,2018-06-01
B37,2899,3650,6549,10577,8338,18915,2018-06-01
B38,1526,2063,3589,6052,5115,11167,2018-06-01
B41,1,0,1,1,0,1,2018-06-01
B42,1545,1938,3483,7812,6436,14248,2018-06-01
B43,1355,1830,3185,10673,9112,19785,2018-06-01
B44,2804,3734,6538,10765,8517,19282,2018-06-01
B45,1935,2553,4488,10654,9023,19677,2018-06-01
B46,417,475,892,5159,4726,9885,2018-06-01
B47,273,315,588,3992,3868,7860,2018-06-01
B48,180,183,363,2408,2248,4656,2018-06-01
B49,338,443,781,4174,3929,8103,2018-06-01
B50,202,215,417,2414,2302,4716,2018-06-01
B60,917,1058,1975,10480,9790,20270,2018-06-01
B61,1064,1217,2281,9345,8603,17948,2018-06-01
B62,1016,1240,2256,9093,7992,17085,2018-06-01
B63,1690,2225,3915,12812,10857,23669,2018-06-01
B64,984,1302,2286,5378,4305,9683,2018-06-01
B65,1459,2033,3492,7676,5936,13612,2018-06-01
B66,2806,3271,6077,5548,3202,8750,2018-06-01
B67,2832,3470,6302,8748,6033,14781,2018-06-01
B68,2196,2920,5116,10262,7826,18088,2018-06-01
B69,2021,2709,4730,9040,6817,15857,2018-06-01
B70,2732,3385,6117,8196,4962,13158,2018-06-01
B71,2213,2879,5092,9511,6914,16425,2018-06-01
B72,424,440,864,3895,3416,7311,2018-06-01
B73,926,1072,1998,8956,8194,17150,2018-06-01
B74,905,1090,1995,12995,12278,25273,2018-06-01
B75,1058,1420,2478,9927,9442,19369,2018-06-01
B76,908,878,1786,9074,7945,17019,2018-06-01
B77,2794,3938,6732,20036,16951,36987,2018-06-01
B78,982,1178,2160,9191,8056,17247,2018-06-01
B79,1008,1279,2287,8275,6924,15199,2018-06-01
B80,263,289,552,2809,2554,5363,2018-06-01
B90,1717,2014,3731,18155,16781,34936,2018-06-01
B91,1190,1447,2637,13636,12778,26414,2018-06-01
B92,1696,2041,3737,14039,12297,26336,2018-06-01
B93,534,574,1108,7963,7874,15837,2018-06-01
B94,170,172,342,3249,3131,6380,2018-06-01
B95,177,206,383,2596,2520,5116,2018-06-01
B96,122,147,269,2228,2113,4341,2018-06-01
B97,1300,1637,2937,12032,10607,22639,2018-06-01
B98,2879,3870,6749,17427,14148,31575,2018-06-01
BA0,0,0,0,1,1,2,2018-06-01
BA1,2367,2710,5077,13985,12713,26698,2018-06-01
BA2,3974,4270,8244,23839,21587,45426,2018-06-01
BA3,1396,1417,2813,13863,12719,26582,2018-06-01
BA4,643,763,1406,7176,6551,13727,2018-06-01
BA5,722,740,1462,7060,6747,13807,2018-06-01
BA6,641,650,1291,5246,5082,10328,2018-06-01
BA7,107,150,257,1395,1402,2797,2018-06-01
BA8,126,164,290,1783,1673,3456,2018-06-01
BA9,244,325,569,3185,2956,6141,2018-06-01
BA10,136,185,321,1327,1285,2612,2018-06-01
BA11,1387,1745,3132,12371,11643,24014,2018-06-01
BA12,1184,1464,2648,11282,10298,21580,2018-06-01
BA13,766,932,1698,7700,7152,14852,2018-06-01
BA14,2278,2558,4836,18319,16669,34988,2018-06-01
BA15,489,587,1076,5137,5177,10314,2018-06-01
BA16,600,665,1265,4809,4397,9206,2018-06-01
BA20,489,540,1029,4304,3591,7895,2018-06-01
BA21,1642,2162,3804,12319,10558,22877,2018-06-01
BA22,496,484,980,7277,6815,14092,2018-06-01
BB0,0,0,0,1,0,1,2018-06-01
BB1,4318,5849,10167,21096,15152,36248,2018-06-01
BB2,3734,4603,8337,18958,14819,33777,2018-06-01
BB3,1913,2348,4261,11519,9655,21174,2018-06-01
BB4,1855,2435,4290,15184,13397,28581,2018-06-01
BB5,3596,4615,8211,20029,15991,36020,2018-06-01
BB6,657,784,1441,5414,4769,10183,2018-06-01
BB7,1116,1248,2364,12995,12256,25251,2018-06-01
BB8,1165,1394,2559,8078,7053,15131,2018-06-01
BB9,2644,3363,6007,14502,10837,25339,2018-06-01
BB10,2151,2646,4797,12660,10063,22723,2018-06-01
BB11,1570,1975,3545,7142,5533,12675,2018-06-01
BB12,1753,2063,3816,12286,10465,22751,2018-06-01
BB18,672,867,1539,6240,5492,11732,2018-06-01
BD0,0,0,0,1,0,1,2018-06-01
BD1,577,403,980,931,371,1302,2018-06-01
BD2,1834,2434,4268,9538,7586,17124,2018-06-01
BD3,3319,3857,7176,7823,4340,12163,2018-06-01
BD4,2342,3211,5553,8307,6108,14415,2018-06-01
BD5,2842,3312,6154,7108,3976,11084,2018-06-01
BD6,1772,2487,4259,9227,7526,16753,2018-06-01
BD7,3358,3495,6853,9097,5396,14493,2018-06-01
BD8,2740,3305,6045,7885,4544,12429,2018-06-01
BD9,2012,2747,4759,8078,5577,13655,2018-06-01
BD10,1410,1791,3201,8672,7599,16271,2018-06-01
BD11,370,540,910,4044,3759,7803,2018-06-01
BD12,887,1169,2056,5816,4876,10692,2018-06-01
BD13,1135,1424,2559,9412,8473,17885,2018-06-01
BD14,405,572,977,2781,2347,5128,2018-06-01
BD15,836,1176,2012,5306,4426,9732,2018-06-01
BD16,1058,1242,2300,9482,8680,18162,2018-06-01
BD17,710,825,1535,6803,6120,12923,2018-06-01
BD18,1675,2139,3814,8676,7066,15742,2018-06-01
BD19,942,1113,2055,7874,7027,14901,2018-06-01
BD20,1220,1594,2814,13825,12726,26551,2018-06-01
BD21,1824,2473,4297,7181,4973,12154,2018-06-01
BD22,1389,1859,3248,10385,9079,19464,2018-06-01
BD23,1031,1300,2331,11681,10773,22454,2018-06-01
BD24,189,217,406,2100,1941,4041,2018-06-01
BD99,0,0,0,0,1,1,2018-06-01
BH0,0,0,0,0,1,1,2018-06-01
BH1,1972,1875,3847,6987,4655,11642,2018-06-01
BH2,803,689,1492,3283,2149,5432,2018-06-01
BH2,0,0,0,1,0,1,2018-06-01
BH3,295,327,622,2177,1831,4008,2018-06-01
BH4,462,493,955,3759,3168,6927,2018-06-01
BH5,696,717,1413,3823,3060,6883,2018-06-01
BH6,1011,1105,2116,8597,8309,16906,2018-06-01
BH7,617,702,1319,4332,3883,8215,2018-06-01
BH8,1900,1918,3818,9625,8134,17759,2018-06-01
BH9,1614,1759,3373,10194,9201,19395,2018-06-01
BH10,816,974,1790,7430,6816,14246,2018-06-01
BH11,1027,1313,2340,7208,6391,13599,2018-06-01
BH12,1868,2094,3962,12628,11227,23855,2018-06-01
BH13,148,202,350,3393,3220,6613,2018-06-01
BH14,964,954,1918,9463,8825,18288,2018-06-01
BH15,1576,1773,3349,12455,10989,23444,2018-06-01
BH16,580,780,1360,6027,5700,11727,2018-06-01
BH17,888,1126,2014,8541,8030,16571,2018-06-01
BH18,260,235,495,5066,4851,9917,2018-06-01
BH19,422,585,1007,4430,3956,8386,2018-06-01
BH20,977,851,1828,8644,7531,16175,2018-06-01
BH21,1053,1208,2261,16642,16580,33222,2018-06-01
BH22,659,691,1350,11404,10881,22285,2018-06-01
BH23,1889,2007,3896,20946,20299,41245,2018-06-01
BH24,716,714,1430,9822,9657,19479,2018-06-01
BH25,838,921,1759,9857,9628,19485,2018-06-01
BH31,300,327,627,5377,5409,10786,2018-06-01
BL0,641,768,1409,6593,6303,12896,2018-06-01
BL1,4061,4717,8778,21220,16450,37670,2018-06-01
BL2,2722,3370,6092,15273,12929,28202,2018-06-01
BL3,4687,5669,10356,20290,14315,34605,2018-06-01
BL4,2235,2871,5106,10680,8094,18774,2018-06-01
BL5,1058,1290,2348,10164,9237,19401,2018-06-01
BL6,1313,1524,2837,11373,10246,21619,2018-06-01
BL7,430,517,947,6246,5998,12244,2018-06-01
BL8,1441,1711,3152,13624,12383,26007,2018-06-01
BL9,3188,3919,7107,16498,13183,29681,2018-06-01
BN0,0,0,0,1,0,1,2018-06-01
BN1,6692,6446,13138,26160,21761,47921,2018-06-01
BN2,7526,8056,15582,27775,22014,49789,2018-06-01
BN3,5821,6090,11911,27707,23642,51349,2018-06-01
BN4,3,2,5,19,10,29,2018-06-01
BN5,202,240,442,3160,3133,6293,2018-06-01
BN6,678,658,1336,6959,7011,13970,2018-06-01
BN7,1155,1479,2634,6991,6722,13713,2018-06-01
BN8,508,582,1090,6434,6325,12759,2018-06-01
BN9,815,1043,1858,4600,3877,8477,2018-06-01
BN10,973,1182,2155,7042,6166,13208,2018-06-01
BN11,2073,2239,4312,11032,9393,20425,2018-06-01
BN12,814,959,1773,8287,8012,16299,2018-06-01
BN13,1219,1364,2583,10672,10107,20779,2018-06-01
BN14,1407,1641,3048,11349,10741,22090,2018-06-01
BN15,1321,1513,2834,10137,8950,19087,2018-06-01
BN16,878,981,1859,11080,11092,22172,2018-06-01
BN17,1621,2044,3665,10974,9548,20522,2018-06-01
BN18,552,519,1071,5322,5117,10439,2018-06-01
BN19,0,0,0,3,0,3,2018-06-01
BN20,834,1022,1856,7806,7660,15466,2018-06-01
BN21,1574,1711,3285,8321,7016,15337,2018-06-01
BN22,1990,2472,4462,10941,9665,20606,2018-06-01
BN23,1295,1709,3004,10203,9153,19356,2018-06-01
BN24,282,297,579,3828,3742,7570,2018-06-01
BN25,932,1215,2147,9069,8478,17547,2018-06-01
BN26,434,497,931,4722,4457,9179,2018-06-01
BN27,1153,1365,2518,11201,10656,21857,2018-06-01
BN32,1,0,1,0,0,0,2018-06-01
BN40,0,0,0,1,0,1,2018-06-01
BN41,1485,1715,3200,6811,6199,13010,2018-06-01
BN42,544,647,1191,3675,3231,6906,2018-06-01
BN43,1211,1271,2482,8506,7882,16388,2018-06-01
BN44,315,370,685,4089,4099,8188,2018-06-01
BN45,26,19,45,259,242,501,2018-06-01
BR0,0,0,0,2,0,2,2018-06-01
BR1,4188,5175,9363,19963,17763,37726,2018-06-01
BR2,2400,2722,5122,17696,16451,34147,2018-06-01
BR3,2636,3104,5740,18296,16839,35135,2018-06-01
BR4,936,860,1796,7599,7284,14883,2018-06-01
BR5,2850,3751,6601,15843,14586,30429,2018-06-01
BR6,2068,2364,4432,17996,17204,35200,2018-06-01
BR7,685,834,1519,7171,6848,14019,2018-06-01
BR8,1100,1413,2513,8462,7515,15977,2018-06-01
BS0,0,0,0,1,0,1,2018-06-01
BS1,999,899,1898,3490,2070,5560,2018-06-01
BS2,1841,1841,3682,4586,2992,7578,2018-06-01
BS3,2411,2778,5189,12608,10470,23078,2018-06-01
BS4,3077,3977,7054,16650,13520,30170,2018-06-01
BS5,4857,5320,10177,17297,12748,30045,2018-06-01
BS6,2072,2120,4192,10600,9533,20133,2018-06-01
BS7,2772,2959,5731,13645,11241,24886,2018-06-01
BS8,1447,1449,2896,8496,7333,15829,2018-06-01
BS9,1274,1315,2589,12173,11377,23550,2018-06-01
BS10,1849,2431,4280,9407,7802,17209,2018-06-01
BS11,1252,1509,2761,5965,4692,10657,2018-06-01
BS12,21,14,35,115,54,169,2018-06-01
BS13,1983,2691,4674,9344,7464,16808,2018-06-01
BS14,1281,1561,2842,10632,9489,20121,2018-06-01
BS15,2028,2413,4441,17738,15604,33342,2018-06-01
BS16,3697,4137,7834,28093,24918,53011,2018-06-01
BS17,17,18,35,104,74,178,2018-06-01
BS18,17,15,32,97,77,174,2018-06-01
BS19,5,8,13,60,51,111,2018-06-01
BS20,954,1154,2108,12596,11765,24361,2018-06-01
BS21,756,1043,1799,9145,8658,17803,2018-06-01
BS22,1414,1860,3274,14563,12967,27530,2018-06-01
BS23,2163,2554,4717,11917,9247,21164,2018-06-01
BS24,701,895,1596,8366,7867,16233,2018-06-01
BS25,192,162,354,2623,2488,5111,2018-06-01
BS26,161,149,310,2049,2026,4075,2018-06-01
BS27,202,245,447,2908,2801,5709,2018-06-01
BS28,78,82,160,1456,1411,2867,2018-06-01
BS29,82,112,194,1140,1011,2151,2018-06-01
BS30,880,1092,1972,11576,10977,22553,2018-06-01
BS31,734,912,1646,8164,7563,15727,2018-06-01
BS32,942,1037,1979,9354,8468,17822,2018-06-01
BS34,1629,1887,3516,12004,10176,22180,2018-06-01
BS35,710,814,1524,9274,8619,17893,2018-06-01
BS36,475,486,961,6615,6294,12909,2018-06-01
BS37,1457,1770,3227,15200,13784,28984,2018-06-01
BS38,0,0,0,1,0,1,2018-06-01
BS39,455,531,986,6537,6139,12676,2018-06-01
BS40,300,331,631,5456,5386,10842,2018-06-01
BS41,173,195,368,2392,2310,4702,2018-06-01
BS45,0,0,0,2,1,3,2018-06-01
BS48,710,847,1557,9391,8932,18323,2018-06-01
BS49,391,431,822,4646,4477,9123,2018-06-01
BS51,0,0,0,1,0,1,2018-06-01
BS53,0,0,0,1,0,1,2018-06-01
BS57,0,0,0,1,0,1,2018-06-01
BS67,0,0,0,0,1,1,2018-06-01
BS94,0,1,1,0,0,0,2018-06-01
BS99,1,0,1,1,0,1,2018-06-01
CA0,0,0,0,1,1,2,2018-06-01
CA1,1464,1785,3249,7463,5985,13448,2018-06-01
CA2,1968,2735,4703,12978,10470,23448,2018-06-01
CA3,470,574,1044,5199,4689,9888,2018-06-01
CA4,191,261,452,3908,3788,7696,2018-06-01
CA5,190,208,398,2918,2843,5761,2018-06-01
CA6,253,328,581,3838,3370,7208,2018-06-01
CA7,683,894,1577,8792,7996,16788,2018-06-01
CA8,287,419,706,4094,3747,7841,2018-06-01
CA9,66,104,170,856,777,1633,2018-06-01
CA10,349,442,791,5880,5477,11357,2018-06-01
CA11,798,1015,1813,8237,7349,15586,2018-06-01
CA12,321,348,669,3060,2745,5805,2018-06-01
CA13,450,611,1061,6012,5556,11568,2018-06-01
CA14,1574,2175,3749,12477,10324,22801,2018-06-01
CA15,730,998,1728,5663,4617,10280,2018-06-01
CA16,136,193,329,2525,2358,4883,2018-06-01
CA17,128,166,294,2013,1800,3813,2018-06-01
CA18,7,5,12,119,116,235,2018-06-01
CA19,27,33,60,456,422,878,2018-06-01
CA20,88,96,184,1392,1216,2608,2018-06-01
CA21,25,22,47,331,283,614,2018-06-01
CA22,432,590,1022,3197,2588,5785,2018-06-01
CA23,52,75,127,554,471,1025,2018-06-01
CA24,31,57,88,406,319,725,2018-06-01
CA25,301,393,694,1950,1576,3526,2018-06-01
CA26,141,202,343,1327,1124,2451,2018-06-01
CA27,52,66,118,667,581,1248,2018-06-01
CA28,1417,1736,3153,9708,7907,17615,2018-06-01
CB1,3613,3892,7505,16436,13855,30291,2018-06-01
CB2,1472,1515,2987,7394,6546,13940,2018-06-01
CB3,1120,1297,2417,6750,6099,12849,2018-06-01
CB4,3591,3985,7576,16464,13616,30080,2018-06-01
CB5,1044,1188,2232,5016,4192,9208,2018-06-01
CB6,1278,1576,2854,14449,13177,27626,2018-06-01
CB7,996,1136,2132,10185,9127,19312,2018-06-01
CB8,1497,1637,3134,12303,11215,23518,2018-06-01
CB9,1494,2024,3518,11396,9702,21098,2018-06-01
CB10,556,631,1187,5509,5239,10748,2018-06-01
CB11,670,757,1427,7155,6778,13933,2018-06-01
CB12,0,0,0,1,1,2,2018-06-01
CB19,0,0,0,1,0,1,2018-06-01
CB21,397,460,857,5090,4795,9885,2018-06-01
CB22,665,670,1335,7837,7156,14993,2018-06-01
CB23,980,1143,2123,10924,10306,21230,2018-06-01
CB24,1004,1052,2056,10852,9918,20770,2018-06-01
CB25,404,457,861,5752,5257,11009,2018-06-01
CF0,1,0,1,1,0,1,2018-06-01
CF1,91,71,162,174,66,240,2018-06-01
CF2,49,43,92,152,53,205,2018-06-01
CF3,2617,3425,6042,13396,12004,25400,2018-06-01
CF4,50,39,89,190,132,322,2018-06-01
CF5,3926,4783,8709,20891,18753,39644,2018-06-01
CF6,88,75,163,154,75,229,2018-06-01
CF7,15,9,24,78,60,138,2018-06-01
CF8,58,48,106,185,127,312,2018-06-01
CF10,1366,1151,2517,3944,2312,6256,2018-06-01
CF11,3288,3098,6386,10989,7727,18716,2018-06-01
CF14,3157,3514,6671,26113,24682,50795,2018-06-01
CF15,580,668,1248,7046,6855,13901,2018-06-01
CF16,0,0,0,0,1,1,2018-06-01
CF18,0,1,1,0,0,0,2018-06-01
CF23,2289,2849,5138,15777,14873,30650,2018-06-01
CF24,5121,4486,9607,11810,8044,19854,2018-06-01
CF31,1909,2418,4327,15935,14322,30257,2018-06-01
CF32,1434,1836,3270,10762,9105,19867,2018-06-01
CF33,770,1017,1787,5002,4244,9246,2018-06-01
CF34,1029,1353,2382,6684,5274,11958,2018-06-01
CF35,499,599,1098,6838,6249,13087,2018-06-01
CF36,541,631,1172,6162,5717,11879,2018-06-01
CF37,2248,2431,4679,12160,9744,21904,2018-06-01
CF38,754,1001,1755,8740,8115,16855,2018-06-01
CF39,1393,1984,3377,9620,7759,17379,2018-06-01
CF40,1048,1468,2516,6546,5036,11582,2018-06-01
CF41,496,721,1217,3567,2721,6288,2018-06-01
CF42,708,931,1639,4314,3354,7668,2018-06-01
CF43,689,1012,1701,3669,2624,6293,2018-06-01
CF44,1978,2837,4815,13445,10848,24293,2018-06-01
CF45,1133,1551,2684,6077,4580,10657,2018-06-01
CF46,627,872,1499,5176,4500,9676,2018-06-01
CF47,1325,1839,3164,6723,5050,11773,2018-06-01
CF48,1385,1919,3304,9012,7214,16226,2018-06-01
CF61,501,599,1100,3707,3393,7100,2018-06-01
CF62,1958,2453,4411,14552,13664,28216,2018-06-01
CF63,1421,1686,3107,6593,5765,12358,2018-06-01
CF64,1543,1770,3313,13551,12940,26491,2018-06-01
CF71,221,210,431,3841,3793,7634,2018-06-01
CF72,859,1075,1934,9897,9378,19275,2018-06-01
CF81,935,1332,2267,5120,3802,8922,2018-06-01
CF82,920,1194,2114,6918,5921,12839,2018-06-01
CF83,2692,3461,6153,17903,15724,33627,2018-06-01
CH1,2112,2446,4558,9445,7392,16837,2018-06-01
CH2,1599,1972,3571,12709,11302,24011,2018-06-01
CH3,1227,1358,2585,13860,12992,26852,2018-06-01
CH4,1583,2019,3602,12303,11176,23479,2018-06-01
CH5,2144,2683,4827,15038,12728,27766,2018-06-01
CH6,886,1207,2093,5700,4772,10472,2018-06-01
CH6,0,0,0,1,0,1,2018-06-01
CH7,1750,2284,4034,19147,17707,36854,2018-06-01
CH8,912,1213,2125,7718,6664,14382,2018-06-01
CH9,1,0,1,1,0,1,2018-06-01
CH22,0,0,0,1,1,2,2018-06-01
CH41,1794,1963,3757,4533,3205,7738,2018-06-01
CH42,2522,2954,5476,8547,6928,15475,2018-06-01
CH43,2157,2441,4598,12863,11289,24152,2018-06-01
CH44,2314,2800,5114,8254,6448,14702,2018-06-01
CH45,1714,2009,3723,10636,9479,20115,2018-06-01
CH46,1497,1855,3352,8378,7222,15600,2018-06-01
CH47,436,520,956,4100,4038,8138,2018-06-01
CH48,584,594,1178,5828,5730,11558,2018-06-01
CH49,1437,1781,3218,10059,9443,19502,2018-06-01
CH60,320,342,662,5416,5352,10768,2018-06-01
CH61,573,689,1262,6629,6459,13088,2018-06-01
CH62,1566,1875,3441,9946,8862,18808,2018-06-01
CH63,1227,1380,2607,11004,10529,21533,2018-06-01
CH64,589,668,1257,7613,7247,14860,2018-06-01
CH65,1931,2352,4283,8684,7133,15817,2018-06-01
CH66,1482,1872,3354,13029,11859,24888,2018-06-01
CM0,625,726,1351,6805,6089,12894,2018-06-01
CM1,3168,3725,6893,23595,20937,44532,2018-06-01
CM2,2523,2963,5486,22645,20406,43051,2018-06-01
CM3,1642,1979,3621,22456,21225,43681,2018-06-01
CM4,306,355,661,4402,4249,8651,2018-06-01
CM5,347,382,729,4575,4347,8922,2018-06-01
CM6,737,831,1568,11191,10663,21854,2018-06-01
CM7,2214,2855,5069,18290,15757,34047,2018-06-01
CM8,1551,2069,3620,11965,10462,22427,2018-06-01
CM9,1224,1522,2746,13566,12329,25895,2018-06-01
CM11,719,789,1508,7946,7424,15370,2018-06-01
CM12,703,710,1413,8157,7828,15985,2018-06-01
CM13,958,1091,2049,10049,9293,19342,2018-06-01
CM14,938,1154,2092,7884,7051,14935,2018-06-01
CM15,770,918,1688,9494,9138,18632,2018-06-01
CM16,787,914,1701,9240,8627,17867,2018-06-01
CM17,885,1116,2001,8767,8105,16872,2018-06-01
CM18,1712,2170,3882,8635,6899,15534,2018-06-01
CM19,1372,1627,2999,7807,6174,13981,2018-06-01
CM20,1764,2202,3966,7920,6027,13947,2018-06-01
CM21,351,422,773,4699,4290,8989,2018-06-01
CM22,468,502,970,6302,5929,12231,2018-06-01
CM23,1689,1984,3673,15679,14383,30062,2018-06-01
CM24,272,319,591,3118,2804,5922,2018-06-01
CM77,442,551,993,6004,5765,11769,2018-06-01
CO0,1,1,2,0,0,0,2018-06-01
CO1,1270,1390,2660,5448,4176,9624,2018-06-01
CO1,0,0,0,0,1,1,2018-06-01
CO2,2147,2839,4986,13011,10876,23887,2018-06-01
CO3,1362,1476,2838,11397,10386,21783,2018-06-01
CO4,2875,3480,6355,16540,13980,30520,2018-06-01
CO5,869,1008,1877,11563,10759,22322,2018-06-01
CO6,819,1008,1827,11462,10919,22381,2018-06-01
CO7,1174,1310,2484,13566,12408,25974,2018-06-01
CO8,62,82,144,979,933,1912,2018-06-01
CO9,849,1071,1920,10137,9209,19346,2018-06-01
CO10,1859,2257,4116,18414,16639,35053,2018-06-01
CO11,407,548,955,5192,4873,10065,2018-06-01
CO12,1055,1356,2411,8182,6761,14943,2018-06-01
CO13,393,472,865,4941,4577,9518,2018-06-01
CO14,290,366,656,2344,1955,4299,2018-06-01
CO15,2216,2702,4918,15471,12702,28173,2018-06-01
CO16,1065,1308,2373,9694,8443,18137,2018-06-01
CR0,16535,18858,35393,51114,39713,90827,2018-06-01
CR1,7,6,13,9,2,11,2018-06-01
CR2,2969,3474,6443,18298,16379,34677,2018-06-01
CR3,1255,1504,2759,11215,10655,21870,2018-06-01
CR4,8310,8260,16570,20820,14226,35046,2018-06-01
CR5,1377,1668,3045,11282,10758,22040,2018-06-01
CR6,338,398,736,4077,3853,7930,2018-06-01
CR7,6732,6739,13471,14508,10533,25041,2018-06-01
CR8,1861,2122,3983,12548,11561,24109,2018-06-01
CR9,56,45,101,70,23,93,2018-06-01
CT0,0,0,0,0,1,1,2018-06-01
CT1,2151,2449,4600,7988,6391,14379,2018-06-01
CT2,1833,2006,3839,8645,7425,16070,2018-06-01
CT3,786,989,1775,6937,6357,13294,2018-06-01
CT4,605,657,1262,6951,6816,13767,2018-06-01
CT5,1402,1546,2948,12379,11800,24179,2018-06-01
CT6,1630,1877,3507,14446,13377,27823,2018-06-01
CT7,379,492,871,4542,4155,8697,2018-06-01
CT8,434,478,912,2598,2409,5007,2018-06-01
CT9,3312,3665,6977,13735,11341,25076,2018-06-01
CT10,1305,1416,2721,9045,8456,17501,2018-06-01
CT11,2260,2398,4658,9559,8052,17611,2018-06-01
CT12,1129,1377,2506,6301,5383,11684,2018-06-01
CT13,404,411,815,3365,3082,6447,2018-06-01
CT14,1702,1954,3656,12648,11303,23951,2018-06-01
CT15,487,634,1121,5375,4837,10212,2018-06-01
CT16,1287,1405,2692,6841,5451,12292,2018-06-01
CT17,1454,1685,3139,6658,5328,11986,2018-06-01
CT18,498,524,1022,5726,5370,11096,2018-06-01
CT19,1859,2222,4081,9297,7730,17027,2018-06-01
CT20,1481,1667,3148,7753,5988,13741,2018-06-01
CT21,609,723,1332,6689,6321,13010,2018-06-01
CV0,0,0,0,1,1,2,2018-06-01
CV1,4344,3445,7789,6795,2989,9784,2018-06-01
CV2,5434,6730,12164,20298,14977,35275,2018-06-01
CV3,4331,5370,9701,23464,18596,42060,2018-06-01
CV4,2341,2683,5024,10186,8025,18211,2018-06-01
CV5,2306,2675,4981,17511,14920,32431,2018-06-01
CV6,7313,8877,16190,28481,20675,49156,2018-06-01
CV7,1133,1430,2563,11360,10277,21637,2018-06-01
CV8,1090,1167,2257,12501,11935,24436,2018-06-01
CV9,877,1099,1976,8412,7174,15586,2018-06-01
CV10,2603,3560,6163,18411,15340,33751,2018-06-01
CV11,1975,2361,4336,14469,11928,26397,2018-06-01
CV12,1476,2012,3488,11215,9453,20668,2018-06-01
CV13,265,339,604,4593,4327,8920,2018-06-01
CV19,0,0,0,1,0,1,2018-06-01
CV21,2345,2889,5234,13542,10106,23648,2018-06-01
CV22,1574,1843,3417,13780,12131,25911,2018-06-01
CV23,668,776,1444,9282,8626,17908,2018-06-01
CV27,0,0,0,1,0,1,2018-06-01
CV31,2008,2223,4231,10330,8227,18557,2018-06-01
CV32,1576,1750,3326,11895,10289,22184,2018-06-01
CV33,217,236,453,2832,2703,5535,2018-06-01
CV34,1416,1723,3139,11954,10702,22656,2018-06-01
CV35,660,788,1448,10614,10380,20994,2018-06-01
CV36,265,310,575,3973,3776,7749,2018-06-01
CV37,1673,1977,3650,16535,15641,32176,2018-06-01
CV47,553,674,1227,7108,6658,13766,2018-06-01
CW1,2370,2879,5249,13727,11407,25134,2018-06-01
CW2,2094,2263,4357,14672,12488,27160,2018-06-01
CW3,265,327,592,3737,3557,7294,2018-06-01
CW4,248,287,535,4115,4072,8187,2018-06-01
CW5,964,1040,2004,11696,11194,22890,2018-06-01
CW6,258,351,609,5527,5413,10940,2018-06-01
CW7,1794,2226,4020,11197,9617,20814,2018-06-01
CW8,1243,1472,2715,15018,14051,29069,2018-06-01
CW9,1285,1462,2747,13132,11738,24870,2018-06-01
CW10,473,626,1099,6068,5548,11616,2018-06-01
CW11,753,871,1624,9744,9243,18987,2018-06-01
CW12,1001,1124,2125,11804,11015,22819,2018-06-01
D21,0,0,0,1,0,1,2018-06-01
DA0,1,1,2,0,0,0,2018-06-01
DA1,3663,4620,8283,20455,16801,37256,2018-06-01
DA2,1006,1343,2349,8672,7887,16559,2018-06-01
DA3,548,591,1139,7021,6756,13777,2018-06-01
DA4,338,386,724,3796,3565,7361,2018-06-01
DA5,882,915,1797,8079,7639,15718,2018-06-01
DA6,558,664,1222,3748,3297,7045,2018-06-01
DA7,1671,2041,3712,13053,11615,24668,2018-06-01
DA8,2958,3702,6660,10929,8930,19859,2018-06-01
DA9,681,779,1460,5079,4379,9458,2018-06-01
DA10,432,589,1021,2567,1993,4560,2018-06-01
DA11,2575,3052,5627,13391,10379,23770,2018-06-01
DA12,3087,3605,6692,16727,13822,30549,2018-06-01
DA13,373,422,795,6153,5877,12030,2018-06-01
DA14,1121,1436,2557,7660,7131,14791,2018-06-01
DA15,1275,1557,2832,10858,9789,20647,2018-06-01
DA16,2115,2734,4849,13047,11136,24183,2018-06-01
DA17,1414,1837,3251,5980,4785,10765,2018-06-01
DA18,726,883,1609,1360,904,2264,2018-06-01
DD1,1098,949,2047,2226,1488,3714,2018-06-01
DD2,2650,3268,5918,12597,10897,23494,2018-06-01
DD3,2629,3073,5702,10997,8597,19594,2018-06-01
DD4,3204,3968,7172,12567,10168,22735,2018-06-01
DD5,996,1197,2193,12156,11631,23787,2018-06-01
DD6,429,519,948,3509,3349,6858,2018-06-01
DD7,459,618,1077,4701,4291,8992,2018-06-01
DD8,1083,1413,2496,10723,9566,20289,2018-06-01
DD9,503,680,1183,4034,3621,7655,2018-06-01
DD10,893,1168,2061,7912,6856,14768,2018-06-01
DD11,1321,1660,2981,9734,8275,18009,2018-06-01
DE0,0,0,0,1,0,1,2018-06-01
DE1,1337,1176,2513,3864,2186,6050,2018-06-01
DE2,26,19,45,72,28,100,2018-06-01
DE3,554,704,1258,6690,6164,12854,2018-06-01
DE4,1148,1475,2623,13257,12023,25280,2018-06-01
DE5,826,1138,1964,8264,7148,15412,2018-06-01
DE6,700,850,1550,10363,9673,20036,2018-06-01
DE7,2367,3138,5505,17483,14423,31906,2018-06-01
DE11,1850,2404,4254,16429,14413,30842,2018-06-01
DE12,711,888,1599,8319,7470,15789,2018-06-01
DE13,1291,1693,2984,15727,14311,30038,2018-06-01
DE14,2132,2485,4617,10187,7051,17238,2018-06-01
DE15,1222,1523,2745,8404,6942,15346,2018-06-01
DE19,0,0,0,0,1,1,2018-06-01
DE21,2930,3980,6910,19606,16461,36067,2018-06-01
DE22,2539,3022,5561,15370,12911,28281,2018-06-01
DE23,4773,5299,10072,18145,13312,31457,2018-06-01
DE24,3732,5136,8868,17616,13370,30986,2018-06-01
DE40,0,0,0,1,0,1,2018-06-01
DE44,0,0,0,0,1,1,2018-06-01
DE45,225,275,500,3367,3242,6609,2018-06-01
DE51,0,0,0,1,0,1,2018-06-01
DE55,2015,2689,4704,18545,15774,34319,2018-06-01
DE56,1298,1649,2947,15182,13954,29136,2018-06-01
DE65,648,807,1455,9040,8506,17546,2018-06-01
DE66,0,0,0,0,1,1,2018-06-01
DE72,619,844,1463,8103,7598,15701,2018-06-01
DE73,590,781,1371,7529,7060,14589,2018-06-01
DE74,452,480,932,4672,4090,8762,2018-06-01
DE75,829,1087,1916,6398,5416,11814,2018-06-01
DG1,1167,1398,2565,9893,8964,18857,2018-06-01
DG2,1303,1720,3023,7720,6802,14522,2018-06-01
DG3,165,254,419,1796,1691,3487,2018-06-01
DG4,213,332,545,1469,1104,2573,2018-06-01
DG5,215,242,457,1957,1753,3710,2018-06-01
DG6,262,292,554,1890,1787,3677,2018-06-01
DG7,422,501,923,4741,4480,9221,2018-06-01
DG8,495,684,1179,4783,4218,9001,2018-06-01
DG9,794,953,1747,5603,4876,10479,2018-06-01
DG10,181,194,375,1497,1336,2833,2018-06-01
DG11,484,602,1086,5040,4537,9577,2018-06-01
DG12,635,812,1447,4370,3692,8062,2018-06-01
DG13,134,148,282,1087,954,2041,2018-06-01
DG14,35,40,75,567,498,1065,2018-06-01
DG16,138,202,340,1415,1195,2610,2018-06-01
DH1,2007,2332,4339,13656,12162,25818,2018-06-01
DH2,1332,1946,3278,10721,8912,19633,2018-06-01
DH3,1239,1694,2933,8948,7448,16396,2018-06-01
DH4,1574,2105,3679,11705,9728,21433,2018-06-01
DH5,1038,1517,2555,6735,5218,11953,2018-06-01
DH6,1499,2169,3668,11977,10052,22029,2018-06-01
DH7,1802,2618,4420,14395,12198,26593,2018-06-01
DH8,1688,2334,4022,13529,11597,25126,2018-06-01
DH9,1941,2678,4619,11749,9082,20831,2018-06-01
DH10,0,0,0,1,0,1,2018-06-01
DH11,0,0,0,1,0,1,2018-06-01
DL1,2792,3827,6619,14999,11413,26412,2018-06-01
DL2,431,547,978,7133,6865,13998,2018-06-01
DL3,2234,2784,5018,14999,12861,27860,2018-06-01
DL4,586,761,1347,3040,2238,5278,2018-06-01
DL5,1502,2061,3563,9879,8398,18277,2018-06-01
DL6,526,642,1168,5854,5359,11213,2018-06-01
DL7,350,470,820,6041,5808,11849,2018-06-01
DL8,396,561,957,7802,7326,15128,2018-06-01
DL9,1661,1265,2926,5206,3453,8659,2018-06-01
DL10,617,836,1453,7042,6717,13759,2018-06-01
DL11,101,131,232,2188,2092,4280,2018-06-01
DL12,381,481,862,4709,4266,8975,2018-06-01
DL13,422,595,1017,5466,4658,10124,2018-06-01
DL14,1714,2325,4039,12824,10657,23481,2018-06-01
DL15,930,1317,2247,7781,6445,14226,2018-06-01
DL16,855,1149,2004,7484,6308,13792,2018-06-01
DL17,878,1310,2188,6032,4732,10764,2018-06-01
DN0,1,0,1,1,0,1,2018-06-01
DN1,1111,915,2026,2439,1060,3499,2018-06-01
DN2,1642,2070,3712,7736,5791,13527,2018-06-01
DN3,1114,1559,2673,11036,9448,20484,2018-06-01
DN4,2940,3652,6592,18039,14244,32283,2018-06-01
DN5,1896,2608,4504,13629,11520,25149,2018-06-01
DN6,1793,2425,4218,9861,7791,17652,2018-06-01
DN7,1095,1569,2664,7664,6157,13821,2018-06-01
DN8,970,1315,2285,5943,4496,10439,2018-06-01
DN9,599,749,1348,8420,7986,16406,2018-06-01
DN10,346,450,796,5190,4754,9944,2018-06-01
DN11,1394,1825,3219,9837,8334,18171,2018-06-01
DN12,1569,2077,3646,7119,5370,12489,2018-06-01
DN14,1939,2759,4698,17147,14156,31303,2018-06-01
DN15,2274,2583,4857,12062,9138,21200,2018-06-01
DN16,1601,1983,3584,10455,8709,19164,2018-06-01
DN17,1752,2260,4012,13070,10988,24058,2018-06-01
DN18,515,737,1252,4463,3712,8175,2018-06-01
DN19,192,228,420,2513,2270,4783,2018-06-01
DN20,603,780,1383,7484,6619,14103,2018-06-01
DN21,1757,2277,4034,13644,11842,25486,2018-06-01
DN22,1328,1761,3089,13342,11945,25287,2018-06-01
DN31,846,993,1839,2394,1458,3852,2018-06-01
DN32,2387,2682,5069,7767,5556,13323,2018-06-01
DN33,1242,1436,2678,6449,5402,11851,2018-06-01
DN34,1159,1440,2599,6416,5131,11547,2018-06-01
DN35,1941,2371,4312,11169,8988,20157,2018-06-01
DN36,557,679,1236,8014,7373,15387,2018-06-01
DN37,860,1103,1963,8048,7207,15255,2018-06-01
DN38,83,111,194,1163,1025,2188,2018-06-01
DN39,80,112,192,1144,974,2118,2018-06-01
DN40,673,958,1631,4625,3481,8106,2018-06-01
DN41,147,186,333,2595,2415,5010,2018-06-01
DT0,0,0,0,0,1,1,2018-06-01
DT1,833,1011,1844,7290,6762,14052,2018-06-01
DT2,679,739,1418,10543,10247,20790,2018-06-01
DT3,855,1015,1870,9370,8654,18024,2018-06-01
DT4,2119,2331,4450,12951,11151,24102,2018-06-01
DT5,704,864,1568,4303,3687,7990,2018-06-01
DT6,716,843,1559,8498,8333,16831,2018-06-01
DT7,208,243,451,2159,2087,4246,2018-06-01
DT8,168,206,374,2431,2365,4796,2018-06-01
DT9,670,807,1477,8176,8055,16231,2018-06-01
DT10,303,353,656,4823,4592,9415,2018-06-01
DT11,1073,1217,2290,12257,10959,23216,2018-06-01
DY0,0,0,0,1,0,1,2018-06-01
DY1,2077,2553,4630,10541,8149,18690,2018-06-01
DY2,2374,3097,5471,10546,7716,18262,2018-06-01
DY3,1325,1693,3018,12351,10606,22957,2018-06-01
DY4,2977,3955,6932,13183,9543,22726,2018-06-01
DY5,2199,2937,5136,13879,11106,24985,2018-06-01
DY6,795,1032,1827,10956,9905,20861,2018-06-01
DY7,185,226,411,3284,3181,6465,2018-06-01
DY8,2029,2479,4508,18492,16464,34956,2018-06-01
DY9,1340,1610,2950,10960,9647,20607,2018-06-01
DY10,1626,2030,3656,13123,11662,24785,2018-06-01
DY11,1363,1689,3052,11436,9859,21295,2018-06-01
DY12,364,438,802,5050,4617,9667,2018-06-01
DY13,783,1015,1798,8853,7939,16792,2018-06-01
DY14,227,208,435,3626,3314,6940,2018-06-01
E0,0,0,0,1,0,1,2018-06-01
E1,11195,8518,19713,17549,8794,26343,2018-06-01
E1,0,1,1,0,0,0,2018-06-01
E1,1,0,1,0,0,0,2018-06-01
E1,0,0,0,0,1,1,2018-06-01
E1,1085,1222,2307,4620,3028,7648,2018-06-01
E2,5708,5594,11302,12110,7193,19303,2018-06-01
E2,0,1,1,0,0,0,2018-06-01
E2,0,0,0,0,1,1,2018-06-01
E3,6884,6976,13860,15198,9760,24958,2018-06-01
E4,4533,5183,9716,22533,18976,41509,2018-06-01
E5,7360,7471,14831,12126,8188,20314,2018-06-01
E6,16243,12762,29005,23860,12365,36225,2018-06-01
E7,12175,8670,20845,16214,8433,24647,2018-06-01
E8,5648,6073,11721,10674,7576,18250,2018-06-01
E9,5798,6458,12256,9648,6834,16482,2018-06-01
E10,7761,6598,14359,14647,8355,23002,2018-06-01
E11,6867,6613,13480,18623,13532,32155,2018-06-01
E12,9227,6823,16050,12345,6417,18762,2018-06-01
E13,9739,7722,17461,13367,7024,20391,2018-06-01
E14,9876,10154,20030,25188,14762,39950,2018-06-01
E15,9274,8227,17501,15504,8574,24078,2018-06-01
E16,7148,7520,14668,14587,8802,23389,2018-06-01
E17,14983,14035,29018,33892,22390,56282,2018-06-01
E18,1350,1478,2828,7128,6157,13285,2018-06-01
E19,0,0,0,1,0,1,2018-06-01
E20,342,435,777,1334,823,2157,2018-06-01
EC1,17,7,24,24,7,31,2018-06-01
EC1,77,58,135,347,183,530,2018-06-01
EC1,2,0,2,1,0,1,2018-06-01
EC1,1,0,1,0,1,1,2018-06-01
EC1,102,97,199,452,273,725,2018-06-01
EC1,300,332,632,700,356,1056,2018-06-01
EC1,2,2,4,4,0,4,2018-06-01
EC1,1,0,1,0,0,0,2018-06-01
EC1,565,627,1192,1487,989,2476,2018-06-01
EC1,0,1,1,1,0,1,2018-06-01
EC1,2,1,3,0,0,0,2018-06-01
EC1,1611,1571,3182,3622,2159,5781,2018-06-01
EC1,393,406,799,1042,627,1669,2018-06-01
EC1,0,0,0,1,0,1,2018-06-01
EC2,1,1,2,7,2,9,2018-06-01
EC2,123,100,223,554,279,833,2018-06-01
EC2,0,1,1,2,0,2,2018-06-01
EC2,20,7,27,187,34,221,2018-06-01
EC2,4,3,7,28,4,32,2018-06-01
EC2,0,0,0,7,2,9,2018-06-01
EC2,1,1,2,44,15,59,2018-06-01
EC2,0,0,0,1,0,1,2018-06-01
EC2,4,5,9,100,28,128,2018-06-01
EC2,195,199,394,1438,985,2423,2018-06-01
EC3,0,1,1,2,2,4,2018-06-01
EC3,9,4,13,69,9,78,2018-06-01
EC3,5,4,9,19,8,27,2018-06-01
EC3,30,25,55,129,54,183,2018-06-01
EC3,1,0,1,1,1,2,2018-06-01
EC3,13,4,17,48,27,75,2018-06-01
EC3,4,1,5,64,19,83,2018-06-01
EC3,1,0,1,0,0,0,2018-06-01
EC4,2,1,3,5,2,7,2018-06-01
EC4,51,18,69,151,93,244,2018-06-01
EC4,0,0,0,1,0,1,2018-06-01
EC4,0,0,0,1,0,1,2018-06-01
EC4,15,13,28,137,49,186,2018-06-01
EC4,6,2,8,76,18,94,2018-06-01
EC4,0,0,0,13,5,18,2018-06-01
EC4,6,6,12,40,17,57,2018-06-01
EC4,1,0,1,0,0,0,2018-06-01
EC4,25,26,51,167,106,273,2018-06-01
EC4,0,0,0,1,0,1,2018-06-01
EC4,14,15,29,124,69,193,2018-06-01
EC8,0,1,1,0,0,0,2018-06-01
EC10,1,0,1,0,0,0,2018-06-01
EC11,0,1,1,0,0,0,2018-06-01
EC12,0,0,0,1,0,1,2018-06-01
EC14,1,2,3,4,0,4,2018-06-01
EC15,0,0,0,1,0,1,2018-06-01
EC16,1,0,1,1,0,1,2018-06-01
EC17,1,0,1,2,2,4,2018-06-01
EC19,0,1,1,1,0,1,2018-06-01
EC24,0,0,0,0,1,1,2018-06-01
EC27,0,0,0,3,1,4,2018-06-01
EC28,0,0,0,1,0,1,2018-06-01
EC31,0,0,0,0,1,1,2018-06-01
EC34,1,0,1,0,0,0,2018-06-01
EC41,0,0,0,1,0,1,2018-06-01
EC47,0,0,0,4,0,4,2018-06-01
EC77,1,0,1,0,0,0,2018-06-01
EH0,1,5,6,2,3,5,2018-06-01
EH1,570,514,1084,1489,1030,2519,2018-06-01
EH1,0,1,1,0,0,0,2018-06-01
EH2,106,94,200,441,266,707,2018-06-01
EH3,1787,1851,3638,7353,6236,13589,2018-06-01
EH3,0,0,0,1,0,1,2018-06-01
EH4,3711,4233,7944,17895,15920,33815,2018-06-01
EH5,1489,1848,3337,6426,5352,11778,2018-06-01
EH6,3199,3393,6592,12051,9510,21561,2018-06-01
EH7,2711,2942,5653,10107,7944,18051,2018-06-01
EH8,1789,1888,3677,5869,4639,10508,2018-06-01
EH9,1332,1480,2812,6404,5905,12309,2018-06-01
EH10,1883,1892,3775,13013,11539,24552,2018-06-01
EH11,3605,3778,7383,10229,7511,17740,2018-06-01
EH12,1895,2405,4300,14044,13053,27097,2018-06-01
EH13,908,1021,1929,4822,4348,9170,2018-06-01
EH14,2587,2927,5514,13143,11173,24316,2018-06-01
EH15,1349,1576,2925,6931,6178,13109,2018-06-01
EH16,2367,2755,5122,8920,7341,16261,2018-06-01
EH17,1401,1850,3251,5802,4622,10424,2018-06-01
EH18,96,148,244,852,793,1645,2018-06-01
EH19,686,886,1572,5129,4808,9937,2018-06-01
EH20,344,483,827,2327,1909,4236,2018-06-01
EH21,1554,1879,3433,7951,7018,14969,2018-06-01
EH22,1776,2367,4143,10739,9274,20013,2018-06-01
EH23,464,642,1106,3077,2702,5779,2018-06-01
EH24,67,125,192,677,616,1293,2018-06-01
EH25,161,219,380,1216,1112,2328,2018-06-01
EH26,867,1191,2058,6073,5338,11411,2018-06-01
EH27,151,154,305,1076,1040,2116,2018-06-01
EH28,148,196,344,1269,1109,2378,2018-06-01
EH29,211,266,477,1913,1758,3671,2018-06-01
EH30,472,641,1113,3703,3351,7054,2018-06-01
EH31,84,93,177,985,968,1953,2018-06-01
EH32,914,1194,2108,6949,6161,13110,2018-06-01
EH33,660,865,1525,4766,4190,8956,2018-06-01
EH34,72,88,160,1021,977,1998,2018-06-01
EH35,84,147,231,799,651,1450,2018-06-01
EH36,11,8,19,171,161,332,2018-06-01
EH37,50,92,142,653,604,1257,2018-06-01
EH38,15,15,30,169,179,348,2018-06-01
EH39,373,472,845,3627,3481,7108,2018-06-01
EH40,65,88,153,835,819,1654,2018-06-01
EH41,493,644,1137,4545,4214,8759,2018-06-01
EH42,466,610,1076,4008,3676,7684,2018-06-01
EH43,42,64,106,271,259,530,2018-06-01
EH44,119,155,274,1270,1195,2465,2018-06-01
EH45,435,541,976,4069,3826,7895,2018-06-01
EH46,129,158,287,1471,1475,2946,2018-06-01
EH47,1457,2031,3488,9063,7382,16445,2018-06-01
EH48,1705,2290,3995,13324,11511,24835,2018-06-01
EH49,633,848,1481,6203,5700,11903,2018-06-01
EH51,684,882,1566,5107,4473,9580,2018-06-01
EH52,921,1308,2229,7128,6006,13134,2018-06-01
EH53,454,601,1055,4070,3606,7676,2018-06-01
EH54,3583,4663,8246,18356,15480,33836,2018-06-01
EH55,412,532,944,2978,2493,5471,2018-06-01
EN0,0,0,0,0,1,1,2018-06-01
EN1,3462,4230,7692,15443,13350,28793,2018-06-01
EN2,1594,2079,3673,10904,9831,20735,2018-06-01
EN3,5808,7486,13294,17646,13310,30956,2018-06-01
EN4,1521,1783,3304,9982,8997,18979,2018-06-01
EN5,2508,3122,5630,14154,12760,26914,2018-06-01
EN6,1221,1422,2643,11683,10938,22621,2018-06-01
EN7,841,962,1803,8613,8172,16785,2018-06-01
EN8,2194,2674,4868,13487,11137,24624,2018-06-01
EN9,1068,1284,2352,9746,8437,18183,2018-06-01
EN10,718,860,1578,6757,6380,13137,2018-06-01
EN11,995,1107,2102,8508,7513,16021,2018-06-01
EX0,0,0,0,2,0,2,2018-06-01
EX1,1245,1462,2707,7148,6341,13489,2018-06-01
EX2,2103,2577,4680,14937,13428,28365,2018-06-01
EX3,150,147,297,1886,1917,3803,2018-06-01
EX4,3202,3701,6903,16080,13379,29459,2018-06-01
EX5,595,732,1327,9061,8795,17856,2018-06-01
EX6,396,439,835,6053,5843,11896,2018-06-01
EX7,571,718,1289,4992,4551,9543,2018-06-01
EX8,1699,2096,3795,13697,12593,26290,2018-06-01
EX9,156,230,386,2737,2699,5436,2018-06-01
EX10,540,658,1198,6624,6582,13206,2018-06-01
EX11,249,281,530,3459,3454,6913,2018-06-01
EX12,266,402,668,3741,3438,7179,2018-06-01
EX13,369,461,830,4963,4749,9712,2018-06-01
EX14,676,873,1549,8384,7784,16168,2018-06-01
EX15,692,818,1510,8812,8170,16982,2018-06-01
EX16,1265,1501,2766,12133,11144,23277,2018-06-01
EX17,692,847,1539,7605,7131,14736,2018-06-01
EX18,108,93,201,1324,1265,2589,2018-06-01
EX19,63,106,169,1572,1441,3013,2018-06-01
EX20,659,916,1575,8359,7663,16022,2018-06-01
EX21,106,106,212,1885,1779,3664,2018-06-01
EX22,319,385,704,4674,4155,8829,2018-06-01
EX23,587,682,1269,6224,5754,11978,2018-06-01
EX24,101,129,230,1508,1499,3007,2018-06-01
EX31,855,1104,1959,9912,9097,19009,2018-06-01
EX32,1349,1600,2949,8260,7207,15467,2018-06-01
EX33,343,430,773,4027,3747,7774,2018-06-01
EX34,894,1117,2011,6349,5395,11744,2018-06-01
EX35,88,79,167,699,634,1333,2018-06-01
EX36,314,355,669,3543,3262,6805,2018-06-01
EX37,79,97,176,1620,1523,3143,2018-06-01
EX38,307,374,681,3205,2912,6117,2018-06-01
EX39,1559,1878,3437,14363,13212,27575,2018-06-01
FK1,1431,1858,3289,9750,8159,17909,2018-06-01
FK1,0,0,0,0,1,1,2018-06-01
FK2,2142,2797,4939,17152,15116,32268,2018-06-01
FK3,989,1247,2236,5354,4410,9764,2018-06-01
FK4,553,809,1362,4760,4248,9008,2018-06-01
FK5,730,1017,1747,7272,6769,14041,2018-06-01
FK6,661,885,1546,4829,4106,8935,2018-06-01
FK7,1537,2170,3707,10336,9297,19633,2018-06-01
FK8,1075,1209,2284,6066,5408,11474,2018-06-01
FK9,603,774,1377,4406,4037,8443,2018-06-01
FK10,1955,2632,4587,12384,10788,23172,2018-06-01
FK11,87,126,213,1022,1007,2029,2018-06-01
FK12,244,305,549,1772,1538,3310,2018-06-01
FK13,307,369,676,2184,1861,4045,2018-06-01
FK14,185,202,387,1811,1763,3574,2018-06-01
FK15,426,527,953,4103,3996,8099,2018-06-01
FK16,82,94,176,908,861,1769,2018-06-01
FK17,128,186,314,1418,1296,2714,2018-06-01
FK18,5,7,12,100,83,183,2018-06-01
FK19,20,24,44,254,213,467,2018-06-01
FK20,26,46,72,166,124,290,2018-06-01
FK21,45,50,95,400,339,739,2018-06-01
FY0,0,0,0,3,3,6,2018-06-01
FY1,3441,3563,7004,9329,5956,15285,2018-06-01
FY2,1380,1560,2940,8190,6954,15144,2018-06-01
FY3,2160,2664,4824,10187,8613,18800,2018-06-01
FY4,2682,3294,5976,14644,12088,26732,2018-06-01
FY5,1712,1943,3655,16621,15001,31622,2018-06-01
FY6,750,967,1717,11257,10574,21831,2018-06-01
FY7,1885,2089,3974,8015,6375,14390,2018-06-01
FY8,1781,2024,3805,16944,15735,32679,2018-06-01
G1,589,407,996,1488,825,2313,2018-06-01
G2,321,197,518,600,272,872,2018-06-01
G2,0,1,1,0,0,0,2018-06-01
G3,1870,1629,3499,4877,3187,8064,2018-06-01
G3,0,1,1,0,0,0,2018-06-01
G4,1301,942,2243,2606,1404,4010,2018-06-01
G5,1411,1227,2638,3028,1856,4884,2018-06-01
G6,0,4,4,5,0,5,2018-06-01
G7,1,0,1,4,3,7,2018-06-01
G8,0,0,0,2,0,2,2018-06-01
G9,0,0,0,3,0,3,2018-06-01
G10,0,2,2,0,0,0,2018-06-01
G11,1524,1624,3148,5986,5264,11250,2018-06-01
G12,1730,1606,3336,8137,7306,15443,2018-06-01
G13,2260,2612,4872,9671,8245,17916,2018-06-01
G14,1531,1726,3257,5080,4174,9254,2018-06-01
G15,1768,2012,3780,4010,3187,7197,2018-06-01
G16,2,1,3,0,0,0,2018-06-01
G17,0,0,0,0,1,1,2018-06-01
G18,0,1,1,0,1,1,2018-06-01
G19,1,0,1,0,0,0,2018-06-01
G20,3081,3286,6367,7648,5805,13453,2018-06-01
G21,3311,3560,6871,6536,4321,10857,2018-06-01
G22,1917,2204,4121,4001,2820,6821,2018-06-01
G23,566,732,1298,2131,1796,3927,2018-06-01
G24,1,0,1,0,0,0,2018-06-01
G25,0,2,2,1,0,1,2018-06-01
G26,0,0,0,2,0,2,2018-06-01
G29,0,0,0,1,0,1,2018-06-01
G30,3,0,3,1,0,1,2018-06-01
G31,2778,2933,5711,5712,3911,9623,2018-06-01
G32,2606,3262,5868,10801,8173,18974,2018-06-01
G33,3476,4154,7630,12294,10157,22451,2018-06-01
G34,1091,1280,2371,1767,1255,3022,2018-06-01
G35,1,1,2,0,0,0,2018-06-01
G36,0,2,2,2,0,2,2018-06-01
G37,0,0,0,0,1,1,2018-06-01
G38,0,0,0,1,0,1,2018-06-01
G39,0,0,0,0,1,1,2018-06-01
G40,1253,1452,2705,2992,1969,4961,2018-06-01
G41,2672,2848,5520,10650,8597,19247,2018-06-01
G42,3648,3197,6845,8056,5419,13475,2018-06-01
G43,1262,1363,2625,5281,4414,9695,2018-06-01
G44,1793,2243,4036,9374,8363,17737,2018-06-01
G45,1717,1954,3671,3304,2186,5490,2018-06-01
G46,1711,1944,3655,8568,7891,16459,2018-06-01
G47,1,1,2,3,1,4,2018-06-01
G48,2,0,2,1,1,2,2018-06-01
G49,0,0,0,3,0,3,2018-06-01
G50,2,0,2,1,1,2,2018-06-01
G51,2909,2899,5808,5804,3693,9497,2018-06-01
G52,2229,2816,5045,8032,6598,14630,2018-06-01
G53,2830,3416,6246,9527,8005,17532,2018-06-01
G54,2,0,2,2,0,2,2018-06-01
G55,0,3,3,1,2,3,2018-06-01
G56,1,1,2,1,0,1,2018-06-01
G57,0,1,1,0,0,0,2018-06-01
G58,0,0,0,1,0,1,2018-06-01
G59,0,0,0,0,1,1,2018-06-01
G60,252,303,555,1961,1833,3794,2018-06-01
G61,1086,1154,2240,11082,10975,22057,2018-06-01
G62,588,667,1255,5015,5003,10018,2018-06-01
G63,303,360,663,3811,3987,7798,2018-06-01
G64,1208,1501,2709,9717,9233,18950,2018-06-01
G65,807,1010,1817,4561,3790,8351,2018-06-01
G66,1915,2447,4362,13828,12607,26435,2018-06-01
G67,2655,3354,6009,10535,8223,18758,2018-06-01
G68,792,957,1749,7006,6540,13546,2018-06-01
G69,1762,2254,4016,11971,10663,22634,2018-06-01
G70,0,0,0,1,2,3,2018-06-01
G71,1446,1880,3326,10516,9550,20066,2018-06-01
G72,2907,3602,6509,16299,14235,30534,2018-06-01
G73,2169,2660,4829,9824,8374,18198,2018-06-01
G74,1891,2360,4251,13163,11453,24616,2018-06-01
G75,2318,3144,5462,13475,11661,25136,2018-06-01
G76,935,1119,2054,8177,8084,16261,2018-06-01
G77,846,1018,1864,9764,9887,19651,2018-06-01
G78,1446,1753,3199,7742,6865,14607,2018-06-01
G80,1,0,1,0,0,0,2018-06-01
G81,2893,3661,6554,11221,9229,20450,2018-06-01
G82,1604,2006,3610,8715,7583,16298,2018-06-01
G83,1500,1990,3490,8148,6990,15138,2018-06-01
G84,1179,1470,2649,7820,7081,14901,2018-06-01
GL0,0,0,0,0,1,1,2018-06-01
GL1,2981,3186,6167,10998,7812,18810,2018-06-01
GL1,0,0,0,0,1,1,2018-06-01
GL2,1915,2456,4371,21796,20113,41909,2018-06-01
GL3,1217,1620,2837,12287,11269,23556,2018-06-01
GL4,2329,2935,5264,17221,15294,32515,2018-06-01
GL5,1487,1635,3122,11562,10717,22279,2018-06-01
GL6,844,997,1841,10075,9785,19860,2018-06-01
GL7,1630,1960,3590,17481,16529,34010,2018-06-01
GL8,260,346,606,3446,3323,6769,2018-06-01
GL9,50,62,112,1134,1071,2205,2018-06-01
GL10,589,589,1178,5557,4956,10513,2018-06-01
GL11,601,778,1379,7245,6704,13949,2018-06-01
GL12,467,480,947,6080,5675,11755,2018-06-01
GL13,160,171,331,2521,2240,4761,2018-06-01
GL14,666,874,1540,5828,5002,10830,2018-06-01
GL15,753,904,1657,8417,7572,15989,2018-06-01
GL16,445,623,1068,5352,4926,10278,2018-06-01
GL17,388,527,915,4687,4270,8957,2018-06-01
GL18,269,353,622,3341,3033,6374,2018-06-01
GL19,230,207,437,3688,3589,7277,2018-06-01
GL20,1072,1202,2274,11120,10146,21266,2018-06-01
GL50,1228,1478,2706,7540,6325,13865,2018-06-01
GL51,2694,3417,6111,18220,15728,33948,2018-06-01
GL52,1999,2248,4247,16830,15791,32621,2018-06-01
GL53,796,804,1600,7669,7569,15238,2018-06-01
GL54,757,880,1637,9790,9496,19286,2018-06-01
GL55,154,179,333,2282,2307,4589,2018-06-01
GL56,316,379,695,3730,3678,7408,2018-06-01
GU0,0,0,0,0,1,1,2018-06-01
GU1,1880,2023,3903,11363,9901,21264,2018-06-01
GU2,2102,2201,4303,10621,8828,19449,2018-06-01
GU3,379,431,810,4790,4601,9391,2018-06-01
GU4,538,625,1163,6660,6586,13246,2018-06-01
GU5,335,420,755,4443,4513,8956,2018-06-01
GU6,566,553,1119,5828,5826,11654,2018-06-01
GU7,1074,1211,2285,8699,8336,17035,2018-06-01
GU8,584,638,1222,7136,7082,14218,2018-06-01
GU9,1117,1389,2506,11356,10840,22196,2018-06-01
GU10,654,744,1398,9648,9519,19167,2018-06-01
GU11,1713,1999,3712,8589,6637,15226,2018-06-01
GU12,1480,1875,3355,12249,10862,23111,2018-06-01
GU13,758,14,772,436,42,478,2018-06-01
GU14,2885,3416,6301,21371,18728,40099,2018-06-01
GU15,1792,1974,3766,14254,12779,27033,2018-06-01
GU16,1075,998,2073,10063,8948,19011,2018-06-01
GU17,621,477,1098,5005,4116,9121,2018-06-01
GU18,141,186,327,3052,2983,6035,2018-06-01
GU19,223,218,441,2449,2329,4778,2018-06-01
GU20,128,137,265,1941,1952,3893,2018-06-01
GU21,2791,3281,6072,19454,16893,36347,2018-06-01
GU22,1786,2116,3902,14302,12768,27070,2018-06-01
GU23,227,229,456,2873,2819,5692,2018-06-01
GU24,836,767,1603,6983,6624,13607,2018-06-01
GU25,368,370,738,2772,2801,5573,2018-06-01
GU26,254,253,507,3057,3006,6063,2018-06-01
GU27,705,849,1554,6974,6756,13730,2018-06-01
GU28,252,267,519,2732,2662,5394,2018-06-01
GU29,306,422,728,3835,3928,7763,2018-06-01
GU30,346,404,750,3936,3836,7772,2018-06-01
GU31,395,463,858,4548,4413,8961,2018-06-01
GU32,507,616,1123,4543,4342,8885,2018-06-01
GU33,300,359,659,3387,3272,6659,2018-06-01
GU34,1077,1339,2416,12522,11811,24333,2018-06-01
GU35,1004,1192,2196,9570,8461,18031,2018-06-01
GU46,412,456,868,6179,5925,12104,2018-06-01
GU47,640,745,1385,7734,7239,14973,2018-06-01
GU51,718,785,1503,9656,9128,18784,2018-06-01
GU52,411,524,935,7064,6878,13942,2018-06-01
HA0,11555,9104,20659,18439,11277,29716,2018-06-01
HA1,4410,4593,9003,14787,10834,25621,2018-06-01
HA2,5616,6231,11847,21632,16367,37999,2018-06-01
HA3,8186,8065,16251,29434,21458,50892,2018-06-01
HA4,2616,3152,5768,19695,17575,37270,2018-06-01
HA5,2453,2780,5233,18219,16859,35078,2018-06-01
HA6,1173,1497,2670,9495,8862,18357,2018-06-01
HA7,2896,3185,6081,15389,12819,28208,2018-06-01
HA8,8299,8160,16459,27306,19989,47295,2018-06-01
HA9,9121,7398,16519,19340,12270,31610,2018-06-01
HD1,2437,2167,4604,5946,3600,9546,2018-06-01
HD2,1971,2602,4573,9177,7514,16691,2018-06-01
HD3,1426,1928,3354,10604,9474,20078,2018-06-01
HD4,1672,2238,3910,9503,7797,17300,2018-06-01
HD5,1721,2305,4026,9869,8341,18210,2018-06-01
HD6,1256,1548,2804,9411,8333,17744,2018-06-01
HD7,980,1290,2270,8287,7397,15684,2018-06-01
HD8,960,1248,2208,12696,12060,24756,2018-06-01
HD9,1273,1563,2836,13359,12327,25686,2018-06-01
HG1,1648,1964,3612,12435,11207,23642,2018-06-01
HG2,1381,1601,2982,11955,11538,23493,2018-06-01
HG3,885,984,1869,10643,10333,20976,2018-06-01
HG4,904,1150,2054,9632,8858,18490,2018-06-01
HG5,610,722,1332,7215,6745,13960,2018-06-01
HP1,1224,1459,2683,9610,8714,18324,2018-06-01
HP2,2262,2891,5153,14597,12344,26941,2018-06-01
HP2,0,0,0,1,0,1,2018-06-01
HP3,1529,1843,3372,12734,11404,24138,2018-06-01
HP4,880,869,1749,9641,9416,19057,2018-06-01
HP5,1268,1467,2735,9957,9034,18991,2018-06-01
HP6,601,607,1208,5732,5576,11308,2018-06-01
HP7,397,488,885,4342,4194,8536,2018-06-01
HP8,229,253,482,2940,2998,5938,2018-06-01
HP9,630,653,1283,7184,7215,14399,2018-06-01
HP10,574,667,1241,8060,7941,16001,2018-06-01
HP11,977,1070,2047,5541,4472,10013,2018-06-01
HP12,1431,1753,3184,8084,6341,14425,2018-06-01
HP13,2453,2983,5436,15853,13314,29167,2018-06-01
HP14,596,617,1213,7353,6962,14315,2018-06-01
HP15,413,523,936,7201,6990,14191,2018-06-01
HP16,339,391,730,4916,4919,9835,2018-06-01
HP17,297,322,619,4180,4106,8286,2018-06-01
HP18,520,630,1150,7249,7024,14273,2018-06-01
HP19,1323,1761,3084,8918,7464,16382,2018-06-01
HP20,918,1063,1981,5286,4205,9491,2018-06-01
HP21,1746,2242,3988,12178,10465,22643,2018-06-01
HP22,818,829,1647,10609,10454,21063,2018-06-01
HP23,630,736,1366,7073,6826,13899,2018-06-01
HP25,0,0,0,0,1,1,2018-06-01
HP27,401,426,827,5045,4919,9964,2018-06-01
HR1,1306,1436,2742,12334,11394,23728,2018-06-01
HR2,1760,2262,4022,13794,12213,26007,2018-06-01
HR3,164,219,383,3136,2959,6095,2018-06-01
HR4,1271,1439,2710,10859,9812,20671,2018-06-01
HR5,144,169,313,1864,1654,3518,2018-06-01
HR6,810,987,1797,7883,7135,15018,2018-06-01
HR7,215,231,446,2870,2545,5415,2018-06-01
HR8,483,584,1067,5542,5177,10719,2018-06-01
HR9,644,818,1462,8536,7843,16379,2018-06-01
HS1,302,363,665,1543,1331,2874,2018-06-01
HS2,515,689,1204,5147,4440,9587,2018-06-01
HS3,53,77,130,483,353,836,2018-06-01
HS4,18,15,33,96,79,175,2018-06-01
HS5,11,15,26,95,81,176,2018-06-01
HS6,63,100,163,611,533,1144,2018-06-01
HS7,71,103,174,474,393,867,2018-06-01
HS8,90,110,200,710,578,1288,2018-06-01
HS9,81,55,136,420,393,813,2018-06-01
HU1,359,256,615,955,432,1387,2018-06-01
HU2,428,397,825,1020,416,1436,2018-06-01
HU3,3176,3110,6286,7063,3780,10843,2018-06-01
HU4,1481,1832,3313,7651,6046,13697,2018-06-01
HU5,3606,3834,7440,14408,10921,25329,2018-06-01
HU6,2817,3301,6118,8703,6137,14840,2018-06-01
HU7,3086,3896,6982,13511,10697,24208,2018-06-01
HU8,2226,2818,5044,10955,8447,19402,2018-06-01
HU9,3302,4067,7369,10749,7349,18098,2018-06-01
HU10,596,741,1337,7417,6976,14393,2018-06-01
HU11,370,459,829,5156,4535,9691,2018-06-01
HU12,903,1221,2124,10044,8826,18870,2018-06-01
HU13,676,844,1520,5417,4745,10162,2018-06-01
HU14,229,242,471,3429,3391,6820,2018-06-01
HU15,660,827,1487,9363,8821,18184,2018-06-01
HU16,583,715,1298,6011,5508,11519,2018-06-01
HU17,1606,1913,3519,16633,15260,31893,2018-06-01
HU18,356,487,843,3281,2833,6114,2018-06-01
HU19,473,526,999,2455,1671,4126,2018-06-01
HU20,24,34,58,374,373,747,2018-06-01
HU23,1,0,1,0,0,0,2018-06-01
HU30,1,0,1,0,0,0,2018-06-01
HU33,1,0,1,0,0,0,2018-06-01
HU41,1,0,1,0,0,0,2018-06-01
HU44,0,0,0,0,1,1,2018-06-01
HV15,0,0,0,0,1,1,2018-06-01
HX0,0,0,0,0,1,1,2018-06-01
HX1,1908,2474,4382,6566,4118,10684,2018-06-01
HX2,2041,2725,4766,12641,10603,23244,2018-06-01
HX3,2255,2928,5183,16024,13883,29907,2018-06-01
HX4,432,617,1049,4539,4248,8787,2018-06-01
HX5,532,722,1254,3410,2842,6252,2018-06-01
HX6,926,1162,2088,6802,5817,12619,2018-06-01
HX7,696,830,1526,4666,4575,9241,2018-06-01
IG1,10626,9136,19762,21712,12867,34579,2018-06-01
IG2,2925,3065,5990,10181,7230,17411,2018-06-01
IG3,4815,4589,9404,13250,8521,21771,2018-06-01
IG4,830,908,1738,3752,2848,6600,2018-06-01
IG5,1252,1442,2694,6377,5271,11648,2018-06-01
IG6,2164,2575,4739,10411,8246,18657,2018-06-01
IG7,1212,1521,2733,7967,7147,15114,2018-06-01
IG8,2238,2624,4862,13854,12171,26025,2018-06-01
IG9,536,590,1126,5091,4866,9957,2018-06-01
IG10,1503,1826,3329,11955,11239,23194,2018-06-01
IG11,8490,8290,16780,17489,10404,27893,2018-06-01
IP1,2566,2734,5300,13241,10262,23503,2018-06-01
IP2,1876,2386,4262,10280,7954,18234,2018-06-01
IP3,1670,2210,3880,11816,9340,21156,2018-06-01
IP4,1888,2152,4040,13257,11156,24413,2018-06-01
IP5,531,626,1157,7494,7104,14598,2018-06-01
IP6,421,515,936,6938,6396,13334,2018-06-01
IP7,484,642,1126,6414,5889,12303,2018-06-01
IP8,277,343,620,4501,4074,8575,2018-06-01
IP9,305,371,676,4585,4340,8925,2018-06-01
IP10,72,98,170,1500,1444,2944,2018-06-01
IP11,1128,1480,2608,11736,10053,21789,2018-06-01
IP12,889,917,1806,9681,9266,18947,2018-06-01
IP13,560,627,1187,7584,7329,14913,2018-06-01
IP14,1217,1497,2714,15702,14227,29929,2018-06-01
IP15,74,95,169,884,933,1817,2018-06-01
IP16,310,355,665,2499,2165,4664,2018-06-01
IP17,355,482,837,4780,4654,9434,2018-06-01
IP18,129,155,284,1398,1418,2816,2018-06-01
IP19,265,327,592,4114,3804,7918,2018-06-01
IP20,223,272,495,3285,3005,6290,2018-06-01
IP21,256,306,562,4675,4412,9087,2018-06-01
IP22,768,833,1601,8788,8134,16922,2018-06-01
IP23,200,282,482,3036,2773,5809,2018-06-01
IP24,1712,2168,3880,9300,7402,16702,2018-06-01
IP25,665,792,1457,7075,6265,13340,2018-06-01
IP26,287,358,645,3415,3184,6599,2018-06-01
IP27,900,1060,1960,6147,5453,11600,2018-06-01
IP28,1039,1295,2334,8972,8524,17496,2018-06-01
IP29,212,272,484,3775,3657,7432,2018-06-01
IP30,371,463,834,5694,5400,11094,2018-06-01
IP31,548,712,1260,8366,7908,16274,2018-06-01
IP32,752,952,1704,5567,5023,10590,2018-06-01
IP33,1068,1281,2349,8392,7490,15882,2018-06-01
IV1,176,173,349,1010,912,1922,2018-06-01
IV2,2290,2887,5177,17798,16107,33905,2018-06-01
IV3,1417,1672,3089,6109,4887,10996,2018-06-01
IV3,0,0,0,0,1,1,2018-06-01
IV4,173,209,382,1845,1668,3513,2018-06-01
IV5,48,52,100,527,520,1047,2018-06-01
IV6,164,204,368,1782,1645,3427,2018-06-01
IV7,198,247,445,2310,2191,4501,2018-06-01
IV8,29,32,61,357,347,704,2018-06-01
IV9,64,57,121,471,461,932,2018-06-01
IV10,104,124,228,1082,1059,2141,2018-06-01
IV11,44,56,100,333,306,639,2018-06-01
IV12,629,777,1406,4663,4200,8863,2018-06-01
IV13,10,22,32,274,223,497,2018-06-01
IV14,67,103,170,851,780,1631,2018-06-01
IV15,336,385,721,1962,1729,3691,2018-06-01
IV16,57,73,130,716,660,1376,2018-06-01
IV17,363,470,833,2152,1810,3962,2018-06-01
IV18,296,388,684,2072,1714,3786,2018-06-01
IV19,231,282,513,1730,1526,3256,2018-06-01
IV20,151,186,337,1173,1040,2213,2018-06-01
IV21,54,53,107,455,386,841,2018-06-01
IV22,56,70,126,609,524,1133,2018-06-01
IV23,33,45,78,359,323,682,2018-06-01
IV24,43,66,109,565,532,1097,2018-06-01
IV25,93,99,192,961,942,1903,2018-06-01
IV26,112,119,231,719,674,1393,2018-06-01
IV27,160,156,316,1494,1289,2783,2018-06-01
IV28,12,22,34,193,181,374,2018-06-01
IV30,1577,2011,3588,12308,10960,23268,2018-06-01
IV31,343,436,779,2610,2253,4863,2018-06-01
IV32,198,199,397,1870,1736,3606,2018-06-01
IV33,1,0,1,1,2,3,2018-06-01
IV34,0,0,0,0,1,1,2018-06-01
IV36,693,967,1660,5962,5325,11287,2018-06-01
IV40,122,173,295,992,845,1837,2018-06-01
IV41,32,19,51,144,120,264,2018-06-01
IV42,16,17,33,196,176,372,2018-06-01
IV43,13,16,29,120,108,228,2018-06-01
IV44,10,13,23,111,99,210,2018-06-01
IV45,12,5,17,126,108,234,2018-06-01
IV46,4,4,8,36,29,65,2018-06-01
IV47,17,22,39,252,204,456,2018-06-01
IV48,0,5,5,33,32,65,2018-06-01
IV49,59,61,120,450,375,825,2018-06-01
IV51,220,309,529,2041,1803,3844,2018-06-01
IV52,21,23,44,117,138,255,2018-06-01
IV53,4,5,9,62,58,120,2018-06-01
IV54,56,80,136,573,473,1046,2018-06-01
IV55,50,52,102,527,488,1015,2018-06-01
IV56,7,7,14,155,124,279,2018-06-01
IV62,0,0,0,1,0,1,2018-06-01
IV63,121,142,263,1012,942,1954,2018-06-01
KA1,1417,1824,3241,9664,8293,17957,2018-06-01
KA2,282,401,683,2531,2302,4833,2018-06-01
KA3,1864,2473,4337,13380,11931,25311,2018-06-01
KA4,263,343,606,1920,1766,3686,2018-06-01
KA5,391,596,987,3587,3001,6588,2018-06-01
KA6,972,1291,2263,6491,5538,12029,2018-06-01
KA7,1220,1432,2652,10402,9808,20210,2018-06-01
KA8,1226,1640,2866,5530,4259,9789,2018-06-01
KA9,672,778,1450,5945,5554,11499,2018-06-01
KA10,612,787,1399,6058,5691,11749,2018-06-01
KA11,1154,1586,2740,7055,6125,13180,2018-06-01
KA12,1166,1553,2719,5594,4472,10066,2018-06-01
KA13,1000,1323,2323,5604,4774,10378,2018-06-01
KA14,30,26,56,184,169,353,2018-06-01
KA15,314,418,732,2594,2297,4891,2018-06-01
KA16,180,190,370,1129,894,2023,2018-06-01
KA17,151,216,367,1535,1313,2848,2018-06-01
KA18,1057,1467,2524,7008,5582,12590,2018-06-01
KA19,350,464,814,2655,2305,4960,2018-06-01
KA20,661,869,1530,2646,2107,4753,2018-06-01
KA21,821,938,1759,3820,3234,7054,2018-06-01
KA22,672,957,1629,3455,2913,6368,2018-06-01
KA23,209,264,473,2009,1911,3920,2018-06-01
KA24,302,438,740,2031,1777,3808,2018-06-01
KA25,418,545,963,2246,1844,4090,2018-06-01
KA26,521,697,1218,3710,3135,6845,2018-06-01
KA27,237,307,544,1827,1718,3545,2018-06-01
KA28,45,71,116,433,366,799,2018-06-01
KA29,52,71,123,601,579,1180,2018-06-01
KA30,437,628,1065,4188,3728,7916,2018-06-01
KT1,1836,1954,3790,7640,6140,13780,2018-06-01
KT2,2155,2568,4723,11767,10714,22481,2018-06-01
KT3,3200,3498,6698,15738,13504,29242,2018-06-01
KT4,1584,1711,3295,11631,10712,22343,2018-06-01
KT5,1278,1400,2678,7712,6634,14346,2018-06-01
KT6,1924,2340,4264,11799,10235,22034,2018-06-01
KT7,421,457,878,4068,4091,8159,2018-06-01
KT8,1017,1127,2144,8017,7596,15613,2018-06-01
KT9,1270,1437,2707,7951,7044,14995,2018-06-01
KT10,944,890,1834,9240,9307,18547,2018-06-01
KT11,884,882,1766,7126,7309,14435,2018-06-01
KT12,1783,1927,3710,15179,14561,29740,2018-06-01
KT13,972,1110,2082,10215,9989,20204,2018-06-01
KT14,606,641,1247,5429,5258,10687,2018-06-01
KT15,1196,1311,2507,11436,10675,22111,2018-06-01
KT16,808,955,1763,7728,7202,14930,2018-06-01
KT17,1128,1113,2241,9720,9002,18722,2018-06-01
KT18,678,869,1547,6602,6510,13112,2018-06-01
KT19,2026,2310,4336,13504,12358,25862,2018-06-01
KT20,700,851,1551,8697,8443,17140,2018-06-01
KT21,436,499,935,5450,5521,10971,2018-06-01
KT22,1086,1104,2190,9999,9547,19546,2018-06-01
KT23,347,345,692,4517,4512,9029,2018-06-01
KT24,273,271,544,3946,4049,7995,2018-06-01
KW1,493,529,1022,3846,3320,7166,2018-06-01
KW2,6,3,9,31,27,58,2018-06-01
KW3,34,51,85,417,346,763,2018-06-01
KW5,10,13,23,123,112,235,2018-06-01
KW6,12,8,20,152,118,270,2018-06-01
KW7,2,5,7,43,38,81,2018-06-01
KW8,25,37,62,314,272,586,2018-06-01
KW9,68,96,164,657,573,1230,2018-06-01
KW10,76,95,171,621,549,1170,2018-06-01
KW11,3,9,12,49,38,87,2018-06-01
KW12,44,66,110,641,588,1229,2018-06-01
KW13,4,5,9,41,34,75,2018-06-01
KW14,633,755,1388,4432,3724,8156,2018-06-01
KW15,418,495,913,2905,2670,5575,2018-06-01
KW16,147,218,365,1359,1211,2570,2018-06-01
KW17,365,438,803,3533,3225,6758,2018-06-01
KY1,1401,1747,3148,8391,6807,15198,2018-06-01
KY2,1478,2071,3549,10256,8914,19170,2018-06-01
KY3,523,650,1173,3894,3571,7465,2018-06-01
KY4,1096,1555,2651,7551,6134,13685,2018-06-01
KY5,1066,1572,2638,6470,5079,11549,2018-06-01
KY6,1096,1359,2455,6282,5408,11690,2018-06-01
KY7,1479,1888,3367,9331,8142,17473,2018-06-01
KY8,1876,2457,4333,11434,9580,21014,2018-06-01
KY9,63,81,144,753,745,1498,2018-06-01
KY10,376,516,892,3350,3110,6460,2018-06-01
KY11,3126,3996,7122,21570,19126,40696,2018-06-01
KY12,1850,2228,4078,14170,12538,26708,2018-06-01
KY13,372,398,770,4546,4485,9031,2018-06-01
KY14,227,314,541,2634,2374,5008,2018-06-01
KY15,753,1003,1756,8113,7585,15698,2018-06-01
KY16,1146,1374,2520,6336,5779,12115,2018-06-01
L1,595,533,1128,1366,786,2152,2018-06-01
L2,79,45,124,230,103,333,2018-06-01
L3,1056,1003,2059,3288,2062,5350,2018-06-01
L4,3891,4831,8722,9749,6526,16275,2018-06-01
L5,1445,1799,3244,3080,1786,4866,2018-06-01
L6,2749,2822,5571,5125,2854,7979,2018-06-01
L7,2477,2269,4746,3675,1906,5581,2018-06-01
L8,4252,4335,8587,6922,4066,10988,2018-06-01
L9,2291,3050,5341,9047,6842,15889,2018-06-01
L10,906,1305,2211,4995,4110,9105,2018-06-01
L11,2456,3336,5792,7018,5144,12162,2018-06-01
L12,1703,2231,3934,10740,9520,20260,2018-06-01
L13,2669,3250,5919,8182,5861,14043,2018-06-01
L14,2131,3019,5150,7573,5949,13522,2018-06-01
L15,2457,2729,5186,7176,5434,12610,2018-06-01
L16,687,865,1552,5390,4940,10330,2018-06-01
L17,1606,1693,3299,7089,5955,13044,2018-06-01
L18,1276,1556,2832,8904,8090,16994,2018-06-01
L19,1528,1822,3350,7659,6534,14193,2018-06-01
L20,3169,3710,6879,8313,5655,13968,2018-06-01
L21,1954,2575,4529,6875,5232,12107,2018-06-01
L22,961,1056,2017,4560,3778,8338,2018-06-01
L23,1598,1954,3552,11083,10171,21254,2018-06-01
L24,1283,1802,3085,4433,3247,7680,2018-06-01
L25,1977,2390,4367,11597,9895,21492,2018-06-01
L26,1042,1297,2339,5114,4481,9595,2018-06-01
L27,555,785,1340,1724,1272,2996,2018-06-01
L28,642,850,1492,1663,992,2655,2018-06-01
L29,27,24,51,205,205,410,2018-06-01
L30,1493,1974,3467,5641,4356,9997,2018-06-01
L31,1244,1510,2754,11463,10324,21787,2018-06-01
L32,1757,2310,4067,5767,4247,10014,2018-06-01
L33,1598,2079,3677,4809,3683,8492,2018-06-01
L34,631,766,1397,4454,3662,8116,2018-06-01
L35,1699,2363,4062,10574,8583,19157,2018-06-01
L36,3152,4288,7440,12182,9741,21923,2018-06-01
L37,835,951,1786,9199,8999,18198,2018-06-01
L38,87,106,193,1087,1075,2162,2018-06-01
L39,1018,1144,2162,10145,9532,19677,2018-06-01
L40,616,624,1240,7467,6854,14321,2018-06-01
L41,121,136,257,124,63,187,2018-06-01
L42,62,48,110,89,38,127,2018-06-01
L43,93,139,232,180,149,329,2018-06-01
L44,49,32,81,89,32,121,2018-06-01
L45,21,24,45,71,44,115,2018-06-01
L46,18,27,45,97,44,141,2018-06-01
L47,15,13,28,43,34,77,2018-06-01
L48,13,14,27,60,50,110,2018-06-01
L49,24,36,60,68,55,123,2018-06-01
L52,0,1,1,0,0,0,2018-06-01
L60,6,17,23,110,108,218,2018-06-01
L61,13,12,25,51,63,114,2018-06-01
L62,30,33,63,78,57,135,2018-06-01
L63,22,19,41,94,54,148,2018-06-01
L64,28,25,53,130,116,246,2018-06-01
L65,26,27,53,64,39,103,2018-06-01
L66,28,30,58,143,115,258,2018-06-01
L67,0,1,1,0,0,0,2018-06-01
L69,20,5,25,33,6,39,2018-06-01
L71,0,1,1,0,0,0,2018-06-01
LA0,0,0,0,0,1,1,2018-06-01
LA1,3282,3860,7142,14952,12502,27454,2018-06-01
LA2,650,757,1407,8526,8123,16649,2018-06-01
LA3,1400,1635,3035,8945,7726,16671,2018-06-01
LA4,1463,1729,3192,8679,7257,15936,2018-06-01
LA5,515,618,1133,6408,6128,12536,2018-06-01
LA6,330,407,737,5470,5419,10889,2018-06-01
LA7,128,159,287,2022,1970,3992,2018-06-01
LA8,191,227,418,3793,3645,7438,2018-06-01
LA9,1145,1447,2592,11473,10446,21919,2018-06-01
LA10,105,103,208,1429,1345,2774,2018-06-01
LA11,234,300,534,3993,3909,7902,2018-06-01
LA12,681,818,1499,8027,7252,15279,2018-06-01
LA13,1001,1279,2280,6808,5829,12637,2018-06-01
LA14,2495,2946,5441,11846,9346,21192,2018-06-01
LA15,337,454,791,2792,2411,5203,2018-06-01
LA16,99,143,242,1363,1187,2550,2018-06-01
LA17,22,34,56,491,479,970,2018-06-01
LA18,367,474,841,2934,2390,5324,2018-06-01
LA19,16,38,54,426,389,815,2018-06-01
LA20,16,33,49,535,483,1018,2018-06-01
LA21,31,42,73,407,364,771,2018-06-01
LA22,225,234,459,1846,1693,3539,2018-06-01
LA23,430,454,884,3353,2963,6316,2018-06-01
LD0,0,0,0,1,0,1,2018-06-01
LD1,348,445,793,4481,4020,8501,2018-06-01
LD2,154,179,333,2219,1996,4215,2018-06-01
LD3,751,832,1583,7589,6937,14526,2018-06-01
LD4,18,21,39,316,303,619,2018-06-01
LD5,27,43,70,441,379,820,2018-06-01
LD6,79,119,198,1087,963,2050,2018-06-01
LD7,132,165,297,1866,1699,3565,2018-06-01
LD8,112,123,235,1819,1713,3532,2018-06-01
LE0,0,0,0,1,0,1,2018-06-01
LE1,1617,1479,3096,2674,1282,3956,2018-06-01
LE2,8856,9835,18691,35163,27861,63024,2018-06-01
LE3,7605,8883,16488,32462,24370,56832,2018-06-01
LE4,8564,10446,19010,32067,23640,55707,2018-06-01
LE5,8087,9155,17242,27825,20066,47891,2018-06-01
LE6,356,444,800,4893,4476,9369,2018-06-01
LE7,1370,1748,3118,18831,17541,36372,2018-06-01
LE8,1048,1286,2334,14704,14198,28902,2018-06-01
LE9,1794,2347,4141,22508,20305,42813,2018-06-01
LE10,1726,2154,3880,19748,17413,37161,2018-06-01
LE11,3724,3889,7613,19150,14696,33846,2018-06-01
LE12,1989,2492,4481,25238,23403,48641,2018-06-01
LE13,1093,1392,2485,9907,8574,18481,2018-06-01
LE14,419,504,923,7350,6959,14309,2018-06-01
LE15,1002,1354,2356,12828,12098,24926,2018-06-01
LE16,1231,1428,2659,13889,13051,26940,2018-06-01
LE17,551,709,1260,8957,8138,17095,2018-06-01
LE18,1395,1837,3232,11739,10160,21899,2018-06-01
LE19,447,592,1039,5753,5386,11139,2018-06-01
LE62,0,1,1,0,0,0,2018-06-01
LE65,511,628,1139,6010,5488,11498,2018-06-01
LE67,2229,2872,5101,23024,20056,43080,2018-06-01
LL1,2,1,3,13,8,21,2018-06-01
LL2,0,0,0,3,0,3,2018-06-01
LL10,0,0,0,1,0,1,2018-06-01
LL11,1874,2422,4296,13253,11162,24415,2018-06-01
LL12,1223,1361,2584,10458,9483,19941,2018-06-01
LL13,2297,2571,4868,10843,8805,19648,2018-06-01
LL14,1690,2380,4070,10995,8994,19989,2018-06-01
LL15,366,435,801,4035,3745,7780,2018-06-01
LL16,652,809,1461,5618,5110,10728,2018-06-01
LL17,179,245,424,2165,2039,4204,2018-06-01
LL18,2505,3247,5752,13848,11657,25505,2018-06-01
LL19,982,1268,2250,7060,6316,13376,2018-06-01
LL20,363,376,739,3172,2722,5894,2018-06-01
LL21,206,264,470,2594,2320,4914,2018-06-01
LL22,691,876,1567,6930,6136,13066,2018-06-01
LL23,114,143,257,1563,1355,2918,2018-06-01
LL24,58,83,141,864,726,1590,2018-06-01
LL25,20,18,38,181,167,348,2018-06-01
LL26,181,248,429,1613,1396,3009,2018-06-01
LL27,34,50,84,328,274,602,2018-06-01
LL28,502,609,1111,5054,4844,9898,2018-06-01
LL29,1167,1403,2570,6757,5920,12677,2018-06-01
LL30,1076,1332,2408,7340,6428,13768,2018-06-01
LL31,375,522,897,3646,3390,7036,2018-06-01
LL32,299,359,658,2413,2261,4674,2018-06-01
LL33,196,240,436,1388,1228,2616,2018-06-01
LL34,189,286,475,1571,1391,2962,2018-06-01
LL35,20,27,47,296,253,549,2018-06-01
LL36,149,220,369,1653,1449,3102,2018-06-01
LL37,18,22,40,242,194,436,2018-06-01
LL38,14,38,52,271,208,479,2018-06-01
LL39,11,15,26,93,75,168,2018-06-01
LL40,160,187,347,1552,1364,2916,2018-06-01
LL41,315,422,737,2153,1714,3867,2018-06-01
LL42,133,174,307,769,617,1386,2018-06-01
LL43,14,17,31,213,187,400,2018-06-01
LL44,23,40,63,374,361,735,2018-06-01
LL45,28,21,49,235,231,466,2018-06-01
LL46,57,64,121,666,607,1273,2018-06-01
LL47,10,31,41,230,195,425,2018-06-01
LL48,92,136,228,910,802,1712,2018-06-01
LL49,204,217,421,1507,1262,2769,2018-06-01
LL51,26,32,58,344,280,624,2018-06-01
LL52,84,87,171,1016,954,1970,2018-06-01
LL53,490,588,1078,6119,5583,11702,2018-06-01
LL54,403,523,926,4111,3693,7804,2018-06-01
LL55,991,1203,2194,7256,6412,13668,2018-06-01
LL56,107,85,192,813,773,1586,2018-06-01
LL57,1664,1758,3422,7475,6222,13697,2018-06-01
LL58,136,203,339,1395,1290,2685,2018-06-01
LL59,259,260,519,2061,1945,4006,2018-06-01
LL60,106,111,217,1175,1097,2272,2018-06-01
LL61,216,243,459,2289,2186,4475,2018-06-01
LL62,65,47,112,714,661,1375,2018-06-01
LL63,49,64,113,526,459,985,2018-06-01
LL64,33,33,66,326,291,617,2018-06-01
LL65,1233,1497,2730,8253,6984,15237,2018-06-01
LL66,9,11,20,108,92,200,2018-06-01
LL67,49,76,125,505,458,963,2018-06-01
LL68,249,329,578,2302,1986,4288,2018-06-01
LL69,31,33,64,266,220,486,2018-06-01
LL70,11,12,23,122,117,239,2018-06-01
LL71,65,80,145,718,643,1361,2018-06-01
LL72,39,46,85,272,245,517,2018-06-01
LL73,2,2,4,97,91,188,2018-06-01
LL74,75,79,154,975,926,1901,2018-06-01
LL75,55,50,105,555,531,1086,2018-06-01
LL76,8,11,19,120,107,227,2018-06-01
LL77,276,366,642,2532,2337,4869,2018-06-01
LL78,10,14,24,215,202,417,2018-06-01
LN1,1204,1433,2637,9762,8413,18175,2018-06-01
LN2,2095,2513,4608,13096,11350,24446,2018-06-01
LN3,282,324,606,3868,3490,7358,2018-06-01
LN4,1231,1655,2886,15246,13707,28953,2018-06-01
LN5,1846,2038,3884,11320,9298,20618,2018-06-01
LN6,2479,3122,5601,21367,19185,40552,2018-06-01
LN7,209,257,466,2552,2345,4897,2018-06-01
LN8,542,714,1256,7081,6408,13489,2018-06-01
LN9,321,379,700,3828,3447,7275,2018-06-01
LN10,149,166,315,2492,2354,4846,2018-06-01
LN11,1040,1312,2352,10836,10007,20843,2018-06-01
LN12,569,738,1307,4994,3869,8863,2018-06-01
LN13,298,361,659,3186,2870,6056,2018-06-01
LS0,0,1,1,0,0,0,2018-06-01
LS1,270,261,531,858,486,1344,2018-06-01
LS2,917,752,1669,1360,616,1976,2018-06-01
LS3,363,321,684,530,274,804,2018-06-01
LS4,785,805,1590,2222,1488,3710,2018-06-01
LS5,617,710,1327,2357,1801,4158,2018-06-01
LS6,3232,3099,6331,8572,6350,14922,2018-06-01
LS7,3036,3589,6625,8316,6487,14803,2018-06-01
LS8,4502,4961,9463,14686,11375,26061,2018-06-01
LS9,4252,4944,9196,8924,4986,13910,2018-06-01
LS10,2820,3840,6660,10224,7117,17341,2018-06-01
LS11,3651,4207,7858,9096,5179,14275,2018-06-01
LS12,3133,3740,6873,12149,8749,20898,2018-06-01
LS13,2515,3439,5954,10842,8416,19258,2018-06-01
LS14,2654,3548,6202,10345,7995,18340,2018-06-01
LS15,1804,2297,4101,12627,10784,23411,2018-06-01
LS16,1695,2150,3845,13042,12012,25054,2018-06-01
LS17,1755,2421,4176,16915,15772,32687,2018-06-01
LS18,1196,1048,2244,8059,6895,14954,2018-06-01
LS19,799,1041,1840,7385,6835,14220,2018-06-01
LS20,488,557,1045,4835,4593,9428,2018-06-01
LS21,715,870,1585,6918,6452,13370,2018-06-01
LS22,486,552,1038,6377,6185,12562,2018-06-01
LS23,248,292,540,3403,3384,6787,2018-06-01
LS24,390,469,859,4708,4306,9014,2018-06-01
LS25,1524,2111,3635,15452,13844,29296,2018-06-01
LS26,1326,1811,3137,10991,9691,20682,2018-06-01
LS27,1820,2435,4255,12756,10553,23309,2018-06-01
LS28,1679,2391,4070,14233,12793,27026,2018-06-01
LS29,1050,1190,2240,12519,12435,24954,2018-06-01
LS70,0,0,0,1,0,1,2018-06-01
LU1,5606,5166,10772,14371,8843,23214,2018-06-01
LU2,3938,4771,8709,21562,17294,38856,2018-06-01
LU3,4900,6201,11101,21534,15958,37492,2018-06-01
LU4,4841,6152,10993,17546,11727,29273,2018-06-01
LU5,2038,2654,4692,14816,12231,27047,2018-06-01
LU6,1271,1637,2908,13388,11787,25175,2018-06-01
LU7,1976,2432,4408,22995,20880,43875,2018-06-01
M0,20,8,28,34,17,51,2018-06-01
M1,940,679,1619,2510,1230,3740,2018-06-01
M2,16,14,30,59,35,94,2018-06-01
M3,1067,869,1936,3525,1982,5507,2018-06-01
M4,966,753,1719,3302,2036,5338,2018-06-01
M4,0,0,0,1,0,1,2018-06-01
M5,1735,1781,3516,4488,2825,7313,2018-06-01
M6,3201,3222,6423,9632,6653,16285,2018-06-01
M7,3260,2805,6065,8156,5422,13578,2018-06-01
M8,4678,4248,8926,9837,5410,15247,2018-06-01
M9,3911,4836,8747,10958,7883,18841,2018-06-01
M10,88,74,162,77,27,104,2018-06-01
M11,2442,3042,5484,5516,3514,9030,2018-06-01
M12,2929,2576,5505,4638,2390,7028,2018-06-01
M13,3722,3027,6749,5718,2863,8581,2018-06-01
M14,5919,5091,11010,10361,6236,16597,2018-06-01
M15,2473,2024,4497,5164,2827,7991,2018-06-01
M16,3751,4012,7763,11022,7938,18960,2018-06-01
M17,3,5,8,15,3,18,2018-06-01
M18,2524,3022,5546,5934,3902,9836,2018-06-01
M19,3774,3887,7661,11065,8010,19075,2018-06-01
M20,3301,3564,6865,15543,13342,28885,2018-06-01
M21,2114,2382,4496,9893,8687,18580,2018-06-01
M22,3660,4509,8169,12137,9337,21474,2018-06-01
M23,2392,2961,5353,9264,7627,16891,2018-06-01
M24,3240,3952,7192,15413,12515,27928,2018-06-01
M25,1829,2181,4010,10980,9473,20453,2018-06-01
M26,1963,2488,4451,12008,10275,22283,2018-06-01
M27,2355,2866,5221,13771,11604,25375,2018-06-01
M28,1788,2179,3967,14955,13599,28554,2018-06-01
M29,960,1218,2178,8712,7747,16459,2018-06-01
M30,2680,3169,5849,11871,9134,21005,2018-06-01
M31,722,871,1593,2517,2091,4608,2018-06-01
M32,2056,2488,4544,9446,8057,17503,2018-06-01
M33,2755,3247,6002,22436,20530,42966,2018-06-01
M34,2562,3118,5680,16344,13778,30122,2018-06-01
M35,1237,1521,2758,6932,5726,12658,2018-06-01
M38,1114,1483,2597,3718,2706,6424,2018-06-01
M39,0,1,1,1,0,1,2018-06-01
M40,4145,5059,9204,11680,8258,19938,2018-06-01
M41,1896,2196,4092,15326,14157,29483,2018-06-01
M43,1372,1960,3332,7836,6266,14102,2018-06-01
M44,1075,1443,2518,6785,5640,12425,2018-06-01
M45,1231,1597,2828,7973,7064,15037,2018-06-01
M46,1080,1358,2438,7441,6095,13536,2018-06-01
M47,1,0,1,0,0,0,2018-06-01
M50,266,256,522,1273,751,2024,2018-06-01
M51,0,0,0,1,0,1,2018-06-01
M52,0,0,0,1,0,1,2018-06-01
M54,0,0,0,1,0,1,2018-06-01
M60,41,20,61,63,16,79,2018-06-01
M61,0,1,1,0,0,0,2018-06-01
M70,1,1,2,4,1,5,2018-06-01
M73,0,0,0,1,0,1,2018-06-01
M74,0,0,0,1,0,1,2018-06-01
M87,0,1,1,0,0,0,2018-06-01
M90,1,0,1,1,0,1,2018-06-01
ME1,1748,2160,3908,11009,9351,20360,2018-06-01
ME2,2111,2766,4877,14821,12793,27614,2018-06-01
ME3,1080,1316,2396,11348,10302,21650,2018-06-01
ME4,2715,3012,5727,9883,6980,16863,2018-06-01
ME5,2409,3283,5692,19516,16949,36465,2018-06-01
ME6,471,641,1112,3979,3555,7534,2018-06-01
ME7,3617,4620,8237,16968,13382,30350,2018-06-01
ME8,2069,2590,4659,18887,16784,35671,2018-06-01
ME9,775,901,1676,9061,8286,17347,2018-06-01
ME10,2597,3119,5716,17318,14757,32075,2018-06-01
ME11,266,333,599,1158,900,2058,2018-06-01
ME12,2159,2817,4976,13866,11284,25150,2018-06-01
ME13,1298,1608,2906,10225,9188,19413,2018-06-01
ME14,1437,1616,3053,12375,10623,22998,2018-06-01
ME15,2488,3107,5595,18524,15651,34175,2018-06-01
ME16,1437,1852,3289,11861,10163,22024,2018-06-01
ME17,708,873,1581,10026,9086,19112,2018-06-01
ME18,220,253,473,2967,2793,5760,2018-06-01
ME19,685,867,1552,9129,8831,17960,2018-06-01
ME20,772,948,1720,8137,7584,15721,2018-06-01
ME21,0,0,0,1,0,1,2018-06-01
ME22,0,0,0,1,0,1,2018-06-01
ME24,0,1,1,4,5,9,2018-06-01
ME30,0,0,0,1,0,1,2018-06-01
ME37,0,0,0,0,1,1,2018-06-01
ME38,0,0,0,1,0,1,2018-06-01
ME39,0,0,0,1,0,1,2018-06-01
ME50,0,0,0,1,0,1,2018-06-01
MK0,0,0,0,0,1,1,2018-06-01
MK1,78,60,138,298,178,476,2018-06-01
MK2,1295,1743,3038,5046,3717,8763,2018-06-01
MK3,1331,1766,3097,9095,7984,17079,2018-06-01
MK4,1040,1383,2423,8037,7570,15607,2018-06-01
MK5,835,1027,1862,5686,5234,10920,2018-06-01
MK6,3380,3997,7377,9108,6127,15235,2018-06-01
MK7,771,936,1707,5655,5097,10752,2018-06-01
MK8,686,897,1583,4702,4113,8815,2018-06-01
MK9,478,422,900,1259,683,1942,2018-06-01
MK10,782,1081,1863,6448,5935,12383,2018-06-01
MK11,489,650,1139,3105,2756,5861,2018-06-01
MK12,1093,1341,2434,4856,3640,8496,2018-06-01
MK13,1515,1806,3321,6791,5400,12191,2018-06-01
MK14,1754,2043,3797,7668,5961,13629,2018-06-01
MK15,384,469,853,2888,2657,5545,2018-06-01
MK16,712,879,1591,7350,6806,14156,2018-06-01
MK17,480,571,1051,7696,7486,15182,2018-06-01
MK18,1469,1551,3020,12877,12416,25293,2018-06-01
MK19,363,413,776,4817,4567,9384,2018-06-01
MK20,0,1,1,0,0,0,2018-06-01
MK34,1,0,1,1,0,1,2018-06-01
MK40,2686,2736,5422,11620,8559,20179,2018-06-01
MK41,2182,2599,4781,15553,13925,29478,2018-06-01
MK42,3220,4465,7685,17092,13760,30852,2018-06-01
MK43,1331,1373,2704,14589,13934,28523,2018-06-01
MK44,464,480,944,6791,6529,13320,2018-06-01
MK45,1471,1663,3134,18543,17480,36023,2018-06-01
MK46,267,305,572,3651,3566,7217,2018-06-01
ML1,3146,4061,7207,18314,14943,33257,2018-06-01
ML2,2205,2837,5042,12579,10260,22839,2018-06-01
ML3,2947,3750,6697,17511,14564,32075,2018-06-01
ML4,1471,1978,3449,6873,5501,12374,2018-06-01
ML5,2936,3766,6702,14410,11512,25922,2018-06-01
ML6,2937,3874,6811,18318,15375,33693,2018-06-01
ML7,733,1028,1761,5120,4157,9277,2018-06-01
ML8,678,953,1631,7186,6502,13688,2018-06-01
ML9,1175,1647,2822,8118,6851,14969,2018-06-01
ML10,417,467,884,4164,3946,8110,2018-06-01
ML11,1324,1893,3217,12750,11125,23875,2018-06-01
ML12,242,391,633,3556,3303,6859,2018-06-01
N0,1,0,1,1,1,2,2018-06-01
N1,10708,11710,22418,25459,18276,43735,2018-06-01
N1,74,87,161,210,133,343,2018-06-01
N1,0,1,1,0,1,1,2018-06-01
N1,0,1,1,0,0,0,2018-06-01
N1,1,0,1,0,0,0,2018-06-01
N1,0,0,0,0,1,1,2018-06-01
N2,2188,2369,4557,9141,8059,17200,2018-06-01
N2,0,0,0,0,1,1,2018-06-01
N3,2404,2640,5044,11748,9894,21642,2018-06-01
N4,7335,6969,14304,15479,10632,26111,2018-06-01
N5,2429,2780,5209,7659,6144,13803,2018-06-01
N6,1449,1763,3212,7174,6383,13557,2018-06-01
N7,6029,6331,12360,13215,9046,22261,2018-06-01
N8,4712,4675,9387,13150,10422,23572,2018-06-01
N9,6487,7727,14214,15548,10976,26524,2018-06-01
N10,2421,2828,5249,9468,8300,17768,2018-06-01
N11,2974,3227,6201,10710,8195,18905,2018-06-01
N12,2683,3015,5698,12419,10316,22735,2018-06-01
N13,3222,3299,6521,12254,9373,21627,2018-06-01
N14,2006,2353,4359,12107,10195,22302,2018-06-01
N15,8127,7196,15323,13421,7687,21108,2018-06-01
N16,9179,8436,17615,17814,11771,29585,2018-06-01
N17,11846,11825,23671,18674,11243,29917,2018-06-01
N18,4552,5283,9835,9658,6445,16103,2018-06-01
N19,4327,4900,9227,10032,7714,17746,2018-06-01
N20,1272,1443,2715,7921,7292,15213,2018-06-01
N21,1260,1406,2666,9220,8376,17596,2018-06-01
N22,6282,6081,12363,14457,9467,23924,2018-06-01
N41,0,0,0,0,1,1,2018-06-01
NE1,794,602,1396,1803,749,2552,2018-06-01
NE2,1529,1397,2926,5560,4061,9621,2018-06-01
NE2,0,0,0,1,0,1,2018-06-01
NE3,2838,3639,6477,17864,15383,33247,2018-06-01
NE4,4844,4247,9091,9154,4788,13942,2018-06-01
NE5,2968,4204,7172,14439,10807,25246,2018-06-01
NE6,4325,4922,9247,11957,8018,19975,2018-06-01
NE7,809,1003,1812,5263,4450,9713,2018-06-01
NE8,3111,3128,6239,8205,4706,12911,2018-06-01
NE9,2220,2855,5075,11315,8836,20151,2018-06-01
NE10,2280,3067,5347,10064,7229,17293,2018-06-01
NE11,938,1257,2195,5230,3971,9201,2018-06-01
NE12,1943,2613,4556,11443,9601,21044,2018-06-01
NE13,563,685,1248,5901,5452,11353,2018-06-01
NE15,2101,2828,4929,10271,7882,18153,2018-06-01
NE16,997,1459,2456,8923,7614,16537,2018-06-01
NE17,274,336,610,1496,1245,2741,2018-06-01
NE18,25,31,56,388,374,762,2018-06-01
NE19,38,75,113,865,839,1704,2018-06-01
NE20,308,350,658,5122,5023,10145,2018-06-01
NE21,925,1277,2202,5771,4502,10273,2018-06-01
NE22,820,1040,1860,6095,5258,11353,2018-06-01
NE23,1814,2672,4486,13541,11371,24912,2018-06-01
NE24,2062,2901,4963,12469,10089,22558,2018-06-01
NE25,1182,1594,2776,11005,10112,21117,2018-06-01
NE26,853,986,1839,7032,6514,13546,2018-06-01
NE27,623,900,1523,4547,3937,8484,2018-06-01
NE28,3019,4106,7125,13468,10274,23742,2018-06-01
NE29,2443,3061,5504,10282,8227,18509,2018-06-01
NE30,926,1070,1996,7883,7248,15131,2018-06-01
NE31,1316,1698,3014,6373,5010,11383,2018-06-01
NE32,1631,2174,3805,7435,5782,13217,2018-06-01
NE33,2269,2148,4417,7921,5566,13487,2018-06-01
NE34,3152,4128,7280,15775,12607,28382,2018-06-01
NE35,355,468,823,2100,1681,3781,2018-06-01
NE36,259,302,561,2505,2331,4836,2018-06-01
NE37,1385,1922,3307,6021,4642,10663,2018-06-01
NE38,1810,2447,4257,11081,9189,20270,2018-06-01
NE39,349,503,852,3096,2684,5780,2018-06-01
NE40,690,958,1648,5317,4586,9903,2018-06-01
NE41,70,63,133,857,818,1675,2018-06-01
NE42,551,832,1383,4294,3858,8152,2018-06-01
NE43,119,137,256,1822,1754,3576,2018-06-01
NE44,24,28,52,435,437,872,2018-06-01
NE45,110,141,251,1457,1418,2875,2018-06-01
NE46,568,745,1313,5660,5304,10964,2018-06-01
NE47,230,294,524,3134,2945,6079,2018-06-01
NE48,102,155,257,1791,1547,3338,2018-06-01
NE49,157,259,416,1601,1276,2877,2018-06-01
NE61,1154,1605,2759,12318,11218,23536,2018-06-01
NE62,404,559,963,3280,2726,6006,2018-06-01
NE63,1644,2244,3888,8710,6782,15492,2018-06-01
NE64,352,504,856,1881,1455,3336,2018-06-01
NE65,651,879,1530,7753,7075,14828,2018-06-01
NE66,541,790,1331,6627,6020,12647,2018-06-01
NE67,21,20,41,368,369,737,2018-06-01
NE68,51,61,112,737,662,1399,2018-06-01
NE69,8,10,18,144,152,296,2018-06-01
NE70,54,84,138,694,671,1365,2018-06-01
NE71,85,119,204,1169,1073,2242,2018-06-01
NE99,5,0,5,7,0,7,2018-06-01
NG1,1029,851,1880,2197,1167,3364,2018-06-01
NG1,0,0,0,0,1,1,2018-06-01
NG2,3752,4289,8041,18294,15124,33418,2018-06-01
NG3,3744,4764,8508,14648,11213,25861,2018-06-01
NG4,2060,2767,4827,13966,11859,25825,2018-06-01
NG5,5549,7586,13135,27866,23126,50992,2018-06-01
NG6,2856,3995,6851,10572,7971,18543,2018-06-01
NG7,5562,5116,10678,10295,5508,15803,2018-06-01
NG8,4686,6491,11177,18602,14431,33033,2018-06-01
NG9,3986,4625,8611,25145,21271,46416,2018-06-01
NG10,2432,2984,5416,16777,14290,31067,2018-06-01
NG11,2166,2955,5121,12316,10010,22326,2018-06-01
NG12,1162,1519,2681,12878,12198,25076,2018-06-01
NG13,670,814,1484,8475,8076,16551,2018-06-01
NG14,595,716,1311,7481,7006,14487,2018-06-01
NG15,1803,2520,4323,15421,13276,28697,2018-06-01
NG16,2585,3502,6087,23637,20140,43777,2018-06-01
NG17,3525,4520,8045,24932,20698,45630,2018-06-01
NG18,2342,2674,5016,14260,11919,26179,2018-06-01
NG19,2488,3155,5643,18438,15360,33798,2018-06-01
NG20,1496,2032,3528,8831,6837,15668,2018-06-01
NG21,943,1222,2165,8364,7316,15680,2018-06-01
NG22,1114,1386,2500,10437,9189,19626,2018-06-01
NG23,434,469,903,7569,7319,14888,2018-06-01
NG24,2326,2895,5221,16330,13664,29994,2018-06-01
NG25,287,363,650,3339,3314,6653,2018-06-01
NG31,2381,3000,5381,15999,13283,29282,2018-06-01
NG32,387,398,785,5608,5309,10917,2018-06-01
NG33,284,343,627,4134,3835,7969,2018-06-01
NG34,1546,1760,3306,15773,14458,30231,2018-06-01
NG54,0,1,1,0,0,0,2018-06-01
NG66,0,1,1,0,0,0,2018-06-01
NN1,3411,3118,6529,10340,6489,16829,2018-06-01
NN2,2616,2939,5555,13453,10585,24038,2018-06-01
NN3,4860,6099,10959,26972,22223,49195,2018-06-01
NN4,2238,2821,5059,18247,16231,34478,2018-06-01
NN5,2275,2834,5109,14985,12161,27146,2018-06-01
NN6,978,1112,2090,14626,14048,28674,2018-06-01
NN7,818,994,1812,12126,11413,23539,2018-06-01
NN8,3366,4068,7434,17769,14119,31888,2018-06-01
NN9,960,1250,2210,10812,9584,20396,2018-06-01
NN10,1570,2009,3579,15045,13274,28319,2018-06-01
NN11,1761,2292,4053,15094,12990,28084,2018-06-01
NN12,763,856,1619,10085,9386,19471,2018-06-01
NN13,634,764,1398,8084,7542,15626,2018-06-01
NN14,1345,1681,3026,17806,16389,34195,2018-06-01
NN15,1421,1777,3198,14197,12988,27185,2018-06-01
NN16,2120,2479,4599,10273,7730,18003,2018-06-01
NN17,1907,2350,4257,10181,8033,18214,2018-06-01
NN18,2606,3316,5922,12100,9534,21634,2018-06-01
NN28,1,0,1,0,0,0,2018-06-01
NN29,343,413,756,4600,4271,8871,2018-06-01
NO3,0,1,1,1,0,1,2018-06-01
NP0,0,0,0,0,1,1,2018-06-01
NP1,91,101,192,255,183,438,2018-06-01
NP1,0,0,0,0,1,1,2018-06-01
NP1,0,0,0,0,1,1,2018-06-01
NP2,34,33,67,150,77,227,2018-06-01
NP2,0,0,0,1,0,1,2018-06-01
NP3,37,41,78,134,77,211,2018-06-01
NP4,1802,2521,4323,16026,13837,29863,2018-06-01
NP5,14,13,27,53,51,104,2018-06-01
NP6,34,41,75,181,101,282,2018-06-01
NP7,847,1143,1990,10190,9461,19651,2018-06-01
NP8,131,197,328,2182,2109,4291,2018-06-01
NP9,79,46,125,200,88,288,2018-06-01
NP10,899,1126,2025,9076,8445,17521,2018-06-01
NP11,1732,2303,4035,12695,10565,23260,2018-06-01
NP12,1400,1934,3334,11454,9909,21363,2018-06-01
NP13,951,1419,2370,6482,4891,11373,2018-06-01
NP15,135,172,307,3248,3131,6379,2018-06-01
NP16,883,1021,1904,9014,8459,17473,2018-06-01
NP18,580,742,1322,6683,6159,12842,2018-06-01
NP19,3746,4471,8217,16917,13175,30092,2018-06-01
NP20,3408,4212,7620,16475,12954,29429,2018-06-01
NP21,0,0,0,1,0,1,2018-06-01
NP22,1122,1598,2720,7085,5570,12655,2018-06-01
NP23,1581,2195,3776,10925,8704,19629,2018-06-01
NP24,300,415,715,1469,1043,2512,2018-06-01
NP25,518,586,1104,6072,5638,11710,2018-06-01
NP26,781,969,1750,8925,8109,17034,2018-06-01
NP34,0,0,0,0,1,1,2018-06-01
NP41,0,0,0,1,0,1,2018-06-01
NP42,1,0,1,0,0,0,2018-06-01
NP44,2422,3107,5529,16253,13946,30199,2018-06-01
NR0,0,0,0,1,1,2,2018-06-01
NR1,1870,1898,3768,8592,6650,15242,2018-06-01
NR2,1625,1898,3523,7875,6722,14597,2018-06-01
NR3,2512,2807,5319,10498,7880,18378,2018-06-01
NR4,1156,1380,2536,7285,6665,13950,2018-06-01
NR5,1907,2263,4170,8992,7365,16357,2018-06-01
NR6,906,1079,1985,9240,8252,17492,2018-06-01
NR7,1232,1437,2669,12193,11031,23224,2018-06-01
NR8,607,766,1373,8359,7997,16356,2018-06-01
NR9,452,540,992,7181,6893,14074,2018-06-01
NR10,655,782,1437,9213,8680,17893,2018-06-01
NR11,539,641,1180,7270,6894,14164,2018-06-01
NR12,627,723,1350,8493,7929,16422,2018-06-01
NR13,700,834,1534,10907,10414,21321,2018-06-01
NR14,709,729,1438,10066,9646,19712,2018-06-01
NR15,418,529,947,6267,6084,12351,2018-06-01
NR16,323,423,746,5155,4923,10078,2018-06-01
NR17,543,605,1148,6465,5888,12353,2018-06-01
NR18,636,763,1399,6959,6580,13539,2018-06-01
NR19,780,972,1752,7385,6539,13924,2018-06-01
NR20,543,694,1237,7716,7258,14974,2018-06-01
NR21,517,641,1158,6264,5702,11966,2018-06-01
NR22,38,49,87,321,310,631,2018-06-01
NR23,117,149,266,1143,1011,2154,2018-06-01
NR24,117,155,272,1758,1652,3410,2018-06-01
NR25,287,336,623,3273,3100,6373,2018-06-01
NR26,296,379,675,2994,2747,5741,2018-06-01
NR27,479,554,1033,4152,3784,7936,2018-06-01
NR28,622,751,1373,6408,5822,12230,2018-06-01
NR29,636,804,1440,8282,7492,15774,2018-06-01
NR30,2294,2437,4731,9313,6744,16057,2018-06-01
NR31,2582,3081,5663,17276,14456,31732,2018-06-01
NR32,2071,2258,4329,13556,11610,25166,2018-06-01
NR33,1744,2031,3775,14170,12485,26655,2018-06-01
NR34,704,894,1598,8681,7916,16597,2018-06-01
NR35,352,430,782,4323,3931,8254,2018-06-01
NW0,3,1,4,3,1,4,2018-06-01
NW1,7235,7796,15031,16387,10835,27222,2018-06-01
NW1,0,1,1,0,0,0,2018-06-01
NW2,11262,10011,21273,25669,16576,42245,2018-06-01
NW3,4775,5669,10444,19801,16607,36408,2018-06-01
NW4,3674,3727,7401,13337,10159,23496,2018-06-01
NW5,3432,3942,7374,8323,6599,14922,2018-06-01
NW5,0,1,1,0,0,0,2018-06-01
NW6,8583,8617,17200,22157,16785,38942,2018-06-01
NW7,1964,2395,4359,10690,9414,20104,2018-06-01
NW8,4014,4768,8782,12523,9524,22047,2018-06-01
NW9,9221,9235,18456,26691,17482,44173,2018-06-01
NW10,17172,15751,32923,30656,19705,50361,2018-06-01
NW11,3630,3441,7071,14086,12063,26149,2018-06-01
NW12,3,1,4,2,2,4,2018-06-01
NW13,0,1,1,3,1,4,2018-06-01
NW14,1,0,1,1,1,2,2018-06-01
NW15,0,0,0,2,0,2,2018-06-01
NW16,5,1,6,3,0,3,2018-06-01
NW17,0,0,0,2,1,3,2018-06-01
NW18,1,0,1,1,1,2,2018-06-01
NW19,0,1,1,1,1,2,2018-06-01
NW20,0,1,1,1,0,1,2018-06-01
NW21,1,0,1,0,0,0,2018-06-01
NW22,1,0,1,2,0,2,2018-06-01
NW24,1,0,1,0,0,0,2018-06-01
NW25,0,0,0,0,2,2,2018-06-01
NW26,1,2,3,0,0,0,2018-06-01
NW28,0,0,0,0,1,1,2018-06-01
NW44,2,0,2,0,0,0,2018-06-01
NW51,1,0,1,0,0,0,2018-06-01
NW70,1,0,1,0,0,0,2018-06-01
NW77,0,1,1,0,0,0,2018-06-01
NW96,0,0,0,1,0,1,2018-06-01
NW99,2,0,2,1,0,1,2018-06-01
OL0,1,0,1,0,0,0,2018-06-01
OL1,1977,2305,4282,5928,4214,10142,2018-06-01
OL1,1,0,1,0,0,0,2018-06-01
OL2,1960,2506,4466,14676,12703,27379,2018-06-01
OL3,534,534,1068,6073,5851,11924,2018-06-01
OL4,2892,3487,6379,14365,11201,25566,2018-06-01
OL5,532,703,1235,3995,3459,7454,2018-06-01
OL6,2163,2541,4704,9200,6861,16061,2018-06-01
OL7,1123,1523,2646,5385,3949,9334,2018-06-01
OL8,3447,4196,7643,11214,7370,18584,2018-06-01
OL9,2953,3579,6532,12751,9383,22134,2018-06-01
OL10,1851,2273,4124,9218,7631,16849,2018-06-01
OL11,3043,3737,6780,14653,11603,26256,2018-06-01
OL12,2585,3317,5902,15452,12878,28330,2018-06-01
OL13,795,1060,1855,5609,4761,10370,2018-06-01
OL14,822,1093,1915,5282,4652,9934,2018-06-01
OL15,604,718,1322,5541,4940,10481,2018-06-01
OL16,2545,3023,5568,12020,9463,21483,2018-06-01
OX0,1,1,2,0,0,0,2018-06-01
OX1,1711,1412,3123,6163,4897,11060,2018-06-01
OX2,2948,3207,6155,13381,12242,25623,2018-06-01
OX3,3335,4108,7443,13472,11134,24606,2018-06-01
OX4,5855,6151,12006,17947,13416,31363,2018-06-01
OX5,1422,1489,2911,9264,8224,17488,2018-06-01
OX6,33,28,61,84,70,154,2018-06-01
OX7,837,1087,1924,9458,9046,18504,2018-06-01
OX8,48,47,95,190,154,344,2018-06-01
OX9,558,665,1223,5851,5569,11420,2018-06-01
OX10,1109,1313,2422,10239,9491,19730,2018-06-01
OX11,1584,2051,3635,14504,12809,27313,2018-06-01
OX12,1090,1324,2414,10419,9503,19922,2018-06-01
OX13,485,631,1116,5648,5278,10926,2018-06-01
OX14,2054,2513,4567,16807,14939,31746,2018-06-01
OX15,603,658,1261,8215,8003,16218,2018-06-01
OX16,2858,3631,6489,16400,12961,29361,2018-06-01
OX17,481,558,1039,7467,7181,14648,2018-06-01
OX18,914,1223,2137,9683,8836,18519,2018-06-01
OX20,202,225,427,1910,1916,3826,2018-06-01
OX23,0,0,0,1,0,1,2018-06-01
OX25,348,482,830,3995,3788,7783,2018-06-01
OX26,1730,2177,3907,12536,10860,23396,2018-06-01
OX27,222,303,525,2846,2824,5670,2018-06-01
OX28,1304,1549,2853,9904,9038,18942,2018-06-01
OX29,805,914,1719,9536,9076,18612,2018-06-01
OX33,293,283,576,3090,2972,6062,2018-06-01
OX39,164,220,384,3090,2953,6043,2018-06-01
OX44,257,360,617,3389,3180,6569,2018-06-01
OX49,120,151,271,1697,1738,3435,2018-06-01
PA0,0,0,0,1,0,1,2018-06-01
PA1,1468,1645,3113,6950,5489,12439,2018-06-01
PA2,2254,2928,5182,13212,11385,24597,2018-06-01
PA3,1948,2416,4364,6854,5165,12019,2018-06-01
PA4,1337,1782,3119,8302,7093,15395,2018-06-01
PA5,1374,1826,3200,6935,5611,12546,2018-06-01
PA6,162,215,377,2667,2657,5324,2018-06-01
PA7,200,260,460,2804,2667,5471,2018-06-01
PA8,746,992,1738,5343,4806,10149,2018-06-01
PA9,60,78,138,709,660,1369,2018-06-01
PA10,139,213,352,1446,1410,2856,2018-06-01
PA11,219,270,489,2248,2118,4366,2018-06-01
PA12,148,183,331,1272,1227,2499,2018-06-01
PA13,149,163,312,1803,1829,3632,2018-06-01
PA14,1265,1569,2834,4861,3960,8821,2018-06-01
PA15,1391,1609,3000,4532,3480,8012,2018-06-01
PA16,1962,2257,4219,9005,7948,16953,2018-06-01
PA17,77,83,160,911,832,1743,2018-06-01
PA18,74,114,188,1031,986,2017,2018-06-01
PA19,529,673,1202,4103,3667,7770,2018-06-01
PA20,337,448,785,2105,1718,3823,2018-06-01
PA21,40,33,73,340,289,629,2018-06-01
PA22,13,6,19,134,139,273,2018-06-01
PA23,747,944,1691,4320,3947,8267,2018-06-01
PA24,25,22,47,208,162,370,2018-06-01
PA25,0,4,4,24,24,48,2018-06-01
PA26,10,6,16,60,47,107,2018-06-01
PA27,17,41,58,297,286,583,2018-06-01
PA28,392,466,858,2574,2200,4774,2018-06-01
PA29,104,100,204,878,772,1650,2018-06-01
PA30,64,78,142,517,500,1017,2018-06-01
PA31,213,257,470,2012,1789,3801,2018-06-01
PA32,45,60,105,484,434,918,2018-06-01
PA33,34,31,65,306,260,566,2018-06-01
PA34,628,712,1340,3824,3302,7126,2018-06-01
PA35,47,78,125,546,535,1081,2018-06-01
PA36,2,1,3,19,14,33,2018-06-01
PA37,126,153,279,1151,1100,2251,2018-06-01
PA38,30,33,63,368,356,724,2018-06-01
PA39,3,0,3,3,7,10,2018-06-01
PA40,1,2,3,5,3,8,2018-06-01
PA41,12,15,27,55,53,108,2018-06-01
PA42,56,76,132,411,337,748,2018-06-01
PA43,52,64,116,296,253,549,2018-06-01
PA44,8,12,20,113,111,224,2018-06-01
PA45,13,10,23,58,46,104,2018-06-01
PA46,7,8,15,73,72,145,2018-06-01
PA47,5,8,13,66,58,124,2018-06-01
PA48,21,14,35,116,126,242,2018-06-01
PA49,5,11,16,69,75,144,2018-06-01
PA60,9,16,25,91,71,162,2018-06-01
PA61,6,15,21,59,52,111,2018-06-01
PA62,2,2,4,10,8,18,2018-06-01
PA63,1,0,1,3,4,7,2018-06-01
PA64,2,4,6,34,39,73,2018-06-01
PA65,11,10,21,89,84,173,2018-06-01
PA66,2,13,15,73,72,145,2018-06-01
PA67,15,13,28,97,99,196,2018-06-01
PA68,0,0,0,6,3,9,2018-06-01
PA69,1,1,2,10,6,16,2018-06-01
PA70,4,2,6,28,27,55,2018-06-01
PA71,1,0,1,24,18,42,2018-06-01
PA72,18,16,34,183,173,356,2018-06-01
PA73,3,2,5,25,23,48,2018-06-01
PA74,1,2,3,19,17,36,2018-06-01
PA75,70,87,157,584,551,1135,2018-06-01
PA76,5,7,12,60,62,122,2018-06-01
PA77,19,38,57,251,254,505,2018-06-01
PA78,11,13,24,75,65,140,2018-06-01
PA80,16,14,30,112,82,194,2018-06-01
PA81,4,6,10,19,10,29,2018-06-01
PA82,5,5,10,14,16,30,2018-06-01
PA83,0,0,0,2,1,3,2018-06-01
PA84,0,1,1,1,0,1,2018-06-01
PA85,3,4,7,3,5,8,2018-06-01
PA86,22,36,58,86,79,165,2018-06-01
PA87,28,39,67,50,42,92,2018-06-01
PA88,4,2,6,8,4,12,2018-06-01
PE1,4823,4945,9768,15577,9807,25384,2018-06-01
PE2,2873,3715,6588,17073,13938,31011,2018-06-01
PE3,2301,2976,5277,10187,7480,17667,2018-06-01
PE4,1479,1959,3438,10193,8795,18988,2018-06-01
PE5,39,38,77,643,607,1250,2018-06-01
PE6,1147,1533,2680,15037,14155,29192,2018-06-01
PE7,1663,2230,3893,17063,15164,32227,2018-06-01
PE8,584,726,1310,7122,6681,13803,2018-06-01
PE9,1215,1514,2729,12328,11661,23989,2018-06-01
PE10,775,1016,1791,9143,8486,17629,2018-06-01
PE11,1814,2177,3991,16650,13791,30441,2018-06-01
PE12,1272,1610,2882,16082,14130,30212,2018-06-01
PE13,1927,2082,4009,12883,10617,23500,2018-06-01
PE14,685,812,1497,8878,8125,17003,2018-06-01
PE15,1138,1458,2596,11142,9885,21027,2018-06-01
PE16,371,504,875,4280,3632,7912,2018-06-01
PE17,63,47,110,171,123,294,2018-06-01
PE18,50,82,132,124,102,226,2018-06-01
PE19,1779,2231,4010,17313,15746,33059,2018-06-01
PE20,486,588,1074,5711,5118,10829,2018-06-01
PE21,2506,2672,5178,14345,11364,25709,2018-06-01
PE22,502,598,1100,6944,6217,13161,2018-06-01
PE23,304,336,640,3479,3186,6665,2018-06-01
PE24,476,572,1048,4802,3988,8790,2018-06-01
PE25,1312,1443,2755,7316,5779,13095,2018-06-01
PE26,401,533,934,4602,4131,8733,2018-06-01
PE27,863,1123,1986,7820,6823,14643,2018-06-01
PE28,1499,1784,3283,18916,17981,36897,2018-06-01
PE29,1717,2173,3890,10172,8587,18759,2018-06-01
PE30,2654,3065,5719,14557,12275,26832,2018-06-01
PE31,516,598,1114,7849,7349,15198,2018-06-01
PE32,444,498,942,6357,6039,12396,2018-06-01
PE33,430,576,1006,6222,5703,11925,2018-06-01
PE34,454,577,1031,5654,5125,10779,2018-06-01
PE35,3,2,5,39,31,70,2018-06-01
PE36,244,286,530,2298,2144,4442,2018-06-01
PE37,369,505,874,4156,3719,7875,2018-06-01
PE38,484,585,1069,5825,5140,10965,2018-06-01
PE99,0,0,0,1,0,1,2018-06-01
PH1,2468,3150,5618,14469,12229,26698,2018-06-01
PH2,1548,1768,3316,12795,11793,24588,2018-06-01
PH3,253,279,532,2539,2410,4949,2018-06-01
PH4,29,48,77,359,352,711,2018-06-01
PH5,21,54,75,334,309,643,2018-06-01
PH6,81,96,177,988,981,1969,2018-06-01
PH7,380,478,858,3381,3081,6462,2018-06-01
PH8,88,101,189,819,762,1581,2018-06-01
PH9,20,41,61,365,347,712,2018-06-01
PH10,470,504,974,4167,3799,7966,2018-06-01
PH11,127,171,298,1370,1183,2553,2018-06-01
PH12,54,72,126,810,704,1514,2018-06-01
PH13,188,212,400,1591,1394,2985,2018-06-01
PH14,40,83,123,851,822,1673,2018-06-01
PH15,167,207,374,1395,1211,2606,2018-06-01
PH16,179,204,383,1519,1420,2939,2018-06-01
PH17,9,7,16,83,61,144,2018-06-01
PH18,25,42,67,312,262,574,2018-06-01
PH19,2,4,6,44,33,77,2018-06-01
PH20,63,84,147,618,554,1172,2018-06-01
PH21,90,108,198,827,777,1604,2018-06-01
PH22,194,246,440,1241,1095,2336,2018-06-01
PH23,29,33,62,327,328,655,2018-06-01
PH24,23,22,45,303,282,585,2018-06-01
PH25,33,37,70,367,344,711,2018-06-01
PH26,160,172,332,1446,1314,2760,2018-06-01
PH30,0,0,0,5,2,7,2018-06-01
PH31,17,25,42,239,230,469,2018-06-01
PH32,38,44,82,279,248,527,2018-06-01
PH33,700,892,1592,4188,3527,7715,2018-06-01
PH34,31,45,76,446,410,856,2018-06-01
PH35,16,19,35,138,109,247,2018-06-01
PH36,33,66,99,522,470,992,2018-06-01
PH37,6,11,17,65,54,119,2018-06-01
PH38,11,13,24,87,81,168,2018-06-01
PH39,28,19,47,159,164,323,2018-06-01
PH40,22,16,38,123,103,226,2018-06-01
PH41,67,62,129,359,325,684,2018-06-01
PH42,2,7,9,41,29,70,2018-06-01
PH43,2,2,4,10,9,19,2018-06-01
PH44,3,1,4,4,4,8,2018-06-01
PH49,39,58,97,439,376,815,2018-06-01
PH50,42,80,122,314,239,553,2018-06-01
PL0,0,1,1,0,0,0,2018-06-01
PL1,2204,2173,4377,7072,4698,11770,2018-06-01
PL2,2243,2726,4969,10017,8167,18184,2018-06-01
PL3,1696,2061,3757,10771,9382,20153,2018-06-01
PL4,2791,2592,5383,8442,5815,14257,2018-06-01
PL5,2734,3740,6474,13509,11083,24592,2018-06-01
PL6,1911,2482,4393,15235,13531,28766,2018-06-01
PL7,1101,1394,2495,11633,10937,22570,2018-06-01
PL8,176,160,336,2493,2479,4972,2018-06-01
PL9,974,1238,2212,11174,10450,21624,2018-06-01
PL10,158,212,370,1319,1201,2520,2018-06-01
PL11,534,699,1233,3933,3459,7392,2018-06-01
PL12,836,1025,1861,8507,7851,16358,2018-06-01
PL13,365,470,835,3870,3428,7298,2018-06-01
PL14,858,1132,1990,9037,8435,17472,2018-06-01
PL15,592,779,1371,8055,7432,15487,2018-06-01
PL16,42,59,101,845,789,1634,2018-06-01
PL17,361,356,717,4077,3725,7802,2018-06-01
PL18,172,254,426,2053,1958,4011,2018-06-01
PL19,590,658,1248,6274,6038,12312,2018-06-01
PL20,401,511,912,4710,4599,9309,2018-06-01
PL21,604,721,1325,7022,6843,13865,2018-06-01
PL22,117,149,266,1420,1384,2804,2018-06-01
PL23,116,143,259,1239,1217,2456,2018-06-01
PL24,436,554,990,3844,3554,7398,2018-06-01
PL25,1173,1315,2488,9321,8495,17816,2018-06-01
PL26,1135,1261,2396,10616,9466,20082,2018-06-01
PL27,385,499,884,4672,4496,9168,2018-06-01
PL28,187,198,385,1594,1542,3136,2018-06-01
PL29,33,24,57,375,365,740,2018-06-01
PL30,228,294,522,4439,4174,8613,2018-06-01
PL31,746,881,1627,5346,4592,9938,2018-06-01
PL32,142,191,333,1657,1561,3218,2018-06-01
PL33,66,72,138,752,712,1464,2018-06-01
PL34,61,79,140,696,653,1349,2018-06-01
PL35,32,43,75,394,393,787,2018-06-01
PO1,2683,3016,5699,6955,4528,11483,2018-06-01
PO2,3275,4131,7406,13213,10019,23232,2018-06-01
PO3,1196,1438,2634,7087,6017,13104,2018-06-01
PO4,2808,3206,6014,12980,10399,23379,2018-06-01
PO5,2538,2502,5040,7763,5330,13093,2018-06-01
PO6,2566,3178,5744,14232,12194,26426,2018-06-01
PO7,1673,2085,3758,16295,14953,31248,2018-06-01
PO8,1301,1553,2854,13944,13048,26992,2018-06-01
PO9,3109,4090,7199,16376,14141,30517,2018-06-01
PO10,641,758,1399,7315,6933,14248,2018-06-01
PO11,647,714,1361,7297,6694,13991,2018-06-01
PO12,2698,3168,5866,16326,14029,30355,2018-06-01
PO13,1956,2560,4516,12249,11012,23261,2018-06-01
PO14,1187,1366,2553,12980,12199,25179,2018-06-01
PO15,868,936,1804,8657,8040,16697,2018-06-01
PO16,1278,1387,2665,12330,11220,23550,2018-06-01
PO17,235,215,450,2798,2573,5371,2018-06-01
PO18,473,526,999,5796,5671,11467,2018-06-01
PO19,1633,1929,3562,10472,10016,20488,2018-06-01
PO20,1179,1381,2560,13393,12745,26138,2018-06-01
PO21,2065,2128,4193,14523,12913,27436,2018-06-01
PO22,1146,1345,2491,11753,10961,22714,2018-06-01
PO30,1485,1737,3222,10201,9412,19613,2018-06-01
PO31,662,753,1415,5368,5062,10430,2018-06-01
PO32,416,470,886,3066,2832,5898,2018-06-01
PO33,1648,1952,3600,10754,9690,20444,2018-06-01
PO34,62,71,133,902,910,1812,2018-06-01
PO35,153,136,289,1443,1420,2863,2018-06-01
PO36,829,932,1761,5955,5412,11367,2018-06-01
PO37,469,514,983,3403,2980,6383,2018-06-01
PO38,557,671,1228,4976,4485,9461,2018-06-01
PO39,92,135,227,990,919,1909,2018-06-01
PO40,236,270,506,2166,2060,4226,2018-06-01
PO41,71,72,143,970,945,1915,2018-06-01
PR0,0,0,0,1,0,1,2018-06-01
PR1,5040,5701,10741,20515,15077,35592,2018-06-01
PR2,4123,5106,9229,26761,22800,49561,2018-06-01
PR3,942,1187,2129,15813,14908,30721,2018-06-01
PR4,1825,2314,4139,24222,22486,46708,2018-06-01
PR5,1633,2106,3739,15099,13332,28431,2018-06-01
PR6,1339,1597,2936,13460,12223,25683,2018-06-01
PR7,2070,2567,4637,22566,20569,43135,2018-06-01
PR8,2618,3007,5625,19487,17777,37264,2018-06-01
PR9,1911,2204,4115,15635,13702,29337,2018-06-01
PR23,0,0,0,1,0,1,2018-06-01
PR25,1360,1757,3117,11287,10231,21518,2018-06-01
PR26,488,503,991,5206,4856,10062,2018-06-01
QF62,0,0,0,1,0,1,2018-06-01
QN21,0,0,0,1,0,1,2018-06-01
RG1,5280,5138,10418,14691,8846,23537,2018-06-01
RG2,3202,3831,7033,13764,10334,24098,2018-06-01
RG3,29,26,55,103,50,153,2018-06-01
RG4,1747,2135,3882,15459,14219,29678,2018-06-01
RG5,1078,1267,2345,10329,9496,19825,2018-06-01
RG6,2045,2202,4247,14549,12486,27035,2018-06-01
RG7,1124,1391,2515,13492,12772,26264,2018-06-01
RG8,771,679,1450,7930,7633,15563,2018-06-01
RG9,999,983,1982,9476,9329,18805,2018-06-01
RG10,630,640,1270,7618,7317,14935,2018-06-01
RG11,33,27,60,98,69,167,2018-06-01
RG12,2995,3752,6747,21308,18380,39688,2018-06-01
RG13,29,43,72,88,75,163,2018-06-01
RG14,1949,2298,4247,14898,12716,27614,2018-06-01
RG15,19,25,44,73,59,132,2018-06-01
RG16,18,22,40,101,73,174,2018-06-01
RG17,608,642,1250,6027,5718,11745,2018-06-01
RG18,719,857,1576,7354,6751,14105,2018-06-01
RG19,696,794,1490,6577,6047,12624,2018-06-01
RG20,599,717,1316,8202,7918,16120,2018-06-01
RG21,2029,2327,4356,9782,7598,17380,2018-06-01
RG22,2022,2639,4661,15517,13561,29078,2018-06-01
RG23,539,674,1213,4924,4407,9331,2018-06-01
RG24,1542,2063,3605,12746,11294,24040,2018-06-01
RG25,283,312,595,3543,3328,6871,2018-06-01
RG26,798,959,1757,9064,8369,17433,2018-06-01
RG27,612,651,1263,9229,9182,18411,2018-06-01
RG28,220,273,493,2250,2043,4293,2018-06-01
RG29,184,275,459,2610,2549,5159,2018-06-01
RG30,3735,4488,8223,15946,12331,28277,2018-06-01
RG31,1158,1466,2624,11057,10078,21135,2018-06-01
RG33,0,0,0,0,1,1,2018-06-01
RG34,0,0,0,0,1,1,2018-06-01
RG40,1017,1098,2115,11912,11448,23360,2018-06-01
RG41,1057,1178,2235,11777,11443,23220,2018-06-01
RG42,1070,1165,2235,10705,10208,20913,2018-06-01
RG45,445,485,930,5580,5429,11009,2018-06-01
RH1,2443,2942,5385,18002,16159,34161,2018-06-01
RH2,979,1196,2175,10117,9716,19833,2018-06-01
RH3,126,115,241,1821,1794,3615,2018-06-01
RH4,686,792,1478,6055,5715,11770,2018-06-01
RH5,645,676,1321,6963,6615,13578,2018-06-01
RH6,1370,1518,2888,12754,11664,24418,2018-06-01
RH7,497,379,876,3852,3337,7189,2018-06-01
RH8,573,667,1240,6058,5989,12047,2018-06-01
RH9,180,225,405,2210,2185,4395,2018-06-01
RH10,3731,4036,7767,26364,22446,48810,2018-06-01
RH11,4482,5367,9849,19877,15457,35334,2018-06-01
RH12,1837,2124,3961,18748,17790,36538,2018-06-01
RH13,1315,1566,2881,15287,14482,29769,2018-06-01
RH14,493,580,1073,6364,6039,12403,2018-06-01
RH15,1402,1573,2975,11969,11380,23349,2018-06-01
RH16,1582,1873,3455,13528,12680,26208,2018-06-01
RH17,621,714,1335,7795,7684,15479,2018-06-01
RH18,279,307,586,1914,1949,3863,2018-06-01
RH19,1424,1634,3058,13961,12976,26937,2018-06-01
RH20,696,750,1446,10804,10681,21485,2018-06-01
RM1,1410,1628,3038,7636,6293,13929,2018-06-01
RM2,593,700,1293,5085,4610,9695,2018-06-01
RM3,2877,3873,6750,14711,12075,26786,2018-06-01
RM4,138,144,282,1972,1838,3810,2018-06-01
RM5,1185,1499,2684,6976,6078,13054,2018-06-01
RM6,2983,3671,6654,11476,8669,20145,2018-06-01
RM7,2144,2707,4851,10231,8363,18594,2018-06-01
RM8,4603,5481,10084,13531,9438,22969,2018-06-01
RM9,3740,4745,8485,11111,7469,18580,2018-06-01
RM10,4078,5074,9152,11703,7942,19645,2018-06-01
RM11,1367,1589,2956,12367,11513,23880,2018-06-01
RM12,1783,2132,3915,12857,11116,23973,2018-06-01
RM13,1971,2359,4330,10760,8874,19634,2018-06-01
RM14,1012,1082,2094,10641,9940,20581,2018-06-01
RM15,1778,2255,4033,10583,8633,19216,2018-06-01
RM16,1960,2497,4457,15495,13559,29054,2018-06-01
RM17,1896,2500,4396,10103,7368,17471,2018-06-01
RM18,1392,1870,3262,5691,4478,10169,2018-06-01
RM19,514,686,1200,2577,1873,4450,2018-06-01
RM20,452,609,1061,2380,1538,3918,2018-06-01
S1,581,401,982,1053,449,1502,2018-06-01
S2,3766,4413,8179,10114,6584,16698,2018-06-01
S3,1913,1552,3465,3290,1461,4751,2018-06-01
S4,1418,1383,2801,3218,1722,4940,2018-06-01
S5,4553,6113,10666,16172,11391,27563,2018-06-01
S6,3192,3797,6989,18883,15751,34634,2018-06-01
S6,0,0,0,0,1,1,2018-06-01
S7,1231,1161,2392,5949,4979,10928,2018-06-01
S7,0,0,0,1,0,1,2018-06-01
S8,2594,3082,5676,14779,12412,27191,2018-06-01
S8,0,0,0,1,0,1,2018-06-01
S9,2156,2597,4753,8228,5115,13343,2018-06-01
S10,2210,2195,4405,13087,11619,24706,2018-06-01
S11,1733,1812,3545,10720,9799,20519,2018-06-01
S12,1519,2281,3800,11947,9374,21321,2018-06-01
S13,1510,2084,3594,9843,7760,17603,2018-06-01
S14,797,1039,1836,2160,1385,3545,2018-06-01
S16,0,0,0,0,1,1,2018-06-01
S17,478,559,1037,6073,5963,12036,2018-06-01
S18,707,881,1588,9583,8999,18582,2018-06-01
S19,4,10,14,51,36,87,2018-06-01
S20,1147,1622,2769,10896,9242,20138,2018-06-01
S21,778,1112,1890,7518,6345,13863,2018-06-01
S22,0,1,1,0,0,0,2018-06-01
S24,0,0,0,0,1,1,2018-06-01
S25,800,1191,1991,7709,6683,14392,2018-06-01
S26,882,1274,2156,9563,8337,17900,2018-06-01
S29,0,0,0,1,0,1,2018-06-01
S30,32,30,62,154,137,291,2018-06-01
S31,23,29,52,95,38,133,2018-06-01
S32,149,178,327,2355,2319,4674,2018-06-01
S33,146,152,298,1966,1848,3814,2018-06-01
S35,1337,1851,3188,15219,13454,28673,2018-06-01
S36,964,1274,2238,10798,9535,20333,2018-06-01
S37,1,0,1,0,0,0,2018-06-01
S40,1750,2197,3947,12117,10186,22303,2018-06-01
S41,1801,2347,4148,12197,10255,22452,2018-06-01
S42,1038,1395,2433,10700,9286,19986,2018-06-01
S43,1883,2660,4543,14110,11464,25574,2018-06-01
S44,1029,1393,2422,7658,6284,13942,2018-06-01
S45,575,807,1382,4803,3984,8787,2018-06-01
S46,0,0,0,3,0,3,2018-06-01
S49,0,0,0,1,0,1,2018-06-01
S54,0,0,0,1,0,1,2018-06-01
S60,1758,2505,4263,13836,11214,25050,2018-06-01
S61,2012,2622,4634,11332,8883,20215,2018-06-01
S62,1100,1487,2587,6411,4921,11332,2018-06-01
S63,2438,3119,5557,13239,10422,23661,2018-06-01
S64,1815,2273,4088,10252,7973,18225,2018-06-01
S65,2476,2921,5397,9975,7068,17043,2018-06-01
S66,2003,2871,4874,16086,13531,29617,2018-06-01
S68,0,0,0,0,1,1,2018-06-01
S70,2532,2937,5469,12610,9194,21804,2018-06-01
S71,2573,3326,5899,15510,12236,27746,2018-06-01
S72,1372,1829,3201,8602,6773,15375,2018-06-01
S73,1518,1999,3517,9436,7464,16900,2018-06-01
S74,868,1251,2119,5951,4760,10711,2018-06-01
S75,1541,2049,3590,16491,14419,30910,2018-06-01
S76,0,0,0,1,0,1,2018-06-01
S80,1728,2091,3819,9947,7883,17830,2018-06-01
S81,1377,1882,3259,13926,12231,26157,2018-06-01
SA1,4325,4245,8570,13386,8854,22240,2018-06-01
SA2,1723,1795,3518,12663,11264,23927,2018-06-01
SA3,806,852,1658,10450,10177,20627,2018-06-01
SA4,1536,1928,3464,16560,15600,32160,2018-06-01
SA5,2076,2931,5007,11218,9156,20374,2018-06-01
SA6,1584,2226,3810,11387,9570,20957,2018-06-01
SA7,543,764,1307,5521,5000,10521,2018-06-01
SA8,458,596,1054,4718,4295,9013,2018-06-01
SA9,508,711,1219,5606,4990,10596,2018-06-01
SA10,1068,1484,2552,11229,9815,21044,2018-06-01
SA11,1703,2316,4019,11955,9729,21684,2018-06-01
SA12,1717,2239,3956,10632,9048,19680,2018-06-01
SA13,988,1245,2233,6641,5325,11966,2018-06-01
SA14,1180,1505,2685,12398,11196,23594,2018-06-01
SA15,1753,2111,3864,12338,10415,22753,2018-06-01
SA16,310,412,722,3112,2763,5875,2018-06-01
SA17,330,414,744,3550,3130,6680,2018-06-01
SA18,1178,1362,2540,10892,9752,20644,2018-06-01
SA19,257,339,596,3877,3642,7519,2018-06-01
SA20,117,136,253,1302,1135,2437,2018-06-01
SA31,757,949,1706,5595,5199,10794,2018-06-01
SA32,154,183,337,3138,3027,6165,2018-06-01
SA33,309,394,703,5094,4746,9840,2018-06-01
SA34,135,156,291,2061,1876,3937,2018-06-01
SA35,15,21,36,362,326,688,2018-06-01
SA36,12,7,19,140,139,279,2018-06-01
SA37,33,45,78,583,512,1095,2018-06-01
SA38,153,169,322,1773,1663,3436,2018-06-01
SA39,61,80,141,1025,910,1935,2018-06-01
SA40,139,124,263,1071,992,2063,2018-06-01
SA41,49,54,103,846,774,1620,2018-06-01
SA42,66,69,135,828,784,1612,2018-06-01
SA43,481,558,1039,4827,4427,9254,2018-06-01
SA44,304,363,667,4516,4304,8820,2018-06-01
SA45,68,53,121,624,568,1192,2018-06-01
SA46,96,111,207,964,864,1828,2018-06-01
SA47,52,42,94,401,394,795,2018-06-01
SA48,376,352,728,3294,3016,6310,2018-06-01
SA61,763,1006,1769,4703,4184,8887,2018-06-01
SA62,585,718,1303,8385,7827,16212,2018-06-01
SA63,31,29,60,507,486,993,2018-06-01
SA64,88,131,219,843,704,1547,2018-06-01
SA65,158,204,362,1582,1390,2972,2018-06-01
SA66,89,95,184,1270,1230,2500,2018-06-01
SA67,206,276,482,2772,2630,5402,2018-06-01
SA68,103,131,234,1607,1509,3116,2018-06-01
SA69,102,123,225,1478,1337,2815,2018-06-01
SA70,363,477,840,3367,3056,6423,2018-06-01
SA71,463,519,982,4022,3540,7562,2018-06-01
SA72,550,625,1175,3425,3117,6542,2018-06-01
SA73,886,1140,2026,7129,6232,13361,2018-06-01
SA99,1,1,2,0,0,0,2018-06-01
SE0,0,1,1,0,1,1,2018-06-01
SE1,8651,8711,17362,18875,11586,30461,2018-06-01
SE1,0,0,0,2,0,2,2018-06-01
SE2,3248,3909,7157,7953,5856,13809,2018-06-01
SE3,2765,3310,6075,11630,9751,21381,2018-06-01
SE4,3539,3843,7382,8428,6900,15328,2018-06-01
SE5,7523,8175,15698,12724,8606,21330,2018-06-01
SE6,6480,7250,13730,15717,12615,28332,2018-06-01
SE6,1,0,1,0,0,0,2018-06-01
SE7,2623,3091,5714,6448,4578,11026,2018-06-01
SE8,4499,4782,9281,7972,5304,13276,2018-06-01
SE9,4832,5819,10651,21117,17808,38925,2018-06-01
SE10,2525,3079,5604,9195,7194,16389,2018-06-01
SE11,3205,3360,6565,6508,4049,10557,2018-06-01
SE12,2421,2847,5268,8815,7356,16171,2018-06-01
SE13,5346,5606,10952,12558,9716,22274,2018-06-01
SE14,3907,3999,7906,6795,4619,11414,2018-06-01
SE15,11153,11355,22508,16750,11868,28618,2018-06-01
SE16,5560,6305,11865,14297,9757,24054,2018-06-01
SE17,6025,6228,12253,8296,4722,13018,2018-06-01
SE18,11477,11976,23453,21446,14315,35761,2018-06-01
SE19,2766,3347,6113,9236,7600,16836,2018-06-01
SE20,2539,2958,5497,7031,5846,12877,2018-06-01
SE21,1455,1576,3031,5051,4660,9711,2018-06-01
SE22,3138,3467,6605,9414,8229,17643,2018-06-01
SE23,3441,3942,7383,10386,8949,19335,2018-06-01
SE24,1953,2018,3971,5787,5089,10876,2018-06-01
SE25,4064,4686,8750,10745,8841,19586,2018-06-01
SE26,3134,3684,6818,8699,7364,16063,2018-06-01
SE27,2604,2883,5487,6504,5246,11750,2018-06-01
SE28,3534,4475,8009,7798,5474,13272,2018-06-01
SE29,1,3,4,2,0,2,2018-06-01
SE31,0,1,1,0,0,0,2018-06-01
SE33,0,1,1,0,0,0,2018-06-01
SE35,0,1,1,0,0,0,2018-06-01
SE37,0,1,1,0,0,0,2018-06-01
SE50,0,0,0,1,0,1,2018-06-01
SE57,0,1,1,0,0,0,2018-06-01
SE59,0,0,0,1,0,1,2018-06-01
SE60,0,0,0,2,0,2,2018-06-01
SE72,1,0,1,0,0,0,2018-06-01
SE73,0,0,0,1,0,1,2018-06-01
SE74,0,1,1,1,0,1,2018-06-01
SE75,1,0,1,0,0,0,2018-06-01
SE76,0,0,0,1,0,1,2018-06-01
SE77,1,0,1,0,0,0,2018-06-01
SE81,0,0,0,0,1,1,2018-06-01
SE85,0,0,0,1,0,1,2018-06-01
SE88,0,0,0,1,0,1,2018-06-01
SE90,0,0,0,0,1,1,2018-06-01
SE91,0,1,1,0,0,0,2018-06-01
SE99,0,0,0,0,1,1,2018-06-01
SG0,0,0,0,0,1,1,2018-06-01
SG1,3175,3782,6957,18804,15744,34548,2018-06-01
SG2,2194,2771,4965,15507,13532,29039,2018-06-01
SG3,242,284,526,2838,2752,5590,2018-06-01
SG4,1199,1388,2587,11498,10782,22280,2018-06-01
SG5,1335,1548,2883,12654,11870,24524,2018-06-01
SG6,1691,2200,3891,12184,10831,23015,2018-06-01
SG7,522,605,1127,5219,4971,10190,2018-06-01
SG8,1361,1547,2908,15642,14396,30038,2018-06-01
SG9,273,301,574,4488,4413,8901,2018-06-01
SG10,49,62,111,810,812,1622,2018-06-01
SG11,238,212,450,3537,3322,6859,2018-06-01
SG12,1209,1344,2553,11602,10754,22356,2018-06-01
SG13,692,749,1441,6620,6265,12885,2018-06-01
SG14,832,908,1740,7598,7101,14699,2018-06-01
SG15,222,257,479,2199,2034,4233,2018-06-01
SG16,169,215,384,2447,2388,4835,2018-06-01
SG17,460,518,978,5287,4919,10206,2018-06-01
SG18,951,1239,2190,10669,9685,20354,2018-06-01
SG19,823,1093,1916,9862,8982,18844,2018-06-01
SK0,0,0,0,0,1,1,2018-06-01
SK1,713,874,1587,3781,2846,6627,2018-06-01
SK2,1469,1823,3292,10605,9466,20071,2018-06-01
SK3,1756,2234,3990,8864,7621,16485,2018-06-01
SK4,1943,2066,4009,13281,12041,25322,2018-06-01
SK5,2071,2633,4704,9125,7443,16568,2018-06-01
SK6,2002,2411,4413,19544,17924,37468,2018-06-01
SK7,1422,1600,3022,16520,15830,32350,2018-06-01
SK8,2449,2781,5230,23438,22136,45574,2018-06-01
SK9,1393,1610,3003,15540,14883,30423,2018-06-01
SK10,1486,1701,3187,15673,15012,30685,2018-06-01
SK11,1724,1972,3696,13672,12219,25891,2018-06-01
SK12,592,603,1195,7978,7864,15842,2018-06-01
SK13,1519,1897,3416,11959,10797,22756,2018-06-01
SK14,2681,3357,6038,16091,13601,29692,2018-06-01
SK15,1540,1772,3312,9640,8319,17959,2018-06-01
SK16,1093,1351,2444,6645,5406,12051,2018-06-01
SK17,1188,1433,2621,11784,10297,22081,2018-06-01
SK22,537,602,1139,4709,4204,8913,2018-06-01
SK23,589,647,1236,7041,6441,13482,2018-06-01
SL0,430,463,893,4876,4406,9282,2018-06-01
SL1,6828,6974,13802,26130,19114,45244,2018-06-01
SL2,4450,5230,9680,19974,15634,35608,2018-06-01
SL3,2682,3533,6215,18339,15266,33605,2018-06-01
SL4,2091,2436,4527,17329,16023,33352,2018-06-01
SL5,1084,1255,2339,10249,10310,20559,2018-06-01
SL6,3701,4193,7894,32321,29595,61916,2018-06-01
SL7,770,813,1583,8606,8481,17087,2018-06-01
SL8,198,204,402,2671,2673,5344,2018-06-01
SL9,869,943,1812,9194,9297,18491,2018-06-01
SM1,2662,3262,5924,14322,11868,26190,2018-06-01
SM2,1454,1883,3337,10924,9959,20883,2018-06-01
SM3,1178,1384,2562,8000,7172,15172,2018-06-01
SM4,3181,3458,6639,13666,10378,24044,2018-06-01
SM5,2579,3196,5775,13693,12321,26014,2018-06-01
SM6,2424,2984,5408,13236,11730,24966,2018-06-01
SM7,625,629,1254,7360,7405,14765,2018-06-01
SN0,0,0,0,2,0,2,2018-06-01
SN1,3210,2811,6021,11013,7147,18160,2018-06-01
SN2,2850,3486,6336,14571,11107,25678,2018-06-01
SN3,2990,3818,6808,19063,15828,34891,2018-06-01
SN4,1017,1243,2260,11534,10560,22094,2018-06-01
SN5,1588,2148,3736,13475,11848,25323,2018-06-01
SN6,784,954,1738,8888,8201,17089,2018-06-01
SN7,460,625,1085,5639,5208,10847,2018-06-01
SN8,907,1054,1961,9568,9040,18608,2018-06-01
SN9,268,322,590,3229,3167,6396,2018-06-01
SN10,1204,1428,2632,11975,11145,23120,2018-06-01
SN11,855,1112,1967,8686,8034,16720,2018-06-01
SN12,1013,1139,2152,10333,9431,19764,2018-06-01
SN13,611,754,1365,6323,6072,12395,2018-06-01
SN14,1114,1286,2400,10669,9835,20504,2018-06-01
SN15,1497,1757,3254,14242,12289,26531,2018-06-01
SN16,399,420,819,5867,5596,11463,2018-06-01
SN20,0,0,0,1,0,1,2018-06-01
SN24,0,1,1,0,1,1,2018-06-01
SN25,1234,1591,2825,14414,12907,27321,2018-06-01
SN26,41,41,82,798,713,1511,2018-06-01
SN27,0,0,0,1,0,1,2018-06-01
SN28,0,0,0,1,0,1,2018-06-01
SN31,0,0,0,0,1,1,2018-06-01
SN34,0,0,0,0,1,1,2018-06-01
SN48,0,0,0,1,0,1,2018-06-01
SN66,0,1,1,0,0,0,2018-06-01
SO0,0,0,0,0,1,1,2018-06-01
SO1,57,43,100,181,84,265,2018-06-01
SO2,84,46,130,165,70,235,2018-06-01
SO3,33,23,56,154,104,258,2018-06-01
SO3,1,0,1,0,1,1,2018-06-01
SO4,33,33,66,165,129,294,2018-06-01
SO5,33,23,56,154,81,235,2018-06-01
SO6,0,0,0,2,0,2,2018-06-01
SO9,17,15,32,29,11,40,2018-06-01
SO14,3121,2502,5623,7244,3710,10954,2018-06-01
SO15,2833,3048,5881,13169,10027,23196,2018-06-01
SO16,4390,5452,9842,22388,18044,40432,2018-06-01
SO17,1412,1353,2765,5171,3585,8756,2018-06-01
SO18,2116,2437,4553,12849,10781,23630,2018-06-01
SO19,3433,4451,7884,18990,15878,34868,2018-06-01
SO20,264,303,567,3439,3212,6651,2018-06-01
SO21,604,715,1319,7998,7658,15656,2018-06-01
SO22,1451,1691,3142,9376,8740,18116,2018-06-01
SO23,1211,1335,2546,7351,6735,14086,2018-06-01
SO24,345,415,760,4707,4573,9280,2018-06-01
SO30,950,1079,2029,12609,12171,24780,2018-06-01
SO31,1538,1698,3236,18078,17471,35549,2018-06-01
SO32,565,624,1189,8605,8417,17022,2018-06-01
SO33,0,0,0,1,0,1,2018-06-01
SO40,1353,1663,3016,16057,14878,30935,2018-06-01
SO41,961,978,1939,12755,12798,25553,2018-06-01
SO42,140,181,321,2021,1968,3989,2018-06-01
SO43,130,134,264,1845,1797,3642,2018-06-01
SO45,1291,1587,2878,13460,12581,26041,2018-06-01
SO50,2236,2764,5000,17595,15656,33251,2018-06-01
SO51,869,1044,1913,11459,11196,22655,2018-06-01
SO52,179,247,426,2760,2588,5348,2018-06-01
SO53,1046,1222,2268,12518,12104,24622,2018-06-01
SP1,1109,1127,2236,7770,7164,14934,2018-06-01
SP2,1620,1825,3445,10324,9107,19431,2018-06-01
SP3,364,468,832,4777,4609,9386,2018-06-01
SP4,1554,1864,3418,13103,11246,24349,2018-06-01
SP5,591,680,1271,9273,9120,18393,2018-06-01
SP6,392,396,788,5895,5713,11608,2018-06-01
SP7,469,613,1082,5686,5526,11212,2018-06-01
SP8,462,529,991,5632,5346,10978,2018-06-01
SP9,424,896,1320,3480,2626,6106,2018-06-01
SP10,2231,2906,5137,14271,11857,26128,2018-06-01
SP11,904,1199,2103,11198,10452,21650,2018-06-01
SR1,549,434,983,1219,486,1705,2018-06-01
SR2,2381,2569,4950,10002,7569,17571,2018-06-01
SR3,2069,2808,4877,12429,9958,22387,2018-06-01
SR4,2954,3813,6767,11835,8521,20356,2018-06-01
SR5,2556,3160,5716,9407,6673,16080,2018-06-01
SR6,1308,1596,2904,10800,9321,20121,2018-06-01
SR7,1563,2208,3771,9662,7562,17224,2018-06-01
SR8,2210,3018,5228,10868,8375,19243,2018-06-01
SS0,3237,3560,6797,13778,11248,25026,2018-06-01
SS1,2000,2176,4176,9115,7714,16829,2018-06-01
SS2,2630,3182,5812,11832,9741,21573,2018-06-01
SS3,1621,2004,3625,10258,9246,19504,2018-06-01
SS4,890,1078,1968,7795,7218,15013,2018-06-01
SS5,794,737,1531,8956,8318,17274,2018-06-01
SS6,1118,1336,2454,12280,11338,23618,2018-06-01
SS7,1867,2227,4094,19657,18009,37666,2018-06-01
SS8,1964,2618,4582,14365,11894,26259,2018-06-01
SS9,2171,2506,4677,18820,17286,36106,2018-06-01
SS11,651,807,1458,7280,6485,13765,2018-06-01
SS12,661,831,1492,7247,6553,13800,2018-06-01
SS13,1633,2122,3755,7832,6263,14095,2018-06-01
SS14,2020,2730,4750,8564,6652,15216,2018-06-01
SS15,2161,2789,4950,10803,9193,19996,2018-06-01
SS16,1912,2697,4609,10823,8790,19613,2018-06-01
SS17,1396,1767,3163,12807,11407,24214,2018-06-01
SS20,0,0,0,0,1,1,2018-06-01
SS30,0,0,0,1,1,2,2018-06-01
SS31,0,0,0,1,0,1,2018-06-01
SS39,0,1,1,0,0,0,2018-06-01
SS50,0,0,0,1,0,1,2018-06-01
SS92,0,0,0,1,0,1,2018-06-01
SS95,1,0,1,0,0,0,2018-06-01
SS99,0,1,1,0,0,0,2018-06-01
ST0,0,0,0,1,0,1,2018-06-01
ST1,2453,2729,5182,9722,6469,16191,2018-06-01
ST2,2043,2776,4819,10580,8086,18666,2018-06-01
ST3,3709,4835,8544,22449,17700,40149,2018-06-01
ST4,3736,4182,7918,17883,13756,31639,2018-06-01
ST5,4224,4929,9153,27406,23013,50419,2018-06-01
ST6,4197,5526,9723,20510,15115,35625,2018-06-01
ST7,1939,2467,4406,20529,18337,38866,2018-06-01
ST8,667,846,1513,7679,6857,14536,2018-06-01
ST9,277,347,624,4931,4584,9515,2018-06-01
ST10,727,976,1703,9905,8806,18711,2018-06-01
ST11,300,337,637,3959,3581,7540,2018-06-01
ST12,131,126,257,1442,1413,2855,2018-06-01
ST13,1014,1266,2280,10278,9120,19398,2018-06-01
ST14,809,994,1803,7505,6553,14058,2018-06-01
ST15,660,837,1497,8417,7817,16234,2018-06-01
ST16,1721,1990,3711,10703,8830,19533,2018-06-01
ST17,1764,2251,4015,13877,12347,26224,2018-06-01
ST18,389,413,802,7163,6677,13840,2018-06-01
ST19,440,545,985,5959,5574,11533,2018-06-01
ST20,172,232,404,2922,2682,5604,2018-06-01
ST21,125,163,288,2500,2380,4880,2018-06-01
SW0,1,1,2,1,3,4,2018-06-01
SW1,38,40,78,76,52,128,2018-06-01
SW1,99,84,183,393,189,582,2018-06-01
SW1,1,0,1,0,1,1,2018-06-01
SW1,0,0,0,0,1,1,2018-06-01
SW1,124,89,213,452,231,683,2018-06-01
SW1,48,60,108,359,190,549,2018-06-01
SW1,0,1,1,0,0,0,2018-06-01
SW1,0,0,0,1,2,3,2018-06-01
SW1,0,1,1,1,0,1,2018-06-01
SW1,1224,1459,2683,4075,2793,6868,2018-06-01
SW1,1,0,1,0,0,0,2018-06-01
SW1,0,0,0,0,1,1,2018-06-01
SW1,2103,2498,4601,7017,5169,12186,2018-06-01
SW1,836,967,1803,2740,2191,4931,2018-06-01
SW1,715,878,1593,2571,2094,4665,2018-06-01
SW1,73,58,131,378,177,555,2018-06-01
SW1,1,1,2,1,0,1,2018-06-01
SW2,7271,7713,14984,16087,12002,28089,2018-06-01
SW3,2064,2575,4639,8685,7448,16133,2018-06-01
SW4,4649,4780,9429,13562,10029,23591,2018-06-01
SW5,2297,1951,4248,5965,3942,9907,2018-06-01
SW6,5870,6697,12567,22022,18256,40278,2018-06-01
SW7,2913,2422,5335,8761,6061,14822,2018-06-01
SW8,5298,5571,10869,11221,7043,18264,2018-06-01
SW9,7571,7629,15200,12845,8059,20904,2018-06-01
SW10,1960,2267,4227,6567,5338,11905,2018-06-01
SW11,6595,7698,14293,23730,19006,42736,2018-06-01
SW12,2495,2687,5182,11032,9349,20381,2018-06-01
SW13,1005,1255,2260,6194,5901,12095,2018-06-01
SW14,1040,1159,2199,6530,6242,12772,2018-06-01
SW15,5162,6032,11194,22433,18971,41404,2018-06-01
SW16,10185,10030,20215,27779,21009,48788,2018-06-01
SW17,8201,7562,15763,20991,16225,37216,2018-06-01
SW18,4602,5356,9958,22869,19933,42802,2018-06-01
SW19,6577,7346,13923,31329,26437,57766,2018-06-01
SW20,2034,2285,4319,12187,10823,23010,2018-06-01
SY1,1504,1892,3396,8908,7311,16219,2018-06-01
SY2,825,990,1815,6217,5498,11715,2018-06-01
SY3,1395,1591,2986,12291,11599,23890,2018-06-01
SY4,771,924,1695,9765,9257,19022,2018-06-01
SY5,667,686,1353,8488,7940,16428,2018-06-01
SY6,189,210,399,2884,2717,5601,2018-06-01
SY7,312,394,706,4485,4162,8647,2018-06-01
SY8,569,734,1303,7287,6630,13917,2018-06-01
SY9,76,96,172,1104,975,2079,2018-06-01
SY10,431,479,910,6366,5932,12298,2018-06-01
SY11,1134,1403,2537,9299,8227,17526,2018-06-01
SY12,279,334,613,3240,2934,6174,2018-06-01
SY13,680,792,1472,7723,6964,14687,2018-06-01
SY14,171,187,358,2690,2661,5351,2018-06-01
SY15,126,143,269,2216,2074,4290,2018-06-01
SY16,806,869,1675,5576,4883,10459,2018-06-01
SY17,86,113,199,1509,1390,2899,2018-06-01
SY18,120,154,274,1830,1573,3403,2018-06-01
SY19,24,24,48,439,392,831,2018-06-01
SY20,243,308,551,2539,2317,4856,2018-06-01
SY21,563,747,1310,6430,5781,12211,2018-06-01
SY22,239,267,506,3588,3425,7013,2018-06-01
SY23,1309,1442,2751,8657,7548,16205,2018-06-01
SY24,162,199,361,1761,1564,3325,2018-06-01
SY25,133,167,300,1754,1597,3351,2018-06-01
T96,0,0,0,0,1,1,2018-06-01
TA1,1968,2279,4247,13968,12832,26800,2018-06-01
TA2,1195,1439,2634,10560,9779,20339,2018-06-01
TA3,360,381,741,6355,6137,12492,2018-06-01
TA4,522,636,1158,7849,7625,15474,2018-06-01
TA5,280,350,630,4621,4345,8966,2018-06-01
TA6,2456,2860,5316,16844,14036,30880,2018-06-01
TA7,413,460,873,6609,6332,12941,2018-06-01
TA8,601,685,1286,6582,5840,12422,2018-06-01
TA9,520,611,1131,5022,4494,9516,2018-06-01
TA10,305,275,580,4029,3963,7992,2018-06-01
TA11,236,296,532,3792,3694,7486,2018-06-01
TA12,161,217,378,2556,2441,4997,2018-06-01
TA13,106,130,236,1719,1651,3370,2018-06-01
TA14,81,119,200,1299,1159,2458,2018-06-01
TA15,18,25,43,284,264,548,2018-06-01
TA16,41,63,104,754,707,1461,2018-06-01
TA17,6,14,20,248,251,499,2018-06-01
TA18,300,405,705,4167,3777,7944,2018-06-01
TA19,317,390,707,4708,4598,9306,2018-06-01
TA20,779,804,1583,7802,7076,14878,2018-06-01
TA21,707,839,1546,7573,7019,14592,2018-06-01
TA22,58,81,139,1104,1083,2187,2018-06-01
TA23,235,293,528,2145,1966,4111,2018-06-01
TA24,674,876,1550,6937,6333,13270,2018-06-01
TD1,866,1124,1990,6206,5327,11533,2018-06-01
TD2,76,88,164,1066,1023,2089,2018-06-01
TD3,32,36,68,432,368,800,2018-06-01
TD4,94,91,185,893,839,1732,2018-06-01
TD5,346,443,789,4351,4225,8576,2018-06-01
TD6,237,299,536,3123,3004,6127,2018-06-01
TD7,304,370,674,2715,2509,5224,2018-06-01
TD8,219,285,504,2311,2127,4438,2018-06-01
TD9,773,1004,1777,6550,5560,12110,2018-06-01
TD10,27,55,82,453,410,863,2018-06-01
TD11,215,319,534,3056,2716,5772,2018-06-01
TD12,125,165,290,1711,1594,3305,2018-06-01
TD13,35,42,77,391,367,758,2018-06-01
TD14,220,359,579,2383,2050,4433,2018-06-01
TD15,740,998,1738,6491,5605,12096,2018-06-01
TF1,2205,2609,4814,13534,11240,24774,2018-06-01
TF2,1951,2359,4310,13605,11807,25412,2018-06-01
TF3,1765,2385,4150,8013,6328,14341,2018-06-01
TF4,900,1230,2130,6959,6028,12987,2018-06-01
TF5,186,216,402,2059,1928,3987,2018-06-01
TF6,134,161,295,2353,2141,4494,2018-06-01
TF7,1337,1718,3055,5355,4204,9559,2018-06-01
TF8,88,100,188,1228,1129,2357,2018-06-01
TF9,869,1069,1938,9992,8727,18719,2018-06-01
TF10,609,612,1221,7171,6600,13771,2018-06-01
TF11,369,360,729,4333,3998,8331,2018-06-01
TF12,198,225,423,2051,1869,3920,2018-06-01
TF13,116,125,241,1433,1469,2902,2018-06-01
TN0,0,0,0,1,0,1,2018-06-01
TN1,781,863,1644,4028,3251,7279,2018-06-01
TN2,1227,1594,2821,10452,9637,20089,2018-06-01
TN3,325,361,686,4860,4714,9574,2018-06-01
TN3,0,0,0,1,0,1,2018-06-01
TN4,1487,1825,3312,10908,10265,21173,2018-06-01
TN5,282,345,627,3533,3556,7089,2018-06-01
TN6,814,992,1806,10305,9671,19976,2018-06-01
TN7,66,88,154,1047,1032,2079,2018-06-01
TN8,474,602,1076,5224,4996,10220,2018-06-01
TN9,1042,1139,2181,6362,5694,12056,2018-06-01
TN10,755,854,1609,5991,5645,11636,2018-06-01
TN11,428,497,925,5694,5531,11225,2018-06-01
TN12,1011,1282,2293,11779,10950,22729,2018-06-01
TN13,987,1092,2079,9592,9360,18952,2018-06-01
TN14,494,546,1040,6453,6117,12570,2018-06-01
TN15,743,907,1650,10489,10115,20604,2018-06-01
TN16,655,721,1376,7944,7597,15541,2018-06-01
TN17,562,648,1210,5507,5279,10786,2018-06-01
TN18,212,238,450,2594,2467,5061,2018-06-01
TN19,138,208,346,2182,2022,4204,2018-06-01
TN20,125,149,274,1568,1576,3144,2018-06-01
TN21,474,581,1055,6805,6532,13337,2018-06-01
TN22,958,1137,2095,11004,10694,21698,2018-06-01
TN23,2345,2887,5232,14373,12298,26671,2018-06-01
TN24,1771,2194,3965,11683,10134,21817,2018-06-01
TN25,532,536,1068,7322,7013,14335,2018-06-01
TN26,327,358,685,4976,4713,9689,2018-06-01
TN27,359,456,815,5676,5391,11067,2018-06-01
TN28,321,381,702,3480,3115,6595,2018-06-01
TN29,524,660,1184,5371,4574,9945,2018-06-01
TN30,301,356,657,3804,3733,7537,2018-06-01
TN31,545,635,1180,5657,5231,10888,2018-06-01
TN32,200,195,395,2148,2015,4163,2018-06-01
TN33,523,523,1046,4977,4906,9883,2018-06-01
TN34,2139,2476,4615,10015,8305,18320,2018-06-01
TN35,1041,1250,2291,6233,5730,11963,2018-06-01
TN36,77,100,177,999,918,1917,2018-06-01
TN37,1348,1568,2916,6785,5548,12333,2018-06-01
TN38,1847,2200,4047,9422,8087,17509,2018-06-01
TN39,1053,1257,2310,9796,9198,18994,2018-06-01
TN40,830,1008,1838,6070,5629,11699,2018-06-01
TQ1,1960,2114,4074,11310,9635,20945,2018-06-01
TQ2,2011,2364,4375,12150,10756,22906,2018-06-01
TQ3,1506,1762,3268,11191,10030,21221,2018-06-01
TQ4,793,972,1765,7396,6651,14047,2018-06-01
TQ5,885,988,1873,7221,6396,13617,2018-06-01
TQ6,310,421,731,3115,2782,5897,2018-06-01
TQ7,554,690,1244,6687,6474,13161,2018-06-01
TQ8,76,70,146,726,680,1406,2018-06-01
TQ9,818,942,1760,7114,7196,14310,2018-06-01
TQ10,130,157,287,1603,1548,3151,2018-06-01
TQ11,199,248,447,1583,1505,3088,2018-06-01
TQ12,2134,2503,4637,20978,19726,40704,2018-06-01
TQ13,785,853,1638,9588,9545,19133,2018-06-01
TQ14,802,926,1728,7419,6948,14367,2018-06-01
TR1,1143,1383,2526,7411,7020,14431,2018-06-01
TR2,300,364,664,4051,3945,7996,2018-06-01
TR3,382,420,802,5153,4989,10142,2018-06-01
TR4,368,450,818,4847,4667,9514,2018-06-01
TR5,155,149,304,1609,1604,3213,2018-06-01
TR6,151,171,322,1533,1395,2928,2018-06-01
TR7,1208,1331,2539,8168,7181,15349,2018-06-01
TR8,296,326,622,3885,3585,7470,2018-06-01
TR9,287,390,677,3148,2890,6038,2018-06-01
TR10,528,617,1145,3561,3215,6776,2018-06-01
TR11,1384,1526,2910,9994,9524,19518,2018-06-01
TR12,295,303,598,3785,3486,7271,2018-06-01
TR13,674,861,1535,7721,7312,15033,2018-06-01
TR14,1320,1433,2753,9266,8019,17285,2018-06-01
TR15,1044,1095,2139,7348,6439,13787,2018-06-01
TR16,508,615,1123,6216,5927,12143,2018-06-01
TR17,69,86,155,590,524,1114,2018-06-01
TR18,1200,1372,2572,6429,5646,12075,2018-06-01
TR19,399,457,856,3447,3242,6689,2018-06-01
TR20,297,338,635,3875,3673,7548,2018-06-01
TR21,77,104,181,580,479,1059,2018-06-01
TR22,8,7,15,26,19,45,2018-06-01
TR23,4,5,9,33,26,59,2018-06-01
TR24,4,6,10,46,26,72,2018-06-01
TR25,6,5,11,50,40,90,2018-06-01
TR26,583,640,1223,4071,3751,7822,2018-06-01
TR27,606,774,1380,5735,5252,10987,2018-06-01
TS1,2129,1715,3844,3161,1364,4525,2018-06-01
TS2,138,130,268,221,132,353,2018-06-01
TS2,0,0,0,1,0,1,2018-06-01
TS3,2580,3230,5810,6785,4616,11401,2018-06-01
TS4,1474,1765,3239,4637,3353,7990,2018-06-01
TS5,2084,2595,4679,13619,11443,25062,2018-06-01
TS6,1864,2484,4348,9411,7405,16816,2018-06-01
TS7,677,951,1628,8727,7848,16575,2018-06-01
TS8,965,1347,2312,7309,6605,13914,2018-06-01
TS9,271,370,641,5336,5068,10404,2018-06-01
TS10,1919,2505,4424,12428,10464,22892,2018-06-01
TS11,409,544,953,4458,3928,8386,2018-06-01
TS12,983,1268,2251,8009,6859,14868,2018-06-01
TS13,553,689,1242,3368,2541,5909,2018-06-01
TS14,605,824,1429,6781,6093,12874,2018-06-01
TS15,372,371,743,5670,5249,10919,2018-06-01
TS16,316,425,741,4043,3823,7866,2018-06-01
TS17,1976,2560,4536,15535,13578,29113,2018-06-01
TS18,1505,1636,3141,8038,6517,14555,2018-06-01
TS19,2030,2859,4889,11382,9587,20969,2018-06-01
TS20,1055,1316,2371,6700,5627,12327,2018-06-01
TS21,361,448,809,4976,4478,9454,2018-06-01
TS22,184,248,432,3801,3494,7295,2018-06-01
TS23,1600,2084,3684,9495,7959,17454,2018-06-01
TS24,1576,1916,3492,5996,4436,10432,2018-06-01
TS25,2016,2575,4591,12187,10037,22224,2018-06-01
TS26,1198,1350,2548,8525,7555,16080,2018-06-01
TS27,446,605,1051,4418,3963,8381,2018-06-01
TS28,250,316,566,1744,1480,3224,2018-06-01
TS29,300,396,696,2066,1652,3718,2018-06-01
TS90,0,0,0,1,0,1,2018-06-01
TW0,0,0,0,0,1,1,2018-06-01
TW1,1465,1714,3179,10324,9417,19741,2018-06-01
TW2,1728,1977,3705,11445,10479,21924,2018-06-01
TW2,0,0,0,1,0,1,2018-06-01
TW3,7740,5941,13681,14992,9093,24085,2018-06-01
TW4,5269,4361,9630,10557,6333,16890,2018-06-01
TW5,4675,4046,8721,11892,7793,19685,2018-06-01
TW6,10,2,12,29,12,41,2018-06-01
TW7,3375,3832,7207,14385,11290,25675,2018-06-01
TW8,2031,2337,4368,7811,5821,13632,2018-06-01
TW9,1514,1766,3280,9006,8203,17209,2018-06-01
TW10,1377,1648,3025,7832,7020,14852,2018-06-01
TW11,1299,1573,2872,9071,8582,17653,2018-06-01
TW12,1323,1531,2854,8817,8353,17170,2018-06-01
TW13,3228,3900,7128,12983,9354,22337,2018-06-01
TW14,2899,3216,6115,10598,7453,18051,2018-06-01
TW15,1177,1316,2493,11395,10022,21417,2018-06-01
TW16,969,1145,2114,8398,7505,15903,2018-06-01
TW17,507,550,1057,5971,5679,11650,2018-06-01
TW18,1213,1292,2505,10391,9313,19704,2018-06-01
TW19,984,1229,2213,7037,5802,12839,2018-06-01
TW20,1502,1546,3048,8639,7438,16077,2018-06-01
UB0,0,0,0,1,0,1,2018-06-01
UB1,9426,6821,16247,14388,8190,22578,2018-06-01
UB1,0,0,0,0,1,1,2018-06-01
UB2,6902,5158,12060,11631,7048,18679,2018-06-01
UB3,6624,6653,13277,18579,11970,30549,2018-06-01
UB4,4449,4435,8884,14477,10480,24957,2018-06-01
UB5,4943,5889,10832,16221,11499,27720,2018-06-01
UB6,6014,5799,11813,20836,13941,34777,2018-06-01
UB7,2883,3304,6187,11657,8382,20039,2018-06-01
UB8,2679,2864,5543,11631,8933,20564,2018-06-01
UB9,692,770,1462,6085,5509,11594,2018-06-01
UB10,1946,2371,4317,13729,11903,25632,2018-06-01
UB11,3,0,3,12,4,16,2018-06-01
UNKNOWNNA,1670,1388,3058,26523,18616,45139,2018-06-01
W1,40,32,72,71,41,112,2018-06-01
W1,111,34,145,112,47,159,2018-06-01
W1,64,70,134,317,174,491,2018-06-01
W1,14,5,19,18,1,19,2018-06-01
W1,206,114,320,401,157,558,2018-06-01
W1,2,0,2,3,0,3,2018-06-01
W1,165,140,305,519,241,760,2018-06-01
W1,238,235,473,1083,771,1854,2018-06-01
W1,861,746,1607,2299,1516,3815,2018-06-01
W1,205,157,362,800,472,1272,2018-06-01
W1,384,385,769,1135,672,1807,2018-06-01
W1,76,61,137,82,63,145,2018-06-01
W1,59,69,128,116,55,171,2018-06-01
W1,0,1,1,0,0,0,2018-06-01
W1,72,69,141,100,40,140,2018-06-01
W1,63,14,77,60,11,71,2018-06-01
W1,46,32,78,142,62,204,2018-06-01
W1,457,328,785,1131,602,1733,2018-06-01
W1,494,517,1011,1776,1201,2977,2018-06-01
W1,96,62,158,115,51,166,2018-06-01
W1,413,421,834,1096,697,1793,2018-06-01
W1,60,20,80,122,53,175,2018-06-01
W1,70,57,127,136,65,201,2018-06-01
W2,7283,6570,13853,16931,10852,27783,2018-06-01
W2,1,0,1,0,0,0,2018-06-01
W3,6884,6644,13528,21109,14759,35868,2018-06-01
W4,3454,4092,7546,17542,15162,32704,2018-06-01
W5,4510,4776,9286,21170,16980,38150,2018-06-01
W6,3875,3892,7767,11291,8938,20229,2018-06-01
W7,3180,3411,6591,10124,8229,18353,2018-06-01
W8,2083,2496,4579,8264,6998,15262,2018-06-01
W9,4540,4906,9446,12570,9254,21824,2018-06-01
W10,4547,5226,9773,9281,6858,16139,2018-06-01
W11,3839,4280,8119,10319,8287,18606,2018-06-01
W12,6813,6902,13715,14598,10206,24804,2018-06-01
W13,3281,3307,6588,12680,10007,22687,2018-06-01
W14,4511,4926,9437,12883,9874,22757,2018-06-01
W15,4,1,5,9,6,15,2018-06-01
W16,5,1,6,1,2,3,2018-06-01
W17,10,7,17,13,10,23,2018-06-01
W18,3,2,5,1,3,4,2018-06-01
W19,3,7,10,6,2,8,2018-06-01
W20,0,0,0,0,1,1,2018-06-01
W21,0,3,3,0,0,0,2018-06-01
W22,3,1,4,5,1,6,2018-06-01
W23,0,1,1,0,0,0,2018-06-01
W26,0,1,1,0,1,1,2018-06-01
W27,0,0,0,1,0,1,2018-06-01
W28,0,1,1,1,0,1,2018-06-01
W30,0,0,0,1,0,1,2018-06-01
W32,1,0,1,1,0,1,2018-06-01
W38,0,0,0,1,0,1,2018-06-01
W43,0,0,0,0,1,1,2018-06-01
WA1,1105,1189,2294,8373,7153,15526,2018-06-01
WA2,2570,3086,5656,13263,10755,24018,2018-06-01
WA3,1749,2328,4077,17490,15823,33313,2018-06-01
WA4,1756,2098,3854,18799,17282,36081,2018-06-01
WA5,2675,3313,5988,22529,19813,42342,2018-06-01
WA6,621,710,1331,7844,7386,15230,2018-06-01
WA7,4095,5437,9532,20804,16889,37693,2018-06-01
WA8,3462,4489,7951,21828,18133,39961,2018-06-01
WA9,3162,4164,7326,15613,12073,27686,2018-06-01
WA10,2139,2573,4712,13027,10813,23840,2018-06-01
WA11,1733,2368,4101,14727,12634,27361,2018-06-01
WA12,1199,1526,2725,8146,6792,14938,2018-06-01
WA13,358,421,779,5242,5107,10349,2018-06-01
WA14,1443,1466,2909,11561,10605,22166,2018-06-01
WA15,1751,1869,3620,16909,15684,32593,2018-06-01
WA16,816,848,1664,9706,9337,19043,2018-06-01
WC1,19,27,46,37,21,58,2018-06-01
WC1,107,99,206,310,140,450,2018-06-01
WC1,198,219,417,392,255,647,2018-06-01
WC1,247,242,489,471,308,779,2018-06-01
WC1,0,1,1,0,0,0,2018-06-01
WC1,954,900,1854,1819,974,2793,2018-06-01
WC1,0,1,1,1,0,1,2018-06-01
WC1,765,776,1541,1858,1127,2985,2018-06-01
WC1,0,0,0,1,0,1,2018-06-01
WC1,1,0,1,0,0,0,2018-06-01
WC1,56,43,99,182,105,287,2018-06-01
WC1,1,0,1,0,0,0,2018-06-01
WC1,52,36,88,91,45,136,2018-06-01
WC1,1009,941,1950,1916,1179,3095,2018-06-01
WC1,0,1,1,2,0,2,2018-06-01
WC1,2,1,3,0,0,0,2018-06-01
WC2,8,3,11,19,5,24,2018-06-01
WC2,11,11,22,93,52,145,2018-06-01
WC2,192,175,367,483,246,729,2018-06-01
WC2,68,54,122,234,105,339,2018-06-01
WC2,413,300,713,829,383,1212,2018-06-01
WC2,87,56,143,246,117,363,2018-06-01
WC2,33,26,59,115,69,184,2018-06-01
WC2,0,0,0,0,1,1,2018-06-01
WC2,0,0,0,0,1,1,2018-06-01
WC4,1,0,1,0,0,0,2018-06-01
WC12,1,0,1,0,0,0,2018-06-01
WC13,0,2,2,2,0,2,2018-06-01
WC14,3,1,4,1,2,3,2018-06-01
WC18,1,0,1,0,0,0,2018-06-01
WC19,1,1,2,0,0,0,2018-06-01
WC23,0,0,0,2,0,2,2018-06-01
WC24,2,0,2,4,2,6,2018-06-01
WC28,1,0,1,0,2,2,2018-06-01
WC44,0,0,0,1,0,1,2018-06-01
WC78,1,0,1,0,0,0,2018-06-01
WD1,64,58,122,157,101,258,2018-06-01
WD2,104,75,179,239,119,358,2018-06-01
WD3,1632,1853,3485,16667,16161,32828,2018-06-01
WD4,350,389,739,4658,4444,9102,2018-06-01
WD5,503,510,1013,4477,4289,8766,2018-06-01
WD6,2466,2907,5373,14766,12510,27276,2018-06-01
WD7,463,544,1007,5335,5163,10498,2018-06-01
WD17,1075,1160,2235,6828,5602,12430,2018-06-01
WD18,2446,2737,5183,9005,6354,15359,2018-06-01
WD19,1539,1878,3417,10327,9360,19687,2018-06-01
WD22,0,0,0,0,1,1,2018-06-01
WD23,1150,1428,2578,10350,10124,20474,2018-06-01
WD24,1653,1902,3555,8554,6656,15210,2018-06-01
WD25,1559,1883,3442,10802,9666,20468,2018-06-01
WF0,0,0,0,1,0,1,2018-06-01
WF1,2568,2838,5406,11626,8345,19971,2018-06-01
WF2,2806,3695,6501,17225,14242,31467,2018-06-01
WF3,1331,1810,3141,12491,11097,23588,2018-06-01
WF4,1785,2373,4158,16180,14169,30349,2018-06-01
WF5,878,1143,2021,7660,6823,14483,2018-06-01
WF6,1161,1556,2717,7405,5923,13328,2018-06-01
WF7,1025,1511,2536,7384,6218,13602,2018-06-01
WF8,1646,2199,3845,11671,9825,21496,2018-06-01
WF9,2474,3256,5730,13074,10008,23082,2018-06-01
WF10,2742,3816,6558,15678,12206,27884,2018-06-01
WF11,992,1327,2319,5693,4494,10187,2018-06-01
WF12,2053,2813,4866,11235,8478,19713,2018-06-01
WF13,2133,2755,4888,7800,5099,12899,2018-06-01
WF14,732,983,1715,7310,6665,13975,2018-06-01
WF15,838,1070,1908,6141,5335,11476,2018-06-01
WF16,716,939,1655,3975,2856,6831,2018-06-01
WF17,2599,3606,6205,13750,9955,23705,2018-06-01
WF21,0,0,0,1,0,1,2018-06-01
WN0,0,0,0,1,0,1,2018-06-01
WN1,1090,1233,2323,6859,5310,12169,2018-06-01
WN2,2430,3234,5664,17703,14497,32200,2018-06-01
WN3,1395,1899,3294,10942,8961,19903,2018-06-01
WN4,1213,1513,2726,10376,8848,19224,2018-06-01
WN5,2233,2739,4972,15007,12176,27183,2018-06-01
WN6,1617,1969,3586,14902,13132,28034,2018-06-01
WN7,2663,3274,5937,15912,12575,28487,2018-06-01
WN8,3211,4005,7216,15079,12267,27346,2018-06-01
WR1,725,659,1384,3279,2482,5761,2018-06-01
WR2,1217,1399,2616,10794,9636,20430,2018-06-01
WR3,826,927,1753,8050,7291,15341,2018-06-01
WR4,1527,1995,3522,8612,7313,15925,2018-06-01
WR5,1380,1779,3159,12093,10795,22888,2018-06-01
WR6,334,345,679,5588,5396,10984,2018-06-01
WR7,104,114,218,2508,2427,4935,2018-06-01
WR8,224,238,462,3475,3320,6795,2018-06-01
WR9,1243,1500,2743,12155,11355,23510,2018-06-01
WR10,495,660,1155,7575,7227,14802,2018-06-01
WR11,1701,2047,3748,17552,15398,32950,2018-06-01
WR12,162,193,355,2433,2322,4755,2018-06-01
WR13,224,225,449,3658,3543,7201,2018-06-01
WR14,1669,2010,3679,12644,11724,24368,2018-06-01
WR15,252,268,520,2977,2712,5689,2018-06-01
WS0,0,0,0,0,1,1,2018-06-01
WS1,2335,2874,5209,7616,4710,12326,2018-06-01
WS2,3194,4325,7519,10971,7051,18022,2018-06-01
WS3,3336,4365,7701,15706,12000,27706,2018-06-01
WS4,887,1085,1972,5972,5026,10998,2018-06-01
WS5,983,1484,2467,7706,6562,14268,2018-06-01
WS6,579,788,1367,6818,5884,12702,2018-06-01
WS7,972,1257,2229,11436,10148,21584,2018-06-01
WS8,795,996,1791,5494,4476,9970,2018-06-01
WS9,922,1169,2091,9947,8927,18874,2018-06-01
WS10,3286,4371,7657,13883,10070,23953,2018-06-01
WS11,1855,2434,4289,15251,13080,28331,2018-06-01
WS12,1241,1711,2952,13128,11397,24525,2018-06-01
WS13,1133,1330,2463,9517,8505,18022,2018-06-01
WS14,562,590,1152,7053,6632,13685,2018-06-01
WS15,1594,2006,3600,14133,12422,26555,2018-06-01
WV0,0,1,1,0,0,0,2018-06-01
WV1,1835,1820,3655,4286,2610,6896,2018-06-01
WV2,1899,2024,3923,4520,2888,7408,2018-06-01
WV3,1957,2226,4183,9953,8091,18044,2018-06-01
WV4,1750,2345,4095,12157,9989,22146,2018-06-01
WV5,413,566,979,6078,5557,11635,2018-06-01
WV6,2564,3035,5599,15856,13550,29406,2018-06-01
WV7,357,255,612,2231,2042,4273,2018-06-01
WV8,703,981,1684,5497,5021,10518,2018-06-01
WV9,284,393,677,2655,2346,5001,2018-06-01
WV10,4293,5716,10009,16859,13006,29865,2018-06-01
WV11,1947,2526,4473,11705,9230,20935,2018-06-01
WV12,1249,1695,2944,8790,7139,15929,2018-06-01
WV13,1463,1919,3382,6628,5023,11651,2018-06-01
WV14,3092,4069,7161,14664,11261,25925,2018-06-01
WV15,249,323,572,3477,3084,6561,2018-06-01
WV16,513,638,1151,6937,6270,13207,2018-06-01
YL55,0,0,0,0,1,1,2018-06-01
YO0,0,0,0,1,0,1,2018-06-01
YO1,336,354,690,1403,1014,2417,2018-06-01
YO1,0,0,0,1,0,1,2018-06-01
YO2,35,41,76,92,42,134,2018-06-01
YO3,37,31,68,102,66,168,2018-06-01
YO3,0,0,0,0,1,1,2018-06-01
YO4,12,14,26,122,95,217,2018-06-01
YO5,8,9,17,39,27,66,2018-06-01
YO6,18,27,45,125,74,199,2018-06-01
YO7,616,754,1370,7937,7276,15213,2018-06-01
YO8,1778,2418,4196,17117,14935,32052,2018-06-01
YO9,2,1,3,0,1,1,2018-06-01
YO10,1472,1790,3262,7068,5963,13031,2018-06-01
YO11,1338,1587,2925,7380,5747,13127,2018-06-01
YO12,2152,2655,4807,13157,11219,24376,2018-06-01
YO13,229,290,519,4188,4062,8250,2018-06-01
YO14,388,550,938,4333,3803,8136,2018-06-01
YO15,737,821,1558,4764,3713,8477,2018-06-01
YO16,1126,1484,2610,8683,7060,15743,2018-06-01
YO17,757,937,1694,8541,7644,16185,2018-06-01
YO18,328,392,720,4496,4189,8685,2018-06-01
YO19,356,435,791,5056,4771,9827,2018-06-01
YO20,0,0,0,0,1,1,2018-06-01
YO21,528,599,1127,5375,4760,10135,2018-06-01
YO22,365,434,799,3230,2890,6120,2018-06-01
YO23,775,962,1737,7113,6814,13927,2018-06-01
YO24,1612,2201,3813,10040,8993,19033,2018-06-01
YO25,1006,1304,2310,13255,12094,25349,2018-06-01
YO26,1389,1792,3181,10730,9637,20367,2018-06-01
YO29,0,0,0,1,0,1,2018-06-01
YO30,1426,1738,3164,8848,7877,16725,2018-06-01
YO31,1525,1956,3481,8693,7635,16328,2018-06-01
YO32,971,1282,2253,10704,10237,20941,2018-06-01
YO34,1,0,1,1,1,2,2018-06-01
YO41,237,340,577,4369,4162,8531,2018-06-01
YO42,475,568,1043,5840,5564,11404,2018-06-01
YO43,316,407,723,5006,4671,9677,2018-06-01
YO45,0,0,0,0,1,1,2018-06-01
YO51,148,185,333,2295,2181,4476,2018-06-01
YO60,112,117,229,1947,1902,3849,2018-06-01
YO61,352,452,804,5742,5568,11310,2018-06-01
YO62,361,376,737,4766,4484,9250,2018-06-01
YO69,0,0,0,1,0,1,2018-06-01
ZE0,0,0,0,0,1,1,2018-06-01
ZE1,436,565,1001,2771,2276,5047,2018-06-01
ZE2,600,811,1411,5475,4807,10282,2018-06-01
ZE3,21,27,48,171,142,313,2018-06-01
TotalNA,3766675,4365503,8132178,21859143,18603125,40462268,2018-06-01
AA78,0,0,0,0,1,1,2020-06-01
AB1,69,76,145,187,124,311,2020-06-01
AB2,24,32,56,101,53,154,2020-06-01
AB3,6,9,15,33,39,72,2020-06-01
AB4,3,3,6,27,22,49,2020-06-01
AB5,1,3,4,12,18,30,2020-06-01
AB9,29,18,47,66,11,77,2020-06-01
AB10,1545,1548,3093,7389,6039,13428,2020-06-01
AB11,1904,1998,3902,6362,4333,10695,2020-06-01
AB12,1187,1530,2717,10520,9449,19969,2020-06-01
AB13,103,123,226,1433,1425,2858,2020-06-01
AB14,216,260,476,1946,1808,3754,2020-06-01
AB15,1430,1874,3304,15686,14800,30486,2020-06-01
AB16,2242,2878,5120,8246,6359,14605,2020-06-01
AB18,0,0,0,0,1,1,2020-06-01
AB21,901,1095,1996,9277,8284,17561,2020-06-01
AB22,579,742,1321,6231,5735,11966,2020-06-01
AB23,435,464,899,4749,4367,9116,2020-06-01
AB24,3120,3159,6279,9261,5919,15180,2020-06-01
AB25,1506,1426,2932,5098,3725,8823,2020-06-01
AB28,0,0,0,1,0,1,2020-06-01
AB29,0,1,1,0,0,0,2020-06-01
AB30,198,237,435,2988,2762,5750,2020-06-01
AB31,449,501,950,6452,6156,12608,2020-06-01
AB32,444,534,978,5630,5445,11075,2020-06-01
AB33,123,160,283,2343,2115,4458,2020-06-01
AB34,162,197,359,2204,2125,4329,2020-06-01
AB35,101,107,208,1008,907,1915,2020-06-01
AB36,19,21,40,230,212,442,2020-06-01
AB37,36,47,83,544,469,1013,2020-06-01
AB38,119,174,293,1718,1543,3261,2020-06-01
AB39,670,738,1408,6813,6473,13286,2020-06-01
AB41,571,812,1383,8484,8050,16534,2020-06-01
AB42,1510,1752,3262,12445,11000,23445,2020-06-01
AB43,1046,1254,2300,8202,7272,15474,2020-06-01
AB44,180,229,409,1349,1197,2546,2020-06-01
AB45,419,505,924,4072,3694,7766,2020-06-01
AB51,1010,1253,2263,14151,13323,27474,2020-06-01
AB52,129,173,302,2101,1931,4032,2020-06-01
AB53,333,416,749,4803,4234,9037,2020-06-01
AB54,389,498,887,4239,3778,8017,2020-06-01
AB55,270,432,702,3436,2966,6402,2020-06-01
AB56,644,725,1369,5164,4713,9877,2020-06-01
AL1,2041,2211,4252,14283,12762,27045,2020-06-01
AL2,929,1107,2036,9649,9134,18783,2020-06-01
AL3,1236,1385,2621,11066,10722,21788,2020-06-01
AL4,1018,1202,2220,10779,10550,21329,2020-06-01
AL5,1181,1229,2410,12286,12020,24306,2020-06-01
AL6,362,380,742,5196,5095,10291,2020-06-01
AL7,2080,2488,4568,12359,11179,23538,2020-06-01
AL8,577,705,1282,5018,4841,9859,2020-06-01
AL9,448,510,958,4913,4586,9499,2020-06-01
AL10,3741,3149,6890,11593,8116,19709,2020-06-01
B0,2,0,2,0,0,0,2020-06-01
B1,968,839,1807,2240,1250,3490,2020-06-01
B2,79,62,141,100,49,149,2020-06-01
B3,197,184,381,682,432,1114,2020-06-01
B4,295,163,458,311,101,412,2020-06-01
B5,1335,1474,2809,3075,1853,4928,2020-06-01
B5,0,0,0,1,1,2,2020-06-01
B6,2780,3066,5846,4757,2447,7204,2020-06-01
B7,1071,1450,2521,1849,1105,2954,2020-06-01
B8,5083,5831,10914,10501,5785,16286,2020-06-01
B9,2886,3608,6494,6005,3435,9440,2020-06-01
B10,3338,3777,7115,6457,3370,9827,2020-06-01
B11,5635,6254,11889,11550,6351,17901,2020-06-01
B12,2832,2853,5685,4711,2440,7151,2020-06-01
B13,2978,3586,6564,12470,9681,22151,2020-06-01
B14,3220,3952,7172,13103,10930,24033,2020-06-01
B15,1634,1710,3344,5089,3887,8976,2020-06-01
B16,2935,3062,5997,6433,3995,10428,2020-06-01
B17,1831,2148,3979,8491,7160,15651,2020-06-01
B18,2120,2626,4746,3753,2361,6114,2020-06-01
B19,3241,3557,6798,4658,2469,7127,2020-06-01
B20,3959,4485,8444,10385,7193,17578,2020-06-01
B21,4958,4994,9952,7450,4215,11665,2020-06-01
B23,4159,5122,9281,13010,9818,22828,2020-06-01
B24,2282,2814,5096,8958,6937,15895,2020-06-01
B25,1526,1970,3496,4794,3255,8049,2020-06-01
B26,2089,2627,4716,11353,8958,20311,2020-06-01
B27,2243,2671,4914,7711,5565,13276,2020-06-01
B28,1833,2365,4198,10980,9019,19999,2020-06-01
B29,3305,3819,7124,9577,7635,17212,2020-06-01
B30,1948,2337,4285,9030,8198,17228,2020-06-01
B31,4244,5522,9766,17148,14500,31648,2020-06-01
B32,2949,4234,7183,11342,9189,20531,2020-06-01
B33,3009,4092,7101,9994,7302,17296,2020-06-01
B34,1389,1857,3246,5956,4697,10653,2020-06-01
B35,858,1172,2030,2409,2067,4476,2020-06-01
B36,2450,3318,5768,11543,9366,20909,2020-06-01
B37,2933,3766,6699,10632,8652,19284,2020-06-01
B38,1614,2067,3681,6047,5175,11222,2020-06-01
B41,1,0,1,1,0,1,2020-06-01
B42,1669,2011,3680,7920,6626,14546,2020-06-01
B43,1447,1879,3326,10639,9161,19800,2020-06-01
B44,2843,3828,6671,10847,8610,19457,2020-06-01
B45,1931,2484,4415,10624,9235,19859,2020-06-01
B46,434,468,902,5099,4726,9825,2020-06-01
B47,264,298,562,3992,3956,7948,2020-06-01
B48,188,171,359,2351,2240,4591,2020-06-01
B49,325,424,749,4167,3978,8145,2020-06-01
B50,196,219,415,2582,2437,5019,2020-06-01
B60,948,1075,2023,10487,9846,20333,2020-06-01
B61,1075,1276,2351,9394,8786,18180,2020-06-01
B62,1022,1249,2271,9110,8130,17240,2020-06-01
B63,1736,2273,4009,12717,10954,23671,2020-06-01
B64,1039,1397,2436,5513,4419,9932,2020-06-01
B65,1546,2114,3660,7673,6078,13751,2020-06-01
B66,3163,3470,6633,5900,3521,9421,2020-06-01
B67,3138,3676,6814,8931,6217,15148,2020-06-01
B68,2319,3042,5361,10232,7973,18205,2020-06-01
B69,2148,2868,5016,9075,6876,15951,2020-06-01
B70,2972,3669,6641,8459,5256,13715,2020-06-01
B71,2369,3039,5408,9569,7102,16671,2020-06-01
B72,433,419,852,3848,3410,7258,2020-06-01
B73,965,1071,2036,8866,8139,17005,2020-06-01
B74,891,1092,1983,12999,12264,25263,2020-06-01
B75,1132,1420,2552,9890,9448,19338,2020-06-01
B76,954,904,1858,9182,7994,17176,2020-06-01
B77,2787,3940,6727,20115,17106,37221,2020-06-01
B78,984,1196,2180,9227,8141,17368,2020-06-01
B79,1036,1297,2333,8580,7278,15858,2020-06-01
B80,256,276,532,2801,2608,5409,2020-06-01
B85,0,0,0,1,0,1,2020-06-01
B90,1764,2050,3814,18294,17138,35432,2020-06-01
B91,1242,1414,2656,13579,12841,26420,2020-06-01
B92,1741,2059,3800,13919,12296,26215,2020-06-01
B93,537,591,1128,7935,7883,15818,2020-06-01
B94,142,180,322,3326,3173,6499,2020-06-01
B95,188,196,384,2579,2544,5123,2020-06-01
B96,99,146,245,2232,2135,4367,2020-06-01
B97,1339,1644,2983,12386,10965,23351,2020-06-01
B98,2931,3848,6779,17353,14263,31616,2020-06-01
BA0,0,0,0,1,1,2,2020-06-01
BA1,2492,2839,5331,14058,12724,26782,2020-06-01
BA2,4098,4479,8577,23867,21796,45663,2020-06-01
BA3,1405,1427,2832,13984,12996,26980,2020-06-01
BA4,632,769,1401,7238,6604,13842,2020-06-01
BA5,734,763,1497,7166,6967,14133,2020-06-01
BA6,665,660,1325,5208,5102,10310,2020-06-01
BA7,114,143,257,1396,1457,2853,2020-06-01
BA8,133,169,302,1764,1656,3420,2020-06-01
BA9,259,334,593,3221,2965,6186,2020-06-01
BA10,151,181,332,1310,1311,2621,2020-06-01
BA11,1407,1720,3127,12538,11982,24520,2020-06-01
BA12,1167,1442,2609,11307,10399,21706,2020-06-01
BA13,823,950,1773,7822,7324,15146,2020-06-01
BA14,2429,2600,5029,18364,16925,35289,2020-06-01
BA15,494,589,1083,5163,5245,10408,2020-06-01
BA16,623,650,1273,4849,4476,9325,2020-06-01
BA20,511,577,1088,4292,3659,7951,2020-06-01
BA21,1717,2177,3894,12399,10684,23083,2020-06-01
BA22,468,524,992,7436,6980,14416,2020-06-01
BB0,0,0,0,1,1,2,2020-06-01
BB1,4457,5936,10393,21357,15696,37053,2020-06-01
BB2,3914,4830,8744,19246,15161,34407,2020-06-01
BB3,1917,2390,4307,11565,9744,21309,2020-06-01
BB4,1891,2429,4320,15126,13529,28655,2020-06-01
BB5,3786,4693,8479,19933,16288,36221,2020-06-01
BB6,690,795,1485,5385,4770,10155,2020-06-01
BB7,1119,1215,2334,13394,12779,26173,2020-06-01
BB8,1155,1381,2536,8087,7204,15291,2020-06-01
BB9,2849,3495,6344,14623,10977,25600,2020-06-01
BB10,2246,2743,4989,12730,10177,22907,2020-06-01
BB11,1627,2027,3654,7216,5670,12886,2020-06-01
BB12,1795,2086,3881,12402,10653,23055,2020-06-01
BB18,640,834,1474,6344,5597,11941,2020-06-01
BD0,0,0,0,1,0,1,2020-06-01
BD1,649,427,1076,982,404,1386,2020-06-01
BD2,1922,2469,4391,9600,7812,17412,2020-06-01
BD3,3488,4038,7526,8117,4642,12759,2020-06-01
BD4,2430,3267,5697,8330,6380,14710,2020-06-01
BD5,2977,3502,6479,7322,4161,11483,2020-06-01
BD6,1892,2585,4477,9279,7636,16915,2020-06-01
BD7,3555,3694,7249,9299,5586,14885,2020-06-01
BD8,2911,3502,6413,8104,4780,12884,2020-06-01
BD9,2107,2907,5014,8258,5858,14116,2020-06-01
BD10,1442,1877,3319,8891,7929,16820,2020-06-01
BD11,414,537,951,4096,3870,7966,2020-06-01
BD12,861,1168,2029,5811,4972,10783,2020-06-01
BD13,1167,1405,2572,9532,8673,18205,2020-06-01
BD14,424,583,1007,2786,2405,5191,2020-06-01
BD15,897,1218,2115,5387,4616,10003,2020-06-01
BD16,1076,1247,2323,9361,8650,18011,2020-06-01
BD17,724,844,1568,6824,6247,13071,2020-06-01
BD18,1738,2204,3942,8654,7111,15765,2020-06-01
BD19,949,1160,2109,8012,7210,15222,2020-06-01
BD20,1267,1611,2878,13995,12996,26991,2020-06-01
BD21,1914,2569,4483,7221,5115,12336,2020-06-01
BD22,1453,1865,3318,10474,9326,19800,2020-06-01
BD23,1069,1225,2294,11685,10935,22620,2020-06-01
BD24,184,221,405,2100,1935,4035,2020-06-01
BD25,0,0,0,1,0,1,2020-06-01
BD99,0,0,0,0,1,1,2020-06-01
BH0,0,0,0,0,1,1,2020-06-01
BH1,2135,1974,4109,7124,4735,11859,2020-06-01
BH2,877,732,1609,3326,2152,5478,2020-06-01
BH2,0,0,0,1,0,1,2020-06-01
BH3,311,325,636,2154,1826,3980,2020-06-01
BH4,499,508,1007,3793,3198,6991,2020-06-01
BH5,735,751,1486,3922,3107,7029,2020-06-01
BH6,1016,1126,2142,8575,8382,16957,2020-06-01
BH7,682,717,1399,4277,3925,8202,2020-06-01
BH8,1968,2007,3975,9747,8204,17951,2020-06-01
BH9,1701,1780,3481,10179,9275,19454,2020-06-01
BH10,849,1017,1866,7423,6885,14308,2020-06-01
BH11,1083,1282,2365,7082,6487,13569,2020-06-01
BH12,1909,2148,4057,12668,11230,23898,2020-06-01
BH13,155,213,368,3434,3256,6690,2020-06-01
BH14,1010,1000,2010,9585,8948,18533,2020-06-01
BH15,1654,1807,3461,12522,11225,23747,2020-06-01
BH16,593,779,1372,6079,5827,11906,2020-06-01
BH17,892,1169,2061,8483,8020,16503,2020-06-01
BH18,275,238,513,5051,4856,9907,2020-06-01
BH19,445,567,1012,4371,3975,8346,2020-06-01
BH20,980,817,1797,8577,7481,16058,2020-06-01
BH21,1018,1173,2191,16666,16740,33406,2020-06-01
BH22,683,691,1374,11351,10888,22239,2020-06-01
BH23,1942,2000,3942,21056,20596,41652,2020-06-01
BH24,753,717,1470,9994,9781,19775,2020-06-01
BH25,852,953,1805,9810,9674,19484,2020-06-01
BH31,297,311,608,5377,5413,10790,2020-06-01
BL0,664,797,1461,6515,6302,12817,2020-06-01
BL1,4411,5008,9419,21506,16771,38277,2020-06-01
BL2,2864,3416,6280,15333,13078,28411,2020-06-01
BL3,5018,5911,10929,20720,14655,35375,2020-06-01
BL4,2331,3005,5336,10779,8346,19125,2020-06-01
BL5,1116,1249,2365,10160,9361,19521,2020-06-01
BL6,1338,1544,2882,11494,10486,21980,2020-06-01
BL7,405,489,894,6227,6010,12237,2020-06-01
BL8,1488,1778,3266,13532,12451,25983,2020-06-01
BL9,3434,4121,7555,16562,13299,29861,2020-06-01
BN1,7034,6787,13821,26127,21823,47950,2020-06-01
BN2,7883,8351,16234,27612,22225,49837,2020-06-01
BN3,6225,6341,12566,27934,24017,51951,2020-06-01
BN4,2,1,3,14,8,22,2020-06-01
BN5,208,258,466,3241,3248,6489,2020-06-01
BN6,675,710,1385,7061,7151,14212,2020-06-01
BN7,1278,1499,2777,6942,6766,13708,2020-06-01
BN8,541,588,1129,6435,6397,12832,2020-06-01
BN9,850,1093,1943,4564,3917,8481,2020-06-01
BN10,1038,1218,2256,7084,6253,13337,2020-06-01
BN11,2164,2372,4536,11068,9464,20532,2020-06-01
BN12,844,984,1828,8299,8078,16377,2020-06-01
BN13,1268,1383,2651,10858,10406,21264,2020-06-01
BN14,1535,1663,3198,11323,10757,22080,2020-06-01
BN15,1358,1574,2932,10097,9001,19098,2020-06-01
BN16,914,1023,1937,11165,11275,22440,2020-06-01
BN17,1670,2045,3715,11092,9838,20930,2020-06-01
BN18,552,517,1069,5356,5163,10519,2020-06-01
BN19,0,0,0,1,0,1,2020-06-01
BN20,851,1059,1910,7809,7674,15483,2020-06-01
BN21,1717,1824,3541,8374,7020,15394,2020-06-01
BN22,2060,2555,4615,10849,9763,20612,2020-06-01
BN23,1361,1739,3100,10205,9155,19360,2020-06-01
BN24,300,342,642,4019,3916,7935,2020-06-01
BN25,981,1225,2206,8969,8492,17461,2020-06-01
BN26,456,524,980,4811,4596,9407,2020-06-01
BN27,1159,1375,2534,11432,11043,22475,2020-06-01
BN32,1,0,1,0,0,0,2020-06-01
BN40,0,0,0,1,0,1,2020-06-01
BN41,1521,1703,3224,6743,6313,13056,2020-06-01
BN42,571,656,1227,3667,3280,6947,2020-06-01
BN43,1245,1301,2546,8503,8019,16522,2020-06-01
BN44,327,383,710,4045,4046,8091,2020-06-01
BN45,28,19,47,261,254,515,2020-06-01
BR0,0,0,0,1,0,1,2020-06-01
BR1,4522,5410,9932,20053,17988,38041,2020-06-01
BR2,2648,2876,5524,17668,16612,34280,2020-06-01
BR3,2774,3279,6053,18277,16973,35250,2020-06-01
BR4,987,880,1867,7558,7251,14809,2020-06-01
BR5,2987,3842,6829,15929,14710,30639,2020-06-01
BR6,2178,2488,4666,17993,17234,35227,2020-06-01
BR7,725,881,1606,7149,6877,14026,2020-06-01
BR8,1105,1423,2528,8403,7633,16036,2020-06-01
BS0,0,0,0,1,0,1,2020-06-01
BS1,1140,997,2137,3719,2206,5925,2020-06-01
BS2,1870,1951,3821,4743,3150,7893,2020-06-01
BS3,2535,2827,5362,12912,10860,23772,2020-06-01
BS4,3268,4136,7404,16701,13829,30530,2020-06-01
BS5,5176,5497,10673,17568,13144,30712,2020-06-01
BS6,2110,2236,4346,10647,9588,20235,2020-06-01
BS7,2862,2998,5860,13735,11260,24995,2020-06-01
BS8,1502,1532,3034,8421,7345,15766,2020-06-01
BS9,1316,1357,2673,12100,11401,23501,2020-06-01
BS10,1923,2594,4517,9582,7952,17534,2020-06-01
BS11,1323,1569,2892,6072,4821,10893,2020-06-01
BS12,18,13,31,105,50,155,2020-06-01
BS13,2087,2820,4907,9465,7678,17143,2020-06-01
BS14,1374,1599,2973,10658,9604,20262,2020-06-01
BS15,2084,2438,4522,17835,15825,33660,2020-06-01
BS16,3961,4352,8313,29059,25986,55045,2020-06-01
BS17,16,17,33,86,62,148,2020-06-01
BS18,15,14,29,79,60,139,2020-06-01
BS19,4,6,10,45,37,82,2020-06-01
BS20,975,1181,2156,12623,11850,24473,2020-06-01
BS21,768,1002,1770,9100,8722,17822,2020-06-01
BS22,1463,1847,3310,14409,13061,27470,2020-06-01
BS23,2308,2645,4953,11922,9401,21323,2020-06-01
BS24,755,986,1741,8753,8176,16929,2020-06-01
BS25,176,160,336,2673,2523,5196,2020-06-01
BS26,148,153,301,2036,2016,4052,2020-06-01
BS27,222,232,454,2955,2876,5831,2020-06-01
BS28,75,69,144,1446,1407,2853,2020-06-01
BS29,78,98,176,1150,1035,2185,2020-06-01
BS30,898,1060,1958,11615,11080,22695,2020-06-01
BS31,756,944,1700,8373,7882,16255,2020-06-01
BS32,1037,1110,2147,9345,8448,17793,2020-06-01
BS34,1732,1977,3709,12315,10487,22802,2020-06-01
BS35,745,845,1590,9528,8830,18358,2020-06-01
BS36,486,479,965,6511,6312,12823,2020-06-01
BS37,1425,1790,3215,15316,14064,29380,2020-06-01
BS38,0,0,0,1,0,1,2020-06-01
BS39,446,518,964,6672,6281,12953,2020-06-01
BS40,305,325,630,5525,5430,10955,2020-06-01
BS41,171,206,377,2436,2323,4759,2020-06-01
BS45,0,0,0,1,1,2,2020-06-01
BS48,735,849,1584,9285,8979,18264,2020-06-01
BS49,379,422,801,4706,4613,9319,2020-06-01
BS53,0,0,0,1,0,1,2020-06-01
BS57,0,0,0,1,0,1,2020-06-01
BS67,0,0,0,0,1,1,2020-06-01
BS94,0,1,1,0,0,0,2020-06-01
BS99,1,0,1,0,0,0,2020-06-01
CA0,0,0,0,1,1,2,2020-06-01
CA1,1506,1840,3346,7555,6076,13631,2020-06-01
CA2,2064,2777,4841,12962,10702,23664,2020-06-01
CA3,492,583,1075,5232,4749,9981,2020-06-01
CA4,187,259,446,3961,3854,7815,2020-06-01
CA5,189,198,387,2979,2911,5890,2020-06-01
CA6,268,339,607,3822,3360,7182,2020-06-01
CA7,704,904,1608,8773,8057,16830,2020-06-01
CA8,286,412,698,4113,3782,7895,2020-06-01
CA9,69,103,172,862,767,1629,2020-06-01
CA10,345,435,780,5947,5557,11504,2020-06-01
CA11,841,1038,1879,8318,7540,15858,2020-06-01
CA12,313,349,662,3032,2729,5761,2020-06-01
CA13,472,621,1093,6031,5645,11676,2020-06-01
CA14,1602,2188,3790,12499,10479,22978,2020-06-01
CA15,719,968,1687,5590,4695,10285,2020-06-01
CA16,144,165,309,2565,2409,4974,2020-06-01
CA17,125,168,293,2007,1786,3793,2020-06-01
CA18,12,4,16,117,117,234,2020-06-01
CA19,26,30,56,451,427,878,2020-06-01
CA20,80,92,172,1356,1211,2567,2020-06-01
CA21,22,20,42,320,282,602,2020-06-01
CA22,448,574,1022,3142,2619,5761,2020-06-01
CA23,55,65,120,570,477,1047,2020-06-01
CA24,32,56,88,404,321,725,2020-06-01
CA25,297,410,707,1910,1614,3524,2020-06-01
CA26,144,204,348,1309,1157,2466,2020-06-01
CA27,44,63,107,656,566,1222,2020-06-01
CA28,1426,1740,3166,9699,7966,17665,2020-06-01
CB1,3867,4093,7960,16244,13902,30146,2020-06-01
CB2,1591,1706,3297,7552,6676,14228,2020-06-01
CB3,1161,1333,2494,6449,5815,12264,2020-06-01
CB4,3803,4084,7887,16033,13183,29216,2020-06-01
CB5,1100,1221,2321,4887,4058,8945,2020-06-01
CB6,1349,1647,2996,14621,13421,28042,2020-06-01
CB7,1111,1232,2343,10330,9421,19751,2020-06-01
CB8,1551,1653,3204,12387,11264,23651,2020-06-01
CB9,1584,2110,3694,11431,9830,21261,2020-06-01
CB10,547,667,1214,5794,5447,11241,2020-06-01
CB11,673,777,1450,7290,6920,14210,2020-06-01
CB12,0,0,0,1,1,2,2020-06-01
CB19,0,0,0,1,0,1,2020-06-01
CB21,441,484,925,5369,5005,10374,2020-06-01
CB22,751,755,1506,8280,7659,15939,2020-06-01
CB23,1084,1276,2360,11522,10911,22433,2020-06-01
CB24,1067,1168,2235,11710,10788,22498,2020-06-01
CB25,503,513,1016,6163,5718,11881,2020-06-01
CF0,1,0,1,0,0,0,2020-06-01
CF1,85,68,153,147,52,199,2020-06-01
CF2,47,43,90,129,45,174,2020-06-01
CF3,2732,3499,6231,13761,12582,26343,2020-06-01
CF4,46,37,83,149,108,257,2020-06-01
CF5,4028,4894,8922,21226,19354,40580,2020-06-01
CF6,84,74,158,132,63,195,2020-06-01
CF7,13,8,21,63,47,110,2020-06-01
CF8,52,44,96,143,105,248,2020-06-01
CF9,0,0,0,1,0,1,2020-06-01
CF10,1488,1282,2770,4128,2471,6599,2020-06-01
CF11,3501,3383,6884,11358,8114,19472,2020-06-01
CF14,3230,3606,6836,26275,24929,51204,2020-06-01
CF15,563,670,1233,7040,6964,14004,2020-06-01
CF16,0,0,0,0,1,1,2020-06-01
CF18,0,1,1,0,0,0,2020-06-01
CF23,2415,2884,5299,15815,14918,30733,2020-06-01
CF24,5392,4711,10103,11996,8314,20310,2020-06-01
CF31,1966,2390,4356,15955,14583,30538,2020-06-01
CF32,1436,1805,3241,10821,9345,20166,2020-06-01
CF33,771,1006,1777,4976,4289,9265,2020-06-01
CF34,1037,1381,2418,6688,5354,12042,2020-06-01
CF35,492,596,1088,7139,6666,13805,2020-06-01
CF36,538,664,1202,6180,5769,11949,2020-06-01
CF37,2283,2512,4795,12295,9890,22185,2020-06-01
CF38,753,980,1733,8720,8219,16939,2020-06-01
CF39,1399,1976,3375,9654,7958,17612,2020-06-01
CF40,1071,1479,2550,6552,5185,11737,2020-06-01
CF41,517,710,1227,3535,2762,6297,2020-06-01
CF42,717,939,1656,4276,3428,7704,2020-06-01
CF43,705,1000,1705,3696,2746,6442,2020-06-01
CF44,1991,2755,4746,13550,11123,24673,2020-06-01
CF45,1192,1522,2714,6117,4789,10906,2020-06-01
CF46,612,865,1477,5164,4551,9715,2020-06-01
CF47,1331,1880,3211,6735,5161,11896,2020-06-01
CF48,1422,1869,3291,8998,7441,16439,2020-06-01
CF61,491,570,1061,3696,3486,7182,2020-06-01
CF62,2031,2433,4464,14814,14124,28938,2020-06-01
CF63,1475,1701,3176,6617,5899,12516,2020-06-01
CF64,1567,1740,3307,13566,13164,26730,2020-06-01
CF71,213,226,439,3925,3900,7825,2020-06-01
CF72,854,1075,1929,10012,9613,19625,2020-06-01
CF81,979,1321,2300,5183,3900,9083,2020-06-01
CF82,946,1199,2145,7007,6074,13081,2020-06-01
CF83,2736,3446,6182,18055,16051,34106,2020-06-01
CH1,2218,2465,4683,9469,7575,17044,2020-06-01
CH2,1638,2001,3639,12638,11266,23904,2020-06-01
CH3,1231,1378,2609,14097,13361,27458,2020-06-01
CH4,1589,2007,3596,12431,11480,23911,2020-06-01
CH5,2177,2637,4814,15054,12871,27925,2020-06-01
CH6,923,1213,2136,5844,4972,10816,2020-06-01
CH6,0,0,0,1,0,1,2020-06-01
CH7,1738,2257,3995,19099,17926,37025,2020-06-01
CH8,924,1206,2130,7709,6759,14468,2020-06-01
CH9,1,0,1,1,0,1,2020-06-01
CH14,0,0,0,1,0,1,2020-06-01
CH22,0,0,0,0,1,1,2020-06-01
CH24,0,0,0,1,0,1,2020-06-01
CH41,1826,2098,3924,4584,3297,7881,2020-06-01
CH42,2634,3046,5680,8680,7116,15796,2020-06-01
CH43,2217,2406,4623,12869,11389,24258,2020-06-01
CH44,2423,2788,5211,8259,6596,14855,2020-06-01
CH45,1748,1953,3701,10570,9593,20163,2020-06-01
CH46,1536,1838,3374,8300,7355,15655,2020-06-01
CH47,428,505,933,4128,4024,8152,2020-06-01
CH48,590,604,1194,5804,5759,11563,2020-06-01
CH49,1451,1787,3238,10109,9643,19752,2020-06-01
CH51,0,0,0,0,1,1,2020-06-01
CH60,333,314,647,5357,5364,10721,2020-06-01
CH61,577,661,1238,6587,6450,13037,2020-06-01
CH62,1608,1872,3480,10175,9199,19374,2020-06-01
CH63,1182,1381,2563,10916,10544,21460,2020-06-01
CH64,620,703,1323,7584,7264,14848,2020-06-01
CH65,1982,2408,4390,9048,7552,16600,2020-06-01
CH66,1512,1830,3342,13117,12143,25260,2020-06-01
CM0,610,733,1343,6942,6206,13148,2020-06-01
CM1,3330,3778,7108,24182,21754,45936,2020-06-01
CM2,2536,3039,5575,22773,20585,43358,2020-06-01
CM3,1624,1960,3584,22575,21457,44032,2020-06-01
CM4,335,357,692,4384,4304,8688,2020-06-01
CM5,339,384,723,4597,4394,8991,2020-06-01
CM6,763,875,1638,11489,11072,22561,2020-06-01
CM7,2270,2835,5105,18276,15925,34201,2020-06-01
CM8,1565,2026,3591,12069,10798,22867,2020-06-01
CM9,1216,1520,2736,13622,12560,26182,2020-06-01
CM11,674,798,1472,7939,7440,15379,2020-06-01
CM12,718,719,1437,8189,7887,16076,2020-06-01
CM13,950,1105,2055,10101,9377,19478,2020-06-01
CM14,983,1219,2202,7952,7212,15164,2020-06-01
CM15,808,960,1768,9437,9158,18595,2020-06-01
CM16,834,945,1779,9269,8720,17989,2020-06-01
CM17,931,1200,2131,9074,8497,17571,2020-06-01
CM18,1805,2200,4005,8725,7063,15788,2020-06-01
CM19,1436,1711,3147,7809,6183,13992,2020-06-01
CM20,1969,2343,4312,8190,6228,14418,2020-06-01
CM21,363,424,787,4636,4259,8895,2020-06-01
CM22,481,508,989,6514,6091,12605,2020-06-01
CM23,1833,2069,3902,15901,14692,30593,2020-06-01
CM24,288,347,635,3200,2981,6181,2020-06-01
CM77,454,566,1020,6046,5865,11911,2020-06-01
CO0,1,1,2,0,0,0,2020-06-01
CO1,1370,1547,2917,5502,4239,9741,2020-06-01
CO1,0,0,0,0,1,1,2020-06-01
CO2,2247,2850,5097,12993,11028,24021,2020-06-01
CO3,1424,1555,2979,11705,10853,22558,2020-06-01
CO4,3005,3553,6558,17025,14526,31551,2020-06-01
CO5,840,1017,1857,11670,10949,22619,2020-06-01
CO6,826,994,1820,11453,11036,22489,2020-06-01
CO7,1203,1340,2543,13699,12727,26426,2020-06-01
CO8,71,73,144,970,941,1911,2020-06-01
CO9,910,1055,1965,10269,9454,19723,2020-06-01
CO10,1908,2236,4144,18575,17089,35664,2020-06-01
CO11,399,535,934,5276,5030,10306,2020-06-01
CO12,1076,1388,2464,8178,6869,15047,2020-06-01
CO13,384,484,868,4952,4653,9605,2020-06-01
CO14,265,364,629,2439,2035,4474,2020-06-01
CO15,2301,2748,5049,15321,12749,28070,2020-06-01
CO16,1106,1266,2372,9787,8736,18523,2020-06-01
CR0,17789,20007,37796,51587,40556,92143,2020-06-01
CR1,5,6,11,8,1,9,2020-06-01
CR2,3122,3612,6734,18202,16446,34648,2020-06-01
CR3,1313,1552,2865,11214,10773,21987,2020-06-01
CR4,8722,8556,17278,21168,14581,35749,2020-06-01
CR5,1430,1728,3158,11544,11047,22591,2020-06-01
CR6,369,418,787,4041,3840,7881,2020-06-01
CR7,7115,7037,14152,14611,10687,25298,2020-06-01
CR8,1967,2198,4165,12528,11566,24094,2020-06-01
CR9,57,40,97,61,22,83,2020-06-01
CT0,0,0,0,0,1,1,2020-06-01
CT1,2323,2541,4864,8108,6622,14730,2020-06-01
CT2,1874,2049,3923,8687,7529,16216,2020-06-01
CT3,840,985,1825,7353,6859,14212,2020-06-01
CT4,625,660,1285,6934,6805,13739,2020-06-01
CT5,1392,1562,2954,12366,11876,24242,2020-06-01
CT6,1666,1882,3548,14568,13640,28208,2020-06-01
CT7,394,506,900,4588,4224,8812,2020-06-01
CT8,430,479,909,2650,2499,5149,2020-06-01
CT9,3406,3742,7148,13845,11588,25433,2020-06-01
CT10,1302,1401,2703,9079,8504,17583,2020-06-01
CT11,2262,2469,4731,9538,8185,17723,2020-06-01
CT12,1164,1389,2553,6353,5533,11886,2020-06-01
CT13,369,430,799,3398,3120,6518,2020-06-01
CT14,1676,1987,3663,12761,11432,24193,2020-06-01
CT15,474,606,1080,5369,4868,10237,2020-06-01
CT16,1327,1430,2757,6836,5519,12355,2020-06-01
CT17,1560,1778,3338,6671,5384,12055,2020-06-01
CT18,499,506,1005,5785,5470,11255,2020-06-01
CT19,1940,2274,4214,9226,7822,17048,2020-06-01
CT20,1548,1761,3309,8020,6232,14252,2020-06-01
CT21,641,733,1374,6674,6387,13061,2020-06-01
CV0,0,0,0,0,1,1,2020-06-01
CV1,4752,3695,8447,7039,3043,10082,2020-06-01
CV2,5836,7194,13030,20575,15279,35854,2020-06-01
CV3,4550,5538,10088,23818,18885,42703,2020-06-01
CV4,2402,2783,5185,10268,8015,18283,2020-06-01
CV5,2413,2763,5176,17365,14935,32300,2020-06-01
CV6,7961,9492,17453,29218,21276,50494,2020-06-01
CV7,1123,1417,2540,11362,10387,21749,2020-06-01
CV8,1093,1208,2301,12465,11827,24292,2020-06-01
CV9,894,1134,2028,8411,7312,15723,2020-06-01
CV10,2609,3608,6217,18935,16066,35001,2020-06-01
CV11,2009,2445,4454,14675,12114,26789,2020-06-01
CV12,1477,2011,3488,11161,9520,20681,2020-06-01
CV13,265,318,583,4655,4349,9004,2020-06-01
CV18,0,0,0,0,1,1,2020-06-01
CV19,0,0,0,1,0,1,2020-06-01
CV21,2457,2938,5395,13920,10418,24338,2020-06-01
CV22,1586,1893,3479,14217,12643,26860,2020-06-01
CV23,702,815,1517,9843,9091,18934,2020-06-01
CV27,0,0,0,1,0,1,2020-06-01
CV31,2083,2280,4363,10679,8489,19168,2020-06-01
CV32,1562,1744,3306,11977,10405,22382,2020-06-01
CV33,223,246,469,3044,2933,5977,2020-06-01
CV34,1460,1774,3234,12392,11191,23583,2020-06-01
CV35,641,782,1423,10876,10619,21495,2020-06-01
CV36,281,339,620,4039,3894,7933,2020-06-01
CV37,1742,2098,3840,16907,16111,33018,2020-06-01
CV42,0,0,0,1,0,1,2020-06-01
CV47,580,687,1267,7547,7095,14642,2020-06-01
CW1,2577,2975,5552,13949,11669,25618,2020-06-01
CW2,2247,2377,4624,14927,12689,27616,2020-06-01
CW3,252,325,577,3777,3621,7398,2020-06-01
CW4,257,285,542,4207,4220,8427,2020-06-01
CW5,1008,1067,2075,12020,11535,23555,2020-06-01
CW6,283,367,650,5579,5495,11074,2020-06-01
CW7,1845,2270,4115,11400,9958,21358,2020-06-01
CW8,1250,1489,2739,15256,14457,29713,2020-06-01
CW9,1333,1468,2801,13351,12017,25368,2020-06-01
CW10,470,582,1052,6122,5680,11802,2020-06-01
CW11,798,854,1652,10074,9768,19842,2020-06-01
CW12,1072,1214,2286,12241,11450,23691,2020-06-01
DA0,1,1,2,0,0,0,2020-06-01
DA1,3966,4951,8917,21048,17500,38548,2020-06-01
DA2,1069,1381,2450,8622,7953,16575,2020-06-01
DA3,579,592,1171,6886,6692,13578,2020-06-01
DA4,347,375,722,3807,3547,7354,2020-06-01
DA5,877,953,1830,8060,7663,15723,2020-06-01
DA6,596,719,1315,3760,3309,7069,2020-06-01
DA7,1708,2090,3798,12907,11675,24582,2020-06-01
DA8,3178,3947,7125,11031,9175,20206,2020-06-01
DA9,741,859,1600,5222,4569,9791,2020-06-01
DA10,505,676,1181,3114,2560,5674,2020-06-01
DA11,2809,3247,6056,13565,10601,24166,2020-06-01
DA12,3308,3783,7091,16823,14016,30839,2020-06-01
DA13,348,423,771,6120,5849,11969,2020-06-01
DA14,1174,1484,2658,7655,7238,14893,2020-06-01
DA15,1283,1550,2833,10724,9845,20569,2020-06-01
DA16,2249,2872,5121,13152,11229,24381,2020-06-01
DA17,1603,1954,3557,6031,4873,10904,2020-06-01
DA18,757,932,1689,1373,948,2321,2020-06-01
DD1,1134,1000,2134,2250,1479,3729,2020-06-01
DD2,2633,3233,5866,12695,11184,23879,2020-06-01
DD3,2709,3079,5788,10960,8685,19645,2020-06-01
DD4,3271,3943,7214,12496,10429,22925,2020-06-01
DD5,1007,1178,2185,12207,11825,24032,2020-06-01
DD6,386,502,888,3468,3370,6838,2020-06-01
DD7,462,597,1059,4721,4363,9084,2020-06-01
DD8,1082,1429,2511,10635,9544,20179,2020-06-01
DD9,505,657,1162,4002,3584,7586,2020-06-01
DD10,911,1125,2036,7770,6941,14711,2020-06-01
DD11,1346,1656,3002,9775,8423,18198,2020-06-01
DE1,1444,1276,2720,4008,2265,6273,2020-06-01
DE2,22,17,39,60,23,83,2020-06-01
DE3,545,721,1266,6852,6373,13225,2020-06-01
DE4,1158,1482,2640,13255,12250,25505,2020-06-01
DE5,823,1170,1993,8164,7277,15441,2020-06-01
DE6,754,861,1615,10451,9809,20260,2020-06-01
DE7,2390,3178,5568,17640,14853,32493,2020-06-01
DE11,1890,2462,4352,16669,14752,31421,2020-06-01
DE12,688,870,1558,8561,7768,16329,2020-06-01
DE13,1377,1765,3142,16001,14715,30716,2020-06-01
DE14,2347,2663,5010,10666,7490,18156,2020-06-01
DE15,1261,1510,2771,8450,7037,15487,2020-06-01
DE19,0,0,0,1,1,2,2020-06-01
DE21,3005,3959,6964,19679,16674,36353,2020-06-01
DE22,2680,3085,5765,15592,13205,28797,2020-06-01
DE23,5149,5492,10641,18874,13979,32853,2020-06-01
DE24,3887,5238,9125,17911,13813,31724,2020-06-01
DE44,0,0,0,0,1,1,2020-06-01
DE45,230,274,504,3287,3197,6484,2020-06-01
DE51,0,0,0,1,0,1,2020-06-01
DE55,2103,2714,4817,18926,16304,35230,2020-06-01
DE56,1304,1590,2894,15068,14026,29094,2020-06-01
DE65,668,832,1500,9220,8731,17951,2020-06-01
DE66,0,0,0,0,1,1,2020-06-01
DE72,597,830,1427,8118,7595,15713,2020-06-01
DE73,591,787,1378,7774,7350,15124,2020-06-01
DE74,432,485,917,4726,4174,8900,2020-06-01
DE75,877,1064,1941,6423,5568,11991,2020-06-01
DG1,1176,1361,2537,9945,9053,18998,2020-06-01
DG2,1321,1722,3043,7697,6853,14550,2020-06-01
DG3,169,236,405,1800,1692,3492,2020-06-01
DG4,206,308,514,1475,1122,2597,2020-06-01
DG5,216,247,463,1926,1800,3726,2020-06-01
DG6,265,289,554,1888,1804,3692,2020-06-01
DG7,446,517,963,4665,4487,9152,2020-06-01
DG8,467,615,1082,4761,4300,9061,2020-06-01
DG9,780,943,1723,5560,4895,10455,2020-06-01
DG10,160,200,360,1503,1313,2816,2020-06-01
DG11,471,600,1071,5047,4561,9608,2020-06-01
DG12,664,804,1468,4341,3730,8071,2020-06-01
DG13,111,138,249,1068,959,2027,2020-06-01
DG14,37,40,77,561,506,1067,2020-06-01
DG16,150,203,353,1392,1250,2642,2020-06-01
DH1,2116,2368,4484,13668,12212,25880,2020-06-01
DH2,1356,2002,3358,10669,8986,19655,2020-06-01
DH3,1274,1701,2975,8978,7587,16565,2020-06-01
DH4,1674,2107,3781,11893,10120,22013,2020-06-01
DH5,1021,1557,2578,6830,5444,12274,2020-06-01
DH6,1508,2145,3653,12059,10314,22373,2020-06-01
DH7,1833,2648,4481,14529,12567,27096,2020-06-01
DH8,1752,2355,4107,13638,11841,25479,2020-06-01
DH9,1997,2717,4714,11779,9368,21147,2020-06-01
DH10,0,0,0,1,0,1,2020-06-01
DL1,2914,3969,6883,15114,11652,26766,2020-06-01
DL2,464,553,1017,7213,7086,14299,2020-06-01
DL3,2334,2813,5147,14855,12837,27692,2020-06-01
DL4,601,782,1383,3091,2340,5431,2020-06-01
DL5,1532,1994,3526,9947,8576,18523,2020-06-01
DL6,544,659,1203,5856,5439,11295,2020-06-01
DL7,358,480,838,5945,5825,11770,2020-06-01
DL8,395,526,921,7782,7374,15156,2020-06-01
DL9,2310,1267,3577,5241,3534,8775,2020-06-01
DL10,601,805,1406,7066,6716,13782,2020-06-01
DL11,111,119,230,2169,2077,4246,2020-06-01
DL12,354,466,820,4739,4354,9093,2020-06-01
DL13,412,552,964,5456,4765,10221,2020-06-01
DL14,1706,2329,4035,12706,10729,23435,2020-06-01
DL15,933,1310,2243,7727,6577,14304,2020-06-01
DL16,880,1171,2051,7673,6572,14245,2020-06-01
DL17,889,1295,2184,6073,4800,10873,2020-06-01
DN0,1,0,1,1,0,1,2020-06-01
DN1,1218,1014,2232,2612,1077,3689,2020-06-01
DN2,1758,2117,3875,7907,5886,13793,2020-06-01
DN3,1123,1543,2666,11018,9561,20579,2020-06-01
DN4,3116,3726,6842,18322,14561,32883,2020-06-01
DN5,1950,2609,4559,13586,11647,25233,2020-06-01
DN6,1879,2492,4371,10045,8073,18118,2020-06-01
DN7,1119,1574,2693,7622,6239,13861,2020-06-01
DN8,996,1382,2378,6101,4709,10810,2020-06-01
DN9,593,732,1325,8573,8148,16721,2020-06-01
DN10,327,405,732,5179,4835,10014,2020-06-01
DN11,1373,1867,3240,10015,8644,18659,2020-06-01
DN12,1590,2115,3705,7301,5623,12924,2020-06-01
DN14,2021,2820,4841,17398,14547,31945,2020-06-01
DN15,2584,2678,5262,12124,9277,21401,2020-06-01
DN16,1675,2028,3703,10487,8835,19322,2020-06-01
DN17,1765,2239,4004,12962,11227,24189,2020-06-01
DN18,529,730,1259,4600,3826,8426,2020-06-01
DN19,174,212,386,2547,2295,4842,2020-06-01
DN20,597,736,1333,7499,6638,14137,2020-06-01
DN21,1749,2313,4062,13649,11986,25635,2020-06-01
DN22,1370,1753,3123,13396,12163,25559,2020-06-01
DN24,0,0,0,0,1,1,2020-06-01
DN31,853,1010,1863,2448,1566,4014,2020-06-01
DN32,2500,2748,5248,7677,5574,13251,2020-06-01
DN33,1294,1510,2804,6463,5473,11936,2020-06-01
DN34,1144,1453,2597,6378,5140,11518,2020-06-01
DN35,1956,2385,4341,10953,9017,19970,2020-06-01
DN36,550,698,1248,8113,7534,15647,2020-06-01
DN37,889,1094,1983,8009,7185,15194,2020-06-01
DN38,76,109,185,1141,1052,2193,2020-06-01
DN39,91,109,200,1144,1000,2144,2020-06-01
DN40,674,914,1588,4634,3539,8173,2020-06-01
DN41,153,187,340,2579,2462,5041,2020-06-01
DT0,0,0,0,0,1,1,2020-06-01
DT1,854,1041,1895,7393,6996,14389,2020-06-01
DT2,670,759,1429,10566,10343,20909,2020-06-01
DT3,858,1016,1874,9506,8849,18355,2020-06-01
DT4,2137,2341,4478,12978,11238,24216,2020-06-01
DT5,706,842,1548,4362,3809,8171,2020-06-01
DT6,758,853,1611,8495,8424,16919,2020-06-01
DT7,229,235,464,2183,2108,4291,2020-06-01
DT8,160,221,381,2438,2373,4811,2020-06-01
DT9,694,816,1510,8241,8193,16434,2020-06-01
DT10,305,372,677,4847,4611,9458,2020-06-01
DT11,1163,1207,2370,12141,10986,23127,2020-06-01
DY1,2199,2694,4893,10711,8491,19202,2020-06-01
DY2,2539,3233,5772,10746,7942,18688,2020-06-01
DY3,1358,1718,3076,12299,10758,23057,2020-06-01
DY4,3138,4192,7330,13315,9864,23179,2020-06-01
DY5,2234,3043,5277,13806,11201,25007,2020-06-01
DY6,805,1059,1864,10895,9961,20856,2020-06-01
DY7,183,208,391,3212,3142,6354,2020-06-01
DY8,2045,2468,4513,18380,16545,34925,2020-06-01
DY9,1386,1709,3095,11050,9758,20808,2020-06-01
DY10,1708,2046,3754,13145,11750,24895,2020-06-01
DY11,1426,1760,3186,11478,9962,21440,2020-06-01
DY12,344,431,775,5044,4658,9702,2020-06-01
DY13,814,1015,1829,8830,8029,16859,2020-06-01
DY14,214,208,422,3654,3376,7030,2020-06-01
E1,11712,9045,20757,18265,9281,27546,2020-06-01
E1,0,1,1,0,0,0,2020-06-01
E1,1,0,1,0,0,0,2020-06-01
E1,1143,1277,2420,4782,3156,7938,2020-06-01
E2,5955,5927,11882,12458,7689,20147,2020-06-01
E2,0,1,1,0,0,0,2020-06-01
E2,0,0,0,0,1,1,2020-06-01
E3,7288,7413,14701,16229,10586,26815,2020-06-01
E4,4852,5476,10328,22811,19161,41972,2020-06-01
E5,7624,7767,15391,12491,8534,21025,2020-06-01
E6,17690,13758,31448,24332,12831,37163,2020-06-01
E7,13091,9196,22287,16365,8596,24961,2020-06-01
E8,5814,6285,12099,11070,7996,19066,2020-06-01
E9,5933,6610,12543,9884,7251,17135,2020-06-01
E10,8208,6921,15129,14846,8692,23538,2020-06-01
E11,7161,6814,13975,18982,13876,32858,2020-06-01
E12,9825,7211,17036,12545,6619,19164,2020-06-01
E13,10543,8219,18762,13777,7389,21166,2020-06-01
E14,10575,11021,21596,26686,15857,42543,2020-06-01
E15,9912,8803,18715,15993,9034,25027,2020-06-01
E16,7849,8269,16118,15798,9575,25373,2020-06-01
E17,15931,14798,30729,34817,23401,58218,2020-06-01
E18,1460,1567,3027,7273,6243,13516,2020-06-01
E19,1,0,1,1,0,1,2020-06-01
E20,455,550,1005,1732,1092,2824,2020-06-01
EC1,16,6,22,21,6,27,2020-06-01
EC1,83,66,149,348,205,553,2020-06-01
EC1,2,0,2,1,0,1,2020-06-01
EC1,0,0,0,0,1,1,2020-06-01
EC1,112,97,209,461,259,720,2020-06-01
EC1,318,345,663,723,381,1104,2020-06-01
EC1,2,2,4,4,0,4,2020-06-01
EC1,1,0,1,0,0,0,2020-06-01
EC1,577,667,1244,1533,1025,2558,2020-06-01
EC1,0,0,0,1,0,1,2020-06-01
EC1,2,1,3,0,0,0,2020-06-01
EC1,1651,1691,3342,3795,2266,6061,2020-06-01
EC1,395,408,803,1075,638,1713,2020-06-01
EC1,0,0,0,1,0,1,2020-06-01
EC2,1,1,2,6,2,8,2020-06-01
EC2,131,110,241,567,303,870,2020-06-01
EC2,0,1,1,2,0,2,2020-06-01
EC2,22,9,31,158,31,189,2020-06-01
EC2,4,3,7,29,6,35,2020-06-01
EC2,0,0,0,5,2,7,2020-06-01
EC2,1,1,2,43,16,59,2020-06-01
EC2,0,0,0,1,0,1,2020-06-01
EC2,4,5,9,95,26,121,2020-06-01
EC2,200,191,391,1444,999,2443,2020-06-01
EC3,0,1,1,1,0,1,2020-06-01
EC3,7,5,12,68,9,77,2020-06-01
EC3,5,4,9,22,7,29,2020-06-01
EC3,32,26,58,146,58,204,2020-06-01
EC3,1,0,1,1,1,2,2020-06-01
EC3,22,14,36,62,29,91,2020-06-01
EC3,4,1,5,53,17,70,2020-06-01
EC3,1,0,1,0,0,0,2020-06-01
EC4,2,1,3,3,1,4,2020-06-01
EC4,48,25,73,143,84,227,2020-06-01
EC4,0,0,0,1,0,1,2020-06-01
EC4,0,0,0,1,0,1,2020-06-01
EC4,17,15,32,129,52,181,2020-06-01
EC4,7,2,9,70,19,89,2020-06-01
EC4,0,0,0,9,4,13,2020-06-01
EC4,6,5,11,44,13,57,2020-06-01
EC4,1,0,1,0,0,0,2020-06-01
EC4,28,27,55,180,97,277,2020-06-01
EC4,0,0,0,1,0,1,2020-06-01
EC4,21,16,37,122,70,192,2020-06-01
EC8,0,1,1,0,0,0,2020-06-01
EC10,1,0,1,0,0,0,2020-06-01
EC11,0,1,1,0,0,0,2020-06-01
EC12,0,0,0,1,0,1,2020-06-01
EC14,1,2,3,3,0,3,2020-06-01
EC15,0,0,0,1,0,1,2020-06-01
EC16,0,0,0,1,0,1,2020-06-01
EC17,1,0,1,2,2,4,2020-06-01
EC19,0,1,1,0,0,0,2020-06-01
EC24,0,0,0,0,1,1,2020-06-01
EC27,0,0,0,3,0,3,2020-06-01
EC28,0,0,0,1,0,1,2020-06-01
EC31,0,0,0,0,1,1,2020-06-01
EC34,1,0,1,0,0,0,2020-06-01
EC47,0,0,0,4,0,4,2020-06-01
EC77,1,0,1,0,0,0,2020-06-01
EH0,1,5,6,1,3,4,2020-06-01
EH1,586,532,1118,1445,1016,2461,2020-06-01
EH1,0,1,1,0,0,0,2020-06-01
EH2,114,105,219,427,244,671,2020-06-01
EH3,1863,1926,3789,7437,6313,13750,2020-06-01
EH3,0,0,0,1,0,1,2020-06-01
EH4,3848,4315,8163,17997,16084,34081,2020-06-01
EH5,1586,1895,3481,6461,5403,11864,2020-06-01
EH6,3394,3559,6953,12210,9831,22041,2020-06-01
EH7,2823,3097,5920,10260,8071,18331,2020-06-01
EH8,1879,1946,3825,5810,4647,10457,2020-06-01
EH9,1388,1529,2917,6335,5934,12269,2020-06-01
EH10,1977,1898,3875,12941,11538,24479,2020-06-01
EH11,3797,3844,7641,10275,7637,17912,2020-06-01
EH12,1960,2454,4414,14145,13107,27252,2020-06-01
EH13,938,1038,1976,4807,4373,9180,2020-06-01
EH14,2731,2961,5692,13271,11343,24614,2020-06-01
EH15,1388,1595,2983,6936,6310,13246,2020-06-01
EH16,2516,2935,5451,9333,7737,17070,2020-06-01
EH17,1460,1896,3356,6261,5079,11340,2020-06-01
EH18,100,142,242,836,816,1652,2020-06-01
EH19,677,908,1585,5267,4921,10188,2020-06-01
EH20,346,500,846,2334,1976,4310,2020-06-01
EH21,1559,1863,3422,8334,7444,15778,2020-06-01
EH22,1831,2359,4190,10948,9642,20590,2020-06-01
EH23,482,661,1143,3271,2926,6197,2020-06-01
EH24,78,129,207,734,708,1442,2020-06-01
EH25,156,210,366,1244,1174,2418,2020-06-01
EH26,876,1164,2040,6046,5413,11459,2020-06-01
EH27,142,159,301,1084,1012,2096,2020-06-01
EH28,149,204,353,1313,1159,2472,2020-06-01
EH29,198,282,480,1934,1824,3758,2020-06-01
EH30,455,653,1108,3782,3493,7275,2020-06-01
EH31,84,90,174,1045,1035,2080,2020-06-01
EH32,942,1210,2152,6964,6277,13241,2020-06-01
EH33,677,874,1551,4752,4238,8990,2020-06-01
EH34,64,83,147,1016,1008,2024,2020-06-01
EH35,82,146,228,855,728,1583,2020-06-01
EH36,12,8,20,168,167,335,2020-06-01
EH37,48,83,131,640,603,1243,2020-06-01
EH38,13,12,25,167,182,349,2020-06-01
EH39,348,485,833,3812,3677,7489,2020-06-01
EH40,69,84,153,841,820,1661,2020-06-01
EH41,505,650,1155,4813,4546,9359,2020-06-01
EH42,484,623,1107,4198,3946,8144,2020-06-01
EH43,46,64,110,284,257,541,2020-06-01
EH44,124,161,285,1276,1189,2465,2020-06-01
EH45,454,560,1014,4075,3918,7993,2020-06-01
EH46,129,143,272,1477,1495,2972,2020-06-01
EH47,1459,2047,3506,9213,7713,16926,2020-06-01
EH48,1794,2322,4116,13434,11759,25193,2020-06-01
EH49,662,853,1515,6038,5694,11732,2020-06-01
EH51,713,883,1596,5182,4585,9767,2020-06-01
EH52,976,1326,2302,7271,6287,13558,2020-06-01
EH53,479,596,1075,4263,3872,8135,2020-06-01
EH54,3660,4680,8340,18294,15710,34004,2020-06-01
EH55,423,532,955,3069,2622,5691,2020-06-01
EN0,0,0,0,0,1,1,2020-06-01
EN1,3711,4526,8237,15457,13401,28858,2020-06-01
EN2,1705,2212,3917,10917,9871,20788,2020-06-01
EN3,6127,7909,14036,17686,13514,31200,2020-06-01
EN4,1627,1852,3479,10018,9053,19071,2020-06-01
EN5,2641,3232,5873,14297,12924,27221,2020-06-01
EN6,1317,1482,2799,11565,11010,22575,2020-06-01
EN7,870,955,1825,8643,8229,16872,2020-06-01
EN8,2385,2799,5184,13721,11406,25127,2020-06-01
EN9,1146,1334,2480,9722,8609,18331,2020-06-01
EN10,739,874,1613,6806,6404,13210,2020-06-01
EN11,1042,1123,2165,8566,7551,16117,2020-06-01
EX0,0,0,0,1,0,1,2020-06-01
EX1,1335,1550,2885,7601,6841,14442,2020-06-01
EX2,2186,2657,4843,15011,13673,28684,2020-06-01
EX3,167,157,324,1889,1948,3837,2020-06-01
EX4,3457,3858,7315,16021,13452,29473,2020-06-01
EX5,672,768,1440,9509,9258,18767,2020-06-01
EX6,391,428,819,6102,5880,11982,2020-06-01
EX7,628,743,1371,5111,4726,9837,2020-06-01
EX8,1719,2056,3775,13686,12656,26342,2020-06-01
EX9,160,231,391,2749,2754,5503,2020-06-01
EX10,530,663,1193,6579,6646,13225,2020-06-01
EX11,235,283,518,3532,3565,7097,2020-06-01
EX12,269,404,673,3690,3517,7207,2020-06-01
EX13,404,489,893,5037,4840,9877,2020-06-01
EX14,663,835,1498,8445,7847,16292,2020-06-01
EX15,768,854,1622,8929,8401,17330,2020-06-01
EX16,1313,1567,2880,12255,11361,23616,2020-06-01
EX17,736,866,1602,7676,7272,14948,2020-06-01
EX18,105,97,202,1357,1304,2661,2020-06-01
EX19,69,106,175,1564,1469,3033,2020-06-01
EX20,714,904,1618,8403,7805,16208,2020-06-01
EX21,120,107,227,1902,1796,3698,2020-06-01
EX22,322,393,715,4684,4231,8915,2020-06-01
EX23,601,653,1254,6231,5888,12119,2020-06-01
EX24,104,128,232,1497,1505,3002,2020-06-01
EX31,920,1130,2050,10224,9591,19815,2020-06-01
EX32,1343,1569,2912,8277,7330,15607,2020-06-01
EX33,329,417,746,4007,3750,7757,2020-06-01
EX34,944,1094,2038,6296,5436,11732,2020-06-01
EX35,78,73,151,680,616,1296,2020-06-01
EX36,314,372,686,3685,3384,7069,2020-06-01
EX37,79,88,167,1651,1537,3188,2020-06-01
EX38,318,362,680,3184,2947,6131,2020-06-01
EX39,1549,1902,3451,14446,13389,27835,2020-06-01
FK1,1469,1894,3363,9714,8321,18035,2020-06-01
FK1,0,0,0,0,1,1,2020-06-01
FK2,2240,2817,5057,17402,15548,32950,2020-06-01
FK3,998,1267,2265,5375,4412,9787,2020-06-01
FK4,563,806,1369,4757,4276,9033,2020-06-01
FK5,768,1037,1805,7288,6860,14148,2020-06-01
FK6,662,861,1523,4962,4291,9253,2020-06-01
FK7,1548,2141,3689,10263,9439,19702,2020-06-01
FK8,1114,1214,2328,6163,5494,11657,2020-06-01
FK9,606,780,1386,4412,4066,8478,2020-06-01
FK10,1992,2604,4596,12484,11062,23546,2020-06-01
FK11,104,123,227,1016,1026,2042,2020-06-01
FK12,238,304,542,1757,1589,3346,2020-06-01
FK13,297,356,653,2167,1858,4025,2020-06-01
FK14,187,196,383,1825,1792,3617,2020-06-01
FK15,441,510,951,4098,3995,8093,2020-06-01
FK16,79,96,175,924,885,1809,2020-06-01
FK17,151,176,327,1372,1280,2652,2020-06-01
FK18,4,8,12,102,80,182,2020-06-01
FK19,24,29,53,263,210,473,2020-06-01
FK20,29,45,74,165,119,284,2020-06-01
FK21,43,53,96,401,339,740,2020-06-01
FY0,0,0,0,2,2,4,2020-06-01
FY1,3669,3712,7381,9215,5862,15077,2020-06-01
FY2,1440,1601,3041,8113,6939,15052,2020-06-01
FY3,2275,2757,5032,10081,8624,18705,2020-06-01
FY4,2694,3357,6051,14663,12341,27004,2020-06-01
FY5,1713,1945,3658,16504,15057,31561,2020-06-01
FY6,797,930,1727,11286,10717,22003,2020-06-01
FY7,1918,2130,4048,7948,6387,14335,2020-06-01
FY8,1834,2062,3896,16933,15773,32706,2020-06-01
G1,625,419,1044,1523,805,2328,2020-06-01
G2,326,228,554,597,281,878,2020-06-01
G2,0,1,1,0,0,0,2020-06-01
G3,1965,1679,3644,4972,3274,8246,2020-06-01
G4,1371,1022,2393,2652,1460,4112,2020-06-01
G5,1477,1243,2720,3187,2017,5204,2020-06-01
G6,0,3,3,4,0,4,2020-06-01
G7,1,0,1,4,2,6,2020-06-01
G8,0,0,0,2,0,2,2020-06-01
G9,0,0,0,3,0,3,2020-06-01
G10,0,2,2,0,0,0,2020-06-01
G11,1626,1691,3317,6035,5366,11401,2020-06-01
G12,1763,1665,3428,8179,7383,15562,2020-06-01
G13,2336,2670,5006,9796,8423,18219,2020-06-01
G14,1565,1781,3346,5091,4232,9323,2020-06-01
G15,1794,2061,3855,3986,3242,7228,2020-06-01
G16,2,1,3,0,0,0,2020-06-01
G17,0,0,0,0,1,1,2020-06-01
G18,0,1,1,0,1,1,2020-06-01
G19,1,0,1,0,0,0,2020-06-01
G20,3204,3389,6593,7818,6010,13828,2020-06-01
G21,3338,3644,6982,6596,4445,11041,2020-06-01
G22,1955,2278,4233,4053,2871,6924,2020-06-01
G23,572,737,1309,2098,1777,3875,2020-06-01
G24,1,0,1,0,0,0,2020-06-01
G25,0,2,2,1,0,1,2020-06-01
G26,0,0,0,1,0,1,2020-06-01
G29,0,0,0,1,0,1,2020-06-01
G30,3,0,3,1,0,1,2020-06-01
G31,2868,3014,5882,5890,4161,10051,2020-06-01
G32,2648,3324,5972,10768,8457,19225,2020-06-01
G33,3571,4240,7811,12633,10533,23166,2020-06-01
G34,1090,1300,2390,1743,1230,2973,2020-06-01
G35,1,1,2,0,0,0,2020-06-01
G36,0,2,2,2,0,2,2020-06-01
G38,0,0,0,1,0,1,2020-06-01
G39,0,0,0,0,1,1,2020-06-01
G40,1327,1558,2885,3118,2033,5151,2020-06-01
G41,2770,2887,5657,10706,8861,19567,2020-06-01
G42,3850,3267,7117,8236,5618,13854,2020-06-01
G43,1284,1400,2684,5449,4708,10157,2020-06-01
G44,1786,2211,3997,9248,8322,17570,2020-06-01
G45,1749,2001,3750,3330,2282,5612,2020-06-01
G46,1738,1942,3680,8523,7914,16437,2020-06-01
G47,1,1,2,1,0,1,2020-06-01
G48,2,0,2,2,1,3,2020-06-01
G49,0,0,0,3,0,3,2020-06-01
G50,2,0,2,1,1,2,2020-06-01
G51,3014,2944,5958,5837,3828,9665,2020-06-01
G52,2284,2849,5133,8002,6683,14685,2020-06-01
G53,2897,3458,6355,9765,8332,18097,2020-06-01
G54,1,0,1,2,0,2,2020-06-01
G55,0,2,2,1,1,2,2020-06-01
G56,1,1,2,1,0,1,2020-06-01
G57,0,1,1,0,0,0,2020-06-01
G58,0,0,0,1,0,1,2020-06-01
G60,271,292,563,1937,1859,3796,2020-06-01
G61,1051,1138,2189,11145,11064,22209,2020-06-01
G62,600,647,1247,5006,4998,10004,2020-06-01
G63,312,362,674,3840,3970,7810,2020-06-01
G64,1145,1461,2606,9667,9263,18930,2020-06-01
G65,800,993,1793,4606,3897,8503,2020-06-01
G66,1925,2389,4314,13926,12860,26786,2020-06-01
G67,2689,3290,5979,10378,8333,18711,2020-06-01
G68,793,912,1705,7231,6876,14107,2020-06-01
G69,1783,2252,4035,12389,11197,23586,2020-06-01
G70,0,0,0,1,1,2,2020-06-01
G71,1466,1864,3330,10723,10044,20767,2020-06-01
G72,2912,3600,6512,16924,14938,31862,2020-06-01
G73,2236,2621,4857,9829,8554,18383,2020-06-01
G74,1906,2339,4245,13271,11699,24970,2020-06-01
G75,2379,3074,5453,13578,11965,25543,2020-06-01
G76,954,1103,2057,8072,8090,16162,2020-06-01
G77,851,1025,1876,9897,10137,20034,2020-06-01
G78,1426,1747,3173,7847,7059,14906,2020-06-01
G80,1,0,1,0,0,0,2020-06-01
G81,2989,3696,6685,11152,9336,20488,2020-06-01
G82,1595,1991,3586,8688,7711,16399,2020-06-01
G83,1491,1976,3467,8056,7069,15125,2020-06-01
G84,1181,1417,2598,7825,7136,14961,2020-06-01
GL0,0,0,0,0,1,1,2020-06-01
GL1,3207,3374,6581,11138,7950,19088,2020-06-01
GL1,0,0,0,0,1,1,2020-06-01
GL2,2008,2489,4497,22159,20748,42907,2020-06-01
GL3,1270,1679,2949,12566,11588,24154,2020-06-01
GL4,2432,3026,5458,17057,15258,32315,2020-06-01
GL5,1508,1618,3126,11497,10833,22330,2020-06-01
GL6,831,936,1767,10033,9888,19921,2020-06-01
GL7,1664,1932,3596,17446,16657,34103,2020-06-01
GL8,263,360,623,3538,3520,7058,2020-06-01
GL9,52,62,114,1096,1065,2161,2020-06-01
GL10,584,592,1176,5660,5191,10851,2020-06-01
GL11,626,793,1419,7269,6836,14105,2020-06-01
GL12,503,486,989,6188,5843,12031,2020-06-01
GL13,148,177,325,2526,2275,4801,2020-06-01
GL14,705,853,1558,5781,5047,10828,2020-06-01
GL15,728,907,1635,8404,7713,16117,2020-06-01
GL16,468,636,1104,5336,4960,10296,2020-06-01
GL17,380,499,879,4688,4326,9014,2020-06-01
GL18,273,357,630,3367,3053,6420,2020-06-01
GL19,234,209,443,3691,3580,7271,2020-06-01
GL20,1088,1211,2299,11248,10371,21619,2020-06-01
GL50,1288,1534,2822,7597,6358,13955,2020-06-01
GL51,2801,3429,6230,18295,15802,34097,2020-06-01
GL52,2086,2311,4397,17295,16473,33768,2020-06-01
GL53,814,840,1654,7798,7653,15451,2020-06-01
GL54,783,867,1650,9938,9665,19603,2020-06-01
GL55,183,179,362,2307,2362,4669,2020-06-01
GL56,325,387,712,3785,3803,7588,2020-06-01
GU0,0,0,0,0,1,1,2020-06-01
GU1,2002,2154,4156,11565,10026,21591,2020-06-01
GU2,2242,2327,4569,10445,8693,19138,2020-06-01
GU3,395,405,800,4701,4597,9298,2020-06-01
GU4,576,623,1199,6592,6524,13116,2020-06-01
GU5,355,429,784,4382,4522,8904,2020-06-01
GU6,569,555,1124,6001,5977,11978,2020-06-01
GU7,1118,1217,2335,8695,8441,17136,2020-06-01
GU8,600,641,1241,7088,7088,14176,2020-06-01
GU9,1179,1442,2621,11409,11063,22472,2020-06-01
GU10,682,751,1433,9782,9675,19457,2020-06-01
GU11,1833,2086,3919,8847,6867,15714,2020-06-01
GU12,1544,1958,3502,12250,10910,23160,2020-06-01
GU13,735,14,749,370,29,399,2020-06-01
GU14,3030,3493,6523,21438,18805,40243,2020-06-01
GU15,1863,2022,3885,14232,12711,26943,2020-06-01
GU16,1042,983,2025,9836,8998,18834,2020-06-01
GU17,707,494,1201,5243,4188,9431,2020-06-01
GU18,146,182,328,2989,2953,5942,2020-06-01
GU19,228,223,451,2455,2359,4814,2020-06-01
GU20,124,137,261,1944,1926,3870,2020-06-01
GU21,2971,3263,6234,19280,16953,36233,2020-06-01
GU22,1890,2213,4103,14410,12772,27182,2020-06-01
GU23,231,242,473,2867,2804,5671,2020-06-01
GU24,852,768,1620,7176,6940,14116,2020-06-01
GU25,387,410,797,2805,2833,5638,2020-06-01
GU26,253,250,503,3141,3059,6200,2020-06-01
GU27,725,854,1579,6917,6734,13651,2020-06-01
GU28,261,260,521,2683,2637,5320,2020-06-01
GU29,309,432,741,3821,3972,7793,2020-06-01
GU30,370,432,802,4000,3972,7972,2020-06-01
GU31,388,440,828,4570,4500,9070,2020-06-01
GU32,519,617,1136,4625,4412,9037,2020-06-01
GU33,274,337,611,3345,3262,6607,2020-06-01
GU34,1142,1342,2484,12887,12376,25263,2020-06-01
GU35,1014,1177,2191,9692,8713,18405,2020-06-01
GU46,386,440,826,6155,5910,12065,2020-06-01
GU47,641,755,1396,7718,7296,15014,2020-06-01
GU51,797,762,1559,9807,9300,19107,2020-06-01
GU52,450,513,963,7190,7106,14296,2020-06-01
HA0,12826,10495,23321,18637,11359,29996,2020-06-01
HA1,4918,5062,9980,15175,11054,26229,2020-06-01
HA2,6159,6748,12907,21866,16671,38537,2020-06-01
HA3,8865,8548,17413,29722,21667,51389,2020-06-01
HA4,2798,3253,6051,19755,17774,37529,2020-06-01
HA5,2634,2968,5602,18113,16763,34876,2020-06-01
HA6,1258,1566,2824,9497,8855,18352,2020-06-01
HA7,3154,3400,6554,15612,13006,28618,2020-06-01
HA8,8980,8624,17604,27629,20227,47856,2020-06-01
HA9,10209,8349,18558,19516,12466,31982,2020-06-01
HD1,2613,2305,4918,6089,3683,9772,2020-06-01
HD2,2056,2681,4737,9245,7608,16853,2020-06-01
HD3,1439,1963,3402,10649,9684,20333,2020-06-01
HD4,1778,2308,4086,9525,7908,17433,2020-06-01
HD5,1752,2338,4090,9867,8386,18253,2020-06-01
HD6,1336,1537,2873,9326,8417,17743,2020-06-01
HD7,985,1298,2283,8333,7587,15920,2020-06-01
HD8,977,1215,2192,12753,12154,24907,2020-06-01
HD9,1300,1554,2854,13507,12602,26109,2020-06-01
HG1,1691,1976,3667,12349,11269,23618,2020-06-01
HG2,1438,1616,3054,11900,11441,23341,2020-06-01
HG3,914,1011,1925,10847,10593,21440,2020-06-01
HG4,928,1194,2122,9600,8932,18532,2020-06-01
HG5,647,732,1379,7243,6864,14107,2020-06-01
HP1,1297,1483,2780,9662,8825,18487,2020-06-01
HP2,2400,2998,5398,14839,12638,27477,2020-06-01
HP2,0,0,0,1,0,1,2020-06-01
HP3,1583,1878,3461,12830,11518,24348,2020-06-01
HP4,899,901,1800,9600,9464,19064,2020-06-01
HP5,1297,1518,2815,10008,9155,19163,2020-06-01
HP6,639,652,1291,5782,5688,11470,2020-06-01
HP7,421,479,900,4332,4166,8498,2020-06-01
HP8,229,253,482,2957,3020,5977,2020-06-01
HP9,639,709,1348,7160,7200,14360,2020-06-01
HP10,602,688,1290,7948,7891,15839,2020-06-01
HP11,1066,1167,2233,5754,4627,10381,2020-06-01
HP12,1532,1843,3375,8228,6407,14635,2020-06-01
HP13,2558,3135,5693,16056,13549,29605,2020-06-01
HP14,587,623,1210,7325,6990,14315,2020-06-01
HP15,461,540,1001,7111,6992,14103,2020-06-01
HP16,345,388,733,4931,4925,9856,2020-06-01
HP17,327,342,669,4299,4194,8493,2020-06-01
HP18,606,712,1318,7867,7560,15427,2020-06-01
HP19,1381,1801,3182,9059,7698,16757,2020-06-01
HP20,1016,1177,2193,5407,4381,9788,2020-06-01
HP21,1863,2348,4211,12348,10568,22916,2020-06-01
HP22,840,858,1698,11198,11083,22281,2020-06-01
HP23,645,736,1381,7027,6816,13843,2020-06-01
HP25,0,0,0,0,1,1,2020-06-01
HP27,391,408,799,5146,5029,10175,2020-06-01
HR1,1306,1482,2788,12421,11509,23930,2020-06-01
HR2,1835,2318,4153,13782,12220,26002,2020-06-01
HR3,174,225,399,3153,3063,6216,2020-06-01
HR4,1293,1481,2774,11006,10043,21049,2020-06-01
HR5,153,163,316,1865,1671,3536,2020-06-01
HR6,805,977,1782,7897,7166,15063,2020-06-01
HR7,220,249,469,2932,2612,5544,2020-06-01
HR8,473,574,1047,5521,5236,10757,2020-06-01
HR9,694,826,1520,8488,7883,16371,2020-06-01
HS1,307,334,641,1504,1325,2829,2020-06-01
HS2,519,672,1191,5190,4554,9744,2020-06-01
HS3,53,68,121,490,378,868,2020-06-01
HS4,16,17,33,103,77,180,2020-06-01
HS5,9,12,21,96,84,180,2020-06-01
HS6,56,96,152,625,549,1174,2020-06-01
HS7,66,101,167,466,390,856,2020-06-01
HS8,82,107,189,695,589,1284,2020-06-01
HS9,75,53,128,438,398,836,2020-06-01
HU1,394,279,673,1004,462,1466,2020-06-01
HU2,455,431,886,1057,435,1492,2020-06-01
HU3,3333,3267,6600,7290,4061,11351,2020-06-01
HU4,1495,1867,3362,7617,6093,13710,2020-06-01
HU5,3807,3935,7742,14345,11029,25374,2020-06-01
HU6,2833,3435,6268,8752,6282,15034,2020-06-01
HU7,3177,3865,7042,13841,11160,25001,2020-06-01
HU8,2261,2820,5081,10880,8546,19426,2020-06-01
HU9,3385,4178,7563,10755,7527,18282,2020-06-01
HU10,610,705,1315,7515,7154,14669,2020-06-01
HU11,347,426,773,5117,4606,9723,2020-06-01
HU12,908,1156,2064,9877,8815,18692,2020-06-01
HU13,667,862,1529,5522,4903,10425,2020-06-01
HU14,221,234,455,3466,3424,6890,2020-06-01
HU15,643,822,1465,9429,8960,18389,2020-06-01
HU16,588,707,1295,6026,5565,11591,2020-06-01
HU17,1823,1972,3795,16704,15451,32155,2020-06-01
HU18,384,482,866,3274,2858,6132,2020-06-01
HU19,446,531,977,2436,1683,4119,2020-06-01
HU20,25,25,50,368,366,734,2020-06-01
HU23,1,0,1,0,0,0,2020-06-01
HU30,1,0,1,0,0,0,2020-06-01
HU41,1,0,1,0,0,0,2020-06-01
HU44,0,0,0,0,1,1,2020-06-01
HX0,0,0,0,0,1,1,2020-06-01
HX1,2029,2561,4590,6779,4284,11063,2020-06-01
HX2,2139,2803,4942,12567,10679,23246,2020-06-01
HX3,2329,3035,5364,16084,13994,30078,2020-06-01
HX4,428,607,1035,4536,4292,8828,2020-06-01
HX5,558,723,1281,3432,2872,6304,2020-06-01
HX6,944,1187,2131,6769,5942,12711,2020-06-01
HX7,712,827,1539,4612,4578,9190,2020-06-01
IG1,11518,9855,21373,22111,13120,35231,2020-06-01
IG2,3259,3307,6566,10240,7392,17632,2020-06-01
IG3,5365,4972,10337,13332,8607,21939,2020-06-01
IG4,950,1005,1955,3736,2796,6532,2020-06-01
IG5,1348,1560,2908,6449,5322,11771,2020-06-01
IG6,2418,2808,5226,10565,8296,18861,2020-06-01
IG7,1340,1647,2987,8271,7331,15602,2020-06-01
IG8,2411,2806,5217,13923,12311,26234,2020-06-01
IG9,565,622,1187,5064,4822,9886,2020-06-01
IG10,1582,1917,3499,11935,11334,23269,2020-06-01
IG11,9163,8958,18121,18044,10920,28964,2020-06-01
IP1,2694,2844,5538,13366,10375,23741,2020-06-01
IP2,2022,2423,4445,10340,7990,18330,2020-06-01
IP3,1809,2278,4087,11799,9503,21302,2020-06-01
IP4,2011,2188,4199,13332,11227,24559,2020-06-01
IP5,543,624,1167,7507,7191,14698,2020-06-01
IP6,424,500,924,7087,6682,13769,2020-06-01
IP7,469,628,1097,6466,5958,12424,2020-06-01
IP8,293,368,661,4545,4151,8696,2020-06-01
IP9,303,341,644,4647,4445,9092,2020-06-01
IP10,74,85,159,1468,1434,2902,2020-06-01
IP11,1151,1501,2652,11945,10260,22205,2020-06-01
IP12,886,928,1814,9737,9339,19076,2020-06-01
IP13,561,622,1183,7726,7618,15344,2020-06-01
IP14,1234,1545,2779,16006,14565,30571,2020-06-01
IP15,81,95,176,876,926,1802,2020-06-01
IP16,326,355,681,2503,2215,4718,2020-06-01
IP17,405,512,917,4791,4679,9470,2020-06-01
IP18,120,147,267,1433,1443,2876,2020-06-01
IP19,291,338,629,4065,3788,7853,2020-06-01
IP20,249,269,518,3271,3064,6335,2020-06-01
IP21,256,314,570,4673,4413,9086,2020-06-01
IP22,816,841,1657,8798,8166,16964,2020-06-01
IP23,208,269,477,3022,2797,5819,2020-06-01
IP24,1782,2239,4021,9434,7569,17003,2020-06-01
IP25,660,785,1445,7371,6614,13985,2020-06-01
IP26,300,361,661,3421,3240,6661,2020-06-01
IP27,918,1101,2019,6177,5487,11664,2020-06-01
IP28,1061,1300,2361,9218,8917,18135,2020-06-01
IP29,224,279,503,3769,3642,7411,2020-06-01
IP30,378,463,841,5801,5533,11334,2020-06-01
IP31,535,711,1246,8371,7929,16300,2020-06-01
IP32,779,981,1760,5753,5297,11050,2020-06-01
IP33,1120,1332,2452,8275,7379,15654,2020-06-01
IV1,183,160,343,1033,961,1994,2020-06-01
IV2,2342,2843,5185,18087,16552,34639,2020-06-01
IV3,1473,1671,3144,6088,4956,11044,2020-06-01
IV3,0,0,0,0,1,1,2020-06-01
IV4,165,199,364,1836,1686,3522,2020-06-01
IV5,49,55,104,539,523,1062,2020-06-01
IV6,163,212,375,1814,1725,3539,2020-06-01
IV7,182,244,426,2383,2253,4636,2020-06-01
IV8,34,28,62,369,385,754,2020-06-01
IV9,55,55,110,465,460,925,2020-06-01
IV10,103,126,229,1099,1054,2153,2020-06-01
IV11,49,56,105,325,313,638,2020-06-01
IV12,608,784,1392,4687,4312,8999,2020-06-01
IV13,11,20,31,279,228,507,2020-06-01
IV14,61,97,158,856,767,1623,2020-06-01
IV15,338,370,708,1972,1744,3716,2020-06-01
IV16,60,76,136,711,656,1367,2020-06-01
IV17,379,461,840,2134,1854,3988,2020-06-01
IV18,306,372,678,2074,1730,3804,2020-06-01
IV19,232,266,498,1698,1539,3237,2020-06-01
IV20,133,180,313,1156,1047,2203,2020-06-01
IV21,50,52,102,456,396,852,2020-06-01
IV22,54,71,125,616,534,1150,2020-06-01
IV23,35,42,77,363,316,679,2020-06-01
IV24,42,68,110,569,512,1081,2020-06-01
IV25,84,110,194,982,946,1928,2020-06-01
IV26,105,121,226,716,698,1414,2020-06-01
IV27,157,161,318,1443,1245,2688,2020-06-01
IV28,16,14,30,195,195,390,2020-06-01
IV30,1606,1937,3543,12413,11189,23602,2020-06-01
IV31,331,424,755,2577,2290,4867,2020-06-01
IV32,197,188,385,1851,1757,3608,2020-06-01
IV33,1,0,1,1,1,2,2020-06-01
IV34,0,0,0,0,1,1,2020-06-01
IV36,701,934,1635,5974,5408,11382,2020-06-01
IV40,122,164,286,966,872,1838,2020-06-01
IV41,31,21,52,138,124,262,2020-06-01
IV42,17,22,39,198,182,380,2020-06-01
IV43,14,13,27,121,99,220,2020-06-01
IV44,10,11,21,107,100,207,2020-06-01
IV45,13,4,17,121,108,229,2020-06-01
IV46,5,5,10,38,31,69,2020-06-01
IV47,17,22,39,261,212,473,2020-06-01
IV48,0,3,3,36,31,67,2020-06-01
IV49,64,62,126,448,382,830,2020-06-01
IV51,212,279,491,2034,1806,3840,2020-06-01
IV52,18,25,43,120,127,247,2020-06-01
IV53,6,3,9,65,55,120,2020-06-01
IV54,47,75,122,564,477,1041,2020-06-01
IV55,40,48,88,532,489,1021,2020-06-01
IV56,10,5,15,152,128,280,2020-06-01
IV62,0,0,0,1,0,1,2020-06-01
IV63,120,126,246,1032,953,1985,2020-06-01
KA1,1432,1837,3269,9786,8562,18348,2020-06-01
KA2,289,390,679,2522,2306,4828,2020-06-01
KA3,1842,2535,4377,13425,12209,25634,2020-06-01
KA4,260,328,588,1908,1771,3679,2020-06-01
KA5,391,585,976,3543,3014,6557,2020-06-01
KA6,958,1234,2192,6528,5645,12173,2020-06-01
KA7,1222,1434,2656,10368,9914,20282,2020-06-01
KA8,1250,1686,2936,5512,4320,9832,2020-06-01
KA9,644,755,1399,5925,5544,11469,2020-06-01
KA10,637,788,1425,6075,5776,11851,2020-06-01
KA11,1126,1540,2666,7166,6339,13505,2020-06-01
KA12,1130,1559,2689,5525,4499,10024,2020-06-01
KA13,998,1290,2288,5550,4818,10368,2020-06-01
KA14,30,24,54,185,160,345,2020-06-01
KA15,311,387,698,2603,2298,4901,2020-06-01
KA16,190,184,374,1120,875,1995,2020-06-01
KA17,167,211,378,1523,1315,2838,2020-06-01
KA18,1026,1418,2444,7026,5742,12768,2020-06-01
KA19,348,465,813,2650,2359,5009,2020-06-01
KA20,695,845,1540,2648,2173,4821,2020-06-01
KA21,847,950,1797,3798,3276,7074,2020-06-01
KA22,674,955,1629,3423,2976,6399,2020-06-01
KA23,202,250,452,2018,1965,3983,2020-06-01
KA24,302,433,735,2027,1841,3868,2020-06-01
KA25,418,554,972,2227,1850,4077,2020-06-01
KA26,520,667,1187,3688,3132,6820,2020-06-01
KA27,234,306,540,1845,1757,3602,2020-06-01
KA28,47,73,120,430,365,795,2020-06-01
KA29,60,79,139,619,592,1211,2020-06-01
KA30,457,620,1077,4140,3728,7868,2020-06-01
KT1,1951,2077,4028,7649,6175,13824,2020-06-01
KT2,2324,2761,5085,12007,10892,22899,2020-06-01
KT3,3313,3648,6961,15818,13613,29431,2020-06-01
KT4,1574,1775,3349,11673,10746,22419,2020-06-01
KT5,1360,1439,2799,7716,6701,14417,2020-06-01
KT6,2086,2421,4507,11894,10497,22391,2020-06-01
KT7,459,490,949,4111,4135,8246,2020-06-01
KT8,1042,1158,2200,8014,7703,15717,2020-06-01
KT9,1362,1503,2865,7947,7102,15049,2020-06-01
KT10,966,960,1926,9293,9350,18643,2020-06-01
KT11,924,955,1879,7144,7263,14407,2020-06-01
KT12,1820,2015,3835,15305,14834,30139,2020-06-01
KT13,1009,1151,2160,10305,10010,20315,2020-06-01
KT14,612,644,1256,5429,5271,10700,2020-06-01
KT15,1290,1422,2712,11541,10764,22305,2020-06-01
KT16,853,1038,1891,7872,7352,15224,2020-06-01
KT17,1182,1179,2361,9810,9059,18869,2020-06-01
KT18,732,876,1608,6578,6580,13158,2020-06-01
KT19,2093,2401,4494,13533,12589,26122,2020-06-01
KT20,691,873,1564,8710,8530,17240,2020-06-01
KT21,430,538,968,5495,5497,10992,2020-06-01
KT22,1137,1155,2292,10140,9710,19850,2020-06-01
KT23,353,336,689,4538,4508,9046,2020-06-01
KT24,252,265,517,3937,3992,7929,2020-06-01
KW1,446,526,972,3840,3341,7181,2020-06-01
KW2,5,2,7,33,26,59,2020-06-01
KW3,33,42,75,404,359,763,2020-06-01
KW5,7,15,22,128,113,241,2020-06-01
KW6,15,8,23,163,118,281,2020-06-01
KW7,2,5,7,47,35,82,2020-06-01
KW8,27,38,65,321,269,590,2020-06-01
KW9,65,98,163,650,567,1217,2020-06-01
KW10,76,88,164,614,544,1158,2020-06-01
KW11,8,8,16,52,41,93,2020-06-01
KW12,41,61,102,638,595,1233,2020-06-01
KW13,2,4,6,34,32,66,2020-06-01
KW14,624,713,1337,4382,3737,8119,2020-06-01
KW15,417,505,922,2931,2693,5624,2020-06-01
KW16,152,227,379,1348,1247,2595,2020-06-01
KW17,376,428,804,3594,3267,6861,2020-06-01
KY1,1371,1757,3128,8461,6985,15446,2020-06-01
KY2,1514,2050,3564,10316,9108,19424,2020-06-01
KY3,534,653,1187,3943,3599,7542,2020-06-01
KY4,1149,1586,2735,7636,6343,13979,2020-06-01
KY5,1086,1558,2644,6507,5265,11772,2020-06-01
KY6,1070,1355,2425,6239,5462,11701,2020-06-01
KY7,1501,1826,3327,9297,8153,17450,2020-06-01
KY8,1872,2425,4297,11462,9832,21294,2020-06-01
KY9,71,71,142,724,748,1472,2020-06-01
KY10,400,491,891,3320,3119,6439,2020-06-01
KY11,3294,3998,7292,21712,19519,41231,2020-06-01
KY12,1898,2229,4127,14251,12873,27124,2020-06-01
KY13,366,413,779,4700,4660,9360,2020-06-01
KY14,218,294,512,2640,2429,5069,2020-06-01
KY15,767,1020,1787,8094,7616,15710,2020-06-01
KY16,1180,1353,2533,6302,5812,12114,2020-06-01
L1,672,580,1252,1520,851,2371,2020-06-01
L2,97,60,157,268,124,392,2020-06-01
L3,1155,1073,2228,3453,2179,5632,2020-06-01
L4,4069,4960,9029,9790,6734,16524,2020-06-01
L5,1514,1847,3361,3243,1971,5214,2020-06-01
L6,2974,2933,5907,5253,3005,8258,2020-06-01
L7,2628,2384,5012,3866,2007,5873,2020-06-01
L8,4502,4566,9068,7277,4490,11767,2020-06-01
L9,2405,3102,5507,9207,7055,16262,2020-06-01
L10,903,1290,2193,5058,4204,9262,2020-06-01
L11,2534,3481,6015,7296,5503,12799,2020-06-01
L12,1662,2191,3853,10791,9654,20445,2020-06-01
L13,2806,3338,6144,8193,5923,14116,2020-06-01
L14,2167,3065,5232,7720,6289,14009,2020-06-01
L15,2550,2683,5233,7200,5461,12661,2020-06-01
L16,703,840,1543,5366,4918,10284,2020-06-01
L17,1644,1729,3373,7131,6078,13209,2020-06-01
L18,1306,1580,2886,8908,8191,17099,2020-06-01
L19,1552,1838,3390,7722,6702,14424,2020-06-01
L20,3262,3839,7101,8409,5857,14266,2020-06-01
L21,2000,2614,4614,6861,5316,12177,2020-06-01
L22,972,1073,2045,4478,3753,8231,2020-06-01
L23,1603,1930,3533,11060,10238,21298,2020-06-01
L24,1355,1885,3240,4686,3455,8141,2020-06-01
L25,2036,2412,4448,11727,10164,21891,2020-06-01
L26,1061,1319,2380,5172,4577,9749,2020-06-01
L27,542,805,1347,1777,1329,3106,2020-06-01
L28,648,857,1505,1702,1085,2787,2020-06-01
L29,24,23,47,210,199,409,2020-06-01
L30,1516,2020,3536,5713,4508,10221,2020-06-01
L31,1266,1420,2686,11448,10487,21935,2020-06-01
L32,1771,2338,4109,5873,4408,10281,2020-06-01
L33,1575,2128,3703,5068,3912,8980,2020-06-01
L34,662,766,1428,4671,3898,8569,2020-06-01
L35,1711,2397,4108,10568,8793,19361,2020-06-01
L36,3170,4281,7451,12463,10252,22715,2020-06-01
L37,829,958,1787,9131,8917,18048,2020-06-01
L38,90,90,180,1049,1053,2102,2020-06-01
L39,1067,1168,2235,9995,9493,19488,2020-06-01
L40,583,617,1200,7642,7168,14810,2020-06-01
L41,112,128,240,102,51,153,2020-06-01
L42,58,43,101,73,32,105,2020-06-01
L43,86,125,211,146,122,268,2020-06-01
L44,47,30,77,65,24,89,2020-06-01
L45,21,24,45,58,37,95,2020-06-01
L46,18,25,43,70,34,104,2020-06-01
L47,15,13,28,38,29,67,2020-06-01
L48,12,13,25,50,38,88,2020-06-01
L49,24,33,57,60,48,108,2020-06-01
L52,0,1,1,0,0,0,2020-06-01
L60,6,17,23,92,86,178,2020-06-01
L61,13,12,25,40,48,88,2020-06-01
L62,28,29,57,64,46,110,2020-06-01
L63,19,19,38,78,44,122,2020-06-01
L64,27,22,49,107,97,204,2020-06-01
L65,24,24,48,57,28,85,2020-06-01
L66,25,29,54,120,96,216,2020-06-01
L67,0,1,1,0,0,0,2020-06-01
L69,18,5,23,28,6,34,2020-06-01
L71,0,1,1,0,0,0,2020-06-01
LA0,0,0,0,0,1,1,2020-06-01
LA1,3433,3981,7414,15033,12715,27748,2020-06-01
LA2,627,741,1368,8491,8191,16682,2020-06-01
LA3,1439,1642,3081,8992,7819,16811,2020-06-01
LA4,1483,1747,3230,8662,7341,16003,2020-06-01
LA5,508,620,1128,6398,6159,12557,2020-06-01
LA6,309,387,696,5514,5455,10969,2020-06-01
LA7,132,154,286,2052,1980,4032,2020-06-01
LA8,191,225,416,3838,3716,7554,2020-06-01
LA9,1189,1458,2647,11529,10597,22126,2020-06-01
LA10,112,102,214,1394,1337,2731,2020-06-01
LA11,245,288,533,4041,3945,7986,2020-06-01
LA12,678,820,1498,7863,7219,15082,2020-06-01
LA13,1029,1252,2281,6779,5924,12703,2020-06-01
LA14,2562,2995,5557,11662,9356,21018,2020-06-01
LA15,336,448,784,2765,2433,5198,2020-06-01
LA16,98,134,232,1346,1171,2517,2020-06-01
LA17,19,36,55,502,465,967,2020-06-01
LA18,352,454,806,2890,2382,5272,2020-06-01
LA19,16,41,57,422,392,814,2020-06-01
LA20,16,36,52,529,500,1029,2020-06-01
LA21,31,41,72,412,375,787,2020-06-01
LA22,231,242,473,1839,1673,3512,2020-06-01
LA23,439,435,874,3291,2957,6248,2020-06-01
LD0,0,0,0,1,0,1,2020-06-01
LD1,357,441,798,4460,4045,8505,2020-06-01
LD2,149,172,321,2172,2045,4217,2020-06-01
LD3,760,802,1562,7531,6938,14469,2020-06-01
LD4,19,21,40,304,290,594,2020-06-01
LD5,30,44,74,439,398,837,2020-06-01
LD6,76,115,191,1075,967,2042,2020-06-01
LD7,122,170,292,1868,1652,3520,2020-06-01
LD8,97,126,223,1805,1710,3515,2020-06-01
LE1,1827,1663,3490,2859,1409,4268,2020-06-01
LE2,9440,10395,19835,35499,28114,63613,2020-06-01
LE3,8216,9408,17624,32918,24843,57761,2020-06-01
LE4,9564,11543,21107,32606,24090,56696,2020-06-01
LE5,8953,10208,19161,28482,20804,49286,2020-06-01
LE6,333,429,762,4816,4431,9247,2020-06-01
LE7,1331,1728,3059,19321,18115,37436,2020-06-01
LE8,1018,1334,2352,15012,14451,29463,2020-06-01
LE9,1829,2289,4118,22685,20917,43602,2020-06-01
LE10,1787,2145,3932,19806,17725,37531,2020-06-01
LE11,3946,4008,7954,19426,15012,34438,2020-06-01
LE12,2062,2514,4576,25740,24231,49971,2020-06-01
LE13,1092,1402,2494,9907,8704,18611,2020-06-01
LE14,405,512,917,7425,7109,14534,2020-06-01
LE15,1023,1333,2356,13005,12376,25381,2020-06-01
LE16,1241,1402,2643,14112,13462,27574,2020-06-01
LE17,576,681,1257,9085,8454,17539,2020-06-01
LE18,1408,1872,3280,11764,10238,22002,2020-06-01
LE19,463,633,1096,5950,5582,11532,2020-06-01
LE62,0,1,1,0,0,0,2020-06-01
LE65,537,639,1176,6260,5765,12025,2020-06-01
LE67,2270,2887,5157,23599,20912,44511,2020-06-01
LL1,2,1,3,8,5,13,2020-06-01
LL2,0,0,0,3,0,3,2020-06-01
LL10,0,0,0,1,0,1,2020-06-01
LL11,1868,2365,4233,13360,11386,24746,2020-06-01
LL12,1214,1378,2592,10472,9534,20006,2020-06-01
LL13,2284,2644,4928,10917,8910,19827,2020-06-01
LL14,1706,2478,4184,11003,9109,20112,2020-06-01
LL15,385,442,827,3991,3783,7774,2020-06-01
LL16,647,825,1472,5585,5175,10760,2020-06-01
LL17,176,226,402,2152,2042,4194,2020-06-01
LL18,2587,3212,5799,13875,11914,25789,2020-06-01
LL19,957,1246,2203,7172,6404,13576,2020-06-01
LL20,360,357,717,3158,2763,5921,2020-06-01
LL21,197,258,455,2587,2329,4916,2020-06-01
LL22,676,872,1548,6976,6264,13240,2020-06-01
LL23,132,136,268,1570,1347,2917,2020-06-01
LL24,51,76,127,864,721,1585,2020-06-01
LL25,21,14,35,189,179,368,2020-06-01
LL26,177,238,415,1618,1403,3021,2020-06-01
LL27,33,50,83,315,277,592,2020-06-01
LL28,496,627,1123,5062,4847,9909,2020-06-01
LL29,1214,1421,2635,6761,5995,12756,2020-06-01
LL30,1118,1349,2467,7285,6474,13759,2020-06-01
LL31,391,491,882,3608,3448,7056,2020-06-01
LL32,289,374,663,2450,2299,4749,2020-06-01
LL33,194,226,420,1374,1269,2643,2020-06-01
LL34,193,281,474,1543,1407,2950,2020-06-01
LL35,20,29,49,294,245,539,2020-06-01
LL36,146,207,353,1665,1455,3120,2020-06-01
LL37,14,19,33,245,191,436,2020-06-01
LL38,15,39,54,281,220,501,2020-06-01
LL39,8,15,23,86,73,159,2020-06-01
LL40,162,193,355,1575,1393,2968,2020-06-01
LL41,311,425,736,2107,1709,3816,2020-06-01
LL42,138,172,310,775,643,1418,2020-06-01
LL43,12,16,28,208,185,393,2020-06-01
LL44,23,37,60,376,367,743,2020-06-01
LL45,29,16,45,244,227,471,2020-06-01
LL46,51,58,109,666,615,1281,2020-06-01
LL47,14,31,45,233,197,430,2020-06-01
LL48,99,123,222,898,809,1707,2020-06-01
LL49,224,213,437,1495,1263,2758,2020-06-01
LL51,26,28,54,338,287,625,2020-06-01
LL52,76,95,171,1001,955,1956,2020-06-01
LL53,491,565,1056,6105,5594,11699,2020-06-01
LL54,447,501,948,4115,3731,7846,2020-06-01
LL55,1020,1221,2241,7248,6542,13790,2020-06-01
LL56,102,89,191,838,791,1629,2020-06-01
LL57,1803,1829,3632,7538,6378,13916,2020-06-01
LL58,141,188,329,1395,1258,2653,2020-06-01
LL59,255,251,506,2057,1954,4011,2020-06-01
LL60,99,111,210,1186,1111,2297,2020-06-01
LL61,211,226,437,2306,2196,4502,2020-06-01
LL62,63,49,112,723,656,1379,2020-06-01
LL63,48,58,106,513,441,954,2020-06-01
LL64,34,29,63,309,273,582,2020-06-01
LL65,1264,1498,2762,8208,7152,15360,2020-06-01
LL66,6,9,15,110,101,211,2020-06-01
LL67,51,75,126,499,452,951,2020-06-01
LL68,255,317,572,2279,1980,4259,2020-06-01
LL69,24,34,58,288,231,519,2020-06-01
LL70,9,12,21,113,115,228,2020-06-01
LL71,68,71,139,697,639,1336,2020-06-01
LL72,35,46,81,262,239,501,2020-06-01
LL73,1,2,3,91,90,181,2020-06-01
LL74,75,67,142,970,938,1908,2020-06-01
LL75,54,50,104,540,527,1067,2020-06-01
LL76,11,11,22,121,115,236,2020-06-01
LL77,270,379,649,2513,2357,4870,2020-06-01
LL78,13,15,28,200,210,410,2020-06-01
LN1,1260,1430,2690,9739,8480,18219,2020-06-01
LN2,2204,2655,4859,13312,11542,24854,2020-06-01
LN3,295,346,641,3921,3582,7503,2020-06-01
LN4,1267,1606,2873,15314,13931,29245,2020-06-01
LN5,1970,2118,4088,11343,9391,20734,2020-06-01
LN6,2551,3179,5730,21575,19465,41040,2020-06-01
LN7,191,243,434,2614,2384,4998,2020-06-01
LN8,552,686,1238,7039,6425,13464,2020-06-01
LN9,327,367,694,3851,3527,7378,2020-06-01
LN10,140,168,308,2484,2333,4817,2020-06-01
LN11,1063,1309,2372,10966,10241,21207,2020-06-01
LN12,572,698,1270,4911,3950,8861,2020-06-01
LN13,326,352,678,3193,2916,6109,2020-06-01
LS0,0,1,1,0,0,0,2020-06-01
LS1,294,312,606,858,502,1360,2020-06-01
LS2,978,809,1787,1388,674,2062,2020-06-01
LS3,350,336,686,546,302,848,2020-06-01
LS4,830,827,1657,2241,1598,3839,2020-06-01
LS5,610,764,1374,2378,1862,4240,2020-06-01
LS6,3376,3256,6632,8694,6445,15139,2020-06-01
LS7,3095,3621,6716,8561,6799,15360,2020-06-01
LS8,4637,5058,9695,15027,11770,26797,2020-06-01
LS9,4558,5260,9818,9307,5193,14500,2020-06-01
LS10,2968,4020,6988,10460,7503,17963,2020-06-01
LS11,3977,4426,8403,9229,5441,14670,2020-06-01
LS12,3288,3936,7224,12233,8968,21201,2020-06-01
LS13,2577,3466,6043,10911,8755,19666,2020-06-01
LS14,2715,3666,6381,10573,8434,19007,2020-06-01
LS15,1798,2247,4045,12658,10942,23600,2020-06-01
LS16,1733,2101,3834,13087,12270,25357,2020-06-01
LS17,1752,2390,4142,16927,15819,32746,2020-06-01
LS18,1255,1062,2317,8207,7122,15329,2020-06-01
LS19,809,1022,1831,7401,6887,14288,2020-06-01
LS20,497,551,1048,4816,4630,9446,2020-06-01
LS21,703,861,1564,6931,6567,13498,2020-06-01
LS22,477,576,1053,6507,6366,12873,2020-06-01
LS23,280,306,586,3443,3444,6887,2020-06-01
LS24,363,468,831,4749,4453,9202,2020-06-01
LS25,1528,2097,3625,15661,14227,29888,2020-06-01
LS26,1313,1827,3140,10999,9831,20830,2020-06-01
LS27,1846,2516,4362,12962,10876,23838,2020-06-01
LS28,1758,2379,4137,14286,12963,27249,2020-06-01
LS29,1078,1170,2248,12654,12517,25171,2020-06-01
LS42,0,0,0,0,1,1,2020-06-01
LS70,0,0,0,1,0,1,2020-06-01
LU1,6304,5610,11914,15060,9374,24434,2020-06-01
LU2,4194,4927,9121,21933,17432,39365,2020-06-01
LU3,5091,6394,11485,21923,16234,38157,2020-06-01
LU4,5203,6411,11614,17933,12161,30094,2020-06-01
LU5,2150,2756,4906,15071,12467,27538,2020-06-01
LU6,1298,1651,2949,13602,11958,25560,2020-06-01
LU7,2074,2506,4580,23227,21180,44407,2020-06-01
M0,18,7,25,25,12,37,2020-06-01
M1,1049,755,1804,2551,1268,3819,2020-06-01
M2,15,11,26,52,30,82,2020-06-01
M3,1189,1016,2205,3844,2236,6080,2020-06-01
M4,1089,920,2009,3707,2356,6063,2020-06-01
M4,0,0,0,1,0,1,2020-06-01
M5,1896,1948,3844,4885,3152,8037,2020-06-01
M6,3410,3375,6785,9714,6865,16579,2020-06-01
M7,3469,3005,6474,8363,5581,13944,2020-06-01
M8,4860,4453,9313,10159,5768,15927,2020-06-01
M9,4200,5129,9329,11330,8302,19632,2020-06-01
M10,82,67,149,66,21,87,2020-06-01
M11,2658,3232,5890,5787,3872,9659,2020-06-01
M12,3117,2675,5792,4893,2643,7536,2020-06-01
M13,3908,3163,7071,5951,3101,9052,2020-06-01
M14,6256,5400,11656,10692,6517,17209,2020-06-01
M15,2670,2113,4783,5502,3038,8540,2020-06-01
M16,3831,4141,7972,11306,8369,19675,2020-06-01
M17,3,5,8,14,4,18,2020-06-01
M18,2754,3158,5912,6213,4140,10353,2020-06-01
M19,3940,3996,7936,11342,8375,19717,2020-06-01
M20,3381,3689,7070,15752,13777,29529,2020-06-01
M21,2186,2441,4627,9961,8837,18798,2020-06-01
M22,3797,4653,8450,12275,9611,21886,2020-06-01
M23,2520,3120,5640,9431,7826,17257,2020-06-01
M24,3350,4037,7387,15776,12892,28668,2020-06-01
M25,1927,2175,4102,10993,9594,20587,2020-06-01
M26,2074,2597,4671,12158,10438,22596,2020-06-01
M27,2371,2904,5275,13827,11863,25690,2020-06-01
M28,1875,2189,4064,15331,14080,29411,2020-06-01
M29,1005,1193,2198,8787,7989,16776,2020-06-01
M30,2809,3239,6048,12069,9405,21474,2020-06-01
M31,718,879,1597,2527,2152,4679,2020-06-01
M32,2099,2498,4597,9499,8219,17718,2020-06-01
M33,2941,3327,6268,22489,20697,43186,2020-06-01
M34,2598,3166,5764,16440,14061,30501,2020-06-01
M35,1294,1547,2841,6918,5798,12716,2020-06-01
M38,1168,1548,2716,3707,2775,6482,2020-06-01
M39,0,1,1,1,0,1,2020-06-01
M40,4419,5248,9667,12074,8610,20684,2020-06-01
M41,1882,2175,4057,15271,14220,29491,2020-06-01
M43,1437,2019,3456,7833,6324,14157,2020-06-01
M44,1085,1417,2502,6801,5713,12514,2020-06-01
M45,1301,1631,2932,7936,7146,15082,2020-06-01
M46,1142,1414,2556,7641,6328,13969,2020-06-01
M47,1,0,1,0,0,0,2020-06-01
M50,325,316,641,1504,905,2409,2020-06-01
M51,0,0,0,1,0,1,2020-06-01
M52,0,0,0,1,0,1,2020-06-01
M54,0,0,0,1,0,1,2020-06-01
M60,38,17,55,61,15,76,2020-06-01
M61,0,0,0,1,1,2,2020-06-01
M70,2,0,2,4,1,5,2020-06-01
M73,0,0,0,1,0,1,2020-06-01
M74,0,0,0,2,0,2,2020-06-01
M87,0,1,1,0,0,0,2020-06-01
M90,1,0,1,1,0,1,2020-06-01
ME1,1802,2246,4048,11266,9696,20962,2020-06-01
ME2,2228,2852,5080,15138,13018,28156,2020-06-01
ME3,1080,1306,2386,11569,10552,22121,2020-06-01
ME4,2869,3128,5997,10095,7320,17415,2020-06-01
ME5,2466,3302,5768,19357,16962,36319,2020-06-01
ME6,500,648,1148,4037,3704,7741,2020-06-01
ME7,3872,4807,8679,17036,13602,30638,2020-06-01
ME8,2150,2644,4794,18828,16978,35806,2020-06-01
ME9,794,925,1719,9126,8390,17516,2020-06-01
ME10,2680,3208,5888,17601,15191,32792,2020-06-01
ME11,291,351,642,1209,979,2188,2020-06-01
ME12,2162,2803,4965,14000,11625,25625,2020-06-01
ME13,1341,1609,2950,10210,9426,19636,2020-06-01
ME14,1508,1695,3203,12416,10676,23092,2020-06-01
ME15,2625,3182,5807,18587,15840,34427,2020-06-01
ME16,1537,1914,3451,12153,10488,22641,2020-06-01
ME17,774,890,1664,10533,9699,20232,2020-06-01
ME18,226,249,475,2938,2772,5710,2020-06-01
ME19,721,897,1618,9428,9246,18674,2020-06-01
ME20,811,944,1755,8151,7687,15838,2020-06-01
ME21,0,0,0,1,0,1,2020-06-01
ME22,0,0,0,1,0,1,2020-06-01
ME24,0,1,1,3,5,8,2020-06-01
ME30,0,0,0,1,0,1,2020-06-01
ME37,0,0,0,0,1,1,2020-06-01
ME38,0,0,0,1,0,1,2020-06-01
ME50,0,0,0,1,0,1,2020-06-01
MK1,67,60,127,305,169,474,2020-06-01
MK2,1397,1821,3218,5082,3792,8874,2020-06-01
MK3,1415,1837,3252,9286,8243,17529,2020-06-01
MK4,1134,1472,2606,8208,7712,15920,2020-06-01
MK5,922,1046,1968,5678,5225,10903,2020-06-01
MK6,3553,4151,7704,9136,6298,15434,2020-06-01
MK7,780,949,1729,5697,5144,10841,2020-06-01
MK8,718,953,1671,5072,4477,9549,2020-06-01
MK9,508,450,958,1353,667,2020,2020-06-01
MK10,983,1279,2262,7077,6492,13569,2020-06-01
MK11,542,705,1247,3425,3082,6507,2020-06-01
MK12,1153,1386,2539,4833,3725,8558,2020-06-01
MK13,1577,1806,3383,6801,5412,12213,2020-06-01
MK14,1793,2140,3933,7726,5952,13678,2020-06-01
MK15,403,443,846,2820,2646,5466,2020-06-01
MK16,748,881,1629,7363,6881,14244,2020-06-01
MK17,518,572,1090,7876,7709,15585,2020-06-01
MK18,1507,1580,3087,12959,12488,25447,2020-06-01
MK19,373,434,807,4908,4651,9559,2020-06-01
MK20,0,1,1,0,0,0,2020-06-01
MK34,1,0,1,1,0,1,2020-06-01
MK40,2939,2911,5850,12078,9079,21157,2020-06-01
MK41,2304,2666,4970,15556,14176,29732,2020-06-01
MK42,3460,4633,8093,17665,14204,31869,2020-06-01
MK43,1398,1419,2817,15456,14877,30333,2020-06-01
MK44,471,481,952,6824,6684,13508,2020-06-01
MK45,1486,1672,3158,19062,18066,37128,2020-06-01
MK46,260,328,588,3668,3540,7208,2020-06-01
ML1,3244,4223,7467,18754,15582,34336,2020-06-01
ML2,2285,2858,5143,12518,10372,22890,2020-06-01
ML3,2978,3802,6780,17704,14908,32612,2020-06-01
ML4,1498,1990,3488,6841,5542,12383,2020-06-01
ML5,2962,3762,6724,14468,11838,26306,2020-06-01
ML6,3013,3909,6922,18402,15578,33980,2020-06-01
ML7,753,1030,1783,5107,4236,9343,2020-06-01
ML8,689,990,1679,7197,6607,13804,2020-06-01
ML9,1221,1663,2884,8159,7056,15215,2020-06-01
ML10,404,473,877,4381,4211,8592,2020-06-01
ML11,1335,1887,3222,12686,11246,23932,2020-06-01
ML12,224,394,618,3626,3309,6935,2020-06-01
N0,1,0,1,1,0,1,2020-06-01
N1,11008,12128,23136,26025,18850,44875,2020-06-01
N1,82,124,206,267,185,452,2020-06-01
N1,0,1,1,0,1,1,2020-06-01
N1,0,1,1,0,0,0,2020-06-01
N1,1,0,1,0,0,0,2020-06-01
N1,0,0,0,0,1,1,2020-06-01
N2,2295,2491,4786,9170,8183,17353,2020-06-01
N2,0,0,0,0,1,1,2020-06-01
N3,2495,2768,5263,11687,10026,21713,2020-06-01
N4,7627,7282,14909,15853,11054,26907,2020-06-01
N5,2557,2879,5436,7760,6288,14048,2020-06-01
N6,1515,1811,3326,7164,6402,13566,2020-06-01
N7,6244,6629,12873,13418,9297,22715,2020-06-01
N8,4929,4865,9794,13408,10704,24112,2020-06-01
N9,7134,8306,15440,15711,11115,26826,2020-06-01
N10,2592,2977,5569,9428,8355,17783,2020-06-01
N11,3152,3421,6573,10887,8300,19187,2020-06-01
N12,2822,3138,5960,12510,10483,22993,2020-06-01
N13,3428,3452,6880,12358,9420,21778,2020-06-01
N14,2143,2527,4670,12245,10245,22490,2020-06-01
N15,8485,7546,16031,13693,7988,21681,2020-06-01
N16,9503,8778,18281,17983,12056,30039,2020-06-01
N17,12525,12326,24851,19079,11738,30817,2020-06-01
N18,5015,5554,10569,9870,6621,16491,2020-06-01
N19,4411,5056,9467,10046,7806,17852,2020-06-01
N20,1394,1557,2951,8095,7431,15526,2020-06-01
N21,1326,1508,2834,9130,8385,17515,2020-06-01
N22,6729,6430,13159,14750,9727,24477,2020-06-01
NE1,895,665,1560,1862,801,2663,2020-06-01
NE2,1603,1415,3018,5588,4097,9685,2020-06-01
NE2,0,0,0,1,0,1,2020-06-01
NE3,2982,3718,6700,17906,15499,33405,2020-06-01
NE4,5242,4503,9745,9396,4995,14391,2020-06-01
NE5,3141,4284,7425,14551,11197,25748,2020-06-01
NE6,4511,5166,9677,11973,8325,20298,2020-06-01
NE7,821,1042,1863,5282,4484,9766,2020-06-01
NE8,3237,3202,6439,8317,4914,13231,2020-06-01
NE9,2229,2911,5140,11225,8896,20121,2020-06-01
NE10,2354,3136,5490,10063,7332,17395,2020-06-01
NE11,940,1277,2217,5181,4008,9189,2020-06-01
NE12,1965,2654,4619,11598,9885,21483,2020-06-01
NE13,615,749,1364,6452,6073,12525,2020-06-01
NE15,2221,2882,5103,10254,8052,18306,2020-06-01
NE16,1006,1418,2424,8852,7688,16540,2020-06-01
NE17,261,338,599,1493,1222,2715,2020-06-01
NE18,25,28,53,394,376,770,2020-06-01
NE19,40,71,111,874,843,1717,2020-06-01
NE20,327,342,669,5112,5042,10154,2020-06-01
NE21,939,1309,2248,5707,4565,10272,2020-06-01
NE22,851,1058,1909,6111,5317,11428,2020-06-01
NE23,1823,2603,4426,13584,11664,25248,2020-06-01
NE24,2108,2938,5046,12640,10466,23106,2020-06-01
NE25,1224,1539,2763,10954,10214,21168,2020-06-01
NE26,869,948,1817,6915,6485,13400,2020-06-01
NE27,684,966,1650,4979,4437,9416,2020-06-01
NE28,3154,4240,7394,13529,10532,24061,2020-06-01
NE29,2533,3163,5696,10363,8341,18704,2020-06-01
NE30,907,1069,1976,7899,7315,15214,2020-06-01
NE31,1316,1694,3010,6670,5409,12079,2020-06-01
NE32,1658,2160,3818,7446,5827,13273,2020-06-01
NE33,2256,2196,4452,8019,5696,13715,2020-06-01
NE34,3216,4171,7387,15746,12812,28558,2020-06-01
NE35,365,481,846,2101,1713,3814,2020-06-01
NE36,249,299,548,2468,2360,4828,2020-06-01
NE37,1387,1931,3318,5920,4634,10554,2020-06-01
NE38,1828,2468,4296,10908,9170,20078,2020-06-01
NE39,355,501,856,3090,2670,5760,2020-06-01
NE40,676,977,1653,5375,4708,10083,2020-06-01
NE41,71,67,138,892,837,1729,2020-06-01
NE42,580,841,1421,4340,3925,8265,2020-06-01
NE43,112,133,245,1798,1780,3578,2020-06-01
NE44,25,28,53,430,447,877,2020-06-01
NE45,102,143,245,1430,1407,2837,2020-06-01
NE46,596,736,1332,5642,5364,11006,2020-06-01
NE47,244,297,541,3126,2968,6094,2020-06-01
NE48,120,163,283,1748,1546,3294,2020-06-01
NE49,147,250,397,1582,1278,2860,2020-06-01
NE55,0,0,0,1,0,1,2020-06-01
NE61,1124,1568,2692,12727,11777,24504,2020-06-01
NE62,410,566,976,3239,2710,5949,2020-06-01
NE63,1686,2221,3907,8784,6975,15759,2020-06-01
NE64,345,496,841,1884,1466,3350,2020-06-01
NE65,648,874,1522,7929,7299,15228,2020-06-01
NE66,558,770,1328,6633,6121,12754,2020-06-01
NE67,24,20,44,382,378,760,2020-06-01
NE68,54,59,113,703,647,1350,2020-06-01
NE69,8,10,18,137,142,279,2020-06-01
NE70,53,76,129,693,668,1361,2020-06-01
NE71,88,116,204,1149,1066,2215,2020-06-01
NE99,4,0,4,4,0,4,2020-06-01
NG1,1108,974,2082,2167,1179,3346,2020-06-01
NG1,0,0,0,0,1,1,2020-06-01
NG2,3985,4399,8384,18541,15421,33962,2020-06-01
NG3,3881,4967,8848,14896,11462,26358,2020-06-01
NG4,2110,2760,4870,13969,12035,26004,2020-06-01
NG5,5767,7707,13474,27799,23545,51344,2020-06-01
NG6,3006,4118,7124,10611,8242,18853,2020-06-01
NG7,5913,5456,11369,10651,5701,16352,2020-06-01
NG8,4923,6699,11622,19061,14989,34050,2020-06-01
NG9,4007,4635,8642,25065,21552,46617,2020-06-01
NG10,2428,2994,5422,16622,14378,31000,2020-06-01
NG11,2319,2997,5316,12265,10149,22414,2020-06-01
NG12,1199,1495,2694,13245,12575,25820,2020-06-01
NG13,652,775,1427,8487,8160,16647,2020-06-01
NG14,579,710,1289,7543,7115,14658,2020-06-01
NG15,1857,2546,4403,15654,13683,29337,2020-06-01
NG16,2604,3465,6069,23545,20479,44024,2020-06-01
NG17,3691,4622,8313,24945,21050,45995,2020-06-01
NG18,2553,2789,5342,14466,12176,26642,2020-06-01
NG19,2546,3226,5772,18626,15667,34293,2020-06-01
NG20,1521,2080,3601,8914,7041,15955,2020-06-01
NG21,933,1236,2169,8589,7634,16223,2020-06-01
NG22,1096,1423,2519,10526,9454,19980,2020-06-01
NG23,432,470,902,7609,7387,14996,2020-06-01
NG24,2387,3046,5433,16504,13901,30405,2020-06-01
NG25,286,340,626,3359,3348,6707,2020-06-01
NG31,2429,3091,5520,16239,13563,29802,2020-06-01
NG32,369,408,777,5580,5263,10843,2020-06-01
NG33,283,338,621,4104,3859,7963,2020-06-01
NG34,1560,1771,3331,16052,14838,30890,2020-06-01
NG36,0,0,0,1,0,1,2020-06-01
NG54,0,1,1,0,0,0,2020-06-01
NN1,3838,3421,7259,10492,6551,17043,2020-06-01
NN2,2916,3094,6010,13902,10977,24879,2020-06-01
NN3,5162,6308,11470,27267,22676,49943,2020-06-01
NN4,2444,2943,5387,18468,16454,34922,2020-06-01
NN5,2489,3006,5495,15114,12343,27457,2020-06-01
NN6,992,1079,2071,14934,14395,29329,2020-06-01
NN7,804,948,1752,12158,11571,23729,2020-06-01
NN8,3600,4147,7747,18193,14589,32782,2020-06-01
NN9,1005,1246,2251,10916,9857,20773,2020-06-01
NN10,1612,2027,3639,15064,13490,28554,2020-06-01
NN11,1829,2322,4151,15414,13221,28635,2020-06-01
NN12,770,900,1670,10433,9738,20171,2020-06-01
NN13,640,789,1429,8440,7901,16341,2020-06-01
NN14,1353,1648,3001,17975,16770,34745,2020-06-01
NN15,1498,1901,3399,14680,13353,28033,2020-06-01
NN16,2217,2589,4806,10365,7798,18163,2020-06-01
NN17,2047,2398,4445,10784,8677,19461,2020-06-01
NN18,2767,3457,6224,12645,9923,22568,2020-06-01
NN28,1,0,1,0,0,0,2020-06-01
NN29,358,415,773,4576,4324,8900,2020-06-01
NO3,0,1,1,0,0,0,2020-06-01
NP0,0,0,0,0,1,1,2020-06-01
NP1,85,92,177,204,136,340,2020-06-01
NP1,0,0,0,0,1,1,2020-06-01
NP2,31,28,59,113,67,180,2020-06-01
NP2,0,0,0,1,0,1,2020-06-01
NP3,35,39,74,110,60,170,2020-06-01
NP4,1831,2544,4375,15965,14006,29971,2020-06-01
NP5,11,13,24,44,36,80,2020-06-01
NP6,32,34,66,147,78,225,2020-06-01
NP7,894,1111,2005,10240,9683,19923,2020-06-01
NP8,138,192,330,2168,2107,4275,2020-06-01
NP9,73,42,115,163,70,233,2020-06-01
NP10,930,1169,2099,9356,8835,18191,2020-06-01
NP11,1755,2311,4066,12711,10677,23388,2020-06-01
NP12,1473,1949,3422,11542,10100,21642,2020-06-01
NP13,938,1373,2311,6480,5045,11525,2020-06-01
NP15,129,158,287,3243,3124,6367,2020-06-01
NP16,875,1028,1903,9118,8462,17580,2020-06-01
NP18,565,679,1244,6547,6187,12734,2020-06-01
NP19,3987,4696,8683,17401,13746,31147,2020-06-01
NP20,3613,4296,7909,16631,13194,29825,2020-06-01
NP21,0,0,0,1,0,1,2020-06-01
NP22,1157,1553,2710,7098,5761,12859,2020-06-01
NP23,1570,2172,3742,10971,8911,19882,2020-06-01
NP24,314,385,699,1464,1080,2544,2020-06-01
NP25,523,567,1090,6175,5801,11976,2020-06-01
NP26,783,987,1770,8962,8184,17146,2020-06-01
NP42,0,0,0,1,0,1,2020-06-01
NP44,2478,3133,5611,16710,14418,31128,2020-06-01
NR0,0,0,0,0,1,1,2020-06-01
NR1,1958,2081,4039,8748,6736,15484,2020-06-01
NR2,1735,1978,3713,7902,6890,14792,2020-06-01
NR3,2643,2928,5571,10512,8020,18532,2020-06-01
NR4,1188,1430,2618,7276,6693,13969,2020-06-01
NR5,2000,2373,4373,8957,7465,16422,2020-06-01
NR6,896,1111,2007,9231,8290,17521,2020-06-01
NR7,1235,1483,2718,12541,11394,23935,2020-06-01
NR8,653,766,1419,8456,8136,16592,2020-06-01
NR9,476,565,1041,7355,7106,14461,2020-06-01
NR10,622,764,1386,9164,8770,17934,2020-06-01
NR11,540,658,1198,7385,7034,14419,2020-06-01
NR12,607,681,1288,8539,7991,16530,2020-06-01
NR13,723,832,1555,11048,10662,21710,2020-06-01
NR14,740,756,1496,10330,10044,20374,2020-06-01
NR15,438,538,976,6334,6186,12520,2020-06-01
NR16,309,381,690,5170,4958,10128,2020-06-01
NR17,549,632,1181,6577,6056,12633,2020-06-01
NR18,636,788,1424,7394,7104,14498,2020-06-01
NR19,806,978,1784,7340,6582,13922,2020-06-01
NR20,546,635,1181,7758,7328,15086,2020-06-01
NR21,521,628,1149,6237,5755,11992,2020-06-01
NR22,34,47,81,328,314,642,2020-06-01
NR23,125,135,260,1107,1009,2116,2020-06-01
NR24,122,137,259,1734,1662,3396,2020-06-01
NR25,309,322,631,3311,3121,6432,2020-06-01
NR26,302,374,676,2940,2796,5736,2020-06-01
NR27,521,550,1071,4152,3799,7951,2020-06-01
NR28,647,731,1378,6414,5999,12413,2020-06-01
NR29,623,782,1405,8363,7690,16053,2020-06-01
NR30,2421,2557,4978,9212,6757,15969,2020-06-01
NR31,2624,3128,5752,17262,14598,31860,2020-06-01
NR32,2178,2357,4535,13606,11740,25346,2020-06-01
NR33,1774,2048,3822,14084,12538,26622,2020-06-01
NR34,705,877,1582,8669,7972,16641,2020-06-01
NR35,367,434,801,4288,3949,8237,2020-06-01
NW0,3,1,4,3,1,4,2020-06-01
NW1,7466,8117,15583,16452,11052,27504,2020-06-01
NW1,0,1,1,0,0,0,2020-06-01
NW2,11774,10423,22197,25973,16950,42923,2020-06-01
NW3,4971,5899,10870,19731,16666,36397,2020-06-01
NW4,3942,3956,7898,13511,10248,23759,2020-06-01
NW5,3520,4014,7534,8390,6695,15085,2020-06-01
NW5,0,1,1,0,0,0,2020-06-01
NW6,8912,8991,17903,22280,17090,39370,2020-06-01
NW7,2086,2512,4598,10864,9561,20425,2020-06-01
NW8,4123,4922,9045,12456,9556,22012,2020-06-01
NW9,9998,9917,19915,27683,18462,46145,2020-06-01
NW10,18056,16444,34500,31195,20268,51463,2020-06-01
NW11,3741,3567,7308,14093,12199,26292,2020-06-01
NW12,3,1,4,0,1,1,2020-06-01
NW13,0,1,1,2,1,3,2020-06-01
NW14,1,0,1,1,0,1,2020-06-01
NW15,0,0,0,2,0,2,2020-06-01
NW16,4,1,5,3,0,3,2020-06-01
NW17,0,0,0,2,1,3,2020-06-01
NW18,1,0,1,1,1,2,2020-06-01
NW19,0,1,1,1,1,2,2020-06-01
NW20,1,1,2,1,0,1,2020-06-01
NW21,1,0,1,0,0,0,2020-06-01
NW22,1,0,1,2,0,2,2020-06-01
NW24,1,0,1,0,0,0,2020-06-01
NW25,0,0,0,0,2,2,2020-06-01
NW26,1,1,2,0,0,0,2020-06-01
NW28,0,0,0,0,1,1,2020-06-01
NW41,1,0,1,0,0,0,2020-06-01
NW44,2,0,2,0,0,0,2020-06-01
NW51,1,0,1,0,0,0,2020-06-01
NW70,1,0,1,0,0,0,2020-06-01
NW77,0,1,1,0,0,0,2020-06-01
NW96,0,0,0,1,0,1,2020-06-01
NW99,2,0,2,0,0,0,2020-06-01
OL0,1,0,1,0,0,0,2020-06-01
OL1,2123,2501,4624,6102,4422,10524,2020-06-01
OL1,1,0,1,0,0,0,2020-06-01
OL2,2042,2558,4600,14592,12767,27359,2020-06-01
OL3,554,531,1085,6090,5887,11977,2020-06-01
OL4,2966,3603,6569,14450,11347,25797,2020-06-01
OL5,554,691,1245,4009,3513,7522,2020-06-01
OL6,2218,2642,4860,9284,6965,16249,2020-06-01
OL7,1184,1574,2758,5433,4054,9487,2020-06-01
OL8,3667,4527,8194,11700,7809,19509,2020-06-01
OL9,3117,3655,6772,12942,9657,22599,2020-06-01
OL10,1912,2370,4282,9298,7713,17011,2020-06-01
OL11,3207,3977,7184,14851,11785,26636,2020-06-01
OL12,2805,3436,6241,15452,12992,28444,2020-06-01
OL13,850,1088,1938,5646,4843,10489,2020-06-01
OL14,824,1115,1939,5270,4764,10034,2020-06-01
OL15,618,744,1362,5514,4958,10472,2020-06-01
OL16,2697,3209,5906,12229,9687,21916,2020-06-01
OX0,1,1,2,0,0,0,2020-06-01
OX1,1756,1425,3181,6139,4844,10983,2020-06-01
OX2,3124,3346,6470,13428,12266,25694,2020-06-01
OX3,3584,4331,7915,13584,11298,24882,2020-06-01
OX4,6217,6376,12593,17944,13620,31564,2020-06-01
OX5,1459,1488,2947,9205,8196,17401,2020-06-01
OX6,32,26,58,69,59,128,2020-06-01
OX7,875,1093,1968,9524,9182,18706,2020-06-01
OX8,47,46,93,152,121,273,2020-06-01
OX9,578,643,1221,5975,5723,11698,2020-06-01
OX10,1148,1340,2488,10399,9788,20187,2020-06-01
OX11,1663,2197,3860,15238,13542,28780,2020-06-01
OX12,1080,1324,2404,10672,9795,20467,2020-06-01
OX13,493,634,1127,5979,5655,11634,2020-06-01
OX14,2173,2548,4721,16930,15153,32083,2020-06-01
OX15,611,676,1287,8450,8285,16735,2020-06-01
OX16,3048,3796,6844,16927,13468,30395,2020-06-01
OX17,480,599,1079,7458,7242,14700,2020-06-01
OX18,913,1219,2132,9817,9024,18841,2020-06-01
OX20,198,242,440,1933,1961,3894,2020-06-01
OX23,0,0,0,1,0,1,2020-06-01
OX25,358,521,879,4264,4109,8373,2020-06-01
OX26,1856,2348,4204,12935,11249,24184,2020-06-01
OX27,233,307,540,2903,2878,5781,2020-06-01
OX28,1307,1570,2877,9891,9045,18936,2020-06-01
OX29,866,993,1859,9881,9504,19385,2020-06-01
OX33,285,315,600,3132,2970,6102,2020-06-01
OX39,184,235,419,3287,3190,6477,2020-06-01
OX44,228,352,580,3352,3211,6563,2020-06-01
OX49,134,152,286,1715,1743,3458,2020-06-01
PA0,0,0,0,1,0,1,2020-06-01
PA1,1587,1656,3243,6944,5590,12534,2020-06-01
PA2,2268,2937,5205,13171,11529,24700,2020-06-01
PA3,2019,2435,4454,6873,5363,12236,2020-06-01
PA4,1398,1780,3178,8475,7411,15886,2020-06-01
PA5,1412,1823,3235,6973,5882,12855,2020-06-01
PA6,138,206,344,2684,2660,5344,2020-06-01
PA7,220,274,494,3221,3117,6338,2020-06-01
PA8,750,934,1684,5285,4831,10116,2020-06-01
PA9,58,82,140,739,691,1430,2020-06-01
PA10,141,199,340,1451,1396,2847,2020-06-01
PA11,219,261,480,2265,2181,4446,2020-06-01
PA12,139,189,328,1254,1221,2475,2020-06-01
PA13,143,154,297,1797,1845,3642,2020-06-01
PA14,1231,1534,2765,4772,4021,8793,2020-06-01
PA15,1390,1628,3018,4423,3538,7961,2020-06-01
PA16,1975,2227,4202,8982,8028,17010,2020-06-01
PA17,86,84,170,888,840,1728,2020-06-01
PA18,76,103,179,1024,1000,2024,2020-06-01
PA19,541,627,1168,4076,3724,7800,2020-06-01
PA20,323,429,752,2084,1711,3795,2020-06-01
PA21,43,29,72,328,290,618,2020-06-01
PA22,17,5,22,133,138,271,2020-06-01
PA23,725,885,1610,4301,3993,8294,2020-06-01
PA24,20,20,40,219,167,386,2020-06-01
PA25,2,4,6,27,24,51,2020-06-01
PA26,9,6,15,54,43,97,2020-06-01
PA27,18,32,50,296,292,588,2020-06-01
PA28,397,447,844,2522,2183,4705,2020-06-01
PA29,96,94,190,898,789,1687,2020-06-01
PA30,66,68,134,491,489,980,2020-06-01
PA31,200,246,446,2041,1827,3868,2020-06-01
PA32,44,61,105,478,436,914,2020-06-01
PA33,39,38,77,304,264,568,2020-06-01
PA34,641,714,1355,3728,3274,7002,2020-06-01
PA35,48,74,122,581,550,1131,2020-06-01
PA36,2,1,3,20,15,35,2020-06-01
PA37,131,146,277,1187,1125,2312,2020-06-01
PA38,31,30,61,362,353,715,2020-06-01
PA39,3,0,3,2,5,7,2020-06-01
PA40,1,2,3,5,2,7,2020-06-01
PA41,10,11,21,61,56,117,2020-06-01
PA42,47,73,120,416,355,771,2020-06-01
PA43,49,60,109,297,276,573,2020-06-01
PA44,5,12,17,123,113,236,2020-06-01
PA45,11,7,18,64,46,110,2020-06-01
PA46,7,9,16,64,68,132,2020-06-01
PA47,5,8,13,67,61,128,2020-06-01
PA48,22,14,36,113,129,242,2020-06-01
PA49,7,11,18,73,69,142,2020-06-01
PA60,8,14,22,90,73,163,2020-06-01
PA61,5,13,18,56,56,112,2020-06-01
PA62,2,2,4,10,8,18,2020-06-01
PA63,1,0,1,3,3,6,2020-06-01
PA64,3,3,6,46,50,96,2020-06-01
PA65,9,9,18,90,87,177,2020-06-01
PA66,6,10,16,75,72,147,2020-06-01
PA67,18,16,34,99,94,193,2020-06-01
PA68,0,0,0,5,3,8,2020-06-01
PA69,1,2,3,10,9,19,2020-06-01
PA70,3,3,6,27,28,55,2020-06-01
PA71,1,0,1,25,14,39,2020-06-01
PA72,17,16,33,194,181,375,2020-06-01
PA73,3,2,5,25,21,46,2020-06-01
PA74,0,3,3,15,12,27,2020-06-01
PA75,71,78,149,568,559,1127,2020-06-01
PA76,6,5,11,62,66,128,2020-06-01
PA77,21,33,54,251,259,510,2020-06-01
PA78,10,12,22,71,72,143,2020-06-01
PA80,14,13,27,120,95,215,2020-06-01
PA81,3,6,9,13,8,21,2020-06-01
PA82,5,5,10,12,11,23,2020-06-01
PA83,0,0,0,1,1,2,2020-06-01
PA84,0,1,1,1,0,1,2020-06-01
PA85,3,3,6,2,5,7,2020-06-01
PA86,21,33,54,64,63,127,2020-06-01
PA87,27,36,63,39,32,71,2020-06-01
PA88,4,2,6,7,4,11,2020-06-01
PE1,5166,5239,10405,16037,10133,26170,2020-06-01
PE2,3083,3849,6932,17447,14318,31765,2020-06-01
PE3,2387,3119,5506,10373,7627,18000,2020-06-01
PE4,1548,2030,3578,10381,8886,19267,2020-06-01
PE5,37,39,76,639,608,1247,2020-06-01
PE6,1166,1529,2695,15203,14310,29513,2020-06-01
PE7,1783,2327,4110,17665,15958,33623,2020-06-01
PE8,592,719,1311,7153,6714,13867,2020-06-01
PE9,1249,1550,2799,12375,11896,24271,2020-06-01
PE10,801,1036,1837,9336,8754,18090,2020-06-01
PE11,1956,2226,4182,16954,14108,31062,2020-06-01
PE12,1321,1617,2938,16233,14331,30564,2020-06-01
PE13,1979,2159,4138,13036,10842,23878,2020-06-01
PE14,691,797,1488,8955,8280,17235,2020-06-01
PE15,1165,1483,2648,11199,10005,21204,2020-06-01
PE16,373,493,866,4235,3688,7923,2020-06-01
PE17,58,43,101,138,86,224,2020-06-01
PE18,50,77,127,102,82,184,2020-06-01
PE19,1870,2238,4108,17203,15765,32968,2020-06-01
PE20,509,617,1126,5800,5255,11055,2020-06-01
PE21,2782,2843,5625,14686,11677,26363,2020-06-01
PE22,514,590,1104,6906,6261,13167,2020-06-01
PE23,290,331,621,3493,3201,6694,2020-06-01
PE24,475,562,1037,4831,4036,8867,2020-06-01
PE25,1389,1521,2910,7375,5921,13296,2020-06-01
PE26,405,529,934,4622,4168,8790,2020-06-01
PE27,913,1130,2043,7847,6905,14752,2020-06-01
PE28,1518,1810,3328,19447,18630,38077,2020-06-01
PE29,1837,2250,4087,10442,8834,19276,2020-06-01
PE30,2819,3170,5989,14698,12502,27200,2020-06-01
PE31,488,567,1055,7704,7306,15010,2020-06-01
PE32,422,484,906,6401,6111,12512,2020-06-01
PE33,444,554,998,6039,5640,11679,2020-06-01
PE34,458,560,1018,5641,5223,10864,2020-06-01
PE35,1,1,2,37,34,71,2020-06-01
PE36,239,270,509,2292,2152,4444,2020-06-01
PE37,372,513,885,4243,3861,8104,2020-06-01
PE38,507,607,1114,5937,5298,11235,2020-06-01
PE99,0,0,0,1,0,1,2020-06-01
PH1,2418,3157,5575,14649,12505,27154,2020-06-01
PH2,1594,1761,3355,12925,11949,24874,2020-06-01
PH3,245,300,545,2611,2519,5130,2020-06-01
PH4,36,50,86,361,362,723,2020-06-01
PH5,20,56,76,331,305,636,2020-06-01
PH6,82,92,174,995,984,1979,2020-06-01
PH7,374,464,838,3318,3067,6385,2020-06-01
PH8,86,94,180,791,761,1552,2020-06-01
PH9,16,38,54,364,341,705,2020-06-01
PH10,460,521,981,4220,3882,8102,2020-06-01
PH11,137,188,325,1343,1166,2509,2020-06-01
PH12,49,70,119,817,735,1552,2020-06-01
PH13,179,208,387,1608,1409,3017,2020-06-01
PH14,48,69,117,842,824,1666,2020-06-01
PH15,166,204,370,1392,1237,2629,2020-06-01
PH16,168,193,361,1537,1404,2941,2020-06-01
PH17,10,5,15,74,65,139,2020-06-01
PH18,25,39,64,310,257,567,2020-06-01
PH19,1,4,5,42,36,78,2020-06-01
PH20,57,84,141,620,560,1180,2020-06-01
PH21,91,103,194,842,772,1614,2020-06-01
PH22,204,246,450,1249,1134,2383,2020-06-01
PH23,26,30,56,319,327,646,2020-06-01
PH24,19,22,41,308,284,592,2020-06-01
PH25,27,29,56,368,365,733,2020-06-01
PH26,154,165,319,1474,1350,2824,2020-06-01
PH30,0,0,0,6,4,10,2020-06-01
PH31,21,20,41,232,241,473,2020-06-01
PH32,35,41,76,278,233,511,2020-06-01
PH33,696,894,1590,4252,3597,7849,2020-06-01
PH34,34,45,79,446,405,851,2020-06-01
PH35,28,18,46,135,110,245,2020-06-01
PH36,36,59,95,530,494,1024,2020-06-01
PH37,5,12,17,62,49,111,2020-06-01
PH38,10,11,21,79,81,160,2020-06-01
PH39,23,21,44,168,170,338,2020-06-01
PH40,21,20,41,124,100,224,2020-06-01
PH41,68,57,125,352,309,661,2020-06-01
PH42,2,7,9,41,33,74,2020-06-01
PH43,1,2,3,8,8,16,2020-06-01
PH44,3,0,3,4,6,10,2020-06-01
PH49,39,58,97,430,373,803,2020-06-01
PH50,48,83,131,323,239,562,2020-06-01
PL0,0,1,1,0,0,0,2020-06-01
PL1,2290,2319,4609,7113,4663,11776,2020-06-01
PL2,2331,2767,5098,9896,8160,18056,2020-06-01
PL3,1768,2139,3907,10684,9468,20152,2020-06-01
PL4,3013,2703,5716,8646,5949,14595,2020-06-01
PL5,2812,3781,6593,13530,11300,24830,2020-06-01
PL6,1952,2502,4454,15177,13644,28821,2020-06-01
PL7,1136,1456,2592,11632,11064,22696,2020-06-01
PL8,198,169,367,2475,2488,4963,2020-06-01
PL9,1013,1255,2268,11408,10750,22158,2020-06-01
PL10,154,186,340,1303,1204,2507,2020-06-01
PL11,510,675,1185,3869,3429,7298,2020-06-01
PL12,891,1026,1917,8372,7849,16221,2020-06-01
PL13,384,467,851,3848,3469,7317,2020-06-01
PL14,908,1210,2118,9144,8618,17762,2020-06-01
PL15,625,797,1422,8110,7562,15672,2020-06-01
PL16,47,61,108,836,787,1623,2020-06-01
PL17,334,359,693,4076,3720,7796,2020-06-01
PL18,169,238,407,2088,1993,4081,2020-06-01
PL19,600,658,1258,6270,6076,12346,2020-06-01
PL20,423,487,910,4714,4589,9303,2020-06-01
PL21,608,711,1319,7148,7045,14193,2020-06-01
PL22,135,154,289,1425,1444,2869,2020-06-01
PL23,131,150,281,1237,1196,2433,2020-06-01
PL24,437,571,1008,3833,3606,7439,2020-06-01
PL25,1247,1372,2619,9431,8555,17986,2020-06-01
PL26,1160,1254,2414,10713,9708,20421,2020-06-01
PL27,389,492,881,4715,4602,9317,2020-06-01
PL28,204,206,410,1581,1513,3094,2020-06-01
PL29,36,26,62,363,362,725,2020-06-01
PL30,263,281,544,4443,4241,8684,2020-06-01
PL31,790,955,1745,5466,4786,10252,2020-06-01
PL32,143,211,354,1694,1600,3294,2020-06-01
PL33,80,68,148,756,720,1476,2020-06-01
PL34,67,79,146,719,673,1392,2020-06-01
PL35,32,34,66,410,400,810,2020-06-01
PO1,2842,3199,6041,7048,4615,11663,2020-06-01
PO2,3413,4166,7579,13317,10125,23442,2020-06-01
PO3,1240,1443,2683,7036,5981,13017,2020-06-01
PO4,2904,3270,6174,13244,10636,23880,2020-06-01
PO5,2664,2586,5250,7822,5462,13284,2020-06-01
PO6,2674,3147,5821,14242,12317,26559,2020-06-01
PO7,1663,2046,3709,16301,15247,31548,2020-06-01
PO8,1254,1502,2756,14005,13103,27108,2020-06-01
PO9,3118,4110,7228,16568,14549,31117,2020-06-01
PO10,652,768,1420,7379,7081,14460,2020-06-01
PO11,653,705,1358,7210,6709,13919,2020-06-01
PO12,2628,3113,5741,16218,14115,30333,2020-06-01
PO13,1972,2515,4487,12215,11222,23437,2020-06-01
PO14,1191,1335,2526,12691,12176,24867,2020-06-01
PO15,867,924,1791,8638,8106,16744,2020-06-01
PO16,1249,1341,2590,12361,11345,23706,2020-06-01
PO17,225,226,451,2796,2592,5388,2020-06-01
PO18,471,525,996,5878,5773,11651,2020-06-01
PO19,1741,1955,3696,10612,10178,20790,2020-06-01
PO20,1230,1356,2586,13631,13084,26715,2020-06-01
PO21,2136,2137,4273,14672,13029,27701,2020-06-01
PO22,1196,1384,2580,11796,11167,22963,2020-06-01
PO30,1524,1791,3315,10293,9552,19845,2020-06-01
PO31,679,773,1452,5432,5079,10511,2020-06-01
PO32,437,485,922,3114,2906,6020,2020-06-01
PO33,1719,1981,3700,10653,9682,20335,2020-06-01
PO34,62,72,134,915,913,1828,2020-06-01
PO35,150,128,278,1454,1387,2841,2020-06-01
PO36,829,964,1793,5929,5444,11373,2020-06-01
PO37,462,490,952,3422,3038,6460,2020-06-01
PO38,580,654,1234,4828,4469,9297,2020-06-01
PO39,96,123,219,998,928,1926,2020-06-01
PO40,254,262,516,2137,2078,4215,2020-06-01
PO41,71,62,133,942,920,1862,2020-06-01
PR1,5559,5936,11495,20787,15503,36290,2020-06-01
PR2,4266,5172,9438,26830,23061,49891,2020-06-01
PR3,962,1169,2131,16143,15465,31608,2020-06-01
PR4,1874,2345,4219,24895,23291,48186,2020-06-01
PR5,1665,2060,3725,15102,13485,28587,2020-06-01
PR6,1368,1599,2967,13555,12466,26021,2020-06-01
PR7,2091,2617,4708,22919,21012,43931,2020-06-01
PR8,2701,3180,5881,19562,17884,37446,2020-06-01
PR9,1947,2258,4205,15560,13787,29347,2020-06-01
PR25,1378,1737,3115,11389,10431,21820,2020-06-01
PR26,477,524,1001,5198,4975,10173,2020-06-01
RG1,5722,5428,11150,14747,8994,23741,2020-06-01
RG2,3490,4063,7553,14705,11207,25912,2020-06-01
RG3,28,23,51,84,46,130,2020-06-01
RG4,1757,2162,3919,15421,14359,29780,2020-06-01
RG5,1143,1272,2415,10405,9651,20056,2020-06-01
RG6,2119,2282,4401,14565,12540,27105,2020-06-01
RG7,1152,1365,2517,13797,13285,27082,2020-06-01
RG8,753,680,1433,7927,7701,15628,2020-06-01
RG9,1054,1001,2055,9493,9426,18919,2020-06-01
RG10,597,628,1225,7686,7387,15073,2020-06-01
RG11,32,24,56,80,47,127,2020-06-01
RG12,3145,3886,7031,21521,18667,40188,2020-06-01
RG13,29,39,68,69,52,121,2020-06-01
RG14,2071,2382,4453,15112,12941,28053,2020-06-01
RG15,18,24,42,61,50,111,2020-06-01
RG16,18,20,38,89,56,145,2020-06-01
RG17,617,671,1288,5997,5658,11655,2020-06-01
RG18,740,805,1545,7351,6844,14195,2020-06-01
RG19,748,799,1547,6488,6052,12540,2020-06-01
RG20,605,717,1322,8152,7940,16092,2020-06-01
RG21,2143,2411,4554,10074,7766,17840,2020-06-01
RG22,2083,2657,4740,15423,13566,28989,2020-06-01
RG23,538,679,1217,5060,4568,9628,2020-06-01
RG24,1687,2138,3825,13350,11875,25225,2020-06-01
RG25,299,294,593,3644,3431,7075,2020-06-01
RG26,791,984,1775,9117,8447,17564,2020-06-01
RG27,662,693,1355,9493,9459,18952,2020-06-01
RG28,234,286,520,2336,2139,4475,2020-06-01
RG29,185,277,462,2673,2584,5257,2020-06-01
RG30,4042,4631,8673,16061,12508,28569,2020-06-01
RG31,1207,1506,2713,11044,10068,21112,2020-06-01
RG33,0,0,0,0,1,1,2020-06-01
RG34,0,0,0,0,1,1,2020-06-01
RG40,1096,1172,2268,12292,11785,24077,2020-06-01
RG41,1071,1216,2287,12061,11688,23749,2020-06-01
RG42,1127,1184,2311,11123,10671,21794,2020-06-01
RG43,0,0,0,1,0,1,2020-06-01
RG45,465,493,958,5764,5671,11435,2020-06-01
RH1,2639,3117,5756,17949,16319,34268,2020-06-01
RH2,1069,1247,2316,10133,9801,19934,2020-06-01
RH3,129,122,251,1805,1817,3622,2020-06-01
RH4,715,844,1559,6075,5776,11851,2020-06-01
RH5,658,679,1337,6923,6626,13549,2020-06-01
RH6,1396,1605,3001,12996,12017,25013,2020-06-01
RH7,493,385,878,3879,3381,7260,2020-06-01
RH8,610,663,1273,6043,5993,12036,2020-06-01
RH9,188,215,403,2199,2224,4423,2020-06-01
RH10,4037,4283,8320,26872,22695,49567,2020-06-01
RH11,4664,5556,10220,20245,15695,35940,2020-06-01
RH12,1898,2247,4145,19308,18339,37647,2020-06-01
RH13,1361,1615,2976,15500,14755,30255,2020-06-01
RH14,517,563,1080,6546,6341,12887,2020-06-01
RH15,1465,1632,3097,12302,11537,23839,2020-06-01
RH16,1620,1925,3545,13743,13043,26786,2020-06-01
RH17,668,775,1443,8014,7927,15941,2020-06-01
RH18,280,301,581,1926,1933,3859,2020-06-01
RH19,1458,1659,3117,13956,13069,27025,2020-06-01
RH20,710,731,1441,10845,10739,21584,2020-06-01
RM1,1531,1754,3285,7698,6346,14044,2020-06-01
RM2,628,726,1354,5063,4585,9648,2020-06-01
RM3,3128,4120,7248,14864,12415,27279,2020-06-01
RM4,142,146,288,2007,1871,3878,2020-06-01
RM5,1235,1592,2827,7002,6137,13139,2020-06-01
RM6,3448,3975,7423,11674,8738,20412,2020-06-01
RM7,2353,2910,5263,10295,8325,18620,2020-06-01
RM8,5067,5901,10968,13886,9759,23645,2020-06-01
RM9,4078,5063,9141,11385,7772,19157,2020-06-01
RM10,4607,5550,10157,11987,8321,20308,2020-06-01
RM11,1442,1681,3123,12452,11462,23914,2020-06-01
RM12,1875,2258,4133,12778,11148,23926,2020-06-01
RM13,2124,2511,4635,10820,8978,19798,2020-06-01
RM14,1033,1135,2168,10681,10026,20707,2020-06-01
RM15,1937,2365,4302,10925,8973,19898,2020-06-01
RM16,2110,2629,4739,15781,13859,29640,2020-06-01
RM17,2096,2726,4822,10513,7683,18196,2020-06-01
RM18,1515,1971,3486,5911,4665,10576,2020-06-01
RM19,537,755,1292,2659,1865,4524,2020-06-01
RM20,504,654,1158,2544,1663,4207,2020-06-01
S1,685,483,1168,1102,507,1609,2020-06-01
S2,4016,4661,8677,10468,7016,17484,2020-06-01
S3,2007,1697,3704,3626,1643,5269,2020-06-01
S4,1452,1455,2907,3387,1838,5225,2020-06-01
S5,4813,6324,11137,16232,11870,28102,2020-06-01
S6,3238,3925,7163,18946,15938,34884,2020-06-01
S6,0,0,0,0,1,1,2020-06-01
S7,1255,1167,2422,6057,5044,11101,2020-06-01
S7,0,0,0,1,0,1,2020-06-01
S8,2715,3220,5935,14770,12635,27405,2020-06-01
S8,0,0,0,1,0,1,2020-06-01
S9,2312,2717,5029,8359,5273,13632,2020-06-01
S10,2251,2231,4482,13236,11669,24905,2020-06-01
S11,1786,1836,3622,10750,9874,20624,2020-06-01
S12,1606,2241,3847,11851,9480,21331,2020-06-01
S13,1564,2115,3679,9809,7879,17688,2020-06-01
S14,840,1107,1947,2170,1439,3609,2020-06-01
S16,0,0,0,0,1,1,2020-06-01
S17,489,582,1071,6112,5981,12093,2020-06-01
S18,747,877,1624,9481,8966,18447,2020-06-01
S19,4,8,12,43,32,75,2020-06-01
S20,1159,1644,2803,10937,9376,20313,2020-06-01
S21,757,1078,1835,7456,6453,13909,2020-06-01
S22,0,1,1,0,1,1,2020-06-01
S24,0,0,0,0,1,1,2020-06-01
S25,827,1140,1967,7696,6768,14464,2020-06-01
S26,877,1263,2140,9584,8493,18077,2020-06-01
S29,0,0,0,1,0,1,2020-06-01
S30,31,25,56,129,115,244,2020-06-01
S31,21,29,50,77,31,108,2020-06-01
S32,150,178,328,2336,2294,4630,2020-06-01
S33,143,158,301,1932,1860,3792,2020-06-01
S35,1351,1792,3143,15136,13526,28662,2020-06-01
S36,980,1241,2221,10851,9792,20643,2020-06-01
S37,1,0,1,1,0,1,2020-06-01
S40,1787,2153,3940,11970,10236,22206,2020-06-01
S41,1847,2357,4204,12296,10420,22716,2020-06-01
S42,1049,1381,2430,10879,9674,20553,2020-06-01
S43,1909,2641,4550,14081,11731,25812,2020-06-01
S44,1012,1350,2362,7790,6493,14283,2020-06-01
S45,594,803,1397,4873,4186,9059,2020-06-01
S46,0,0,0,2,0,2,2020-06-01
S49,0,0,0,1,0,1,2020-06-01
S54,0,0,0,1,0,1,2020-06-01
S60,1824,2511,4335,14053,11586,25639,2020-06-01
S61,2047,2602,4649,11318,8992,20310,2020-06-01
S62,1100,1506,2606,6355,4998,11353,2020-06-01
S63,2520,3240,5760,13432,10747,24179,2020-06-01
S64,1816,2257,4073,10303,8210,18513,2020-06-01
S65,2552,3026,5578,10042,7265,17307,2020-06-01
S66,2050,2832,4882,16016,13688,29704,2020-06-01
S68,0,0,0,0,1,1,2020-06-01
S70,2639,3098,5737,12898,9417,22315,2020-06-01
S71,2633,3290,5923,15665,12739,28404,2020-06-01
S72,1369,1819,3188,8667,6973,15640,2020-06-01
S73,1598,2029,3627,9548,7703,17251,2020-06-01
S74,868,1286,2154,5989,4875,10864,2020-06-01
S75,1568,2062,3630,16769,14894,31663,2020-06-01
S80,1808,2111,3919,10179,8087,18266,2020-06-01
S81,1401,1846,3247,14052,12539,26591,2020-06-01
SA1,4455,4450,8905,13627,9105,22732,2020-06-01
SA2,1740,1778,3518,12754,11413,24167,2020-06-01
SA3,803,848,1651,10285,10172,20457,2020-06-01
SA4,1493,1917,3410,16591,15843,32434,2020-06-01
SA5,2181,2966,5147,11198,9267,20465,2020-06-01
SA6,1648,2288,3936,11280,9697,20977,2020-06-01
SA7,560,762,1322,5575,5035,10610,2020-06-01
SA8,470,614,1084,4726,4347,9073,2020-06-01
SA9,544,690,1234,5577,5070,10647,2020-06-01
SA10,1007,1422,2429,11206,9994,21200,2020-06-01
SA11,1709,2318,4027,11989,9950,21939,2020-06-01
SA12,1790,2135,3925,10554,9279,19833,2020-06-01
SA13,987,1279,2266,6645,5368,12013,2020-06-01
SA14,1188,1489,2677,12488,11601,24089,2020-06-01
SA15,1822,2123,3945,12597,10689,23286,2020-06-01
SA16,319,395,714,3127,2806,5933,2020-06-01
SA17,354,412,766,3548,3222,6770,2020-06-01
SA18,1218,1394,2612,10887,9872,20759,2020-06-01
SA19,286,344,630,3881,3660,7541,2020-06-01
SA20,116,141,257,1295,1158,2453,2020-06-01
SA31,798,952,1750,5572,5266,10838,2020-06-01
SA32,161,193,354,3142,3095,6237,2020-06-01
SA33,318,391,709,5061,4775,9836,2020-06-01
SA34,135,140,275,2058,1935,3993,2020-06-01
SA35,14,28,42,355,317,672,2020-06-01
SA36,10,8,18,137,133,270,2020-06-01
SA37,29,38,67,584,528,1112,2020-06-01
SA38,147,171,318,1797,1681,3478,2020-06-01
SA39,69,84,153,1010,931,1941,2020-06-01
SA40,142,125,267,1116,1018,2134,2020-06-01
SA41,48,57,105,836,778,1614,2020-06-01
SA42,59,67,126,829,788,1617,2020-06-01
SA43,457,550,1007,4820,4478,9298,2020-06-01
SA44,303,353,656,4573,4363,8936,2020-06-01
SA45,66,55,121,620,566,1186,2020-06-01
SA46,87,102,189,984,875,1859,2020-06-01
SA47,43,40,83,416,388,804,2020-06-01
SA48,387,348,735,3314,3068,6382,2020-06-01
SA61,753,983,1736,4716,4226,8942,2020-06-01
SA62,564,650,1214,8430,7978,16408,2020-06-01
SA63,28,34,62,521,500,1021,2020-06-01
SA64,93,121,214,871,733,1604,2020-06-01
SA65,157,205,362,1609,1421,3030,2020-06-01
SA66,85,87,172,1266,1232,2498,2020-06-01
SA67,200,272,472,2876,2723,5599,2020-06-01
SA68,77,134,211,1667,1560,3227,2020-06-01
SA69,99,117,216,1448,1337,2785,2020-06-01
SA70,367,445,812,3378,3049,6427,2020-06-01
SA71,438,539,977,4073,3630,7703,2020-06-01
SA72,553,613,1166,3489,3118,6607,2020-06-01
SA73,863,1118,1981,7251,6389,13640,2020-06-01
SA99,1,0,1,0,0,0,2020-06-01
SE0,0,1,1,0,1,1,2020-06-01
SE1,9129,9160,18289,19603,12177,31780,2020-06-01
SE1,0,0,0,2,0,2,2020-06-01
SE2,3494,4092,7586,7984,5934,13918,2020-06-01
SE3,2901,3433,6334,11695,10040,21735,2020-06-01
SE4,3611,3923,7534,8531,7052,15583,2020-06-01
SE5,7676,8459,16135,13191,9149,22340,2020-06-01
SE6,6837,7524,14361,15956,12888,28844,2020-06-01
SE6,1,0,1,0,0,0,2020-06-01
SE7,2717,3177,5894,6430,4650,11080,2020-06-01
SE8,4626,5014,9640,8398,5749,14147,2020-06-01
SE9,5153,6042,11195,21188,18103,39291,2020-06-01
SE10,2817,3365,6182,10055,7950,18005,2020-06-01
SE11,3380,3502,6882,6705,4268,10973,2020-06-01
SE12,2545,2973,5518,8790,7456,16246,2020-06-01
SE13,5627,5857,11484,12853,10093,22946,2020-06-01
SE14,4036,4146,8182,6992,4875,11867,2020-06-01
SE15,11514,11629,23143,17109,12489,29598,2020-06-01
SE16,5883,6710,12593,14859,10346,25205,2020-06-01
SE17,6244,6447,12691,8628,5084,13712,2020-06-01
SE18,12300,12753,25053,21946,14977,36923,2020-06-01
SE19,2864,3461,6325,9247,7755,17002,2020-06-01
SE20,2712,3037,5749,7137,5929,13066,2020-06-01
SE21,1515,1636,3151,5049,4740,9789,2020-06-01
SE22,3277,3547,6824,9528,8292,17820,2020-06-01
SE23,3551,4067,7618,10488,9055,19543,2020-06-01
SE24,2007,2096,4103,5789,5116,10905,2020-06-01
SE25,4196,4842,9038,10860,9014,19874,2020-06-01
SE26,3277,3940,7217,8952,7569,16521,2020-06-01
SE27,2762,2902,5664,6562,5422,11984,2020-06-01
SE28,3783,4735,8518,7883,5664,13547,2020-06-01
SE29,1,3,4,2,0,2,2020-06-01
SE31,0,1,1,0,0,0,2020-06-01
SE33,0,1,1,0,0,0,2020-06-01
SE35,0,1,1,0,0,0,2020-06-01
SE37,0,1,1,0,0,0,2020-06-01
SE50,0,0,0,1,0,1,2020-06-01
SE57,0,1,1,0,0,0,2020-06-01
SE59,0,0,0,1,0,1,2020-06-01
SE60,0,0,0,1,0,1,2020-06-01
SE72,1,0,1,0,0,0,2020-06-01
SE73,0,0,0,1,0,1,2020-06-01
SE74,0,1,1,1,0,1,2020-06-01
SE75,1,0,1,0,0,0,2020-06-01
SE77,1,1,2,0,0,0,2020-06-01
SE88,0,0,0,1,0,1,2020-06-01
SE91,0,1,1,0,0,0,2020-06-01
SE99,0,0,0,0,1,1,2020-06-01
SG0,0,0,0,0,1,1,2020-06-01
SG1,3369,3903,7272,18887,15958,34845,2020-06-01
SG2,2200,2772,4972,15463,13618,29081,2020-06-01
SG3,241,289,530,2863,2736,5599,2020-06-01
SG4,1209,1404,2613,11379,10785,22164,2020-06-01
SG5,1382,1599,2981,12810,12139,24949,2020-06-01
SG6,1814,2155,3969,12054,10937,22991,2020-06-01
SG7,533,577,1110,5204,5019,10223,2020-06-01
SG8,1372,1579,2951,15691,14497,30188,2020-06-01
SG9,272,314,586,4856,4772,9628,2020-06-01
SG10,43,61,104,831,823,1654,2020-06-01
SG11,264,241,505,3534,3372,6906,2020-06-01
SG12,1248,1349,2597,11632,10852,22484,2020-06-01
SG13,738,769,1507,6642,6390,13032,2020-06-01
SG14,848,979,1827,7713,7244,14957,2020-06-01
SG15,236,264,500,2185,2049,4234,2020-06-01
SG16,182,221,403,2518,2450,4968,2020-06-01
SG17,487,519,1006,5434,5151,10585,2020-06-01
SG18,998,1271,2269,11118,10204,21322,2020-06-01
SG19,814,1082,1896,9954,9233,19187,2020-06-01
SK0,0,0,0,0,1,1,2020-06-01
SK1,769,939,1708,3806,2976,6782,2020-06-01
SK2,1515,1789,3304,10502,9566,20068,2020-06-01
SK3,1832,2240,4072,9001,7804,16805,2020-06-01
SK4,1967,2049,4016,13375,12107,25482,2020-06-01
SK5,2139,2743,4882,9256,7605,16861,2020-06-01
SK6,1998,2334,4332,19360,18000,37360,2020-06-01
SK7,1486,1607,3093,16412,15945,32357,2020-06-01
SK8,2450,2787,5237,23396,22207,45603,2020-06-01
SK9,1442,1632,3074,15607,15016,30623,2020-06-01
SK10,1544,1632,3176,15710,15246,30956,2020-06-01
SK11,1743,1994,3737,13743,12413,26156,2020-06-01
SK12,591,593,1184,7842,7736,15578,2020-06-01
SK13,1517,1929,3446,12028,10980,23008,2020-06-01
SK14,2794,3390,6184,16401,14025,30426,2020-06-01
SK15,1616,1831,3447,9687,8435,18122,2020-06-01
SK16,1142,1374,2516,6541,5460,12001,2020-06-01
SK17,1254,1411,2665,11682,10352,22034,2020-06-01
SK22,498,598,1096,4725,4198,8923,2020-06-01
SK23,601,649,1250,7202,6622,13824,2020-06-01
SL0,442,498,940,4893,4475,9368,2020-06-01
SL1,7367,7412,14779,26568,19517,46085,2020-06-01
SL2,4740,5548,10288,20393,16048,36441,2020-06-01
SL3,2943,3793,6736,18482,15450,33932,2020-06-01
SL4,2100,2487,4587,17428,16106,33534,2020-06-01
SL5,1140,1256,2396,10219,10445,20664,2020-06-01
SL6,3912,4423,8335,32711,30093,62804,2020-06-01
SL7,739,813,1552,8512,8563,17075,2020-06-01
SL8,207,206,413,2691,2690,5381,2020-06-01
SL9,892,912,1804,9284,9380,18664,2020-06-01
SM1,2866,3406,6272,14473,12057,26530,2020-06-01
SM2,1547,1923,3470,10961,9935,20896,2020-06-01
SM3,1252,1409,2661,8068,7226,15294,2020-06-01
SM4,3375,3603,6978,13836,10558,24394,2020-06-01
SM5,2698,3260,5958,13747,12519,26266,2020-06-01
SM6,2531,3034,5565,13366,11948,25314,2020-06-01
SM7,621,649,1270,7313,7383,14696,2020-06-01
SN0,0,0,0,1,0,1,2020-06-01
SN1,3537,3186,6723,11128,7279,18407,2020-06-01
SN2,3028,3715,6743,14615,11188,25803,2020-06-01
SN3,3061,3903,6964,19241,16103,35344,2020-06-01
SN4,1060,1279,2339,11471,10718,22189,2020-06-01
SN5,1599,2198,3797,13674,11995,25669,2020-06-01
SN6,820,940,1760,8994,8420,17414,2020-06-01
SN7,477,644,1121,5793,5396,11189,2020-06-01
SN8,948,1067,2015,9527,9098,18625,2020-06-01
SN9,266,307,573,3249,3213,6462,2020-06-01
SN10,1218,1455,2673,11975,11281,23256,2020-06-01
SN11,904,1133,2037,8951,8379,17330,2020-06-01
SN12,1028,1134,2162,10411,9615,20026,2020-06-01
SN13,633,783,1416,6404,6242,12646,2020-06-01
SN14,1152,1307,2459,10673,9918,20591,2020-06-01
SN15,1579,1792,3371,14460,12381,26841,2020-06-01
SN16,405,424,829,5897,5669,11566,2020-06-01
SN20,0,0,0,1,0,1,2020-06-01
SN24,0,1,1,0,1,1,2020-06-01
SN25,1412,1801,3213,15344,13758,29102,2020-06-01
SN26,46,51,97,891,793,1684,2020-06-01
SN27,0,0,0,1,0,1,2020-06-01
SN31,0,0,0,0,1,1,2020-06-01
SN34,0,0,0,0,1,1,2020-06-01
SN48,0,0,0,1,0,1,2020-06-01
SN66,0,1,1,0,0,0,2020-06-01
SO0,0,0,0,0,1,1,2020-06-01
SO1,52,41,93,148,59,207,2020-06-01
SO2,77,44,121,140,62,202,2020-06-01
SO3,31,22,53,121,81,202,2020-06-01
SO3,0,0,0,1,1,2,2020-06-01
SO4,33,28,61,133,101,234,2020-06-01
SO5,33,21,54,127,66,193,2020-06-01
SO6,0,0,0,2,0,2,2020-06-01
SO9,17,14,31,28,11,39,2020-06-01
SO14,3365,2765,6130,7696,3977,11673,2020-06-01
SO15,3014,3164,6178,13426,10196,23622,2020-06-01
SO16,4552,5529,10081,22581,18395,40976,2020-06-01
SO17,1498,1425,2923,5338,3692,9030,2020-06-01
SO18,2092,2452,4544,12834,10853,23687,2020-06-01
SO19,3487,4463,7950,19101,16177,35278,2020-06-01
SO20,274,292,566,3422,3210,6632,2020-06-01
SO21,590,733,1323,8043,7735,15778,2020-06-01
SO22,1497,1715,3212,9450,9029,18479,2020-06-01
SO23,1283,1343,2626,7344,6844,14188,2020-06-01
SO24,364,395,759,4685,4614,9299,2020-06-01
SO30,964,1104,2068,12658,12280,24938,2020-06-01
SO31,1519,1649,3168,18507,17879,36386,2020-06-01
SO32,580,617,1197,9062,9017,18079,2020-06-01
SO33,0,0,0,1,1,2,2020-06-01
SO40,1406,1654,3060,15864,14914,30778,2020-06-01
SO41,989,996,1985,12775,12928,25703,2020-06-01
SO42,158,164,322,2011,1965,3976,2020-06-01
SO43,130,129,259,1838,1788,3626,2020-06-01
SO45,1310,1598,2908,13237,12510,25747,2020-06-01
SO50,2267,2738,5005,17884,16205,34089,2020-06-01
SO51,862,1039,1901,11651,11430,23081,2020-06-01
SO52,177,243,420,2761,2621,5382,2020-06-01
SO53,1089,1235,2324,12442,12071,24513,2020-06-01
SP1,1106,1152,2258,7767,7170,14937,2020-06-01
SP2,1654,1871,3525,10409,9365,19774,2020-06-01
SP3,336,431,767,4727,4611,9338,2020-06-01
SP4,1543,1887,3430,13673,11681,25354,2020-06-01
SP5,585,659,1244,9254,9174,18428,2020-06-01
SP6,365,382,747,5922,5726,11648,2020-06-01
SP7,482,636,1118,5747,5584,11331,2020-06-01
SP8,452,545,997,5561,5419,10980,2020-06-01
SP9,470,894,1364,3605,2796,6401,2020-06-01
SP10,2278,2886,5164,14148,11929,26077,2020-06-01
SP11,991,1284,2275,12139,11323,23462,2020-06-01
SR1,579,452,1031,1235,494,1729,2020-06-01
SR2,2398,2566,4964,10040,7713,17753,2020-06-01
SR3,2090,2836,4926,12366,10078,22444,2020-06-01
SR4,3093,3889,6982,11786,8754,20540,2020-06-01
SR5,2570,3185,5755,9312,6823,16135,2020-06-01
SR6,1291,1520,2811,10713,9382,20095,2020-06-01
SR7,1623,2215,3838,9602,7664,17266,2020-06-01
SR8,2191,2986,5177,10767,8494,19261,2020-06-01
SS0,3371,3629,7000,13807,11351,25158,2020-06-01
SS1,2056,2251,4307,9198,7799,16997,2020-06-01
SS2,2708,3309,6017,12079,10114,22193,2020-06-01
SS3,1637,1944,3581,10175,9338,19513,2020-06-01
SS4,871,1077,1948,7981,7461,15442,2020-06-01
SS5,797,734,1531,8955,8443,17398,2020-06-01
SS6,1152,1310,2462,12123,11317,23440,2020-06-01
SS7,1862,2143,4005,19635,18173,37808,2020-06-01
SS8,1911,2587,4498,14229,12078,26307,2020-06-01
SS9,2166,2443,4609,18832,17418,36250,2020-06-01
SS11,692,812,1504,7441,6732,14173,2020-06-01
SS12,696,833,1529,7244,6622,13866,2020-06-01
SS13,1643,2174,3817,7820,6328,14148,2020-06-01
SS14,2154,2933,5087,8804,6912,15716,2020-06-01
SS15,2233,2765,4998,10871,9470,20341,2020-06-01
SS16,1976,2730,4706,10971,9047,20018,2020-06-01
SS17,1382,1756,3138,12752,11419,24171,2020-06-01
SS20,0,0,0,0,1,1,2020-06-01
SS30,0,0,0,0,1,1,2020-06-01
SS31,0,0,0,1,0,1,2020-06-01
SS39,0,1,1,0,0,0,2020-06-01
SS50,0,0,0,1,0,1,2020-06-01
SS92,0,0,0,1,0,1,2020-06-01
SS95,1,0,1,0,0,0,2020-06-01
SS99,0,1,1,0,0,0,2020-06-01
ST0,0,0,0,1,0,1,2020-06-01
ST1,2655,2947,5602,9796,6539,16335,2020-06-01
ST2,2166,2869,5035,10586,8297,18883,2020-06-01
ST3,3871,4962,8833,22217,17730,39947,2020-06-01
ST4,4063,4453,8516,17989,13945,31934,2020-06-01
ST5,4340,5040,9380,27278,23029,50307,2020-06-01
ST6,4479,5746,10225,20619,15268,35887,2020-06-01
ST7,2038,2496,4534,20614,18679,39293,2020-06-01
ST8,628,854,1482,7617,6905,14522,2020-06-01
ST9,282,348,630,4921,4544,9465,2020-06-01
ST10,732,960,1692,9843,8872,18715,2020-06-01
ST11,285,300,585,3951,3595,7546,2020-06-01
ST12,122,124,246,1509,1469,2978,2020-06-01
ST13,1057,1306,2363,10197,9178,19375,2020-06-01
ST14,799,1005,1804,7618,6734,14352,2020-06-01
ST15,689,853,1542,8566,7985,16551,2020-06-01
ST16,1786,2045,3831,10929,9196,20125,2020-06-01
ST17,1811,2252,4063,13824,12426,26250,2020-06-01
ST18,409,429,838,7343,6870,14213,2020-06-01
ST19,455,522,977,6015,5717,11732,2020-06-01
ST20,174,212,386,2935,2731,5666,2020-06-01
ST21,113,165,278,2587,2496,5083,2020-06-01
SW0,1,1,2,1,2,3,2020-06-01
SW1,39,39,78,61,42,103,2020-06-01
SW1,97,85,182,338,177,515,2020-06-01
SW1,1,0,1,0,1,1,2020-06-01
SW1,0,0,0,0,1,1,2020-06-01
SW1,126,92,218,457,245,702,2020-06-01
SW1,62,64,126,364,202,566,2020-06-01
SW1,0,1,1,0,0,0,2020-06-01
SW1,0,0,0,1,2,3,2020-06-01
SW1,0,1,1,1,0,1,2020-06-01
SW1,1271,1535,2806,4175,2858,7033,2020-06-01
SW1,0,0,0,0,1,1,2020-06-01
SW1,2249,2617,4866,6999,5178,12177,2020-06-01
SW1,872,978,1850,2669,2205,4874,2020-06-01
SW1,741,921,1662,2479,2015,4494,2020-06-01
SW1,81,59,140,362,163,525,2020-06-01
SW1,1,1,2,1,0,1,2020-06-01
SW2,7449,7982,15431,16455,12578,29033,2020-06-01
SW3,2172,2630,4802,8588,7379,15967,2020-06-01
SW4,4882,4977,9859,13742,10350,24092,2020-06-01
SW5,2275,1947,4222,5927,3881,9808,2020-06-01
SW6,6185,7070,13255,22200,18827,41027,2020-06-01
SW7,2937,2470,5407,8698,5962,14660,2020-06-01
SW8,5518,5746,11264,11391,7334,18725,2020-06-01
SW9,7711,7818,15529,13342,8539,21881,2020-06-01
SW10,2020,2301,4321,6591,5398,11989,2020-06-01
SW11,6903,8089,14992,24599,19971,44570,2020-06-01
SW12,2586,2781,5367,11044,9725,20769,2020-06-01
SW13,1069,1337,2406,6237,5927,12164,2020-06-01
SW14,1097,1219,2316,6574,6324,12898,2020-06-01
SW15,5466,6367,11833,22755,19323,42078,2020-06-01
SW16,10620,10317,20937,27995,21577,49572,2020-06-01
SW17,8490,7763,16253,21148,16783,37931,2020-06-01
SW18,4792,5669,10461,23388,20503,43891,2020-06-01
SW19,6842,7618,14460,31731,27006,58737,2020-06-01
SW20,2125,2376,4501,12285,10978,23263,2020-06-01
SY1,1582,1867,3449,9035,7514,16549,2020-06-01
SY2,852,990,1842,6388,5701,12089,2020-06-01
SY3,1390,1657,3047,12428,11750,24178,2020-06-01
SY4,806,965,1771,10055,9602,19657,2020-06-01
SY5,697,699,1396,8664,8233,16897,2020-06-01
SY6,190,194,384,2827,2713,5540,2020-06-01
SY7,315,399,714,4485,4156,8641,2020-06-01
SY8,582,702,1284,7238,6711,13949,2020-06-01
SY9,86,102,188,1117,991,2108,2020-06-01
SY10,405,521,926,6338,5893,12231,2020-06-01
SY11,1154,1386,2540,9402,8423,17825,2020-06-01
SY12,271,312,583,3273,3032,6305,2020-06-01
SY13,726,808,1534,7827,7111,14938,2020-06-01
SY14,153,190,343,2762,2741,5503,2020-06-01
SY15,124,135,259,2164,2084,4248,2020-06-01
SY16,810,900,1710,5568,4860,10428,2020-06-01
SY17,83,114,197,1529,1395,2924,2020-06-01
SY18,131,141,272,1779,1592,3371,2020-06-01
SY19,28,23,51,442,389,831,2020-06-01
SY20,259,305,564,2544,2331,4875,2020-06-01
SY21,557,750,1307,6419,5843,12262,2020-06-01
SY22,259,251,510,3670,3427,7097,2020-06-01
SY23,1324,1475,2799,8692,7662,16354,2020-06-01
SY24,166,204,370,1740,1603,3343,2020-06-01
SY25,135,180,315,1740,1598,3338,2020-06-01
TA1,2059,2348,4407,14102,13005,27107,2020-06-01
TA2,1239,1451,2690,10869,10078,20947,2020-06-01
TA3,344,380,724,6332,6187,12519,2020-06-01
TA4,556,627,1183,7810,7716,15526,2020-06-01
TA5,290,360,650,4677,4481,9158,2020-06-01
TA6,2654,2939,5593,17051,14343,31394,2020-06-01
TA7,421,446,867,6674,6432,13106,2020-06-01
TA8,591,671,1262,6526,5857,12383,2020-06-01
TA9,542,616,1158,5056,4532,9588,2020-06-01
TA10,316,282,598,4092,3996,8088,2020-06-01
TA11,242,310,552,3929,3878,7807,2020-06-01
TA12,168,209,377,2478,2424,4902,2020-06-01
TA13,93,128,221,1693,1685,3378,2020-06-01
TA14,88,119,207,1290,1191,2481,2020-06-01
TA15,17,24,41,275,273,548,2020-06-01
TA16,50,63,113,777,736,1513,2020-06-01
TA17,9,15,24,236,259,495,2020-06-01
TA18,322,399,721,4110,3826,7936,2020-06-01
TA19,301,372,673,4782,4683,9465,2020-06-01
TA20,762,831,1593,7892,7129,15021,2020-06-01
TA21,709,855,1564,7683,7225,14908,2020-06-01
TA22,60,84,144,1062,1069,2131,2020-06-01
TA23,240,296,536,2155,1977,4132,2020-06-01
TA24,676,861,1537,6897,6294,13191,2020-06-01
TD1,896,1175,2071,6320,5429,11749,2020-06-01
TD2,69,91,160,1084,1054,2138,2020-06-01
TD3,36,43,79,438,379,817,2020-06-01
TD4,86,89,175,904,850,1754,2020-06-01
TD5,361,431,792,4322,4244,8566,2020-06-01
TD6,238,319,557,3185,3085,6270,2020-06-01
TD7,319,366,685,2689,2513,5202,2020-06-01
TD8,221,287,508,2289,2123,4412,2020-06-01
TD9,779,984,1763,6540,5574,12114,2020-06-01
TD10,27,51,78,448,409,857,2020-06-01
TD11,244,308,552,3013,2736,5749,2020-06-01
TD12,115,174,289,1707,1635,3342,2020-06-01
TD13,29,42,71,371,361,732,2020-06-01
TD14,224,343,567,2424,2128,4552,2020-06-01
TD15,765,1003,1768,6471,5660,12131,2020-06-01
TF1,2345,2745,5090,13850,11516,25366,2020-06-01
TF2,2042,2443,4485,13772,12011,25783,2020-06-01
TF3,1928,2431,4359,8201,6515,14716,2020-06-01
TF4,982,1323,2305,7352,6514,13866,2020-06-01
TF5,188,199,387,2024,1972,3996,2020-06-01
TF6,139,161,300,2400,2172,4572,2020-06-01
TF7,1449,1807,3256,5415,4229,9644,2020-06-01
TF8,94,90,184,1214,1137,2351,2020-06-01
TF9,897,1094,1991,10093,8917,19010,2020-06-01
TF10,616,628,1244,7320,6819,14139,2020-06-01
TF11,367,403,770,4629,4356,8985,2020-06-01
TF12,202,226,428,2061,1915,3976,2020-06-01
TF13,114,134,248,1440,1431,2871,2020-06-01
TN0,0,0,0,1,0,1,2020-06-01
TN1,812,924,1736,4071,3328,7399,2020-06-01
TN2,1299,1600,2899,10591,9869,20460,2020-06-01
TN3,326,388,714,4818,4674,9492,2020-06-01
TN3,0,0,0,1,0,1,2020-06-01
TN4,1540,1838,3378,11070,10315,21385,2020-06-01
TN5,277,335,612,3570,3572,7142,2020-06-01
TN6,818,1019,1837,10267,9688,19955,2020-06-01
TN7,69,87,156,994,1016,2010,2020-06-01
TN8,497,607,1104,5268,5145,10413,2020-06-01
TN9,1065,1177,2242,6444,5861,12305,2020-06-01
TN10,781,897,1678,5912,5687,11599,2020-06-01
TN11,430,524,954,5757,5620,11377,2020-06-01
TN12,1034,1313,2347,11918,11305,23223,2020-06-01
TN13,994,1121,2115,9625,9433,19058,2020-06-01
TN14,521,553,1074,6580,6273,12853,2020-06-01
TN15,794,890,1684,10491,10277,20768,2020-06-01
TN16,680,731,1411,7930,7683,15613,2020-06-01
TN17,571,668,1239,5521,5279,10800,2020-06-01
TN18,209,244,453,2626,2564,5190,2020-06-01
TN19,146,187,333,2171,2087,4258,2020-06-01
TN20,129,144,273,1573,1572,3145,2020-06-01
TN21,450,533,983,6876,6663,13539,2020-06-01
TN22,1005,1157,2162,10966,10753,21719,2020-06-01
TN23,2560,3086,5646,14633,12518,27151,2020-06-01
TN24,1892,2261,4153,11747,10349,22096,2020-06-01
TN25,540,577,1117,7559,7209,14768,2020-06-01
TN26,352,378,730,5081,4827,9908,2020-06-01
TN27,363,454,817,5750,5574,11324,2020-06-01
TN28,329,396,725,3456,3110,6566,2020-06-01
TN29,531,650,1181,5278,4630,9908,2020-06-01
TN30,301,382,683,3848,3845,7693,2020-06-01
TN31,566,636,1202,5597,5224,10821,2020-06-01
TN32,196,204,400,2158,2025,4183,2020-06-01
TN33,524,543,1067,4912,4849,9761,2020-06-01
TN34,2246,2537,4783,10023,8489,18512,2020-06-01
TN35,1081,1280,2361,6236,5788,12024,2020-06-01
TN36,78,96,174,960,914,1874,2020-06-01
TN37,1415,1599,3014,6763,5569,12332,2020-06-01
TN38,1928,2234,4162,9340,8154,17494,2020-06-01
TN39,1099,1281,2380,9792,9300,19092,2020-06-01
TN40,880,1072,1952,6058,5707,11765,2020-06-01
TQ1,2014,2152,4166,11303,9688,20991,2020-06-01
TQ2,2049,2411,4460,12112,10829,22941,2020-06-01
TQ3,1612,1867,3479,11093,10105,21198,2020-06-01
TQ4,851,982,1833,7524,6755,14279,2020-06-01
TQ5,853,989,1842,7228,6459,13687,2020-06-01
TQ6,317,420,737,3021,2735,5756,2020-06-01
TQ7,566,682,1248,6658,6551,13209,2020-06-01
TQ8,73,69,142,721,668,1389,2020-06-01
TQ9,866,972,1838,7269,7419,14688,2020-06-01
TQ10,123,168,291,1592,1567,3159,2020-06-01
TQ11,185,260,445,1577,1492,3069,2020-06-01
TQ12,2164,2544,4708,21274,20168,41442,2020-06-01
TQ13,815,841,1656,9548,9584,19132,2020-06-01
TQ14,829,966,1795,7358,6934,14292,2020-06-01
TR1,1185,1427,2612,7566,7212,14778,2020-06-01
TR2,327,397,724,4111,4005,8116,2020-06-01
TR3,380,417,797,5156,5076,10232,2020-06-01
TR4,388,439,827,4921,4813,9734,2020-06-01
TR5,160,147,307,1625,1643,3268,2020-06-01
TR6,150,178,328,1554,1443,2997,2020-06-01
TR7,1271,1355,2626,8131,7312,15443,2020-06-01
TR8,325,349,674,4090,3856,7946,2020-06-01
TR9,305,398,703,3171,2909,6080,2020-06-01
TR10,547,600,1147,3597,3334,6931,2020-06-01
TR11,1370,1546,2916,10107,9679,19786,2020-06-01
TR12,299,324,623,3781,3554,7335,2020-06-01
TR13,698,861,1559,7687,7378,15065,2020-06-01
TR14,1389,1447,2836,9461,8301,17762,2020-06-01
TR15,1061,1154,2215,7443,6658,14101,2020-06-01
TR16,557,622,1179,6353,6067,12420,2020-06-01
TR17,63,82,145,585,554,1139,2020-06-01
TR18,1210,1380,2590,6419,5722,12141,2020-06-01
TR19,400,457,857,3373,3267,6640,2020-06-01
TR20,301,347,648,3904,3725,7629,2020-06-01
TR21,78,95,173,577,466,1043,2020-06-01
TR22,7,5,12,22,20,42,2020-06-01
TR23,2,6,8,31,25,56,2020-06-01
TR24,5,8,13,42,24,66,2020-06-01
TR25,3,3,6,50,39,89,2020-06-01
TR26,590,632,1222,4023,3753,7776,2020-06-01
TR27,631,747,1378,5785,5407,11192,2020-06-01
TS1,2487,1901,4388,3186,1341,4527,2020-06-01
TS2,142,144,286,224,127,351,2020-06-01
TS3,2653,3307,5960,6749,4746,11495,2020-06-01
TS4,1530,1847,3377,4666,3456,8122,2020-06-01
TS5,2164,2711,4875,13754,11672,25426,2020-06-01
TS6,1847,2507,4354,9362,7510,16872,2020-06-01
TS7,709,953,1662,8704,7854,16558,2020-06-01
TS8,972,1326,2298,7464,6857,14321,2020-06-01
TS9,295,386,681,5317,5068,10385,2020-06-01
TS10,2007,2523,4530,12361,10499,22860,2020-06-01
TS11,395,523,918,4400,3932,8332,2020-06-01
TS12,1026,1256,2282,7985,6983,14968,2020-06-01
TS13,560,719,1279,3338,2574,5912,2020-06-01
TS14,603,847,1450,6943,6302,13245,2020-06-01
TS15,379,407,786,5840,5450,11290,2020-06-01
TS16,332,421,753,4035,3868,7903,2020-06-01
TS17,2045,2598,4643,15602,13745,29347,2020-06-01
TS18,1565,1708,3273,8170,6687,14857,2020-06-01
TS19,2090,2878,4968,11089,9603,20692,2020-06-01
TS20,1052,1304,2356,6669,5721,12390,2020-06-01
TS21,369,452,821,5108,4666,9774,2020-06-01
TS22,195,254,449,3976,3663,7639,2020-06-01
TS23,1609,2076,3685,9378,7972,17350,2020-06-01
TS24,1581,1980,3561,6050,4593,10643,2020-06-01
TS25,2071,2628,4699,12031,10135,22166,2020-06-01
TS26,1210,1378,2588,8565,7696,16261,2020-06-01
TS27,449,607,1056,4412,3955,8367,2020-06-01
TS28,256,304,560,1776,1558,3334,2020-06-01
TS29,293,392,685,2082,1681,3763,2020-06-01
TS90,0,0,0,1,0,1,2020-06-01
TW0,0,0,0,0,1,1,2020-06-01
TW1,1575,1848,3423,10383,9577,19960,2020-06-01
TW2,1871,2105,3976,11406,10513,21919,2020-06-01
TW2,0,0,0,1,0,1,2020-06-01
TW3,8842,6737,15579,15203,9267,24470,2020-06-01
TW4,6034,4986,11020,10443,6365,16808,2020-06-01
TW5,5301,4546,9847,12037,7851,19888,2020-06-01
TW6,8,2,10,20,12,32,2020-06-01
TW7,3639,4174,7813,14701,11626,26327,2020-06-01
TW8,2183,2470,4653,8084,6154,14238,2020-06-01
TW9,1571,1885,3456,9127,8301,17428,2020-06-01
TW10,1458,1727,3185,7845,7062,14907,2020-06-01
TW11,1380,1632,3012,9055,8651,17706,2020-06-01
TW12,1336,1575,2911,8785,8379,17164,2020-06-01
TW13,3547,4089,7636,12986,9496,22482,2020-06-01
TW14,3182,3554,6736,10592,7483,18075,2020-06-01
TW15,1251,1414,2665,11317,10015,21332,2020-06-01
TW16,1000,1232,2232,8511,7583,16094,2020-06-01
TW17,527,578,1105,5931,5716,11647,2020-06-01
TW18,1337,1372,2709,10374,9288,19662,2020-06-01
TW19,1120,1277,2397,7092,5833,12925,2020-06-01
TW20,1569,1636,3205,8805,7568,16373,2020-06-01
UB1,10473,7617,18090,14437,8330,22767,2020-06-01
UB1,0,0,0,0,1,1,2020-06-01
UB2,7908,5945,13853,11930,7208,19138,2020-06-01
UB3,7613,7396,15009,18911,12169,31080,2020-06-01
UB4,4856,4763,9619,14544,10538,25082,2020-06-01
UB5,5201,6188,11389,16468,11852,28320,2020-06-01
UB6,6439,6197,12636,21259,14175,35434,2020-06-01
UB7,3252,3675,6927,12042,8577,20619,2020-06-01
UB8,2974,3104,6078,11767,9038,20805,2020-06-01
UB9,731,787,1518,6128,5571,11699,2020-06-01
UB10,2118,2517,4635,13971,12179,26150,2020-06-01
UB11,1,1,2,12,3,15,2020-06-01
UNKNOWNNA,1702,1375,3077,22702,15511,38213,2020-06-01
W1,38,29,67,56,33,89,2020-06-01
W1,106,32,138,103,42,145,2020-06-01
W1,68,73,141,305,168,473,2020-06-01
W1,16,7,23,19,7,26,2020-06-01
W1,214,113,327,397,153,550,2020-06-01
W1,2,0,2,2,1,3,2020-06-01
W1,185,153,338,546,257,803,2020-06-01
W1,246,235,481,1067,783,1850,2020-06-01
W1,872,767,1639,2285,1495,3780,2020-06-01
W1,206,155,361,734,445,1179,2020-06-01
W1,388,406,794,1094,656,1750,2020-06-01
W1,71,54,125,73,58,131,2020-06-01
W1,55,67,122,100,53,153,2020-06-01
W1,0,1,1,0,0,0,2020-06-01
W1,67,66,133,93,38,131,2020-06-01
W1,62,14,76,54,7,61,2020-06-01
W1,48,41,89,146,59,205,2020-06-01
W1,479,357,836,1146,596,1742,2020-06-01
W1,525,544,1069,1769,1203,2972,2020-06-01
W1,91,61,152,100,49,149,2020-06-01
W1,433,477,910,1142,702,1844,2020-06-01
W1,55,20,75,93,45,138,2020-06-01
W1,64,55,119,108,59,167,2020-06-01
W2,7513,6876,14389,16962,10996,27958,2020-06-01
W2,1,0,1,0,0,0,2020-06-01
W3,7310,7020,14330,21676,15328,37004,2020-06-01
W4,3674,4265,7939,17685,15423,33108,2020-06-01
W5,4773,5014,9787,21378,17260,38638,2020-06-01
W6,4085,4018,8103,11573,9190,20763,2020-06-01
W7,3298,3488,6786,10188,8356,18544,2020-06-01
W8,2157,2576,4733,8205,6994,15199,2020-06-01
W9,4627,4999,9626,12621,9390,22011,2020-06-01
W10,4711,5346,10057,9320,7017,16337,2020-06-01
W11,3857,4334,8191,10209,8269,18478,2020-06-01
W12,7101,7118,14219,14677,10542,25219,2020-06-01
W13,3494,3430,6924,12720,10084,22804,2020-06-01
W14,4626,5035,9661,12850,9905,22755,2020-06-01
W15,4,1,5,8,5,13,2020-06-01
W16,5,1,6,0,2,2,2020-06-01
W17,8,7,15,10,9,19,2020-06-01
W18,4,2,6,1,1,2,2020-06-01
W19,2,6,8,6,2,8,2020-06-01
W21,0,3,3,0,0,0,2020-06-01
W22,3,1,4,5,0,5,2020-06-01
W23,0,1,1,0,0,0,2020-06-01
W26,0,1,1,0,1,1,2020-06-01
W27,0,0,0,1,0,1,2020-06-01
W28,0,1,1,0,0,0,2020-06-01
W30,0,0,0,1,0,1,2020-06-01
W32,1,0,1,0,0,0,2020-06-01
W38,0,0,0,1,0,1,2020-06-01
W40,0,0,0,0,1,1,2020-06-01
W43,0,0,0,0,1,1,2020-06-01
WA1,1126,1225,2351,8431,7231,15662,2020-06-01
WA2,2666,3129,5795,13372,10916,24288,2020-06-01
WA3,1811,2342,4153,17758,16261,34019,2020-06-01
WA4,1830,2023,3853,18817,17492,36309,2020-06-01
WA5,2699,3310,6009,22817,20263,43080,2020-06-01
WA6,592,676,1268,7845,7477,15322,2020-06-01
WA7,4269,5418,9687,20895,17421,38316,2020-06-01
WA8,3547,4584,8131,22092,18542,40634,2020-06-01
WA9,3241,4215,7456,15876,12534,28410,2020-06-01
WA10,2247,2610,4857,13093,11017,24110,2020-06-01
WA11,1740,2290,4030,14520,12592,27112,2020-06-01
WA12,1217,1614,2831,8366,7104,15470,2020-06-01
WA13,358,413,771,5254,5135,10389,2020-06-01
WA14,1510,1514,3024,11612,10824,22436,2020-06-01
WA15,1838,1920,3758,16869,15655,32524,2020-06-01
WA16,827,850,1677,9654,9308,18962,2020-06-01
WC1,19,26,45,33,19,52,2020-06-01
WC1,105,98,203,305,134,439,2020-06-01
WC1,197,218,415,362,234,596,2020-06-01
WC1,238,241,479,473,302,775,2020-06-01
WC1,0,1,1,0,0,0,2020-06-01
WC1,978,929,1907,1810,1003,2813,2020-06-01
WC1,0,1,1,1,0,1,2020-06-01
WC1,804,808,1612,1834,1142,2976,2020-06-01
WC1,0,0,0,1,0,1,2020-06-01
WC1,1,0,1,0,0,0,2020-06-01
WC1,54,40,94,180,101,281,2020-06-01
WC1,1,0,1,0,0,0,2020-06-01
WC1,62,43,105,101,50,151,2020-06-01
WC1,1024,962,1986,1941,1206,3147,2020-06-01
WC1,0,0,0,1,0,1,2020-06-01
WC1,2,1,3,0,0,0,2020-06-01
WC2,7,3,10,16,5,21,2020-06-01
WC2,17,14,31,90,52,142,2020-06-01
WC2,201,166,367,472,259,731,2020-06-01
WC2,73,58,131,231,116,347,2020-06-01
WC2,410,312,722,813,380,1193,2020-06-01
WC2,94,57,151,243,119,362,2020-06-01
WC2,41,33,74,136,80,216,2020-06-01
WC2,0,0,0,0,1,1,2020-06-01
WC2,0,0,0,0,1,1,2020-06-01
WC4,1,0,1,0,0,0,2020-06-01
WC12,1,0,1,0,0,0,2020-06-01
WC13,0,2,2,2,0,2,2020-06-01
WC14,3,1,4,0,2,2,2020-06-01
WC18,1,0,1,0,0,0,2020-06-01
WC19,1,1,2,0,0,0,2020-06-01
WC23,0,0,0,2,0,2,2020-06-01
WC24,2,0,2,5,1,6,2020-06-01
WC28,1,0,1,0,2,2,2020-06-01
WC44,0,0,0,1,0,1,2020-06-01
WC78,1,0,1,0,0,0,2020-06-01
WD1,60,52,112,138,72,210,2020-06-01
WD2,98,73,171,209,89,298,2020-06-01
WD3,1727,1864,3591,16664,16317,32981,2020-06-01
WD4,360,376,736,4709,4508,9217,2020-06-01
WD5,488,511,999,4415,4297,8712,2020-06-01
WD6,2653,3074,5727,15152,12838,27990,2020-06-01
WD7,473,572,1045,5301,5207,10508,2020-06-01
WD17,1201,1249,2450,6965,5710,12675,2020-06-01
WD18,2648,3012,5660,9234,6493,15727,2020-06-01
WD19,1647,1935,3582,10460,9507,19967,2020-06-01
WD23,1253,1478,2731,10462,10280,20742,2020-06-01
WD24,1786,1974,3760,8680,6812,15492,2020-06-01
WD25,1633,1985,3618,10999,9935,20934,2020-06-01
WF0,0,0,0,1,0,1,2020-06-01
WF1,2609,3020,5629,12175,8948,21123,2020-06-01
WF2,2919,3737,6656,17467,14619,32086,2020-06-01
WF3,1303,1785,3088,12409,11221,23630,2020-06-01
WF4,1763,2315,4078,16378,14441,30819,2020-06-01
WF5,885,1148,2033,7609,6875,14484,2020-06-01
WF6,1178,1559,2737,7516,6087,13603,2020-06-01
WF7,1029,1495,2524,7579,6486,14065,2020-06-01
WF8,1673,2237,3910,12057,10330,22387,2020-06-01
WF9,2481,3301,5782,13225,10316,23541,2020-06-01
WF10,2845,3907,6752,16151,12912,29063,2020-06-01
WF11,1023,1327,2350,5757,4680,10437,2020-06-01
WF12,2070,2801,4871,11393,8835,20228,2020-06-01
WF13,2266,2896,5162,8008,5341,13349,2020-06-01
WF14,693,967,1660,7338,6708,14046,2020-06-01
WF15,842,1100,1942,6071,5380,11451,2020-06-01
WF16,733,959,1692,3940,2929,6869,2020-06-01
WF17,2724,3686,6410,13827,10254,24081,2020-06-01
WF21,0,0,0,1,0,1,2020-06-01
WN0,0,0,0,1,0,1,2020-06-01
WN1,1120,1225,2345,6844,5337,12181,2020-06-01
WN2,2555,3304,5859,17876,14784,32660,2020-06-01
WN3,1428,1924,3352,10880,9045,19925,2020-06-01
WN4,1211,1525,2736,10330,8904,19234,2020-06-01
WN5,2274,2850,5124,14962,12249,27211,2020-06-01
WN6,1595,1927,3522,15149,13685,28834,2020-06-01
WN7,2789,3356,6145,16087,12916,29003,2020-06-01
WN8,3264,3954,7218,15262,12503,27765,2020-06-01
WR1,779,691,1470,3330,2491,5821,2020-06-01
WR2,1281,1426,2707,10907,9873,20780,2020-06-01
WR3,836,957,1793,8192,7464,15656,2020-06-01
WR4,1611,2001,3612,8634,7389,16023,2020-06-01
WR5,1452,1834,3286,12346,11069,23415,2020-06-01
WR6,315,323,638,5634,5432,11066,2020-06-01
WR7,113,124,237,2475,2413,4888,2020-06-01
WR8,222,225,447,3529,3373,6902,2020-06-01
WR9,1284,1521,2805,12467,11814,24281,2020-06-01
WR10,492,698,1190,7734,7406,15140,2020-06-01
WR11,1814,2106,3920,17818,15759,33577,2020-06-01
WR12,152,194,346,2498,2435,4933,2020-06-01
WR13,209,222,431,3706,3634,7340,2020-06-01
WR14,1667,2003,3670,12536,11716,24252,2020-06-01
WR15,249,248,497,2948,2722,5670,2020-06-01
WS0,0,0,0,0,1,1,2020-06-01
WS1,2528,2990,5518,7781,4846,12627,2020-06-01
WS2,3352,4541,7893,11100,7308,18408,2020-06-01
WS3,3529,4493,8022,15761,12363,28124,2020-06-01
WS4,916,1089,2005,6095,5158,11253,2020-06-01
WS5,1035,1563,2598,7741,6555,14296,2020-06-01
WS6,569,751,1320,6654,5856,12510,2020-06-01
WS7,932,1264,2196,11446,10234,21680,2020-06-01
WS8,834,1014,1848,5495,4645,10140,2020-06-01
WS9,945,1186,2131,9833,8884,18717,2020-06-01
WS10,3453,4597,8050,14209,10441,24650,2020-06-01
WS11,1871,2450,4321,15376,13253,28629,2020-06-01
WS12,1270,1720,2990,13335,11757,25092,2020-06-01
WS13,1188,1368,2556,10011,9059,19070,2020-06-01
WS14,562,622,1184,6935,6649,13584,2020-06-01
WS15,1561,1954,3515,14261,12618,26879,2020-06-01
WV0,0,2,2,0,0,0,2020-06-01
WV1,2002,1948,3950,4372,2668,7040,2020-06-01
WV2,2086,2259,4345,4782,3095,7877,2020-06-01
WV3,2122,2380,4502,10097,8161,18258,2020-06-01
WV4,1887,2439,4326,12151,10047,22198,2020-06-01
WV5,422,559,981,5997,5562,11559,2020-06-01
WV6,2770,3153,5923,15937,13649,29586,2020-06-01
WV7,373,271,644,2256,2048,4304,2020-06-01
WV8,721,1037,1758,5551,5114,10665,2020-06-01
WV9,297,368,665,2628,2368,4996,2020-06-01
WV10,4573,5931,10504,17103,13421,30524,2020-06-01
WV11,2018,2670,4688,11688,9310,20998,2020-06-01
WV12,1290,1728,3018,8768,7197,15965,2020-06-01
WV13,1589,2023,3612,6683,5118,11801,2020-06-01
WV14,3284,4285,7569,14958,11595,26553,2020-06-01
WV15,278,320,598,3470,3085,6555,2020-06-01
WV16,524,636,1160,7003,6338,13341,2020-06-01
YL55,0,0,0,0,1,1,2020-06-01
YO0,0,0,0,1,0,1,2020-06-01
YO1,374,379,753,1453,1077,2530,2020-06-01
YO1,0,0,0,1,0,1,2020-06-01
YO2,34,35,69,72,26,98,2020-06-01
YO3,35,27,62,86,53,139,2020-06-01
YO3,0,0,0,0,1,1,2020-06-01
YO4,12,13,25,93,75,168,2020-06-01
YO5,8,9,17,32,18,50,2020-06-01
YO6,18,27,45,111,62,173,2020-06-01
YO7,626,755,1381,8021,7448,15469,2020-06-01
YO8,1869,2418,4287,17392,15441,32833,2020-06-01
YO9,2,0,2,0,0,0,2020-06-01
YO10,1522,1864,3386,7060,5977,13037,2020-06-01
YO11,1434,1672,3106,7457,5878,13335,2020-06-01
YO12,2223,2689,4912,13033,11176,24209,2020-06-01
YO13,241,294,535,4215,4116,8331,2020-06-01
YO14,405,538,943,4296,3846,8142,2020-06-01
YO15,746,812,1558,4762,3793,8555,2020-06-01
YO16,1138,1504,2642,8565,7090,15655,2020-06-01
YO17,785,902,1687,8683,7819,16502,2020-06-01
YO18,324,393,717,4472,4218,8690,2020-06-01
YO19,376,436,812,5055,4801,9856,2020-06-01
YO20,0,0,0,0,1,1,2020-06-01
YO21,534,610,1144,5333,4798,10131,2020-06-01
YO22,379,429,808,3201,2884,6085,2020-06-01
YO23,803,979,1782,7148,6968,14116,2020-06-01
YO24,1719,2188,3907,9905,9044,18949,2020-06-01
YO25,1005,1282,2287,13283,12219,25502,2020-06-01
YO26,1468,1792,3260,10839,9906,20745,2020-06-01
YO29,0,0,0,1,0,1,2020-06-01
YO30,1430,1711,3141,8938,8021,16959,2020-06-01
YO31,1581,1958,3539,8676,7609,16285,2020-06-01
YO32,961,1261,2222,10529,10261,20790,2020-06-01
YO34,1,0,1,1,0,1,2020-06-01
YO41,246,346,592,4471,4313,8784,2020-06-01
YO42,457,580,1037,6084,5871,11955,2020-06-01
YO43,337,411,748,5048,4759,9807,2020-06-01
YO45,0,0,0,0,1,1,2020-06-01
YO51,152,181,333,2428,2365,4793,2020-06-01
YO60,103,109,212,1946,1938,3884,2020-06-01
YO61,362,449,811,5728,5658,11386,2020-06-01
YO62,349,394,743,4737,4555,9292,2020-06-01
YO69,0,0,0,1,0,1,2020-06-01
ZE0,0,0,0,0,1,1,2020-06-01
ZE1,421,526,947,2725,2282,5007,2020-06-01
ZE2,572,764,1336,5459,4882,10341,2020-06-01
ZE3,20,21,41,171,134,305,2020-06-01
TotalNA,3932482,4492616,8425098,22055885,18959492,41015377,2020-06-01
AB1,51,60,111,184,123,307,2014-03-01
AB2,28,28,56,139,68,207,2014-03-01
AB3,1,5,6,32,37,69,2014-03-01
AB4,0,0,0,7,11,18,2014-03-01
AB5,0,1,1,10,4,14,2014-03-01
AB9,30,17,47,67,10,77,2014-03-01
AB10,1360,1478,2838,7637,5982,13619,2014-03-01
AB11,1827,1858,3685,6413,4200,10613,2014-03-01
AB12,1173,1553,2726,9736,8321,18057,2014-03-01
AB13,103,104,207,1333,1297,2630,2014-03-01
AB14,223,259,482,1940,1800,3740,2014-03-01
AB15,1422,1747,3169,14977,13904,28881,2014-03-01
AB16,2196,2901,5097,8382,6017,14399,2014-03-01
AB21,822,1043,1865,8453,7259,15712,2014-03-01
AB22,606,854,1460,6487,5713,12200,2014-03-01
AB23,397,493,890,4444,3889,8333,2014-03-01
AB24,2894,3008,5902,9066,5541,14607,2014-03-01
AB25,1383,1363,2746,5228,3639,8867,2014-03-01
AB30,193,265,458,2856,2604,5460,2014-03-01
AB31,447,538,985,6344,5892,12236,2014-03-01
AB32,438,511,949,5206,4996,10202,2014-03-01
AB33,131,166,297,2155,1933,4088,2014-03-01
AB34,172,226,398,2087,1987,4074,2014-03-01
AB35,90,124,214,971,899,1870,2014-03-01
AB36,15,18,33,211,198,409,2014-03-01
AB37,41,58,99,529,443,972,2014-03-01
AB38,129,193,322,1726,1466,3192,2014-03-01
AB39,627,736,1363,6687,6258,12945,2014-03-01
AB41,585,877,1462,8414,7565,15979,2014-03-01
AB42,1449,1770,3219,11879,10046,21925,2014-03-01
AB43,1035,1295,2330,8114,6940,15054,2014-03-01
AB44,184,233,417,1351,1167,2518,2014-03-01
AB45,433,531,964,3940,3391,7331,2014-03-01
AB51,947,1232,2179,13323,12138,25461,2014-03-01
AB52,112,176,288,1953,1780,3733,2014-03-01
AB53,334,487,821,4833,4165,8998,2014-03-01
AB54,383,482,865,4270,3717,7987,2014-03-01
AB55,296,432,728,3369,2843,6212,2014-03-01
AB56,643,777,1420,4854,4248,9102,2014-03-01
AL1,1696,1880,3576,13267,11652,24919,2014-03-01
AL2,851,990,1841,9309,8436,17745,2014-03-01
AL3,1051,1230,2281,10529,9875,20404,2014-03-01
AL4,850,1050,1900,10400,9936,20336,2014-03-01
AL5,990,1073,2063,11833,11578,23411,2014-03-01
AL6,316,329,645,4755,4613,9368,2014-03-01
AL7,1792,2217,4009,11478,10015,21493,2014-03-01
AL8,520,673,1193,4913,4547,9460,2014-03-01
AL9,373,390,763,4564,4219,8783,2014-03-01
AL10,2645,2384,5029,9733,7052,16785,2014-03-01
B1,657,561,1218,1725,914,2639,2014-03-01
B2,45,42,87,73,31,104,2014-03-01
B3,114,119,233,515,333,848,2014-03-01
B4,167,91,258,224,58,282,2014-03-01
B5,1074,1131,2205,2549,1511,4060,2014-03-01
B6,2398,2577,4975,4288,2159,6447,2014-03-01
B7,959,1176,2135,1512,796,2308,2014-03-01
B8,4553,4767,9320,9169,4677,13846,2014-03-01
B9,2478,3005,5483,5266,2805,8071,2014-03-01
B10,3044,3293,6337,5903,2814,8717,2014-03-01
B11,5087,5155,10242,10511,5444,15955,2014-03-01
B12,2476,2431,4907,4132,2002,6134,2014-03-01
B13,2640,3237,5877,11674,8953,20627,2014-03-01
B14,2844,3576,6420,12646,10172,22818,2014-03-01
B15,1315,1348,2663,4592,3483,8075,2014-03-01
B16,2412,2485,4897,5598,3328,8926,2014-03-01
B17,1478,1807,3285,7946,6683,14629,2014-03-01
B18,1786,2222,4008,3077,1844,4921,2014-03-01
B19,2746,2847,5593,3591,1787,5378,2014-03-01
B20,3431,3925,7356,9417,6482,15899,2014-03-01
B21,4141,4114,8255,6534,3750,10284,2014-03-01
B23,3308,4173,7481,11462,8580,20042,2014-03-01
B24,1952,2448,4400,8185,6270,14455,2014-03-01
B25,1330,1633,2963,4265,2875,7140,2014-03-01
B26,1853,2274,4127,10600,8100,18700,2014-03-01
B27,1955,2376,4331,7148,5053,12201,2014-03-01
B28,1619,2030,3649,10441,8343,18784,2014-03-01
B29,2693,3265,5958,9057,6773,15830,2014-03-01
B30,1681,2156,3837,8624,7652,16276,2014-03-01
B31,3568,4802,8370,15970,12599,28569,2014-03-01
B32,2636,3707,6343,10741,8344,19085,2014-03-01
B33,2541,3425,5966,8965,6246,15211,2014-03-01
B34,1189,1667,2856,5332,4022,9354,2014-03-01
B35,777,1040,1817,2304,1762,4066,2014-03-01
B36,2211,3138,5349,11106,8436,19542,2014-03-01
B37,2619,3403,6022,10064,7670,17734,2014-03-01
B38,1443,1919,3362,5766,4696,10462,2014-03-01
B42,1350,1791,3141,7374,5900,13274,2014-03-01
B43,1262,1664,2926,10216,8497,18713,2014-03-01
B44,2531,3309,5840,10273,7923,18196,2014-03-01
B45,1729,2399,4128,10070,8133,18203,2014-03-01
B46,381,454,835,4911,4404,9315,2014-03-01
B47,309,292,601,3938,3685,7623,2014-03-01
B48,162,174,336,2322,2096,4418,2014-03-01
B49,365,460,825,3991,3710,7701,2014-03-01
B50,175,211,386,2112,1996,4108,2014-03-01
B60,816,998,1814,10008,9370,19378,2014-03-01
B61,974,1189,2163,8959,7856,16815,2014-03-01
B62,927,1176,2103,8910,7576,16486,2014-03-01
B63,1542,2055,3597,12543,10396,22939,2014-03-01
B64,881,1154,2035,5059,3852,8911,2014-03-01
B65,1305,1813,3118,7188,5350,12538,2014-03-01
B66,2551,2755,5306,4701,2635,7336,2014-03-01
B67,2654,3103,5757,8136,5519,13655,2014-03-01
B68,1942,2682,4624,9467,7070,16537,2014-03-01
B69,1776,2369,4145,8419,6066,14485,2014-03-01
B70,2395,2869,5264,7102,4260,11362,2014-03-01
B71,1929,2490,4419,8788,6190,14978,2014-03-01
B72,368,438,806,3744,3336,7080,2014-03-01
B73,869,1032,1901,8781,7892,16673,2014-03-01
B74,798,1038,1836,12787,11976,24763,2014-03-01
B75,941,1345,2286,9677,8964,18641,2014-03-01
B76,915,873,1788,8902,7810,16712,2014-03-01
B77,2586,3861,6447,19463,16188,35651,2014-03-01
B78,869,1195,2064,8823,7665,16488,2014-03-01
B79,846,1184,2030,7740,6570,14310,2014-03-01
B80,242,270,512,2706,2509,5215,2014-03-01
B90,1554,1919,3473,17618,15805,33423,2014-03-01
B91,1096,1227,2323,13408,12686,26094,2014-03-01
B92,1491,1931,3422,13506,11820,25326,2014-03-01
B93,493,523,1016,7931,7676,15607,2014-03-01
B94,161,189,350,3164,3065,6229,2014-03-01
B95,186,182,368,2493,2409,4902,2014-03-01
B96,109,139,248,2061,1989,4050,2014-03-01
B97,1184,1540,2724,11518,10010,21528,2014-03-01
B98,2716,3816,6532,16982,13410,30392,2014-03-01
BA1,2062,2297,4359,13747,12275,26022,2014-03-01
BA2,3293,3785,7078,23235,20581,43816,2014-03-01
BA3,1258,1229,2487,13054,11809,24863,2014-03-01
BA4,597,744,1341,6687,6010,12697,2014-03-01
BA5,587,680,1267,6750,6259,13009,2014-03-01
BA6,598,646,1244,4876,4614,9490,2014-03-01
BA7,97,144,241,1352,1309,2661,2014-03-01
BA8,123,181,304,1696,1576,3272,2014-03-01
BA9,230,304,534,2766,2467,5233,2014-03-01
BA10,137,165,302,1315,1255,2570,2014-03-01
BA11,1196,1640,2836,11736,10819,22555,2014-03-01
BA12,1057,1358,2415,10957,9714,20671,2014-03-01
BA13,650,859,1509,7392,6586,13978,2014-03-01
BA14,1927,2201,4128,16842,14980,31822,2014-03-01
BA15,411,532,943,4973,4946,9919,2014-03-01
BA16,561,629,1190,4384,3934,8318,2014-03-01
BA20,421,497,918,4045,3390,7435,2014-03-01
BA21,1484,1980,3464,11435,9452,20887,2014-03-01
BA22,474,514,988,7131,6531,13662,2014-03-01
BB1,3916,5090,9006,19973,14122,34095,2014-03-01
BB2,3302,4182,7484,18392,14192,32584,2014-03-01
BB3,1663,2175,3838,11216,9199,20415,2014-03-01
BB4,1678,2253,3931,14558,12584,27142,2014-03-01
BB5,3290,4089,7379,19292,15066,34358,2014-03-01
BB6,580,728,1308,5308,4569,9877,2014-03-01
BB7,978,1166,2144,11892,11033,22925,2014-03-01
BB8,1036,1320,2356,7766,6620,14386,2014-03-01
BB9,2382,3025,5407,13766,10247,24013,2014-03-01
BB10,1898,2509,4407,12221,9395,21616,2014-03-01
BB11,1414,1776,3190,6680,5111,11791,2014-03-01
BB12,1581,1975,3556,12000,9959,21959,2014-03-01
BB18,618,852,1470,5983,5118,11101,2014-03-01
BD1,417,263,680,711,256,967,2014-03-01
BD2,1620,2189,3809,9171,7073,16244,2014-03-01
BD3,3143,3519,6662,7159,3634,10793,2014-03-01
BD4,2082,2851,4933,7710,5403,13113,2014-03-01
BD5,2655,3084,5739,6488,3381,9869,2014-03-01
BD6,1631,2311,3942,8790,6846,15636,2014-03-01
BD7,3116,3205,6321,8587,4983,13570,2014-03-01
BD8,2641,3051,5692,7250,3962,11212,2014-03-01
BD9,1920,2481,4401,7333,4982,12315,2014-03-01
BD10,1269,1569,2838,8095,6867,14962,2014-03-01
BD11,362,527,889,3899,3515,7414,2014-03-01
BD12,833,1101,1934,5607,4563,10170,2014-03-01
BD13,1031,1368,2399,8833,7649,16482,2014-03-01
BD14,388,504,892,2645,2254,4899,2014-03-01
BD15,721,1034,1755,5070,4105,9175,2014-03-01
BD16,934,1121,2055,9308,8393,17701,2014-03-01
BD17,644,776,1420,6605,5857,12462,2014-03-01
BD18,1549,1974,3523,8270,6603,14873,2014-03-01
BD19,868,1080,1948,7535,6514,14049,2014-03-01
BD20,1109,1520,2629,13228,11826,25054,2014-03-01
BD21,1659,2248,3907,7007,4606,11613,2014-03-01
BD22,1274,1728,3002,10134,8593,18727,2014-03-01
BD23,916,1207,2123,11171,10350,21521,2014-03-01
BD24,175,208,383,1964,1789,3753,2014-03-01
BD99,0,0,0,0,1,1,2014-03-01
BH1,1571,1524,3095,6037,4030,10067,2014-03-01
BH2,638,551,1189,2874,1979,4853,2014-03-01
BH3,258,267,525,2083,1779,3862,2014-03-01
BH4,414,409,823,3621,2994,6615,2014-03-01
BH5,589,629,1218,3503,2769,6272,2014-03-01
BH6,873,1044,1917,8304,7724,16028,2014-03-01
BH7,580,639,1219,4213,3700,7913,2014-03-01
BH8,1678,1712,3390,9180,7651,16831,2014-03-01
BH9,1466,1600,3066,9785,8845,18630,2014-03-01
BH10,758,891,1649,7310,6540,13850,2014-03-01
BH11,950,1274,2224,6882,6027,12909,2014-03-01
BH12,1736,2021,3757,12159,10445,22604,2014-03-01
BH13,138,181,319,3311,3172,6483,2014-03-01
BH14,868,847,1715,9029,8393,17422,2014-03-01
BH15,1461,1635,3096,11761,10234,21995,2014-03-01
BH16,573,766,1339,5821,5371,11192,2014-03-01
BH17,913,1140,2053,8237,7695,15932,2014-03-01
BH18,246,239,485,4976,4734,9710,2014-03-01
BH19,408,583,991,4294,3833,8127,2014-03-01
BH20,944,837,1781,8188,7086,15274,2014-03-01
BH21,1016,1168,2184,16431,15958,32389,2014-03-01
BH22,602,723,1325,10994,10451,21445,2014-03-01
BH23,1681,1851,3532,20218,19250,39468,2014-03-01
BH24,650,673,1323,9693,9288,18981,2014-03-01
BH25,800,899,1699,9572,9173,18745,2014-03-01
BH31,297,311,608,5281,5223,10504,2014-03-01
BL0,548,734,1282,6517,6038,12555,2014-03-01
BL1,3455,3987,7442,19668,15344,35012,2014-03-01
BL2,2402,3002,5404,14825,12277,27102,2014-03-01
BL3,4157,4951,9108,19092,13468,32560,2014-03-01
BL4,1872,2582,4454,10248,7573,17821,2014-03-01
BL5,1003,1195,2198,9912,8946,18858,2014-03-01
BL6,1153,1387,2540,10833,9591,20424,2014-03-01
BL7,407,478,885,6114,5874,11988,2014-03-01
BL8,1266,1568,2834,13446,12025,25471,2014-03-01
BL9,2694,3324,6018,15793,12402,28195,2014-03-01
BN1,5608,5436,11044,25229,20904,46133,2014-03-01
BN2,6265,6934,13199,27121,21053,48174,2014-03-01
BN3,4912,5247,10159,26819,22429,49248,2014-03-01
BN5,190,235,425,2872,2856,5728,2014-03-01
BN6,574,534,1108,6584,6584,13168,2014-03-01
BN7,1043,1298,2341,6852,6517,13369,2014-03-01
BN8,503,573,1076,6298,6089,12387,2014-03-01
BN9,691,921,1612,4452,3736,8188,2014-03-01
BN10,793,999,1792,6667,5716,12383,2014-03-01
BN11,1793,1988,3781,10346,8719,19065,2014-03-01
BN12,764,852,1616,7783,7416,15199,2014-03-01
BN13,1085,1247,2332,10061,9396,19457,2014-03-01
BN14,1255,1458,2713,11098,10249,21347,2014-03-01
BN15,1161,1510,2671,9965,8517,18482,2014-03-01
BN16,791,891,1682,10724,10431,21155,2014-03-01
BN17,1426,1791,3217,9955,8377,18332,2014-03-01
BN18,499,513,1012,5086,4841,9927,2014-03-01
BN20,723,904,1627,7471,7337,14808,2014-03-01
BN21,1379,1412,2791,7744,6418,14162,2014-03-01
BN22,1696,2209,3905,10343,8918,19261,2014-03-01
BN23,1149,1621,2770,9676,8590,18266,2014-03-01
BN24,238,276,514,3555,3297,6852,2014-03-01
BN25,816,1151,1967,8854,8122,16976,2014-03-01
BN26,320,408,728,4220,3921,8141,2014-03-01
BN27,978,1232,2210,9915,9184,19099,2014-03-01
BN41,1238,1561,2799,6648,5890,12538,2014-03-01
BN42,512,575,1087,3644,3178,6822,2014-03-01
BN43,1042,1169,2211,8143,7453,15596,2014-03-01
BN44,291,364,655,4046,3915,7961,2014-03-01
BN45,22,16,38,243,219,462,2014-03-01
BR1,3570,4543,8113,18752,16596,35348,2014-03-01
BR2,2056,2322,4378,16623,15462,32085,2014-03-01
BR3,2324,2642,4966,17647,16309,33956,2014-03-01
BR4,848,790,1638,7438,7061,14499,2014-03-01
BR5,2554,3229,5783,15128,13571,28699,2014-03-01
BR6,1914,2147,4061,17808,16790,34598,2014-03-01
BR7,570,788,1358,6863,6560,13423,2014-03-01
BR8,962,1325,2287,8196,7055,15251,2014-03-01
BS1,658,598,1256,2719,1411,4130,2014-03-01
BS2,1565,1608,3173,3694,2394,6088,2014-03-01
BS3,1968,2323,4291,11667,9501,21168,2014-03-01
BS4,2732,3455,6187,15444,12349,27793,2014-03-01
BS5,4364,4678,9042,15472,11191,26663,2014-03-01
BS6,1694,1855,3549,10104,9012,19116,2014-03-01
BS7,2348,2530,4878,12696,10476,23172,2014-03-01
BS8,1170,1195,2365,8163,6827,14990,2014-03-01
BS9,1125,1160,2285,12093,11155,23248,2014-03-01
BS10,1656,2208,3864,8677,7092,15769,2014-03-01
BS11,1110,1388,2498,5533,4269,9802,2014-03-01
BS12,16,11,27,83,30,113,2014-03-01
BS13,1750,2380,4130,8759,6705,15464,2014-03-01
BS14,1135,1427,2562,10525,9004,19529,2014-03-01
BS15,1806,2257,4063,16889,14551,31440,2014-03-01
BS16,3127,3483,6610,25619,22169,47788,2014-03-01
BS17,9,15,24,72,49,121,2014-03-01
BS18,11,10,21,83,50,133,2014-03-01
BS19,3,8,11,58,45,103,2014-03-01
BS20,867,1008,1875,11875,10941,22816,2014-03-01
BS21,736,943,1679,9018,8400,17418,2014-03-01
BS22,1195,1750,2945,14070,12327,26397,2014-03-01
BS23,1862,2214,4076,11049,8549,19598,2014-03-01
BS24,550,741,1291,6936,6470,13406,2014-03-01
BS25,167,169,336,2586,2456,5042,2014-03-01
BS26,153,139,292,2034,1979,4013,2014-03-01
BS27,190,209,399,2799,2630,5429,2014-03-01
BS28,84,75,159,1407,1363,2770,2014-03-01
BS29,84,91,175,1098,938,2036,2014-03-01
BS30,859,1037,1896,11408,10680,22088,2014-03-01
BS31,722,831,1553,7515,6836,14351,2014-03-01
BS32,777,904,1681,8930,8179,17109,2014-03-01
BS34,1399,1619,3018,10638,9009,19647,2014-03-01
BS35,675,834,1509,8898,8142,17040,2014-03-01
BS36,426,456,882,6351,5925,12276,2014-03-01
BS37,1302,1679,2981,14405,12725,27130,2014-03-01
BS39,376,460,836,6082,5632,11714,2014-03-01
BS40,265,329,594,5324,5146,10470,2014-03-01
BS41,156,176,332,2357,2221,4578,2014-03-01
BS48,704,832,1536,9412,8812,18224,2014-03-01
BS49,389,417,806,4537,4358,8895,2014-03-01
BS99,1,1,2,2,1,3,2014-03-01
BT4,0,0,0,1,0,1,2014-03-01
BT8,0,0,0,0,1,1,2014-03-01
BT9,0,1,1,1,0,1,2014-03-01
BT14,0,0,0,1,0,1,2014-03-01
BT15,0,0,0,0,1,1,2014-03-01
BT16,0,0,0,1,0,1,2014-03-01
BT17,0,0,0,0,1,1,2014-03-01
BT18,0,0,0,1,0,1,2014-03-01
BT19,0,0,0,9,3,12,2014-03-01
BT20,0,0,0,1,3,4,2014-03-01
BT21,0,0,0,0,1,1,2014-03-01
BT22,0,0,0,1,1,2,2014-03-01
BT23,0,2,2,2,0,2,2014-03-01
BT24,0,0,0,0,4,4,2014-03-01
BT25,0,0,0,1,3,4,2014-03-01
BT26,0,0,0,1,0,1,2014-03-01
BT27,0,1,1,1,1,2,2014-03-01
BT28,0,0,0,3,4,7,2014-03-01
BT29,0,0,0,1,3,4,2014-03-01
BT30,0,0,0,1,0,1,2014-03-01
BT32,0,0,0,3,1,4,2014-03-01
BT33,0,0,0,3,1,4,2014-03-01
BT34,0,0,0,4,3,7,2014-03-01
BT35,0,2,2,3,1,4,2014-03-01
BT36,1,0,1,2,2,4,2014-03-01
BT37,0,0,0,2,1,3,2014-03-01
BT38,0,1,1,2,4,6,2014-03-01
BT39,0,0,0,1,2,3,2014-03-01
BT40,0,1,1,3,3,6,2014-03-01
BT41,0,0,0,2,2,4,2014-03-01
BT42,0,0,0,2,2,4,2014-03-01
BT43,0,0,0,0,1,1,2014-03-01
BT44,0,0,0,0,1,1,2014-03-01
BT45,0,1,1,1,3,4,2014-03-01
BT47,0,1,1,2,0,2,2014-03-01
BT48,0,0,0,1,1,2,2014-03-01
BT49,0,1,1,0,1,1,2014-03-01
BT51,0,0,0,1,2,3,2014-03-01
BT52,0,0,0,0,1,1,2014-03-01
BT53,0,0,0,1,1,2,2014-03-01
BT54,0,0,0,2,3,5,2014-03-01
BT55,0,1,1,1,1,2,2014-03-01
BT60,0,0,0,1,2,3,2014-03-01
BT62,0,0,0,0,1,1,2014-03-01
BT63,0,0,0,1,0,1,2014-03-01
BT65,0,0,0,1,1,2,2014-03-01
BT66,0,0,0,1,3,4,2014-03-01
BT67,0,0,0,1,0,1,2014-03-01
BT70,0,0,0,0,1,1,2014-03-01
BT71,1,0,1,1,3,4,2014-03-01
BT74,0,1,1,0,3,3,2014-03-01
BT78,0,0,0,0,1,1,2014-03-01
BT79,0,0,0,1,0,1,2014-03-01
BT81,0,0,0,0,1,1,2014-03-01
BT82,0,0,0,0,2,2,2014-03-01
BT93,0,0,0,0,1,1,2014-03-01
CA1,1233,1656,2889,7152,5578,12730,2014-03-01
CA2,1762,2458,4220,12355,9667,22022,2014-03-01
CA3,454,568,1022,5119,4550,9669,2014-03-01
CA4,189,248,437,3823,3662,7485,2014-03-01
CA5,177,185,362,2812,2620,5432,2014-03-01
CA6,231,324,555,3626,3110,6736,2014-03-01
CA7,664,923,1587,8613,7730,16343,2014-03-01
CA8,266,436,702,4015,3539,7554,2014-03-01
CA9,78,109,187,883,739,1622,2014-03-01
CA10,318,408,726,5652,5203,10855,2014-03-01
CA11,693,917,1610,7907,6968,14875,2014-03-01
CA12,263,349,612,3035,2681,5716,2014-03-01
CA13,442,596,1038,5816,5265,11081,2014-03-01
CA14,1437,2101,3538,12154,9648,21802,2014-03-01
CA15,685,950,1635,5383,4249,9632,2014-03-01
CA16,118,192,310,2420,2194,4614,2014-03-01
CA17,110,167,277,1917,1632,3549,2014-03-01
CA18,8,12,20,123,115,238,2014-03-01
CA19,31,31,62,478,418,896,2014-03-01
CA20,84,102,186,1363,1211,2574,2014-03-01
CA21,23,21,44,344,287,631,2014-03-01
CA22,410,567,977,3211,2570,5781,2014-03-01
CA23,45,87,132,565,442,1007,2014-03-01
CA24,30,54,84,386,331,717,2014-03-01
CA25,313,375,688,1915,1487,3402,2014-03-01
CA26,165,212,377,1288,1053,2341,2014-03-01
CA27,54,69,123,651,569,1220,2014-03-01
CA28,1337,1730,3067,9428,7381,16809,2014-03-01
CB1,3117,3318,6435,16908,14485,31393,2014-03-01
CB2,1205,1270,2475,7563,6615,14178,2014-03-01
CB3,1022,1255,2277,8350,7780,16130,2014-03-01
CB4,3227,3661,6888,18203,15222,33425,2014-03-01
CB5,938,1104,2042,5961,5038,10999,2014-03-01
CB6,1065,1447,2512,13805,12397,26202,2014-03-01
CB7,842,1055,1897,9596,8461,18057,2014-03-01
CB8,1334,1529,2863,11661,10501,22162,2014-03-01
CB9,1368,1947,3315,10856,8936,19792,2014-03-01
CB10,437,552,989,5240,4896,10136,2014-03-01
CB11,589,705,1294,6856,6283,13139,2014-03-01
CB21,276,314,590,3891,3571,7462,2014-03-01
CB22,483,503,986,5849,5189,11038,2014-03-01
CB23,686,742,1428,7904,7242,15146,2014-03-01
CB24,701,698,1399,8012,7164,15176,2014-03-01
CB25,299,344,643,4251,3730,7981,2014-03-01
CF1,58,47,105,97,33,130,2014-03-01
CF2,35,27,62,99,50,149,2014-03-01
CF3,2391,3096,5487,12721,11058,23779,2014-03-01
CF4,32,20,52,134,78,212,2014-03-01
CF5,3494,4347,7841,19984,17522,37506,2014-03-01
CF6,73,64,137,98,46,144,2014-03-01
CF7,10,5,15,45,36,81,2014-03-01
CF8,24,29,53,111,71,182,2014-03-01
CF10,1044,883,1927,3463,2098,5561,2014-03-01
CF11,2850,2693,5543,9920,6996,16916,2014-03-01
CF14,2769,3306,6075,25604,23692,49296,2014-03-01
CF15,504,634,1138,6854,6604,13458,2014-03-01
CF23,2077,2701,4778,15402,14312,29714,2014-03-01
CF24,4282,3782,8064,10980,7515,18495,2014-03-01
CF31,1659,2251,3910,15500,13662,29162,2014-03-01
CF32,1286,1753,3039,10161,8229,18390,2014-03-01
CF33,665,958,1623,4811,3912,8723,2014-03-01
CF34,937,1304,2241,6618,5022,11640,2014-03-01
CF35,423,538,961,5669,5095,10764,2014-03-01
CF36,478,624,1102,6034,5429,11463,2014-03-01
CF37,1977,2287,4264,11666,9007,20673,2014-03-01
CF38,698,1040,1738,8303,7482,15785,2014-03-01
CF39,1339,1990,3329,9097,7116,16213,2014-03-01
CF40,982,1395,2377,6348,4674,11022,2014-03-01
CF41,463,697,1160,3445,2559,6004,2014-03-01
CF42,616,881,1497,4121,3085,7206,2014-03-01
CF43,620,974,1594,3558,2427,5985,2014-03-01
CF44,1783,2695,4478,12866,9873,22739,2014-03-01
CF45,1067,1501,2568,5914,4332,10246,2014-03-01
CF46,580,887,1467,4901,4017,8918,2014-03-01
CF47,1219,1705,2924,6402,4630,11032,2014-03-01
CF48,1293,1891,3184,8568,6650,15218,2014-03-01
CF61,454,543,997,3709,3360,7069,2014-03-01
CF62,1791,2266,4057,13656,12334,25990,2014-03-01
CF63,1245,1560,2805,6275,5309,11584,2014-03-01
CF64,1373,1660,3033,13158,12369,25527,2014-03-01
CF71,198,208,406,3810,3608,7418,2014-03-01
CF72,773,1034,1807,9240,8522,17762,2014-03-01
CF81,918,1330,2248,4922,3419,8341,2014-03-01
CF82,833,1230,2063,6549,5310,11859,2014-03-01
CF83,2453,3310,5763,17370,14588,31958,2014-03-01
CH1,1825,2201,4026,9036,6941,15977,2014-03-01
CH2,1400,1802,3202,12341,10709,23050,2014-03-01
CH3,1092,1242,2334,12873,12015,24888,2014-03-01
CH4,1422,1828,3250,11597,10386,21983,2014-03-01
CH5,1935,2515,4450,14547,12175,26722,2014-03-01
CH6,835,1201,2036,5394,4339,9733,2014-03-01
CH7,1620,2181,3801,18528,16701,35229,2014-03-01
CH8,916,1224,2140,7530,6398,13928,2014-03-01
CH41,1506,1730,3236,4142,2888,7030,2014-03-01
CH42,2290,2695,4985,8125,6436,14561,2014-03-01
CH43,1937,2279,4216,12432,10668,23100,2014-03-01
CH44,2063,2534,4597,8141,6120,14261,2014-03-01
CH45,1592,1863,3455,10314,9013,19327,2014-03-01
CH46,1409,1753,3162,8199,6876,15075,2014-03-01
CH47,395,490,885,4065,3926,7991,2014-03-01
CH48,574,564,1138,5714,5519,11233,2014-03-01
CH49,1326,1741,3067,9792,8823,18615,2014-03-01
CH60,302,310,612,5293,5185,10478,2014-03-01
CH61,533,662,1195,6551,6326,12877,2014-03-01
CH62,1448,1748,3196,9607,8268,17875,2014-03-01
CH63,1169,1368,2537,10954,10280,21234,2014-03-01
CH64,546,676,1222,7508,6931,14439,2014-03-01
CH65,1691,2188,3879,8209,6542,14751,2014-03-01
CH66,1421,1811,3232,12764,11323,24087,2014-03-01
CM0,545,742,1287,6369,5598,11967,2014-03-01
CM1,2794,3259,6053,22250,19457,41707,2014-03-01
CM2,2382,2869,5251,21737,19386,41123,2014-03-01
CM3,1615,2041,3656,21858,20246,42104,2014-03-01
CM4,311,384,695,4231,4007,8238,2014-03-01
CM5,341,377,718,4336,4018,8354,2014-03-01
CM6,645,779,1424,10123,9337,19460,2014-03-01
CM7,2066,2658,4724,17248,14612,31860,2014-03-01
CM8,1418,1975,3393,11350,9719,21069,2014-03-01
CM9,1157,1492,2649,12948,11600,24548,2014-03-01
CM11,705,769,1474,7745,7152,14897,2014-03-01
CM12,680,716,1396,8056,7475,15531,2014-03-01
CM13,874,1029,1903,9675,8932,18607,2014-03-01
CM14,825,1016,1841,7333,6592,13925,2014-03-01
CM15,786,909,1695,9324,8748,18072,2014-03-01
CM16,722,837,1559,8864,8090,16954,2014-03-01
CM17,758,1014,1772,7721,7027,14748,2014-03-01
CM18,1528,2083,3611,8205,6378,14583,2014-03-01
CM19,1235,1525,2760,7354,5814,13168,2014-03-01
CM20,1612,1929,3541,6869,5092,11961,2014-03-01
CM21,314,394,708,4483,4030,8513,2014-03-01
CM22,394,452,846,5621,5252,10873,2014-03-01
CM23,1530,1778,3308,15128,13819,28947,2014-03-01
CM24,236,241,477,2754,2455,5209,2014-03-01
CM77,456,525,981,5797,5493,11290,2014-03-01
CO1,1022,1154,2176,4581,3578,8159,2014-03-01
CO2,1843,2466,4309,11369,9040,20409,2014-03-01
CO3,1250,1385,2635,10587,9725,20312,2014-03-01
CO4,2519,3140,5659,15284,12572,27856,2014-03-01
CO5,819,1058,1877,11255,10260,21515,2014-03-01
CO6,772,976,1748,11189,10525,21714,2014-03-01
CO7,1099,1293,2392,12964,11727,24691,2014-03-01
CO8,58,74,132,929,855,1784,2014-03-01
CO9,826,1046,1872,9526,8495,18021,2014-03-01
CO10,1689,2182,3871,17401,15338,32739,2014-03-01
CO11,413,514,927,4981,4523,9504,2014-03-01
CO12,954,1283,2237,7685,6120,13805,2014-03-01
CO13,353,427,780,4677,4267,8944,2014-03-01
CO14,262,337,599,2258,1842,4100,2014-03-01
CO15,1997,2456,4453,14756,11740,26496,2014-03-01
CO16,914,1156,2070,8875,7511,16386,2014-03-01
CR0,14844,16387,31231,46977,36218,83195,2014-03-01
CR2,2647,3001,5648,17551,15752,33303,2014-03-01
CR3,1142,1354,2496,10622,9978,20600,2014-03-01
CR4,7639,7516,15155,18690,12652,31342,2014-03-01
CR5,1250,1526,2776,10746,10027,20773,2014-03-01
CR6,326,351,677,3920,3684,7604,2014-03-01
CR7,6359,6051,12410,13393,9775,23168,2014-03-01
CR8,1624,1805,3429,12138,11135,23273,2014-03-01
CR9,57,42,99,63,21,84,2014-03-01
CT1,1792,2048,3840,7487,5996,13483,2014-03-01
CT2,1571,1784,3355,8420,7118,15538,2014-03-01
CT3,690,907,1597,6354,5735,12089,2014-03-01
CT4,511,648,1159,6728,6407,13135,2014-03-01
CT5,1269,1491,2760,12122,11229,23351,2014-03-01
CT6,1415,1735,3150,13768,12275,26043,2014-03-01
CT7,353,474,827,4469,3880,8349,2014-03-01
CT8,392,447,839,2386,2118,4504,2014-03-01
CT9,2711,3135,5846,12781,10314,23095,2014-03-01
CT10,1154,1323,2477,8759,8041,16800,2014-03-01
CT11,1861,2105,3966,9013,7352,16365,2014-03-01
CT12,981,1239,2220,5926,4873,10799,2014-03-01
CT13,368,418,786,3159,2869,6028,2014-03-01
CT14,1532,1908,3440,12186,10473,22659,2014-03-01
CT15,413,587,1000,5173,4616,9789,2014-03-01
CT16,1144,1295,2439,6420,4989,11409,2014-03-01
CT17,1235,1508,2743,6427,4947,11374,2014-03-01
CT18,406,491,897,5484,5067,10551,2014-03-01
CT19,1663,2012,3675,8810,7205,16015,2014-03-01
CT20,1316,1430,2746,7109,5322,12431,2014-03-01
CT21,550,695,1245,6466,5938,12404,2014-03-01
CV1,3592,2917,6509,6338,2753,9091,2014-03-01
CV2,4742,6151,10893,18960,13779,32739,2014-03-01
CV3,3812,4780,8592,21660,17233,38893,2014-03-01
CV4,1981,2341,4322,9409,7291,16700,2014-03-01
CV5,2150,2474,4624,17003,14309,31312,2014-03-01
CV6,6251,7958,14209,25980,18679,44659,2014-03-01
CV7,1014,1323,2337,10754,9495,20249,2014-03-01
CV8,972,1126,2098,12332,11457,23789,2014-03-01
CV9,794,1028,1822,7816,6531,14347,2014-03-01
CV10,2332,3213,5545,17020,13848,30868,2014-03-01
CV11,1782,2163,3945,13980,11462,25442,2014-03-01
CV12,1340,1919,3259,10874,8869,19743,2014-03-01
CV13,224,325,549,4380,4000,8380,2014-03-01
CV21,1985,2508,4493,11915,9033,20948,2014-03-01
CV22,1376,1634,3010,12896,11241,24137,2014-03-01
CV23,593,741,1334,8693,7849,16542,2014-03-01
CV31,1655,2006,3661,9604,7611,17215,2014-03-01
CV32,1321,1590,2911,11526,10063,21589,2014-03-01
CV33,177,238,415,2656,2493,5149,2014-03-01
CV34,1244,1467,2711,11156,9900,21056,2014-03-01
CV35,629,769,1398,10021,9723,19744,2014-03-01
CV36,254,322,576,3834,3608,7442,2014-03-01
CV37,1458,1761,3219,15482,14422,29904,2014-03-01
CV47,527,681,1208,6637,6066,12703,2014-03-01
CW1,2123,2627,4750,12970,10597,23567,2014-03-01
CW2,1829,2120,3949,13896,11911,25807,2014-03-01
CW3,255,304,559,3689,3448,7137,2014-03-01
CW4,238,224,462,3900,3744,7644,2014-03-01
CW5,850,972,1822,11023,10280,21303,2014-03-01
CW6,251,349,600,5137,5029,10166,2014-03-01
CW7,1564,2105,3669,10713,8962,19675,2014-03-01
CW8,1106,1342,2448,13776,12674,26450,2014-03-01
CW9,1081,1316,2397,12438,10962,23400,2014-03-01
CW10,414,528,942,5624,5170,10794,2014-03-01
CW11,668,836,1504,8713,8064,16777,2014-03-01
CW12,860,1016,1876,11346,10342,21688,2014-03-01
DA1,3080,3798,6878,17913,14438,32351,2014-03-01
DA2,843,1193,2036,7977,7118,15095,2014-03-01
DA3,544,620,1164,6921,6500,13421,2014-03-01
DA4,305,348,653,3680,3410,7090,2014-03-01
DA5,748,850,1598,8001,7331,15332,2014-03-01
DA6,469,583,1052,3615,3132,6747,2014-03-01
DA7,1472,1829,3301,12779,11239,24018,2014-03-01
DA8,2477,3248,5725,10110,8152,18262,2014-03-01
DA9,538,647,1185,4397,3786,8183,2014-03-01
DA10,369,505,874,2086,1572,3658,2014-03-01
DA11,2224,2703,4927,12213,9416,21629,2014-03-01
DA12,2627,3230,5857,15635,12698,28333,2014-03-01
DA13,363,405,768,6033,5722,11755,2014-03-01
DA14,999,1257,2256,7266,6670,13936,2014-03-01
DA15,1177,1421,2598,10645,9500,20145,2014-03-01
DA16,1828,2390,4218,12558,10711,23269,2014-03-01
DA17,1208,1581,2789,5494,4321,9815,2014-03-01
DA18,623,778,1401,1229,835,2064,2014-03-01
DD1,932,808,1740,1943,1374,3317,2014-03-01
DD2,2478,3162,5640,12158,10105,22263,2014-03-01
DD3,2546,3016,5562,10693,8019,18712,2014-03-01
DD4,3041,3884,6925,12253,9326,21579,2014-03-01
DD5,975,1235,2210,12002,11155,23157,2014-03-01
DD6,391,519,910,3426,3231,6657,2014-03-01
DD7,422,655,1077,4573,4038,8611,2014-03-01
DD8,1007,1387,2394,10432,9002,19434,2014-03-01
DD9,484,682,1166,3995,3503,7498,2014-03-01
DD10,854,1125,1979,7746,6498,14244,2014-03-01
DD11,1254,1595,2849,9376,7794,17170,2014-03-01
DE1,1007,959,1966,3481,1993,5474,2014-03-01
DE2,18,9,27,38,13,51,2014-03-01
DE3,518,641,1159,6758,6039,12797,2014-03-01
DE4,1048,1439,2487,12890,11347,24237,2014-03-01
DE5,774,1073,1847,7815,6502,14317,2014-03-01
DE6,661,804,1465,9824,9076,18900,2014-03-01
DE7,2148,2948,5096,16676,13352,30028,2014-03-01
DE11,1716,2274,3990,15008,12739,27747,2014-03-01
DE12,659,808,1467,7802,6854,14656,2014-03-01
DE13,1280,1657,2937,14994,13392,28386,2014-03-01
DE14,1722,2226,3948,8778,6059,14837,2014-03-01
DE15,1136,1472,2608,7989,6513,14502,2014-03-01
DE21,2667,3780,6447,19293,15562,34855,2014-03-01
DE22,2157,2656,4813,14332,11722,26054,2014-03-01
DE23,4110,4739,8849,17162,12486,29648,2014-03-01
DE24,3410,4592,8002,16354,12004,28358,2014-03-01
DE45,231,273,504,3365,3173,6538,2014-03-01
DE55,1896,2576,4472,17362,14298,31660,2014-03-01
DE56,1213,1541,2754,14805,13217,28022,2014-03-01
DE65,629,762,1391,8461,7889,16350,2014-03-01
DE72,624,877,1501,7903,7286,15189,2014-03-01
DE73,571,719,1290,6934,6508,13442,2014-03-01
DE74,381,451,832,4232,3692,7924,2014-03-01
DE75,756,1028,1784,6126,5051,11177,2014-03-01
DG1,1052,1342,2394,9608,8503,18111,2014-03-01
DG2,1238,1605,2843,7660,6523,14183,2014-03-01
DG3,161,262,423,1746,1570,3316,2014-03-01
DG4,230,371,601,1455,1025,2480,2014-03-01
DG5,207,257,464,1943,1736,3679,2014-03-01
DG6,229,297,526,1895,1712,3607,2014-03-01
DG7,403,503,906,4637,4366,9003,2014-03-01
DG8,485,700,1185,4717,4108,8825,2014-03-01
DG9,748,1000,1748,5626,4716,10342,2014-03-01
DG10,173,192,365,1469,1283,2752,2014-03-01
DG11,469,645,1114,4940,4328,9268,2014-03-01
DG12,610,759,1369,4301,3562,7863,2014-03-01
DG13,125,151,276,1104,915,2019,2014-03-01
DG14,33,51,84,564,484,1048,2014-03-01
DG16,136,195,331,1420,1158,2578,2014-03-01
DH1,1774,2083,3857,13594,11614,25208,2014-03-01
DH2,1302,1905,3207,10388,8336,18724,2014-03-01
DH3,1129,1621,2750,8537,6843,15380,2014-03-01
DH4,1466,1988,3454,10934,8817,19751,2014-03-01
DH5,957,1397,2354,6162,4516,10678,2014-03-01
DH6,1396,2089,3485,11016,8594,19610,2014-03-01
DH7,1714,2526,4240,13760,11200,24960,2014-03-01
DH8,1568,2235,3803,12552,10271,22823,2014-03-01
DH9,1868,2577,4445,11225,8277,19502,2014-03-01
DL1,2544,3413,5957,14233,10548,24781,2014-03-01
DL2,399,474,873,6788,6417,13205,2014-03-01
DL3,1957,2547,4504,14766,12372,27138,2014-03-01
DL4,578,728,1306,2835,2038,4873,2014-03-01
DL5,1369,1970,3339,9723,7941,17664,2014-03-01
DL6,467,654,1121,5855,5274,11129,2014-03-01
DL7,334,514,848,5900,5512,11412,2014-03-01
DL8,414,549,963,7455,6872,14327,2014-03-01
DL9,1382,1215,2597,4777,3017,7794,2014-03-01
DL10,584,851,1435,7120,6431,13551,2014-03-01
DL11,88,134,222,2135,1984,4119,2014-03-01
DL12,364,441,805,4480,4029,8509,2014-03-01
DL13,421,573,994,5296,4408,9704,2014-03-01
DL14,1561,2159,3720,12294,9954,22248,2014-03-01
DL15,825,1299,2124,7405,5880,13285,2014-03-01
DL16,794,1162,1956,6637,5264,11901,2014-03-01
DL17,809,1269,2078,5794,4317,10111,2014-03-01
DN1,816,792,1608,2110,911,3021,2014-03-01
DN2,1410,1954,3364,7342,5457,12799,2014-03-01
DN3,1038,1506,2544,10574,8802,19376,2014-03-01
DN4,2556,3352,5908,16730,13047,29777,2014-03-01
DN5,1744,2453,4197,13155,10889,24044,2014-03-01
DN6,1718,2300,4018,9525,7256,16781,2014-03-01
DN7,1049,1507,2556,7353,5736,13089,2014-03-01
DN8,907,1247,2154,5613,4128,9741,2014-03-01
DN9,538,707,1245,7715,7257,14972,2014-03-01
DN10,345,454,799,4886,4445,9331,2014-03-01
DN11,1249,1812,3061,9323,7602,16925,2014-03-01
DN12,1491,1894,3385,6683,4890,11573,2014-03-01
DN14,1750,2655,4405,16290,13135,29425,2014-03-01
DN15,1958,2443,4401,11454,8726,20180,2014-03-01
DN16,1465,1857,3322,9992,7967,17959,2014-03-01
DN17,1635,2122,3757,12811,10555,23366,2014-03-01
DN18,444,688,1132,4167,3318,7485,2014-03-01
DN19,192,229,421,2401,2118,4519,2014-03-01
DN20,563,811,1374,7292,6244,13536,2014-03-01
DN21,1488,2078,3566,13015,11040,24055,2014-03-01
DN22,1272,1726,2998,12708,10953,23661,2014-03-01
DN31,769,893,1662,2288,1418,3706,2014-03-01
DN32,2185,2499,4684,7574,5370,12944,2014-03-01
DN33,1127,1317,2444,5889,4885,10774,2014-03-01
DN34,1037,1411,2448,6231,4786,11017,2014-03-01
DN35,1835,2357,4192,10925,8496,19421,2014-03-01
DN36,553,730,1283,7761,6944,14705,2014-03-01
DN37,898,1109,2007,7999,6886,14885,2014-03-01
DN38,69,115,184,1126,986,2112,2014-03-01
DN39,80,118,198,1125,931,2056,2014-03-01
DN40,648,937,1585,4212,3183,7395,2014-03-01
DN41,143,222,365,2550,2348,4898,2014-03-01
DT1,794,896,1690,6559,5972,12531,2014-03-01
DT2,671,726,1397,10183,9897,20080,2014-03-01
DT3,815,1007,1822,8917,8036,16953,2014-03-01
DT4,1949,2312,4261,12558,10387,22945,2014-03-01
DT5,671,842,1513,4023,3325,7348,2014-03-01
DT6,697,848,1545,8381,7933,16314,2014-03-01
DT7,183,244,427,2092,2019,4111,2014-03-01
DT8,156,204,360,2374,2274,4648,2014-03-01
DT9,613,829,1442,7909,7565,15474,2014-03-01
DT10,316,327,643,4702,4399,9101,2014-03-01
DT11,1106,1250,2356,12065,10449,22514,2014-03-01
DY1,1754,2189,3943,9722,7326,17048,2014-03-01
DY2,2123,2761,4884,10002,6953,16955,2014-03-01
DY3,1178,1581,2759,11969,9916,21885,2014-03-01
DY4,2557,3424,5981,12155,8659,20814,2014-03-01
DY5,1983,2682,4665,13482,10487,23969,2014-03-01
DY6,751,1008,1759,10707,9438,20145,2014-03-01
DY7,201,239,440,3271,3076,6347,2014-03-01
DY8,1816,2325,4141,17940,15491,33431,2014-03-01
DY9,1181,1518,2699,10519,9091,19610,2014-03-01
DY10,1468,1887,3355,12556,11029,23585,2014-03-01
DY11,1237,1659,2896,10709,9039,19748,2014-03-01
DY12,358,424,782,5027,4462,9489,2014-03-01
DY13,759,1001,1760,8544,7441,15985,2014-03-01
DY14,203,221,424,3379,3062,6441,2014-03-01
E1,10903,7280,18183,14798,7087,21885,2014-03-01
E1,941,1019,1960,4125,2675,6800,2014-03-01
E2,5317,4859,10176,10085,5805,15890,2014-03-01
E3,6134,5483,11617,11858,7071,18929,2014-03-01
E4,3875,4526,8401,20925,17450,38375,2014-03-01
E5,6785,6871,13656,10775,6886,17661,2014-03-01
E6,15658,11193,26851,20503,10554,31057,2014-03-01
E7,12157,7807,19964,13986,7285,21271,2014-03-01
E8,5061,5452,10513,9015,6222,15237,2014-03-01
E9,5191,5700,10891,8388,5618,14006,2014-03-01
E10,7318,5932,13250,12691,7010,19701,2014-03-01
E11,6323,6002,12325,17063,12336,29399,2014-03-01
E12,9125,5947,15072,10742,5746,16488,2014-03-01
E13,9290,6794,16084,11079,5790,16869,2014-03-01
E14,8408,8289,16697,21046,11937,32983,2014-03-01
E15,8534,7214,15748,12736,6868,19604,2014-03-01
E16,6030,6414,12444,11136,6591,17727,2014-03-01
E17,14038,12582,26620,30035,19456,49491,2014-03-01
E18,1207,1291,2498,6738,5891,12629,2014-03-01
E98,0,0,0,1,0,1,2014-03-01
EC1,61,48,109,295,158,453,2014-03-01
EC1,90,87,177,440,273,713,2014-03-01
EC1,283,296,579,655,328,983,2014-03-01
EC1,1,2,3,4,0,4,2014-03-01
EC1,492,554,1046,1410,904,2314,2014-03-01
EC1,1374,1253,2627,3075,1815,4890,2014-03-01
EC1,335,348,683,974,525,1499,2014-03-01
EC2,110,69,179,523,224,747,2014-03-01
EC2,15,5,20,189,33,222,2014-03-01
EC2,5,3,8,30,5,35,2014-03-01
EC2,0,1,1,12,2,14,2014-03-01
EC2,2,1,3,40,10,50,2014-03-01
EC2,4,6,10,117,31,148,2014-03-01
EC2,156,137,293,1331,938,2269,2014-03-01
EC3,10,2,12,63,11,74,2014-03-01
EC3,6,4,10,22,10,32,2014-03-01
EC3,19,16,35,132,61,193,2014-03-01
EC3,1,0,1,3,3,6,2014-03-01
EC3,5,3,8,48,20,68,2014-03-01
EC3,5,3,8,51,15,66,2014-03-01
EC4,45,10,55,139,81,220,2014-03-01
EC4,11,10,21,149,53,202,2014-03-01
EC4,5,3,8,53,15,68,2014-03-01
EC4,0,0,0,15,6,21,2014-03-01
EC4,5,5,10,50,18,68,2014-03-01
EC4,19,19,38,183,83,266,2014-03-01
EC4,10,11,21,122,64,186,2014-03-01
EH1,477,442,919,1392,933,2325,2014-03-01
EH2,70,60,130,291,201,492,2014-03-01
EH3,1596,1622,3218,6927,5894,12821,2014-03-01
EH4,3371,3833,7204,17022,15038,32060,2014-03-01
EH5,1287,1556,2843,5635,4603,10238,2014-03-01
EH6,2797,2917,5714,10824,8629,19453,2014-03-01
EH7,2350,2571,4921,9340,7281,16621,2014-03-01
EH8,1588,1685,3273,5736,4504,10240,2014-03-01
EH9,1140,1287,2427,6273,5770,12043,2014-03-01
EH10,1681,1758,3439,12742,11159,23901,2014-03-01
EH11,3097,3427,6524,9706,6955,16661,2014-03-01
EH12,1661,2202,3863,13515,12318,25833,2014-03-01
EH13,816,1013,1829,4726,4283,9009,2014-03-01
EH14,2411,2711,5122,12690,10647,23337,2014-03-01
EH15,1237,1453,2690,6587,5692,12279,2014-03-01
EH16,2105,2391,4496,8013,6516,14529,2014-03-01
EH17,1214,1716,2930,5443,4220,9663,2014-03-01
EH18,101,144,245,840,769,1609,2014-03-01
EH19,597,800,1397,4458,3911,8369,2014-03-01
EH20,305,481,786,2186,1664,3850,2014-03-01
EH21,1367,1783,3150,7421,6287,13708,2014-03-01
EH22,1633,2218,3851,9470,7758,17228,2014-03-01
EH23,407,600,1007,2453,1964,4417,2014-03-01
EH24,68,108,176,555,486,1041,2014-03-01
EH25,143,176,319,1067,922,1989,2014-03-01
EH26,858,1151,2009,5999,5127,11126,2014-03-01
EH27,139,147,286,1003,979,1982,2014-03-01
EH28,145,182,327,1065,907,1972,2014-03-01
EH29,161,223,384,1259,1118,2377,2014-03-01
EH30,447,654,1101,3363,3006,6369,2014-03-01
EH31,68,96,164,985,938,1923,2014-03-01
EH32,879,1168,2047,6640,5591,12231,2014-03-01
EH33,590,801,1391,4513,3792,8305,2014-03-01
EH34,77,86,163,1022,947,1969,2014-03-01
EH35,92,148,240,773,618,1391,2014-03-01
EH36,12,10,22,157,155,312,2014-03-01
EH37,49,79,128,610,559,1169,2014-03-01
EH38,12,16,28,171,171,342,2014-03-01
EH39,351,442,793,3261,3092,6353,2014-03-01
EH40,59,75,134,815,774,1589,2014-03-01
EH41,489,619,1108,4360,3847,8207,2014-03-01
EH42,399,538,937,3635,3172,6807,2014-03-01
EH43,34,61,95,280,236,516,2014-03-01
EH44,97,154,251,1230,1115,2345,2014-03-01
EH45,401,527,928,3838,3603,7441,2014-03-01
EH46,115,130,245,1356,1325,2681,2014-03-01
EH47,1326,1974,3300,8666,6643,15309,2014-03-01
EH48,1536,2173,3709,12046,10024,22070,2014-03-01
EH49,624,862,1486,6160,5518,11678,2014-03-01
EH51,651,924,1575,4989,4149,9138,2014-03-01
EH52,871,1257,2128,6533,5296,11829,2014-03-01
EH53,448,612,1060,3664,3164,6828,2014-03-01
EH54,3272,4595,7867,17759,14567,32326,2014-03-01
EH55,394,518,912,2844,2339,5183,2014-03-01
EN1,2975,3720,6695,14670,12482,27152,2014-03-01
EN2,1391,1852,3243,10495,9323,19818,2014-03-01
EN3,5165,6646,11811,16643,12182,28825,2014-03-01
EN4,1291,1581,2872,9476,8605,18081,2014-03-01
EN5,2157,2747,4904,13550,12201,25751,2014-03-01
EN6,1144,1248,2392,11220,10496,21716,2014-03-01
EN7,740,959,1699,8468,7841,16309,2014-03-01
EN8,1848,2331,4179,12405,10214,22619,2014-03-01
EN9,999,1139,2138,9258,7924,17182,2014-03-01
EN10,624,731,1355,6514,6124,12638,2014-03-01
EN11,841,1007,1848,8220,7137,15357,2014-03-01
EX1,1050,1234,2284,6319,5498,11817,2014-03-01
EX2,1845,2253,4098,13865,12272,26137,2014-03-01
EX3,146,132,278,1867,1846,3713,2014-03-01
EX4,2718,3247,5965,15745,13047,28792,2014-03-01
EX5,468,616,1084,7598,7289,14887,2014-03-01
EX6,343,397,740,5783,5378,11161,2014-03-01
EX7,475,629,1104,4442,3971,8413,2014-03-01
EX8,1540,1994,3534,13225,11923,25148,2014-03-01
EX9,137,203,340,2574,2600,5174,2014-03-01
EX10,478,617,1095,6397,6236,12633,2014-03-01
EX11,241,243,484,3146,3130,6276,2014-03-01
EX12,260,391,651,3586,3218,6804,2014-03-01
EX13,350,452,802,4572,4312,8884,2014-03-01
EX14,601,812,1413,8132,7459,15591,2014-03-01
EX15,614,759,1373,8056,7362,15418,2014-03-01
EX16,1120,1370,2490,11702,10452,22154,2014-03-01
EX17,606,793,1399,7475,6781,14256,2014-03-01
EX18,101,93,194,1256,1202,2458,2014-03-01
EX19,71,78,149,1524,1403,2927,2014-03-01
EX20,604,819,1423,7904,7062,14966,2014-03-01
EX21,113,96,209,1849,1691,3540,2014-03-01
EX22,281,337,618,4392,3812,8204,2014-03-01
EX23,509,638,1147,5915,5348,11263,2014-03-01
EX24,99,121,220,1468,1478,2946,2014-03-01
EX31,805,1079,1884,9424,8528,17952,2014-03-01
EX32,1139,1512,2651,7967,6811,14778,2014-03-01
EX33,331,439,770,3949,3574,7523,2014-03-01
EX34,825,1072,1897,6256,5259,11515,2014-03-01
EX35,65,77,142,682,614,1296,2014-03-01
EX36,256,333,589,3348,3011,6359,2014-03-01
EX37,92,105,197,1547,1468,3015,2014-03-01
EX38,282,358,640,3002,2710,5712,2014-03-01
EX39,1417,1812,3229,13780,12218,25998,2014-03-01
FK1,1317,1786,3103,9625,7831,17456,2014-03-01
FK2,1968,2662,4630,15746,13380,29126,2014-03-01
FK3,949,1255,2204,5329,4210,9539,2014-03-01
FK4,585,815,1400,4553,3871,8424,2014-03-01
FK5,672,997,1669,6502,5929,12431,2014-03-01
FK6,645,911,1556,4601,3765,8366,2014-03-01
FK7,1390,2066,3456,10079,8712,18791,2014-03-01
FK8,960,1100,2060,5698,4944,10642,2014-03-01
FK9,552,705,1257,4192,3728,7920,2014-03-01
FK10,1796,2553,4349,11895,9957,21852,2014-03-01
FK11,85,123,208,1033,978,2011,2014-03-01
FK12,228,290,518,1779,1515,3294,2014-03-01
FK13,305,354,659,2141,1816,3957,2014-03-01
FK14,184,190,374,1781,1698,3479,2014-03-01
FK15,377,466,843,3927,3791,7718,2014-03-01
FK16,63,78,141,775,671,1446,2014-03-01
FK17,147,182,329,1390,1235,2625,2014-03-01
FK18,6,12,18,100,90,190,2014-03-01
FK19,20,27,47,251,224,475,2014-03-01
FK20,25,43,68,155,130,285,2014-03-01
FK21,35,52,87,381,316,697,2014-03-01
FY1,2967,3001,5968,9216,5798,15014,2014-03-01
FY2,1275,1408,2683,8030,6747,14777,2014-03-01
FY3,1865,2336,4201,9928,8261,18189,2014-03-01
FY4,2439,3129,5568,14405,11559,25964,2014-03-01
FY5,1546,1892,3438,16105,14244,30349,2014-03-01
FY6,700,955,1655,11039,10253,21292,2014-03-01
FY7,1740,1965,3705,7684,6032,13716,2014-03-01
FY8,1690,1930,3620,16350,14882,31232,2014-03-01
G1,441,327,768,1399,754,2153,2014-03-01
G2,248,146,394,477,191,668,2014-03-01
G3,1675,1392,3067,4327,2672,6999,2014-03-01
G4,1111,833,1944,2400,1234,3634,2014-03-01
G5,1185,982,2167,2468,1354,3822,2014-03-01
G11,1299,1409,2708,5594,4796,10390,2014-03-01
G12,1546,1445,2991,7737,6919,14656,2014-03-01
G13,2045,2414,4459,9330,7542,16872,2014-03-01
G14,1347,1549,2896,4785,3956,8741,2014-03-01
G15,1656,1888,3544,3778,2853,6631,2014-03-01
G20,2730,2909,5639,7022,5233,12255,2014-03-01
G21,3098,3469,6567,6096,3897,9993,2014-03-01
G22,1742,2079,3821,3885,2503,6388,2014-03-01
G23,503,714,1217,1980,1543,3523,2014-03-01
G31,2380,2539,4919,5065,3352,8417,2014-03-01
G32,2373,2989,5362,10209,7441,17650,2014-03-01
G33,3236,3888,7124,10986,8538,19524,2014-03-01
G34,1050,1260,2310,1720,1137,2857,2014-03-01
G40,1028,1204,2232,2337,1491,3828,2014-03-01
G41,2620,2607,5227,10339,8302,18641,2014-03-01
G42,3355,2919,6274,7610,5073,12683,2014-03-01
G43,1134,1279,2413,5116,4175,9291,2014-03-01
G44,1649,2160,3809,9288,8113,17401,2014-03-01
G45,1545,1805,3350,3077,1933,5010,2014-03-01
G46,1590,1881,3471,8451,7673,16124,2014-03-01
G51,2611,2502,5113,5205,3211,8416,2014-03-01
G52,2044,2661,4705,7789,6057,13846,2014-03-01
G53,2570,3139,5709,8519,6790,15309,2014-03-01
G60,234,285,519,1922,1830,3752,2014-03-01
G61,1054,1201,2255,10885,10505,21390,2014-03-01
G62,554,660,1214,4989,4835,9824,2014-03-01
G63,270,354,624,3652,3720,7372,2014-03-01
G64,1161,1566,2727,9518,8651,18169,2014-03-01
G65,768,1055,1823,4114,3170,7284,2014-03-01
G66,1927,2497,4424,12840,11241,24081,2014-03-01
G67,2526,3466,5992,10613,7840,18453,2014-03-01
G68,732,989,1721,6498,5787,12285,2014-03-01
G69,1691,2208,3899,11303,9584,20887,2014-03-01
G71,1356,1817,3173,9639,8458,18097,2014-03-01
G72,2599,3329,5928,14753,12304,27057,2014-03-01
G73,2006,2578,4584,9501,7821,17322,2014-03-01
G74,1763,2370,4133,12806,10667,23473,2014-03-01
G75,2239,3140,5379,12627,10349,22976,2014-03-01
G76,876,1054,1930,7951,7783,15734,2014-03-01
G77,741,903,1644,8998,8960,17958,2014-03-01
G78,1326,1736,3062,7608,6433,14041,2014-03-01
G81,2707,3451,6158,10961,8649,19610,2014-03-01
G82,1565,1939,3504,8047,6747,14794,2014-03-01
G83,1459,2057,3516,8127,6680,14807,2014-03-01
G84,1165,1422,2587,7774,6935,14709,2014-03-01
GL1,2517,2713,5230,10123,7194,17317,2014-03-01
GL2,1643,2050,3693,19521,17659,37180,2014-03-01
GL3,1127,1446,2573,11106,10069,21175,2014-03-01
GL4,2075,2756,4831,16511,14507,31018,2014-03-01
GL5,1365,1483,2848,11223,10170,21393,2014-03-01
GL6,759,898,1657,9780,9352,19132,2014-03-01
GL7,1440,1849,3289,16381,15244,31625,2014-03-01
GL8,250,332,582,3342,3159,6501,2014-03-01
GL9,54,51,105,1085,1023,2108,2014-03-01
GL10,555,551,1106,5189,4604,9793,2014-03-01
GL11,554,755,1309,6949,6223,13172,2014-03-01
GL12,448,494,942,5770,5354,11124,2014-03-01
GL13,156,165,321,2318,2040,4358,2014-03-01
GL14,599,849,1448,5536,4543,10079,2014-03-01
GL15,687,886,1573,7952,6988,14940,2014-03-01
GL16,440,589,1029,4917,4420,9337,2014-03-01
GL17,367,498,865,4478,3967,8445,2014-03-01
GL18,254,283,537,3050,2733,5783,2014-03-01
GL19,202,220,422,3611,3456,7067,2014-03-01
GL20,988,1118,2106,10585,9589,20174,2014-03-01
GL50,1038,1251,2289,6990,5835,12825,2014-03-01
GL51,2472,3095,5567,17429,14895,32324,2014-03-01
GL52,1754,2012,3766,15343,14262,29605,2014-03-01
GL53,710,772,1482,7421,7307,14728,2014-03-01
GL54,676,781,1457,8967,8446,17413,2014-03-01
GL55,144,156,300,2090,2107,4197,2014-03-01
GL56,268,309,577,3268,3252,6520,2014-03-01
GU1,1598,1768,3366,11048,9502,20550,2014-03-01
GU2,1845,2011,3856,10498,8717,19215,2014-03-01
GU3,323,409,732,4712,4444,9156,2014-03-01
GU4,491,577,1068,6384,6388,12772,2014-03-01
GU5,328,373,701,4286,4311,8597,2014-03-01
GU6,513,533,1046,5726,5564,11290,2014-03-01
GU7,957,1138,2095,8326,7775,16101,2014-03-01
GU8,556,637,1193,6907,6857,13764,2014-03-01
GU9,1017,1296,2313,10957,10343,21300,2014-03-01
GU10,622,702,1324,9349,9084,18433,2014-03-01
GU11,1578,1840,3418,8033,6060,14093,2014-03-01
GU12,1434,1768,3202,11788,10221,22009,2014-03-01
GU13,767,10,777,601,33,634,2014-03-01
GU14,2720,3243,5963,20264,17520,37784,2014-03-01
GU15,1710,1824,3534,13728,12278,26006,2014-03-01
GU16,1063,1000,2063,9737,8603,18340,2014-03-01
GU17,571,475,1046,5172,3941,9113,2014-03-01
GU18,135,173,308,3036,2915,5951,2014-03-01
GU19,190,199,389,2305,2131,4436,2014-03-01
GU20,110,122,232,1940,1911,3851,2014-03-01
GU21,2643,3044,5687,18849,16365,35214,2014-03-01
GU22,1572,1832,3404,13345,11911,25256,2014-03-01
GU23,194,214,408,2728,2651,5379,2014-03-01
GU24,940,748,1688,6828,6361,13189,2014-03-01
GU25,313,370,683,2641,2704,5345,2014-03-01
GU26,244,237,481,2967,2868,5835,2014-03-01
GU27,638,779,1417,6836,6542,13378,2014-03-01
GU28,241,240,481,2703,2581,5284,2014-03-01
GU29,296,401,697,3608,3632,7240,2014-03-01
GU30,333,366,699,3732,3565,7297,2014-03-01
GU31,363,430,793,4383,4154,8537,2014-03-01
GU32,491,590,1081,4325,4042,8367,2014-03-01
GU33,269,337,606,3282,3172,6454,2014-03-01
GU34,1019,1247,2266,11549,10709,22258,2014-03-01
GU35,1141,1243,2384,9752,8125,17877,2014-03-01
GU46,401,490,891,6219,5859,12078,2014-03-01
GU47,662,758,1420,7700,7060,14760,2014-03-01
GU51,668,732,1400,9058,8421,17479,2014-03-01
GU52,366,476,842,6357,6125,12482,2014-03-01
HA0,10147,7588,17735,16972,10325,27297,2014-03-01
HA1,3708,3843,7551,13149,10004,23153,2014-03-01
HA2,5043,5426,10469,19907,15218,35125,2014-03-01
HA3,6861,6819,13680,26521,20322,46843,2014-03-01
HA4,2275,2680,4955,18831,16797,35628,2014-03-01
HA5,2070,2404,4474,17721,16486,34207,2014-03-01
HA6,1017,1256,2273,9159,8632,17791,2014-03-01
HA7,2218,2690,4908,13872,12141,26013,2014-03-01
HA8,6683,7034,13717,24216,18407,42623,2014-03-01
HA9,7747,6300,14047,17317,11265,28582,2014-03-01
HD1,2075,1901,3976,5519,3289,8808,2014-03-01
HD2,1826,2439,4265,8776,6943,15719,2014-03-01
HD3,1295,1804,3099,10014,8622,18636,2014-03-01
HD4,1561,2015,3576,9129,7336,16465,2014-03-01
HD5,1614,2162,3776,9494,7849,17343,2014-03-01
HD6,1126,1464,2590,9360,7897,17257,2014-03-01
HD7,893,1245,2138,8141,6993,15134,2014-03-01
HD8,944,1264,2208,12404,11386,23790,2014-03-01
HD9,1217,1541,2758,12691,11450,24141,2014-03-01
HG1,1435,1847,3282,11917,10553,22470,2014-03-01
HG2,1224,1422,2646,11656,11141,22797,2014-03-01
HG3,780,959,1739,10309,9927,20236,2014-03-01
HG4,832,1155,1987,9365,8426,17791,2014-03-01
HG5,596,691,1287,7105,6451,13556,2014-03-01
HP1,1105,1331,2436,8941,8052,16993,2014-03-01
HP2,2106,2751,4857,13368,11264,24632,2014-03-01
HP3,1357,1654,3011,11746,10316,22062,2014-03-01
HP4,787,795,1582,9223,9030,18253,2014-03-01
HP5,1082,1292,2374,9436,8484,17920,2014-03-01
HP6,543,539,1082,5398,5219,10617,2014-03-01
HP7,365,444,809,4174,3997,8171,2014-03-01
HP8,200,207,407,2910,2963,5873,2014-03-01
HP9,579,652,1231,7043,7072,14115,2014-03-01
HP10,540,648,1188,7920,7717,15637,2014-03-01
HP11,824,929,1753,4815,3817,8632,2014-03-01
HP12,1291,1606,2897,7564,5804,13368,2014-03-01
HP13,2181,2756,4937,14812,12288,27100,2014-03-01
HP14,552,600,1152,7119,6643,13762,2014-03-01
HP15,459,509,968,7172,6847,14019,2014-03-01
HP16,342,368,710,4893,4906,9799,2014-03-01
HP17,277,286,563,3989,3946,7935,2014-03-01
HP18,410,449,859,5371,5139,10510,2014-03-01
HP19,1113,1481,2594,7792,6513,14305,2014-03-01
HP20,812,931,1743,4833,3904,8737,2014-03-01
HP21,1570,2056,3626,11483,9856,21339,2014-03-01
HP22,730,796,1526,9987,9723,19710,2014-03-01
HP23,608,700,1308,6825,6535,13360,2014-03-01
HP27,368,442,810,4905,4765,9670,2014-03-01
HR1,1150,1378,2528,11670,10664,22334,2014-03-01
HR2,1658,2260,3918,13311,11497,24808,2014-03-01
HR3,167,219,386,3065,2823,5888,2014-03-01
HR4,1186,1415,2601,10699,9373,20072,2014-03-01
HR5,133,175,308,1794,1593,3387,2014-03-01
HR6,736,932,1668,7663,6783,14446,2014-03-01
HR7,172,253,425,2787,2431,5218,2014-03-01
HR8,414,563,977,5270,4862,10132,2014-03-01
HR9,592,812,1404,8114,7496,15610,2014-03-01
HS1,294,370,664,1513,1249,2762,2014-03-01
HS2,529,746,1275,5042,4085,9127,2014-03-01
HS3,68,79,147,463,333,796,2014-03-01
HS4,21,14,35,89,66,155,2014-03-01
HS5,13,25,38,101,81,182,2014-03-01
HS6,61,105,166,620,528,1148,2014-03-01
HS7,78,109,187,468,380,848,2014-03-01
HS8,113,128,241,691,523,1214,2014-03-01
HS9,84,63,147,411,368,779,2014-03-01
HU1,262,204,466,809,357,1166,2014-03-01
HU2,404,328,732,895,341,1236,2014-03-01
HU3,2745,2774,5519,6099,3133,9232,2014-03-01
HU4,1380,1726,3106,7215,5411,12626,2014-03-01
HU5,3164,3658,6822,13911,10450,24361,2014-03-01
HU6,2499,3097,5596,8419,5719,14138,2014-03-01
HU7,2915,3614,6529,12130,9018,21148,2014-03-01
HU8,2104,2695,4799,10623,7809,18432,2014-03-01
HU9,3004,3679,6683,10329,6742,17071,2014-03-01
HU10,562,746,1308,7256,6665,13921,2014-03-01
HU11,368,500,868,5144,4401,9545,2014-03-01
HU12,845,1202,2047,9943,8476,18419,2014-03-01
HU13,579,838,1417,5228,4462,9690,2014-03-01
HU14,210,226,436,3357,3269,6626,2014-03-01
HU15,583,798,1381,9041,8411,17452,2014-03-01
HU16,562,658,1220,5768,5100,10868,2014-03-01
HU17,1529,1857,3386,16121,14489,30610,2014-03-01
HU18,334,458,792,3226,2681,5907,2014-03-01
HU19,422,508,930,2344,1520,3864,2014-03-01
HU20,23,31,54,378,365,743,2014-03-01
HX1,1623,2235,3858,6227,3819,10046,2014-03-01
HX2,1799,2515,4314,12059,9881,21940,2014-03-01
HX3,2005,2657,4662,15371,12921,28292,2014-03-01
HX4,400,571,971,4445,4030,8475,2014-03-01
HX5,471,658,1129,3201,2561,5762,2014-03-01
HX6,804,1036,1840,6564,5531,12095,2014-03-01
HX7,636,733,1369,4582,4395,8977,2014-03-01
IG1,10452,7880,18332,19533,11869,31402,2014-03-01
IG2,2589,2607,5196,9238,6766,16004,2014-03-01
IG3,4565,3938,8503,12206,7983,20189,2014-03-01
IG4,735,819,1554,3403,2638,6041,2014-03-01
IG5,1033,1229,2262,6012,4996,11008,2014-03-01
IG6,1770,2107,3877,9386,7764,17150,2014-03-01
IG7,1028,1312,2340,7488,6652,14140,2014-03-01
IG8,1889,2332,4221,13079,11776,24855,2014-03-01
IG9,483,540,1023,4890,4678,9568,2014-03-01
IG10,1336,1693,3029,11409,10664,22073,2014-03-01
IG11,7846,6797,14643,14455,8353,22808,2014-03-01
IP1,2223,2533,4756,12441,9470,21911,2014-03-01
IP2,1672,2181,3853,9827,7284,17111,2014-03-01
IP3,1563,1993,3556,10930,8605,19535,2014-03-01
IP4,1616,1910,3526,12376,10457,22833,2014-03-01
IP5,483,556,1039,7407,6802,14209,2014-03-01
IP6,410,518,928,6410,5822,12232,2014-03-01
IP7,457,604,1061,6130,5453,11583,2014-03-01
IP8,283,384,667,4383,3954,8337,2014-03-01
IP9,315,391,706,4447,4152,8599,2014-03-01
IP10,80,90,170,1425,1298,2723,2014-03-01
IP11,1032,1484,2516,11026,9343,20369,2014-03-01
IP12,805,919,1724,9296,8782,18078,2014-03-01
IP13,571,617,1188,7125,6791,13916,2014-03-01
IP14,1140,1429,2569,14540,12883,27423,2014-03-01
IP15,64,90,154,892,938,1830,2014-03-01
IP16,288,341,629,2396,1984,4380,2014-03-01
IP17,347,442,789,4399,4168,8567,2014-03-01
IP18,115,140,255,1440,1410,2850,2014-03-01
IP19,255,317,572,3954,3658,7612,2014-03-01
IP20,229,269,498,3044,2774,5818,2014-03-01
IP21,233,329,562,4532,4114,8646,2014-03-01
IP22,688,759,1447,8245,7505,15750,2014-03-01
IP23,215,279,494,2843,2611,5454,2014-03-01
IP24,1465,1907,3372,8663,6871,15534,2014-03-01
IP25,547,740,1287,6372,5573,11945,2014-03-01
IP26,272,349,621,3256,2949,6205,2014-03-01
IP27,813,1011,1824,5637,4885,10522,2014-03-01
IP28,882,1141,2023,8113,7503,15616,2014-03-01
IP29,219,256,475,3533,3385,6918,2014-03-01
IP30,346,448,794,5417,5087,10504,2014-03-01
IP31,491,682,1173,8131,7370,15501,2014-03-01
IP32,664,878,1542,5513,4873,10386,2014-03-01
IP33,937,1209,2146,8146,7192,15338,2014-03-01
IV1,152,145,297,883,759,1642,2014-03-01
IV2,2071,2777,4848,16565,14727,31292,2014-03-01
IV3,1266,1544,2810,5808,4507,10315,2014-03-01
IV4,150,205,355,1688,1499,3187,2014-03-01
IV5,50,63,113,488,467,955,2014-03-01
IV6,150,172,322,1674,1509,3183,2014-03-01
IV7,186,251,437,2226,2066,4292,2014-03-01
IV8,31,36,67,345,309,654,2014-03-01
IV9,46,59,105,447,414,861,2014-03-01
IV10,104,127,231,957,906,1863,2014-03-01
IV11,61,55,116,310,293,603,2014-03-01
IV12,616,712,1328,4411,3927,8338,2014-03-01
IV13,15,18,33,252,196,448,2014-03-01
IV14,78,95,173,798,744,1542,2014-03-01
IV15,323,358,681,1896,1648,3544,2014-03-01
IV16,58,70,128,704,629,1333,2014-03-01
IV17,351,432,783,2059,1683,3742,2014-03-01
IV18,302,392,694,2050,1721,3771,2014-03-01
IV19,226,269,495,1715,1497,3212,2014-03-01
IV20,152,188,340,1117,959,2076,2014-03-01
IV21,50,47,97,445,383,828,2014-03-01
IV22,63,75,138,598,522,1120,2014-03-01
IV23,33,45,78,351,294,645,2014-03-01
IV24,44,73,117,561,523,1084,2014-03-01
IV25,72,114,186,926,831,1757,2014-03-01
IV26,99,138,237,706,662,1368,2014-03-01
IV27,161,169,330,1465,1283,2748,2014-03-01
IV28,10,12,22,181,182,363,2014-03-01
IV30,1516,2017,3533,11432,9835,21267,2014-03-01
IV31,364,463,827,2606,2110,4716,2014-03-01
IV32,219,210,429,1843,1677,3520,2014-03-01
IV33,1,0,1,0,0,0,2014-03-01
IV36,663,906,1569,5626,4923,10549,2014-03-01
IV40,125,172,297,933,794,1727,2014-03-01
IV41,31,18,49,137,106,243,2014-03-01
IV42,17,22,39,202,160,362,2014-03-01
IV43,12,20,32,104,92,196,2014-03-01
IV44,10,8,18,105,100,205,2014-03-01
IV45,10,8,18,112,96,208,2014-03-01
IV46,2,5,7,32,32,64,2014-03-01
IV47,18,30,48,224,191,415,2014-03-01
IV48,1,5,6,41,39,80,2014-03-01
IV49,51,56,107,437,369,806,2014-03-01
IV51,225,296,521,1944,1698,3642,2014-03-01
IV52,19,26,45,136,149,285,2014-03-01
IV53,7,6,13,59,55,114,2014-03-01
IV54,56,75,131,568,453,1021,2014-03-01
IV55,55,53,108,525,448,973,2014-03-01
IV56,7,10,17,136,116,252,2014-03-01
IV63,106,139,245,954,885,1839,2014-03-01
KA1,1342,1777,3119,9393,7805,17198,2014-03-01
KA2,273,416,689,2565,2240,4805,2014-03-01
KA3,1781,2370,4151,12692,10917,23609,2014-03-01
KA4,226,333,559,1928,1689,3617,2014-03-01
KA5,393,638,1031,3556,2856,6412,2014-03-01
KA6,972,1316,2288,6374,5160,11534,2014-03-01
KA7,1139,1392,2531,10291,9418,19709,2014-03-01
KA8,1103,1532,2635,5479,4014,9493,2014-03-01
KA9,648,775,1423,5822,5334,11156,2014-03-01
KA10,618,825,1443,5813,5301,11114,2014-03-01
KA11,1100,1637,2737,6820,5600,12420,2014-03-01
KA12,1144,1541,2685,5393,4032,9425,2014-03-01
KA13,939,1325,2264,5465,4489,9954,2014-03-01
KA14,34,30,64,198,159,357,2014-03-01
KA15,321,434,755,2507,2210,4717,2014-03-01
KA16,173,185,358,1122,873,1995,2014-03-01
KA17,140,197,337,1530,1255,2785,2014-03-01
KA18,1037,1516,2553,7051,5326,12377,2014-03-01
KA19,350,474,824,2706,2272,4978,2014-03-01
KA20,626,837,1463,2552,1921,4473,2014-03-01
KA21,778,899,1677,3779,3035,6814,2014-03-01
KA22,636,891,1527,3446,2804,6250,2014-03-01
KA23,201,259,460,2003,1908,3911,2014-03-01
KA24,262,410,672,2024,1714,3738,2014-03-01
KA25,401,526,927,2191,1729,3920,2014-03-01
KA26,469,680,1149,3717,3038,6755,2014-03-01
KA27,211,301,512,1785,1644,3429,2014-03-01
KA28,49,71,120,439,366,805,2014-03-01
KA29,45,65,110,600,552,1152,2014-03-01
KA30,408,602,1010,4155,3631,7786,2014-03-01
KT1,1641,1714,3355,7254,5683,12937,2014-03-01
KT2,1866,2256,4122,11168,10073,21241,2014-03-01
KT3,2932,3064,5996,15050,12813,27863,2014-03-01
KT4,1357,1535,2892,11277,10222,21499,2014-03-01
KT5,1155,1172,2327,7411,6375,13786,2014-03-01
KT6,1717,2026,3743,11217,9722,20939,2014-03-01
KT7,409,422,831,3923,3917,7840,2014-03-01
KT8,926,1037,1963,7719,7293,15012,2014-03-01
KT9,1167,1328,2495,7727,6702,14429,2014-03-01
KT10,838,854,1692,8958,8954,17912,2014-03-01
KT11,756,815,1571,6994,7205,14199,2014-03-01
KT12,1536,1793,3329,14504,13829,28333,2014-03-01
KT13,895,992,1887,9804,9628,19432,2014-03-01
KT14,528,580,1108,5190,5080,10270,2014-03-01
KT15,1026,1152,2178,10830,9771,20601,2014-03-01
KT16,765,906,1671,7395,6762,14157,2014-03-01
KT17,990,1002,1992,9088,8412,17500,2014-03-01
KT18,599,760,1359,6429,6250,12679,2014-03-01
KT19,1769,2005,3774,12641,11300,23941,2014-03-01
KT20,636,770,1406,8256,7832,16088,2014-03-01
KT21,401,454,855,5372,5368,10740,2014-03-01
KT22,938,960,1898,9580,9101,18681,2014-03-01
KT23,333,342,675,4386,4382,8768,2014-03-01
KT24,250,285,535,3904,4002,7906,2014-03-01
KW1,493,589,1082,3830,3164,6994,2014-03-01
KW2,6,4,10,26,28,54,2014-03-01
KW3,41,61,102,401,310,711,2014-03-01
KW5,7,8,15,126,112,238,2014-03-01
KW6,14,13,27,144,120,264,2014-03-01
KW7,2,5,7,38,36,74,2014-03-01
KW8,25,40,65,318,265,583,2014-03-01
KW9,69,83,152,659,576,1235,2014-03-01
KW10,88,101,189,605,523,1128,2014-03-01
KW11,3,7,10,56,39,95,2014-03-01
KW12,44,61,105,659,572,1231,2014-03-01
KW13,4,6,10,40,40,80,2014-03-01
KW14,612,778,1390,4445,3665,8110,2014-03-01
KW15,397,522,919,2741,2411,5152,2014-03-01
KW16,162,243,405,1333,1141,2474,2014-03-01
KW17,385,488,873,3346,2981,6327,2014-03-01
KY1,1290,1582,2872,7864,6276,14140,2014-03-01
KY2,1407,1935,3342,10038,8459,18497,2014-03-01
KY3,486,667,1153,3852,3404,7256,2014-03-01
KY4,1016,1452,2468,7136,5489,12625,2014-03-01
KY5,990,1504,2494,6349,4759,11108,2014-03-01
KY6,1066,1344,2410,6318,5178,11496,2014-03-01
KY7,1335,1935,3270,9311,7875,17186,2014-03-01
KY8,1812,2385,4197,11172,8971,20143,2014-03-01
KY9,55,81,136,762,734,1496,2014-03-01
KY10,334,470,804,3260,2880,6140,2014-03-01
KY11,2809,3747,6556,20316,17458,37774,2014-03-01
KY12,1644,2133,3777,13893,11980,25873,2014-03-01
KY13,331,386,717,4318,4231,8549,2014-03-01
KY14,217,315,532,2577,2263,4840,2014-03-01
KY15,762,1024,1786,7962,7346,15308,2014-03-01
KY16,1054,1307,2361,6479,5724,12203,2014-03-01
L1,384,391,775,1100,634,1734,2014-03-01
L2,61,33,94,199,92,291,2014-03-01
L3,818,767,1585,2726,1731,4457,2014-03-01
L4,3430,4336,7766,9353,6026,15379,2014-03-01
L5,1286,1603,2889,2679,1512,4191,2014-03-01
L6,2150,2444,4594,4559,2596,7155,2014-03-01
L7,2075,1977,4052,3299,1696,4995,2014-03-01
L8,3604,3653,7257,6082,3530,9612,2014-03-01
L9,2019,2758,4777,8633,6323,14956,2014-03-01
L10,788,1183,1971,4893,3945,8838,2014-03-01
L11,2161,2927,5088,6090,4155,10245,2014-03-01
L12,1569,2058,3627,10484,9051,19535,2014-03-01
L13,2342,2980,5322,8026,5584,13610,2014-03-01
L14,1926,2776,4702,6894,5104,11998,2014-03-01
L15,2089,2479,4568,6862,5043,11905,2014-03-01
L16,625,789,1414,5373,4804,10177,2014-03-01
L17,1432,1539,2971,6578,5549,12127,2014-03-01
L18,1175,1435,2610,8645,7863,16508,2014-03-01
L19,1389,1585,2974,7113,6040,13153,2014-03-01
L20,2757,3303,6060,7707,4972,12679,2014-03-01
L21,1800,2316,4116,6710,4877,11587,2014-03-01
L22,888,1004,1892,4439,3621,8060,2014-03-01
L23,1487,1842,3329,10744,9761,20505,2014-03-01
L24,1190,1525,2715,3883,2743,6626,2014-03-01
L25,1809,2278,4087,11130,9112,20242,2014-03-01
L26,907,1181,2088,4941,4192,9133,2014-03-01
L27,510,717,1227,1613,1119,2732,2014-03-01
L28,581,771,1352,1530,824,2354,2014-03-01
L29,28,22,50,196,187,383,2014-03-01
L30,1382,1817,3199,5446,4034,9480,2014-03-01
L31,1140,1509,2649,11489,10094,21583,2014-03-01
L32,1611,2195,3806,5495,3779,9274,2014-03-01
L33,1407,1921,3328,4481,3219,7700,2014-03-01
L34,553,690,1243,4223,3397,7620,2014-03-01
L35,1545,2204,3749,10430,8205,18635,2014-03-01
L36,2882,3933,6815,11274,8601,19875,2014-03-01
L37,733,861,1594,9175,8823,17998,2014-03-01
L38,67,107,174,1116,1079,2195,2014-03-01
L39,887,1072,1959,9936,9187,19123,2014-03-01
L40,536,599,1135,7292,6549,13841,2014-03-01
L41,87,77,164,50,22,72,2014-03-01
L42,48,38,86,76,35,111,2014-03-01
L43,85,134,219,202,180,382,2014-03-01
L44,39,29,68,54,19,73,2014-03-01
L45,15,20,35,58,39,97,2014-03-01
L46,14,17,31,57,26,83,2014-03-01
L47,14,13,27,59,40,99,2014-03-01
L48,11,11,22,77,67,144,2014-03-01
L49,18,30,48,53,46,99,2014-03-01
L60,3,16,19,159,156,315,2014-03-01
L61,9,10,19,62,68,130,2014-03-01
L62,25,27,52,60,53,113,2014-03-01
L63,13,11,24,90,47,137,2014-03-01
L64,21,22,43,150,138,288,2014-03-01
L65,17,18,35,47,37,84,2014-03-01
L66,23,40,63,149,135,284,2014-03-01
L69,21,5,26,37,6,43,2014-03-01
L71,0,1,1,0,0,0,2014-03-01
LA1,2787,3432,6219,14344,11726,26070,2014-03-01
LA2,586,730,1316,8230,7761,15991,2014-03-01
LA3,1212,1542,2754,8706,7282,15988,2014-03-01
LA4,1321,1603,2924,8515,7020,15535,2014-03-01
LA5,478,615,1093,6255,5970,12225,2014-03-01
LA6,278,381,659,5331,5091,10422,2014-03-01
LA7,127,139,266,2021,1936,3957,2014-03-01
LA8,181,196,377,3785,3629,7414,2014-03-01
LA9,1045,1323,2368,10947,9862,20809,2014-03-01
LA10,92,98,190,1387,1294,2681,2014-03-01
LA11,219,302,521,3892,3777,7669,2014-03-01
LA12,651,788,1439,7876,7053,14929,2014-03-01
LA13,944,1162,2106,6647,5642,12289,2014-03-01
LA14,2339,2866,5205,11829,9054,20883,2014-03-01
LA15,319,448,767,2743,2351,5094,2014-03-01
LA16,111,148,259,1256,1099,2355,2014-03-01
LA17,19,27,46,498,467,965,2014-03-01
LA18,342,497,839,2885,2299,5184,2014-03-01
LA19,26,30,56,405,372,777,2014-03-01
LA20,16,39,55,555,489,1044,2014-03-01
LA21,32,33,65,421,355,776,2014-03-01
LA22,207,240,447,1892,1726,3618,2014-03-01
LA23,388,421,809,3324,2993,6317,2014-03-01
LD1,343,450,793,4245,3759,8004,2014-03-01
LD2,159,189,348,2159,1939,4098,2014-03-01
LD3,739,855,1594,7328,6610,13938,2014-03-01
LD4,11,29,40,320,286,606,2014-03-01
LD5,34,42,76,456,392,848,2014-03-01
LD6,89,122,211,1047,934,1981,2014-03-01
LD7,135,154,289,1835,1602,3437,2014-03-01
LD8,107,146,253,1783,1644,3427,2014-03-01
LE1,1192,1107,2299,2092,969,3061,2014-03-01
LE2,7778,8827,16605,33306,26105,59411,2014-03-01
LE3,6205,7814,14019,29769,22641,52410,2014-03-01
LE4,7141,9100,16241,30211,21955,52166,2014-03-01
LE5,6815,7755,14570,25299,18053,43352,2014-03-01
LE6,333,439,772,4752,4300,9052,2014-03-01
LE7,1303,1681,2984,17376,15803,33179,2014-03-01
LE8,981,1257,2238,13296,12412,25708,2014-03-01
LE9,1638,2157,3795,21252,18682,39934,2014-03-01
LE10,1547,1936,3483,18096,15781,33877,2014-03-01
LE11,3254,3531,6785,17921,13557,31478,2014-03-01
LE12,1867,2379,4246,23551,21297,44848,2014-03-01
LE13,989,1271,2260,9519,8182,17701,2014-03-01
LE14,420,551,971,7045,6484,13529,2014-03-01
LE15,992,1337,2329,11990,11058,23048,2014-03-01
LE16,1047,1370,2417,12791,11709,24500,2014-03-01
LE17,473,677,1150,8400,7573,15973,2014-03-01
LE18,1266,1788,3054,11389,9603,20992,2014-03-01
LE19,415,596,1011,5466,4963,10429,2014-03-01
LE65,459,601,1060,5270,4679,9949,2014-03-01
LE67,2085,2679,4764,20995,17834,38829,2014-03-01
LL11,1693,2189,3882,12335,10123,22458,2014-03-01
LL12,1119,1288,2407,10309,9020,19329,2014-03-01
LL13,2016,2305,4321,10337,8317,18654,2014-03-01
LL14,1567,2252,3819,10630,8441,19071,2014-03-01
LL15,346,447,793,3863,3549,7412,2014-03-01
LL16,622,817,1439,5535,4937,10472,2014-03-01
LL17,174,234,408,2029,1897,3926,2014-03-01
LL18,2277,3082,5359,13345,10996,24341,2014-03-01
LL19,897,1245,2142,6978,5947,12925,2014-03-01
LL20,327,364,691,3042,2628,5670,2014-03-01
LL21,223,296,519,2502,2170,4672,2014-03-01
LL22,626,860,1486,6712,5741,12453,2014-03-01
LL23,100,148,248,1533,1308,2841,2014-03-01
LL24,53,84,137,878,705,1583,2014-03-01
LL25,21,15,36,179,157,336,2014-03-01
LL26,170,259,429,1572,1334,2906,2014-03-01
LL27,33,50,83,305,245,550,2014-03-01
LL28,473,607,1080,4983,4661,9644,2014-03-01
LL29,1096,1374,2470,6541,5575,12116,2014-03-01
LL30,1015,1254,2269,7117,6121,13238,2014-03-01
LL31,377,492,869,3244,2946,6190,2014-03-01
LL32,291,357,648,2376,2162,4538,2014-03-01
LL33,189,232,421,1369,1201,2570,2014-03-01
LL34,189,276,465,1468,1275,2743,2014-03-01
LL35,25,24,49,296,254,550,2014-03-01
LL36,145,220,365,1642,1409,3051,2014-03-01
LL37,21,18,39,216,188,404,2014-03-01
LL38,10,35,45,273,216,489,2014-03-01
LL39,11,18,29,96,63,159,2014-03-01
LL40,133,184,317,1480,1301,2781,2014-03-01
LL41,343,427,770,2120,1611,3731,2014-03-01
LL42,135,181,316,762,615,1377,2014-03-01
LL43,11,16,27,207,189,396,2014-03-01
LL44,23,46,69,371,367,738,2014-03-01
LL45,23,24,47,237,207,444,2014-03-01
LL46,54,63,117,676,627,1303,2014-03-01
LL47,13,23,36,225,188,413,2014-03-01
LL48,89,136,225,870,741,1611,2014-03-01
LL49,194,213,407,1497,1216,2713,2014-03-01
LL51,20,28,48,335,277,612,2014-03-01
LL52,77,97,174,968,893,1861,2014-03-01
LL53,477,580,1057,5915,5318,11233,2014-03-01
LL54,362,509,871,3939,3409,7348,2014-03-01
LL55,927,1183,2110,7006,5971,12977,2014-03-01
LL56,92,80,172,760,674,1434,2014-03-01
LL57,1416,1613,3029,7139,5747,12886,2014-03-01
LL58,130,192,322,1408,1274,2682,2014-03-01
LL59,251,254,505,1974,1928,3902,2014-03-01
LL60,82,115,197,1072,1028,2100,2014-03-01
LL61,193,234,427,2269,2130,4399,2014-03-01
LL62,59,61,120,683,634,1317,2014-03-01
LL63,42,62,104,519,468,987,2014-03-01
LL64,35,40,75,344,310,654,2014-03-01
LL65,1166,1419,2585,8008,6629,14637,2014-03-01
LL66,7,8,15,115,99,214,2014-03-01
LL67,54,90,144,521,428,949,2014-03-01
LL68,243,322,565,2193,1887,4080,2014-03-01
LL69,27,36,63,265,213,478,2014-03-01
LL70,10,16,26,110,110,220,2014-03-01
LL71,69,83,152,733,631,1364,2014-03-01
LL72,30,44,74,282,267,549,2014-03-01
LL73,1,4,5,107,97,204,2014-03-01
LL74,70,77,147,925,885,1810,2014-03-01
LL75,49,60,109,564,510,1074,2014-03-01
LL76,13,7,20,124,98,222,2014-03-01
LL77,240,354,594,2423,2222,4645,2014-03-01
LL78,13,17,30,195,191,386,2014-03-01
LN1,1033,1285,2318,9078,7778,16856,2014-03-01
LN2,1841,2274,4115,12672,10800,23472,2014-03-01
LN3,224,327,551,3554,3133,6687,2014-03-01
LN4,1169,1606,2775,14650,12937,27587,2014-03-01
LN5,1577,1832,3409,10831,8828,19659,2014-03-01
LN6,2259,2887,5146,19879,17259,37138,2014-03-01
LN7,207,241,448,2489,2157,4646,2014-03-01
LN8,529,689,1218,6745,6045,12790,2014-03-01
LN9,298,344,642,3624,3218,6842,2014-03-01
LN10,141,192,333,2422,2159,4581,2014-03-01
LN11,972,1249,2221,10637,9469,20106,2014-03-01
LN12,557,698,1255,4815,3559,8374,2014-03-01
LN13,271,308,579,3049,2681,5730,2014-03-01
LS1,178,162,340,730,435,1165,2014-03-01
LS2,734,583,1317,1200,555,1755,2014-03-01
LS3,296,271,567,481,233,714,2014-03-01
LS4,677,715,1392,2021,1336,3357,2014-03-01
LS5,521,643,1164,2177,1631,3808,2014-03-01
LS6,2853,2642,5495,8009,5842,13851,2014-03-01
LS7,2782,3185,5967,7644,5911,13555,2014-03-01
LS8,4007,4395,8402,13853,10551,24404,2014-03-01
LS9,3516,4144,7660,8048,4357,12405,2014-03-01
LS10,2446,3385,5831,9109,5971,15080,2014-03-01
LS11,3151,3534,6685,8262,4551,12813,2014-03-01
LS12,2736,3290,6026,11423,8035,19458,2014-03-01
LS13,2263,3118,5381,10439,7831,18270,2014-03-01
LS14,2364,3204,5568,9428,6867,16295,2014-03-01
LS15,1563,2079,3642,12218,10229,22447,2014-03-01
LS16,1600,1989,3589,12627,11341,23968,2014-03-01
LS17,1609,2250,3859,16533,15097,31630,2014-03-01
LS18,1114,954,2068,7618,6402,14020,2014-03-01
LS19,746,1031,1777,7250,6589,13839,2014-03-01
LS20,408,523,931,4599,4237,8836,2014-03-01
LS21,629,821,1450,6639,5940,12579,2014-03-01
LS22,458,589,1047,6179,5939,12118,2014-03-01
LS23,241,285,526,3270,3125,6395,2014-03-01
LS24,387,457,844,4509,4087,8596,2014-03-01
LS25,1449,2056,3505,14716,12787,27503,2014-03-01
LS26,1184,1769,2953,10544,8849,19393,2014-03-01
LS27,1678,2306,3984,11992,9642,21634,2014-03-01
LS28,1529,2199,3728,13347,11718,25065,2014-03-01
LS29,881,1100,1981,11988,11744,23732,2014-03-01
LU1,4838,4260,9098,12527,7818,20345,2014-03-01
LU2,3464,4239,7703,20154,16320,36474,2014-03-01
LU3,4620,5584,10204,20307,15142,35449,2014-03-01
LU4,4583,5490,10073,16298,10811,27109,2014-03-01
LU5,1889,2470,4359,13581,11290,24871,2014-03-01
LU6,1138,1514,2652,12406,10916,23322,2014-03-01
LU7,1817,2230,4047,21497,19346,40843,2014-03-01
M1,717,485,1202,2186,1048,3234,2014-03-01
M2,10,8,18,33,13,46,2014-03-01
M3,781,650,1431,2780,1528,4308,2014-03-01
M4,630,546,1176,2170,1279,3449,2014-03-01
M5,1399,1432,2831,3755,2258,6013,2014-03-01
M6,2608,2814,5422,8855,6093,14948,2014-03-01
M7,2593,2243,4836,7030,4635,11665,2014-03-01
M8,4369,3534,7903,8639,4726,13365,2014-03-01
M9,3206,4035,7241,9840,7045,16885,2014-03-01
M10,64,49,113,50,14,64,2014-03-01
M11,2074,2621,4695,4626,2769,7395,2014-03-01
M12,2806,2195,5001,3866,1920,5786,2014-03-01
M13,3546,2591,6137,4994,2449,7443,2014-03-01
M14,5145,4341,9486,9238,5448,14686,2014-03-01
M15,2057,1636,3693,4524,2367,6891,2014-03-01
M16,3362,3573,6935,9994,7218,17212,2014-03-01
M17,0,2,2,10,5,15,2014-03-01
M18,2130,2486,4616,5295,3425,8720,2014-03-01
M19,3603,3446,7049,10055,7241,17296,2014-03-01
M20,2854,3147,6001,14538,12327,26865,2014-03-01
M21,1890,2150,4040,9268,8161,17429,2014-03-01
M22,3168,3940,7108,11086,8292,19378,2014-03-01
M23,2091,2684,4775,8727,6875,15602,2014-03-01
M24,2858,3459,6317,14619,11532,26151,2014-03-01
M25,1608,1966,3574,10574,8991,19565,2014-03-01
M26,1720,2164,3884,11367,9524,20891,2014-03-01
M27,2039,2540,4579,13061,10677,23738,2014-03-01
M28,1525,1950,3475,14003,12401,26404,2014-03-01
M29,874,1163,2037,8353,7218,15571,2014-03-01
M30,2319,2776,5095,10759,8097,18856,2014-03-01
M31,661,789,1450,2389,1903,4292,2014-03-01
M32,1765,2134,3899,8955,7407,16362,2014-03-01
M33,2537,2981,5518,21650,19518,41168,2014-03-01
M34,2332,2946,5278,15566,12676,28242,2014-03-01
M35,1100,1359,2459,6722,5327,12049,2014-03-01
M38,956,1259,2215,3450,2306,5756,2014-03-01
M40,3541,4218,7759,10562,7307,17869,2014-03-01
M41,1758,2033,3791,14844,13432,28276,2014-03-01
M43,1236,1750,2986,7468,5981,13449,2014-03-01
M44,970,1327,2297,6416,5126,11542,2014-03-01
M45,1064,1444,2508,7773,6806,14579,2014-03-01
M46,978,1282,2260,7214,5602,12816,2014-03-01
M50,164,162,326,1002,621,1623,2014-03-01
M60,37,12,49,65,16,81,2014-03-01
M90,1,0,1,1,0,1,2014-03-01
ME1,1552,1943,3495,10306,8652,18958,2014-03-01
ME2,1818,2460,4278,13895,11779,25674,2014-03-01
ME3,940,1245,2185,10525,9261,19786,2014-03-01
ME4,2192,2571,4763,8657,5894,14551,2014-03-01
ME5,2311,3287,5598,18859,16101,34960,2014-03-01
ME6,418,583,1001,3627,3151,6778,2014-03-01
ME7,3143,4020,7163,15903,12388,28291,2014-03-01
ME8,1971,2587,4558,18327,16078,34405,2014-03-01
ME9,692,828,1520,8295,7444,15739,2014-03-01
ME10,2177,2772,4949,15880,13369,29249,2014-03-01
ME11,241,341,582,1047,781,1828,2014-03-01
ME12,1917,2504,4421,12507,9881,22388,2014-03-01
ME13,1104,1434,2538,9837,8602,18439,2014-03-01
ME14,1226,1433,2659,11771,10031,21802,2014-03-01
ME15,2154,2700,4854,16792,14043,30835,2014-03-01
ME16,1182,1592,2774,10997,9241,20238,2014-03-01
ME17,619,798,1417,9024,8053,17077,2014-03-01
ME18,218,252,470,2830,2672,5502,2014-03-01
ME19,655,746,1401,7901,7540,15441,2014-03-01
ME20,671,924,1595,7756,6995,14751,2014-03-01
MK1,62,59,121,282,161,443,2014-03-01
MK2,1098,1473,2571,4543,3305,7848,2014-03-01
MK3,1182,1513,2695,8047,6922,14969,2014-03-01
MK4,776,1154,1930,7341,6813,14154,2014-03-01
MK5,717,823,1540,5369,5008,10377,2014-03-01
MK6,3012,3588,6600,8240,5604,13844,2014-03-01
MK7,677,840,1517,5263,4822,10085,2014-03-01
MK8,570,808,1378,4455,3869,8324,2014-03-01
MK9,363,317,680,1159,628,1787,2014-03-01
MK10,420,534,954,3652,3367,7019,2014-03-01
MK11,433,572,1005,2766,2329,5095,2014-03-01
MK12,932,1156,2088,4317,3108,7425,2014-03-01
MK13,1394,1647,3041,6492,5243,11735,2014-03-01
MK14,1525,1909,3434,6849,5275,12124,2014-03-01
MK15,337,417,754,2787,2573,5360,2014-03-01
MK16,675,867,1542,7292,6629,13921,2014-03-01
MK17,433,491,924,7327,6858,14185,2014-03-01
MK18,1222,1379,2601,11821,11099,22920,2014-03-01
MK19,315,411,726,4557,4259,8816,2014-03-01
MK40,2281,2241,4522,9945,7244,17189,2014-03-01
MK41,1891,2381,4272,14861,13211,28072,2014-03-01
MK42,2638,3793,6431,14053,10987,25040,2014-03-01
MK43,1132,1192,2324,12921,11912,24833,2014-03-01
MK44,416,512,928,6579,6238,12817,2014-03-01
MK45,1343,1580,2923,17231,15974,33205,2014-03-01
MK46,225,294,519,3647,3465,7112,2014-03-01
ML1,2891,3857,6748,16497,13020,29517,2014-03-01
ML2,2104,2708,4812,12241,9595,21836,2014-03-01
ML3,2665,3598,6263,16759,13363,30122,2014-03-01
ML4,1346,1927,3273,6844,5151,11995,2014-03-01
ML5,2679,3509,6188,13743,10597,24340,2014-03-01
ML6,2717,3695,6412,17640,14153,31793,2014-03-01
ML7,726,1070,1796,5031,3799,8830,2014-03-01
ML8,652,951,1603,7009,6168,13177,2014-03-01
ML9,1111,1625,2736,7957,6405,14362,2014-03-01
ML10,390,462,852,4000,3697,7697,2014-03-01
ML11,1262,1932,3194,12387,10365,22752,2014-03-01
ML12,236,376,612,3387,3108,6495,2014-03-01
N1,9574,10294,19868,23377,16525,39902,2014-03-01
N2,2047,2124,4171,8836,7937,16773,2014-03-01
N3,2159,2407,4566,11246,9550,20796,2014-03-01
N4,6694,6196,12890,13916,9152,23068,2014-03-01
N5,2167,2428,4595,7117,5610,12727,2014-03-01
N6,1281,1500,2781,7130,6347,13477,2014-03-01
N7,5348,5553,10901,11887,7962,19849,2014-03-01
N8,4205,4236,8441,12375,9817,22192,2014-03-01
N9,5595,6783,12378,14191,10163,24354,2014-03-01
N10,2116,2532,4648,9171,7978,17149,2014-03-01
N11,2665,2883,5548,10004,7584,17588,2014-03-01
N12,2341,2605,4946,11743,9835,21578,2014-03-01
N13,2786,2951,5737,11571,8896,20467,2014-03-01
N14,1743,2069,3812,11508,9798,21306,2014-03-01
N15,7411,6492,13903,11757,6616,18373,2014-03-01
N16,8562,7610,16172,16541,10914,27455,2014-03-01
N17,10553,10561,21114,15801,9438,25239,2014-03-01
N18,3986,4602,8588,8702,5746,14448,2014-03-01
N19,3955,4482,8437,9558,7124,16682,2014-03-01
N20,1151,1308,2459,7732,7036,14768,2014-03-01
N21,1088,1261,2349,8909,8044,16953,2014-03-01
N22,5770,5569,11339,13074,8743,21817,2014-03-01
NE1,584,409,993,1563,686,2249,2014-03-01
NE2,1322,1210,2532,5454,3945,9399,2014-03-01
NE3,2626,3326,5952,17396,14921,32317,2014-03-01
NE4,4318,3704,8022,8217,4339,12556,2014-03-01
NE5,2699,3808,6507,13810,9872,23682,2014-03-01
NE6,3776,4305,8081,11155,7099,18254,2014-03-01
NE7,751,928,1679,5050,4257,9307,2014-03-01
NE8,2718,2786,5504,7579,4110,11689,2014-03-01
NE9,1954,2639,4593,11055,8272,19327,2014-03-01
NE10,2035,2842,4877,9965,6772,16737,2014-03-01
NE11,852,1233,2085,5071,3719,8790,2014-03-01
NE12,1702,2466,4168,10812,8577,19389,2014-03-01
NE13,485,606,1091,4409,3869,8278,2014-03-01
NE15,1896,2625,4521,9902,7152,17054,2014-03-01
NE16,930,1426,2356,8927,7308,16235,2014-03-01
NE17,229,324,553,1501,1178,2679,2014-03-01
NE18,25,32,57,365,358,723,2014-03-01
NE19,39,86,125,893,789,1682,2014-03-01
NE20,277,364,641,4996,4838,9834,2014-03-01
NE21,797,1179,1976,5449,4050,9499,2014-03-01
NE22,771,1040,1811,5965,4877,10842,2014-03-01
NE23,1754,2733,4487,13392,10777,24169,2014-03-01
NE24,1829,2567,4396,11665,9016,20681,2014-03-01
NE25,1106,1542,2648,10522,9375,19897,2014-03-01
NE26,774,922,1696,6927,6184,13111,2014-03-01
NE27,552,869,1421,3815,3168,6983,2014-03-01
NE28,2668,3818,6486,12839,9340,22179,2014-03-01
NE29,2159,2851,5010,9937,7602,17539,2014-03-01
NE30,890,1048,1938,7734,6920,14654,2014-03-01
NE31,1227,1534,2761,5576,4146,9722,2014-03-01
NE32,1542,1992,3534,7348,5479,12827,2014-03-01
NE33,2035,1953,3988,7674,5352,13026,2014-03-01
NE34,2935,3769,6704,15197,11494,26691,2014-03-01
NE35,315,427,742,2033,1576,3609,2014-03-01
NE36,253,282,535,2477,2181,4658,2014-03-01
NE37,1242,1835,3077,5998,4463,10461,2014-03-01
NE38,1708,2427,4135,10902,8689,19591,2014-03-01
NE39,303,494,797,3021,2581,5602,2014-03-01
NE40,595,901,1496,5253,4370,9623,2014-03-01
NE41,63,69,132,824,798,1622,2014-03-01
NE42,507,797,1304,4138,3696,7834,2014-03-01
NE43,90,132,222,1816,1726,3542,2014-03-01
NE44,17,29,46,432,434,866,2014-03-01
NE45,98,150,248,1409,1328,2737,2014-03-01
NE46,559,752,1311,5518,5098,10616,2014-03-01
NE47,229,315,544,3041,2821,5862,2014-03-01
NE48,109,158,267,1789,1556,3345,2014-03-01
NE49,147,251,398,1565,1211,2776,2014-03-01
NE61,1125,1574,2699,11680,10298,21978,2014-03-01
NE62,364,576,940,3261,2618,5879,2014-03-01
NE63,1432,2092,3524,8461,6240,14701,2014-03-01
NE64,358,506,864,1783,1318,3101,2014-03-01
NE65,594,910,1504,7597,6585,14182,2014-03-01
NE66,484,747,1231,6424,5765,12189,2014-03-01
NE67,14,18,32,363,350,713,2014-03-01
NE68,46,63,109,743,656,1399,2014-03-01
NE69,11,11,22,154,147,301,2014-03-01
NE70,48,79,127,681,636,1317,2014-03-01
NE71,78,123,201,1133,1010,2143,2014-03-01
NE99,0,0,0,1,0,1,2014-03-01
NG1,721,572,1293,1806,927,2733,2014-03-01
NG2,3226,3859,7085,17540,14288,31828,2014-03-01
NG3,3252,4188,7440,13366,10036,23402,2014-03-01
NG4,1890,2678,4568,13676,11134,24810,2014-03-01
NG5,4909,6918,11827,26684,21516,48200,2014-03-01
NG6,2478,3552,6030,10218,7461,17679,2014-03-01
NG7,4670,4381,9051,9436,5115,14551,2014-03-01
NG8,3988,5653,9641,17247,12962,30209,2014-03-01
NG9,3547,4341,7888,24394,20372,44766,2014-03-01
NG10,2229,2830,5059,16291,13442,29733,2014-03-01
NG11,1898,2672,4570,11764,9172,20936,2014-03-01
NG12,1086,1508,2594,12508,11457,23965,2014-03-01
NG13,596,782,1378,7913,7270,15183,2014-03-01
NG14,565,715,1280,7287,6638,13925,2014-03-01
NG15,1698,2400,4098,13842,11557,25399,2014-03-01
NG16,2546,3404,5950,22914,18842,41756,2014-03-01
NG17,3104,4232,7336,23596,18909,42505,2014-03-01
NG18,2080,2536,4616,13461,11122,24583,2014-03-01
NG19,2220,3042,5262,17409,13945,31354,2014-03-01
NG20,1406,1953,3359,8113,6003,14116,2014-03-01
NG21,898,1192,2090,7717,6624,14341,2014-03-01
NG22,1018,1384,2402,9793,8345,18138,2014-03-01
NG23,401,487,888,7257,6844,14101,2014-03-01
NG24,2003,2606,4609,15270,12636,27906,2014-03-01
NG25,244,326,570,3324,3208,6532,2014-03-01
NG31,2089,2685,4774,14945,12081,27026,2014-03-01
NG32,329,413,742,5400,4987,10387,2014-03-01
NG33,232,328,560,3927,3616,7543,2014-03-01
NG34,1370,1653,3023,15151,13595,28746,2014-03-01
NN1,2665,2534,5199,8849,5878,14727,2014-03-01
NN2,2267,2587,4854,12359,9746,22105,2014-03-01
NN3,4205,5574,9779,24327,20203,44530,2014-03-01
NN4,1794,2448,4242,16749,15015,31764,2014-03-01
NN5,1925,2463,4388,12960,10429,23389,2014-03-01
NN6,910,1111,2021,13725,13043,26768,2014-03-01
NN7,758,998,1756,11481,10675,22156,2014-03-01
NN8,2888,3718,6606,16166,12959,29125,2014-03-01
NN9,868,1200,2068,10057,8709,18766,2014-03-01
NN10,1342,1836,3178,13816,11930,25746,2014-03-01
NN11,1513,2142,3655,14085,12023,26108,2014-03-01
NN12,633,889,1522,9666,8710,18376,2014-03-01
NN13,569,714,1283,7301,6730,14031,2014-03-01
NN14,1195,1603,2798,16632,15046,31678,2014-03-01
NN15,1255,1673,2928,12707,11387,24094,2014-03-01
NN16,1798,2075,3873,9519,7356,16875,2014-03-01
NN17,1656,2116,3772,8498,6531,15029,2014-03-01
NN18,2223,2928,5151,10060,7841,17901,2014-03-01
NN29,327,403,730,4482,4056,8538,2014-03-01
NP1,70,89,159,250,195,445,2014-03-01
NP2,15,18,33,93,58,151,2014-03-01
NP3,17,30,47,82,59,141,2014-03-01
NP4,1708,2440,4148,15289,12757,28046,2014-03-01
NP5,6,12,18,45,41,86,2014-03-01
NP6,25,25,50,121,76,197,2014-03-01
NP7,775,1066,1841,9659,8787,18446,2014-03-01
NP8,130,207,337,2195,2083,4278,2014-03-01
NP9,41,36,77,137,56,193,2014-03-01
NP10,818,1018,1836,8280,7590,15870,2014-03-01
NP11,1653,2291,3944,12137,9812,21949,2014-03-01
NP12,1303,1952,3255,11232,9208,20440,2014-03-01
NP13,955,1439,2394,6402,4552,10954,2014-03-01
NP15,145,184,329,3206,3035,6241,2014-03-01
NP16,796,1060,1856,8847,8086,16933,2014-03-01
NP18,516,722,1238,6456,5773,12229,2014-03-01
NP19,3197,4082,7279,15313,11325,26638,2014-03-01
NP20,3020,3723,6743,15012,11606,26618,2014-03-01
NP22,1077,1592,2669,6784,5078,11862,2014-03-01
NP23,1514,2199,3713,10661,8111,18772,2014-03-01
NP24,280,397,677,1404,985,2389,2014-03-01
NP25,494,529,1023,5631,5283,10914,2014-03-01
NP26,727,966,1693,8472,7486,15958,2014-03-01
NP44,2191,2973,5164,15762,12990,28752,2014-03-01
NR1,1589,1602,3191,7863,5990,13853,2014-03-01
NR2,1355,1606,2961,7670,6406,14076,2014-03-01
NR3,2148,2384,4532,9925,7430,17355,2014-03-01
NR4,980,1148,2128,6866,6048,12914,2014-03-01
NR5,1643,2056,3699,8711,7002,15713,2014-03-01
NR6,801,1011,1812,9214,7900,17114,2014-03-01
NR7,1045,1315,2360,11727,10326,22053,2014-03-01
NR8,502,612,1114,7667,7232,14899,2014-03-01
NR9,415,521,936,6775,6383,13158,2014-03-01
NR10,572,746,1318,8792,8046,16838,2014-03-01
NR11,488,630,1118,6943,6404,13347,2014-03-01
NR12,567,718,1285,8113,7373,15486,2014-03-01
NR13,660,784,1444,10480,9784,20264,2014-03-01
NR14,626,677,1303,9342,8747,18089,2014-03-01
NR15,378,498,876,6156,5879,12035,2014-03-01
NR16,295,454,749,4926,4484,9410,2014-03-01
NR17,478,546,1024,5947,5273,11220,2014-03-01
NR18,498,645,1143,6243,5787,12030,2014-03-01
NR19,682,916,1598,7070,6127,13197,2014-03-01
NR20,485,654,1139,7325,6582,13907,2014-03-01
NR21,483,633,1116,6025,5319,11344,2014-03-01
NR22,31,50,81,321,315,636,2014-03-01
NR23,119,145,264,1135,916,2051,2014-03-01
NR24,106,154,260,1742,1566,3308,2014-03-01
NR25,269,326,595,3260,3014,6274,2014-03-01
NR26,258,343,601,2926,2625,5551,2014-03-01
NR27,446,567,1013,3992,3484,7476,2014-03-01
NR28,596,691,1287,6252,5524,11776,2014-03-01
NR29,589,758,1347,8059,7095,15154,2014-03-01
NR30,1976,2201,4177,8899,6281,15180,2014-03-01
NR31,2318,2853,5171,16619,13470,30089,2014-03-01
NR32,1763,2019,3782,13061,10876,23937,2014-03-01
NR33,1558,1836,3394,13918,11831,25749,2014-03-01
NR34,633,814,1447,8482,7620,16102,2014-03-01
NR35,339,424,763,4100,3697,7797,2014-03-01
NW1,6723,6927,13650,15809,10302,26111,2014-03-01
NW2,10077,8915,18992,23767,15368,39135,2014-03-01
NW3,4342,5120,9462,19675,16353,36028,2014-03-01
NW4,3102,3301,6403,12323,9711,22034,2014-03-01
NW5,3060,3504,6564,7978,6167,14145,2014-03-01
NW6,7802,7779,15581,20996,15864,36860,2014-03-01
NW7,1722,2102,3824,9826,8573,18399,2014-03-01
NW8,3555,4406,7961,12252,9132,21384,2014-03-01
NW9,7690,7711,15401,22059,14882,36941,2014-03-01
NW10,15273,14059,29332,27770,17721,45491,2014-03-01
NW11,2966,3060,6026,13475,11610,25085,2014-03-01
OL1,1661,1866,3527,5366,3701,9067,2014-03-01
OL2,1763,2372,4135,14564,12328,26892,2014-03-01
OL3,450,518,968,5844,5462,11306,2014-03-01
OL4,2529,3095,5624,13703,10469,24172,2014-03-01
OL5,493,669,1162,3811,3256,7067,2014-03-01
OL6,1798,2263,4061,8782,6375,15157,2014-03-01
OL7,995,1343,2338,5121,3702,8823,2014-03-01
OL8,2934,3628,6562,10156,6416,16572,2014-03-01
OL9,2585,3016,5601,12063,8795,20858,2014-03-01
OL10,1576,1979,3555,8571,6857,15428,2014-03-01
OL11,2747,3345,6092,13913,10796,24709,2014-03-01
OL12,2340,2964,5304,14622,11919,26541,2014-03-01
OL13,721,982,1703,5244,4259,9503,2014-03-01
OL14,694,1001,1695,5140,4373,9513,2014-03-01
OL15,538,700,1238,5322,4680,10002,2014-03-01
OL16,2263,2660,4923,11107,8607,19714,2014-03-01
OX1,1529,1225,2754,5971,4672,10643,2014-03-01
OX2,2575,2816,5391,12940,11790,24730,2014-03-01
OX3,2938,3633,6571,13011,10589,23600,2014-03-01
OX4,5110,5575,10685,17094,12393,29487,2014-03-01
OX5,1263,1356,2619,9093,7948,17041,2014-03-01
OX6,22,19,41,64,52,116,2014-03-01
OX7,772,1038,1810,9123,8506,17629,2014-03-01
OX8,35,37,72,176,156,332,2014-03-01
OX9,514,654,1168,5477,5109,10586,2014-03-01
OX10,993,1195,2188,9808,8942,18750,2014-03-01
OX11,1399,1811,3210,12130,10550,22680,2014-03-01
OX12,1000,1244,2244,9802,8718,18520,2014-03-01
OX13,393,560,953,5195,4672,9867,2014-03-01
OX14,1936,2360,4296,16373,14416,30789,2014-03-01
OX15,527,595,1122,7465,7186,14651,2014-03-01
OX16,2497,3332,5829,15288,12148,27436,2014-03-01
OX17,419,536,955,7048,6646,13694,2014-03-01
OX18,866,1220,2086,9245,8271,17516,2014-03-01
OX20,162,203,365,1811,1764,3575,2014-03-01
OX25,313,438,751,3505,3247,6752,2014-03-01
OX26,1395,1863,3258,11478,9949,21427,2014-03-01
OX27,205,257,462,2572,2501,5073,2014-03-01
OX28,1185,1457,2642,9543,8529,18072,2014-03-01
OX29,775,893,1668,9257,8599,17856,2014-03-01
OX33,276,297,573,3092,2878,5970,2014-03-01
OX39,144,195,339,2863,2659,5522,2014-03-01
OX44,265,334,599,3293,3047,6340,2014-03-01
OX49,117,163,280,1635,1688,3323,2014-03-01
PA1,1248,1551,2799,6591,5189,11780,2014-03-01
PA2,2173,2878,5051,12908,10668,23576,2014-03-01
PA3,1804,2263,4067,6441,4511,10952,2014-03-01
PA4,1253,1698,2951,7596,6194,13790,2014-03-01
PA5,1351,1745,3096,6750,5215,11965,2014-03-01
PA6,163,243,406,2632,2602,5234,2014-03-01
PA7,197,273,470,2092,1843,3935,2014-03-01
PA8,718,971,1689,5306,4645,9951,2014-03-01
PA9,53,73,126,687,617,1304,2014-03-01
PA10,149,201,350,1468,1336,2804,2014-03-01
PA11,211,301,512,2201,2009,4210,2014-03-01
PA12,134,190,324,1253,1188,2441,2014-03-01
PA13,126,158,284,1806,1820,3626,2014-03-01
PA14,1265,1543,2808,4771,3744,8515,2014-03-01
PA15,1332,1526,2858,4410,3192,7602,2014-03-01
PA16,1895,2241,4136,8764,7473,16237,2014-03-01
PA17,73,79,152,934,803,1737,2014-03-01
PA18,69,127,196,1030,987,2017,2014-03-01
PA19,518,676,1194,4088,3607,7695,2014-03-01
PA20,341,456,797,2141,1729,3870,2014-03-01
PA21,42,36,78,324,280,604,2014-03-01
PA22,9,6,15,144,121,265,2014-03-01
PA23,715,983,1698,4286,3869,8155,2014-03-01
PA24,22,19,41,209,157,366,2014-03-01
PA25,0,6,6,27,21,48,2014-03-01
PA26,9,7,16,62,40,102,2014-03-01
PA27,15,36,51,295,281,576,2014-03-01
PA28,355,467,822,2564,2151,4715,2014-03-01
PA29,102,109,211,928,812,1740,2014-03-01
PA30,54,73,127,535,497,1032,2014-03-01
PA31,191,255,446,1945,1684,3629,2014-03-01
PA32,31,63,94,515,424,939,2014-03-01
PA33,32,39,71,310,253,563,2014-03-01
PA34,593,716,1309,3796,3243,7039,2014-03-01
PA35,49,64,113,536,512,1048,2014-03-01
PA36,2,1,3,20,13,33,2014-03-01
PA37,120,151,271,1134,1008,2142,2014-03-01
PA38,39,38,77,359,329,688,2014-03-01
PA39,2,0,2,3,11,14,2014-03-01
PA40,1,3,4,5,4,9,2014-03-01
PA41,8,8,16,48,48,96,2014-03-01
PA42,60,80,140,412,333,745,2014-03-01
PA43,51,66,117,297,238,535,2014-03-01
PA44,6,8,14,131,103,234,2014-03-01
PA45,11,12,23,56,39,95,2014-03-01
PA46,7,8,15,80,68,148,2014-03-01
PA47,5,9,14,67,65,132,2014-03-01
PA48,17,17,34,114,109,223,2014-03-01
PA49,5,9,14,71,62,133,2014-03-01
PA60,7,25,32,85,70,155,2014-03-01
PA61,7,20,27,58,56,114,2014-03-01
PA62,2,2,4,11,9,20,2014-03-01
PA63,1,0,1,3,5,8,2014-03-01
PA64,1,4,5,38,37,75,2014-03-01
PA65,9,13,22,92,81,173,2014-03-01
PA66,4,11,15,72,66,138,2014-03-01
PA67,16,18,34,107,110,217,2014-03-01
PA68,0,0,0,5,4,9,2014-03-01
PA69,1,2,3,8,9,17,2014-03-01
PA70,4,4,8,30,23,53,2014-03-01
PA71,2,0,2,24,17,41,2014-03-01
PA72,18,16,34,182,168,350,2014-03-01
PA73,1,2,3,31,27,58,2014-03-01
PA74,0,1,1,16,14,30,2014-03-01
PA75,55,75,130,531,505,1036,2014-03-01
PA76,5,9,14,57,60,117,2014-03-01
PA77,29,41,70,253,252,505,2014-03-01
PA78,12,17,29,69,74,143,2014-03-01
PA80,7,4,11,11,2,13,2014-03-01
PA81,1,5,6,18,12,30,2014-03-01
PA82,4,5,9,19,16,35,2014-03-01
PA83,0,0,0,2,1,3,2014-03-01
PA84,0,1,1,2,2,4,2014-03-01
PA85,4,2,6,3,4,7,2014-03-01
PA86,24,36,60,115,106,221,2014-03-01
PA87,10,16,26,24,24,48,2014-03-01
PA88,3,1,4,8,1,9,2014-03-01
PE1,3989,4203,8192,13655,8772,22427,2014-03-01
PE2,2342,3088,5430,14754,11995,26749,2014-03-01
PE3,1964,2630,4594,9467,6994,16461,2014-03-01
PE4,1359,1801,3160,9495,8295,17790,2014-03-01
PE5,38,39,77,598,558,1156,2014-03-01
PE6,1096,1456,2552,14100,12859,26959,2014-03-01
PE7,1374,1795,3169,15461,13701,29162,2014-03-01
PE8,515,716,1231,6620,6109,12729,2014-03-01
PE9,1160,1399,2559,11774,10936,22710,2014-03-01
PE10,650,851,1501,8185,7382,15567,2014-03-01
PE11,1545,1849,3394,15143,12905,28048,2014-03-01
PE12,1206,1593,2799,15198,13078,28276,2014-03-01
PE13,1621,1839,3460,11666,9753,21419,2014-03-01
PE14,684,815,1499,8311,7494,15805,2014-03-01
PE15,962,1250,2212,10532,9038,19570,2014-03-01
PE16,344,423,767,3968,3337,7305,2014-03-01
PE17,39,21,60,97,71,168,2014-03-01
PE18,38,77,115,109,97,206,2014-03-01
PE19,1565,2043,3608,16228,14355,30583,2014-03-01
PE20,467,594,1061,5388,4641,10029,2014-03-01
PE21,2069,2365,4434,13065,10714,23779,2014-03-01
PE22,485,591,1076,6792,5945,12737,2014-03-01
PE23,290,315,605,3312,3007,6319,2014-03-01
PE24,429,524,953,4648,3737,8385,2014-03-01
PE25,1057,1289,2346,7059,5471,12530,2014-03-01
PE26,379,523,902,4425,3919,8344,2014-03-01
PE27,740,986,1726,7405,6359,13764,2014-03-01
PE28,1363,1744,3107,18162,17022,35184,2014-03-01
PE29,1496,1988,3484,9429,7835,17264,2014-03-01
PE30,2184,2741,4925,13601,11407,25008,2014-03-01
PE31,467,602,1069,7684,7064,14748,2014-03-01
PE32,392,491,883,6216,5700,11916,2014-03-01
PE33,381,573,954,6089,5345,11434,2014-03-01
PE34,428,553,981,5455,4806,10261,2014-03-01
PE35,1,2,3,34,33,67,2014-03-01
PE36,225,248,473,2262,2067,4329,2014-03-01
PE37,322,445,767,3735,3199,6934,2014-03-01
PE38,405,515,920,5342,4558,9900,2014-03-01
PH1,2297,2996,5293,14092,11747,25839,2014-03-01
PH2,1370,1762,3132,12213,10931,23144,2014-03-01
PH3,215,260,475,2155,2061,4216,2014-03-01
PH4,24,45,69,318,293,611,2014-03-01
PH5,20,54,74,345,312,657,2014-03-01
PH6,83,109,192,944,960,1904,2014-03-01
PH7,378,487,865,3283,2966,6249,2014-03-01
PH8,74,100,174,790,738,1528,2014-03-01
PH9,21,44,65,380,337,717,2014-03-01
PH10,418,524,942,4001,3559,7560,2014-03-01
PH11,125,187,312,1310,1147,2457,2014-03-01
PH12,39,73,112,825,701,1526,2014-03-01
PH13,162,205,367,1532,1291,2823,2014-03-01
PH14,32,75,107,731,720,1451,2014-03-01
PH15,145,199,344,1346,1169,2515,2014-03-01
PH16,164,194,358,1493,1312,2805,2014-03-01
PH17,9,8,17,68,55,123,2014-03-01
PH18,28,40,68,315,266,581,2014-03-01
PH19,3,7,10,44,31,75,2014-03-01
PH20,58,89,147,600,526,1126,2014-03-01
PH21,87,117,204,833,735,1568,2014-03-01
PH22,189,246,435,1145,953,2098,2014-03-01
PH23,30,39,69,324,300,624,2014-03-01
PH24,21,32,53,272,251,523,2014-03-01
PH25,24,27,51,347,303,650,2014-03-01
PH26,148,156,304,1353,1234,2587,2014-03-01
PH30,0,0,0,6,2,8,2014-03-01
PH31,24,24,48,231,201,432,2014-03-01
PH32,38,44,82,275,240,515,2014-03-01
PH33,683,959,1642,4031,3195,7226,2014-03-01
PH34,34,40,74,423,382,805,2014-03-01
PH35,17,20,37,128,106,234,2014-03-01
PH36,38,63,101,494,435,929,2014-03-01
PH37,10,13,23,62,55,117,2014-03-01
PH38,14,14,28,75,68,143,2014-03-01
PH39,23,20,43,138,148,286,2014-03-01
PH40,21,23,44,119,93,212,2014-03-01
PH41,72,60,132,363,320,683,2014-03-01
PH42,2,9,11,35,23,58,2014-03-01
PH43,1,1,2,13,8,21,2014-03-01
PH44,2,2,4,2,3,5,2014-03-01
PH49,38,62,100,428,351,779,2014-03-01
PH50,45,73,118,310,240,550,2014-03-01
PL1,1848,1870,3718,6199,3885,10084,2014-03-01
PL2,2105,2561,4666,9383,7371,16754,2014-03-01
PL3,1579,1883,3462,10402,8987,19389,2014-03-01
PL4,2279,2212,4491,8090,5519,13609,2014-03-01
PL5,2584,3473,6057,13154,10577,23731,2014-03-01
PL6,1783,2396,4179,14812,12760,27572,2014-03-01
PL7,1063,1412,2475,11673,10750,22423,2014-03-01
PL8,164,157,321,2368,2322,4690,2014-03-01
PL9,881,1225,2106,10635,9699,20334,2014-03-01
PL10,138,195,333,1336,1148,2484,2014-03-01
PL11,487,630,1117,3941,3411,7352,2014-03-01
PL12,760,966,1726,8457,7646,16103,2014-03-01
PL13,350,452,802,3680,3170,6850,2014-03-01
PL14,743,1052,1795,8562,7864,16426,2014-03-01
PL15,558,737,1295,7472,6829,14301,2014-03-01
PL16,41,58,99,806,751,1557,2014-03-01
PL17,307,381,688,3971,3540,7511,2014-03-01
PL18,161,240,401,1974,1866,3840,2014-03-01
PL19,550,670,1220,6192,5841,12033,2014-03-01
PL20,387,499,886,4620,4381,9001,2014-03-01
PL21,565,750,1315,6873,6579,13452,2014-03-01
PL22,124,144,268,1310,1268,2578,2014-03-01
PL23,110,125,235,1227,1181,2408,2014-03-01
PL24,411,529,940,3581,3209,6790,2014-03-01
PL25,988,1196,2184,8719,7694,16413,2014-03-01
PL26,985,1185,2170,9888,8705,18593,2014-03-01
PL27,371,502,873,4479,4231,8710,2014-03-01
PL28,160,198,358,1557,1436,2993,2014-03-01
PL29,38,26,64,376,347,723,2014-03-01
PL30,256,292,548,4254,4001,8255,2014-03-01
PL31,653,770,1423,4944,4186,9130,2014-03-01
PL32,126,171,297,1538,1436,2974,2014-03-01
PL33,50,72,122,698,659,1357,2014-03-01
PL34,54,70,124,682,614,1296,2014-03-01
PL35,21,47,68,395,364,759,2014-03-01
PO1,2202,2518,4720,6593,4236,10829,2014-03-01
PO2,2954,3761,6715,12621,9599,22220,2014-03-01
PO3,1024,1256,2280,6703,5546,12249,2014-03-01
PO4,2430,2759,5189,12213,9813,22026,2014-03-01
PO5,2149,2150,4299,7335,4881,12216,2014-03-01
PO6,2359,2861,5220,13481,11228,24709,2014-03-01
PO7,1527,1891,3418,15128,13667,28795,2014-03-01
PO8,1172,1490,2662,13363,12263,25626,2014-03-01
PO9,2853,3689,6542,15491,12867,28358,2014-03-01
PO10,572,738,1310,7159,6533,13692,2014-03-01
PO11,622,681,1303,7009,6452,13461,2014-03-01
PO12,2432,2915,5347,15940,13390,29330,2014-03-01
PO13,1721,2361,4082,11589,10144,21733,2014-03-01
PO14,1133,1327,2460,12784,11765,24549,2014-03-01
PO15,740,857,1597,8418,7678,16096,2014-03-01
PO16,1161,1363,2524,12218,10848,23066,2014-03-01
PO17,184,197,381,2542,2335,4877,2014-03-01
PO18,402,460,862,5439,5238,10677,2014-03-01
PO19,1432,1634,3066,9604,9166,18770,2014-03-01
PO20,1049,1288,2337,12856,11984,24840,2014-03-01
PO21,1737,1912,3649,13371,11747,25118,2014-03-01
PO22,1074,1247,2321,10726,9852,20578,2014-03-01
PO30,1281,1560,2841,9759,8831,18590,2014-03-01
PO31,645,735,1380,5255,4820,10075,2014-03-01
PO32,360,445,805,2721,2419,5140,2014-03-01
PO33,1520,1893,3413,10428,9248,19676,2014-03-01
PO34,54,62,116,939,940,1879,2014-03-01
PO35,160,146,306,1421,1379,2800,2014-03-01
PO36,790,889,1679,5751,5141,10892,2014-03-01
PO37,436,486,922,3268,2809,6077,2014-03-01
PO38,531,660,1191,4959,4404,9363,2014-03-01
PO39,79,107,186,952,880,1832,2014-03-01
PO40,216,261,477,2026,1892,3918,2014-03-01
PO41,65,75,140,963,943,1906,2014-03-01
PR1,4381,5071,9452,19679,14310,33989,2014-03-01
PR2,3710,4712,8422,26048,21918,47966,2014-03-01
PR3,841,1151,1992,15068,13923,28991,2014-03-01
PR4,1680,2225,3905,22814,20767,43581,2014-03-01
PR5,1466,1982,3448,14703,12837,27540,2014-03-01
PR6,1192,1520,2712,12742,11277,24019,2014-03-01
PR7,1828,2388,4216,20368,17961,38329,2014-03-01
PR8,2315,2750,5065,18844,16952,35796,2014-03-01
PR9,1648,2120,3768,14894,12983,27877,2014-03-01
PR25,1234,1600,2834,10657,9260,19917,2014-03-01
PR26,427,526,953,5137,4625,9762,2014-03-01
RG1,4736,4439,9175,13609,8217,21826,2014-03-01
RG2,2919,3270,6189,12263,9294,21557,2014-03-01
RG3,18,11,29,77,30,107,2014-03-01
RG4,1588,2015,3603,15156,13836,28992,2014-03-01
RG5,1001,1237,2238,9999,8987,18986,2014-03-01
RG6,1851,2015,3866,13936,12079,26015,2014-03-01
RG7,987,1229,2216,12678,11789,24467,2014-03-01
RG8,701,683,1384,7757,7406,15163,2014-03-01
RG9,878,870,1748,9298,8945,18243,2014-03-01
RG10,562,595,1157,7514,7297,14811,2014-03-01
RG11,19,18,37,52,43,95,2014-03-01
RG12,2714,3513,6227,19591,16490,36081,2014-03-01
RG13,14,22,36,42,39,81,2014-03-01
RG14,1664,1992,3656,13723,11737,25460,2014-03-01
RG15,12,20,32,62,60,122,2014-03-01
RG16,19,14,33,120,97,217,2014-03-01
RG17,523,608,1131,5834,5402,11236,2014-03-01
RG18,625,775,1400,7224,6561,13785,2014-03-01
RG19,597,777,1374,6349,5704,12053,2014-03-01
RG20,579,713,1292,8027,7558,15585,2014-03-01
RG21,1698,2052,3750,9194,7041,16235,2014-03-01
RG22,1879,2469,4348,15084,13034,28118,2014-03-01
RG23,535,658,1193,4750,4174,8924,2014-03-01
RG24,1260,1794,3054,11563,10208,21771,2014-03-01
RG25,259,302,561,3514,3173,6687,2014-03-01
RG26,681,860,1541,8890,8043,16933,2014-03-01
RG27,558,596,1154,8500,8260,16760,2014-03-01
RG28,210,258,468,2161,1952,4113,2014-03-01
RG29,154,269,423,2571,2406,4977,2014-03-01
RG30,3291,3924,7215,14961,11238,26199,2014-03-01
RG31,1152,1439,2591,11040,9959,20999,2014-03-01
RG40,850,974,1824,10909,10392,21301,2014-03-01
RG41,903,1093,1996,11407,10890,22297,2014-03-01
RG42,972,1096,2068,10004,9499,19503,2014-03-01
RG45,458,506,964,5483,5289,10772,2014-03-01
RH1,2020,2529,4549,17171,15246,32417,2014-03-01
RH2,862,981,1843,9712,9267,18979,2014-03-01
RH3,112,119,231,1756,1763,3519,2014-03-01
RH4,610,712,1322,5658,5312,10970,2014-03-01
RH5,557,605,1162,6821,6379,13200,2014-03-01
RH6,1245,1339,2584,11670,10496,22166,2014-03-01
RH7,435,358,793,3536,3126,6662,2014-03-01
RH8,550,631,1181,5826,5720,11546,2014-03-01
RH9,169,204,373,2069,2072,4141,2014-03-01
RH10,3202,3568,6770,24611,21034,45645,2014-03-01
RH11,3905,4781,8686,18523,14366,32889,2014-03-01
RH12,1459,1802,3261,16671,15626,32297,2014-03-01
RH13,1188,1392,2580,14609,13682,28291,2014-03-01
RH14,423,479,902,5875,5416,11291,2014-03-01
RH15,1222,1423,2645,11371,10418,21789,2014-03-01
RH16,1344,1675,3019,12352,11477,23829,2014-03-01
RH17,599,665,1264,7361,7072,14433,2014-03-01
RH18,255,276,531,1842,1852,3694,2014-03-01
RH19,1287,1514,2801,13229,12204,25433,2014-03-01
RH20,655,746,1401,10353,10080,20433,2014-03-01
RM1,1077,1266,2343,6980,5849,12829,2014-03-01
RM2,522,593,1115,4869,4388,9257,2014-03-01
RM3,2479,3250,5729,12785,10338,23123,2014-03-01
RM4,111,132,243,1863,1731,3594,2014-03-01
RM5,997,1325,2322,6661,5770,12431,2014-03-01
RM6,2602,2972,5574,10174,7910,18084,2014-03-01
RM7,1649,2201,3850,9259,7541,16800,2014-03-01
RM8,3696,4387,8083,10909,7752,18661,2014-03-01
RM9,3149,4044,7193,9621,6666,16287,2014-03-01
RM10,3421,4303,7724,10154,7010,17164,2014-03-01
RM11,1194,1417,2611,12130,11015,23145,2014-03-01
RM12,1586,1933,3519,12480,10613,23093,2014-03-01
RM13,1617,1985,3602,9897,8215,18112,2014-03-01
RM14,882,946,1828,10504,9598,20102,2014-03-01
RM15,1560,1900,3460,9090,7368,16458,2014-03-01
RM16,1709,2230,3939,14252,12347,26599,2014-03-01
RM17,1646,2185,3831,8992,6808,15800,2014-03-01
RM18,1171,1597,2768,4923,3839,8762,2014-03-01
RM19,431,610,1041,2213,1638,3851,2014-03-01
RM20,380,467,847,1654,1112,2766,2014-03-01
S1,358,261,619,814,359,1173,2014-03-01
S2,3294,3835,7129,9353,5679,15032,2014-03-01
S3,1543,1214,2757,2870,1274,4144,2014-03-01
S4,1172,1214,2386,2910,1586,4496,2014-03-01
S5,4086,5447,9533,15035,10074,25109,2014-03-01
S6,2763,3430,6193,18453,14723,33176,2014-03-01
S7,1160,1036,2196,5747,4692,10439,2014-03-01
S8,2265,2898,5163,14470,11796,26266,2014-03-01
S9,1904,2307,4211,7752,4697,12449,2014-03-01
S10,1905,1911,3816,12779,11248,24027,2014-03-01
S11,1482,1610,3092,10395,9352,19747,2014-03-01
S12,1376,2178,3554,11705,8705,20410,2014-03-01
S13,1416,1964,3380,9533,7216,16749,2014-03-01
S14,676,863,1539,2040,1226,3266,2014-03-01
S17,434,519,953,5997,5731,11728,2014-03-01
S18,677,913,1590,9642,8711,18353,2014-03-01
S19,3,3,6,24,17,41,2014-03-01
S20,1043,1622,2665,10892,8943,19835,2014-03-01
S21,792,1068,1860,7370,5983,13353,2014-03-01
S25,794,1163,1957,7382,6231,13613,2014-03-01
S26,823,1324,2147,9337,7794,17131,2014-03-01
S30,16,22,38,150,132,282,2014-03-01
S31,11,25,36,55,20,75,2014-03-01
S32,125,194,319,2293,2232,4525,2014-03-01
S33,146,157,303,1912,1788,3700,2014-03-01
S35,1306,1796,3102,15117,13037,28154,2014-03-01
S36,834,1243,2077,10078,8701,18779,2014-03-01
S40,1521,2108,3629,11800,9678,21478,2014-03-01
S41,1673,2171,3844,11645,9400,21045,2014-03-01
S42,985,1371,2356,10292,8642,18934,2014-03-01
S43,1732,2568,4300,13517,10461,23978,2014-03-01
S44,1006,1348,2354,7310,5775,13085,2014-03-01
S45,537,764,1301,4606,3708,8314,2014-03-01
S60,1621,2293,3914,12656,9831,22487,2014-03-01
S61,1862,2524,4386,11190,8387,19577,2014-03-01
S62,983,1336,2319,5979,4408,10387,2014-03-01
S63,2206,2915,5121,11603,8629,20232,2014-03-01
S64,1624,2089,3713,9454,7180,16634,2014-03-01
S65,2305,2766,5071,9594,6530,16124,2014-03-01
S66,1902,2757,4659,15236,12435,27671,2014-03-01
S70,2143,2723,4866,11266,8211,19477,2014-03-01
S71,2432,3086,5518,14343,10758,25101,2014-03-01
S72,1274,1739,3013,8047,6273,14320,2014-03-01
S73,1312,1871,3183,8537,6625,15162,2014-03-01
S74,838,1224,2062,5626,4343,9969,2014-03-01
S75,1534,2065,3599,15771,13412,29183,2014-03-01
S80,1569,2027,3596,9470,7171,16641,2014-03-01
S81,1331,1859,3190,13510,11688,25198,2014-03-01
SA1,3435,3722,7157,12494,8175,20669,2014-03-01
SA2,1519,1709,3228,12590,11077,23667,2014-03-01
SA3,705,846,1551,10364,9891,20255,2014-03-01
SA4,1320,1840,3160,15929,14486,30415,2014-03-01
SA5,1877,2711,4588,11073,8643,19716,2014-03-01
SA6,1430,2088,3518,11305,9387,20692,2014-03-01
SA7,517,755,1272,5233,4639,9872,2014-03-01
SA8,429,572,1001,4396,3930,8326,2014-03-01
SA9,512,706,1218,5479,4651,10130,2014-03-01
SA10,983,1436,2419,10658,9076,19734,2014-03-01
SA11,1585,2211,3796,11875,9285,21160,2014-03-01
SA12,1656,2154,3810,10362,8379,18741,2014-03-01
SA13,910,1236,2146,6436,5012,11448,2014-03-01
SA14,1093,1451,2544,11650,10252,21902,2014-03-01
SA15,1613,1921,3534,11678,9532,21210,2014-03-01
SA16,261,424,685,3003,2575,5578,2014-03-01
SA17,331,410,741,3209,2732,5941,2014-03-01
SA18,1077,1324,2401,10404,9127,19531,2014-03-01
SA19,260,343,603,3834,3500,7334,2014-03-01
SA20,115,133,248,1332,1134,2466,2014-03-01
SA31,635,861,1496,5239,4820,10059,2014-03-01
SA32,148,170,318,3069,2925,5994,2014-03-01
SA33,293,407,700,5031,4550,9581,2014-03-01
SA34,160,164,324,2044,1787,3831,2014-03-01
SA35,15,28,43,352,315,667,2014-03-01
SA36,8,10,18,138,127,265,2014-03-01
SA37,36,36,72,574,527,1101,2014-03-01
SA38,134,167,301,1723,1585,3308,2014-03-01
SA39,61,79,140,1021,870,1891,2014-03-01
SA40,112,116,228,1083,973,2056,2014-03-01
SA41,64,47,111,805,738,1543,2014-03-01
SA42,64,85,149,833,762,1595,2014-03-01
SA43,429,562,991,4742,4227,8969,2014-03-01
SA44,281,375,656,4441,4116,8557,2014-03-01
SA45,70,56,126,618,537,1155,2014-03-01
SA46,95,102,197,977,849,1826,2014-03-01
SA47,39,40,79,406,361,767,2014-03-01
SA48,331,337,668,3200,2929,6129,2014-03-01
SA61,672,936,1608,4644,4108,8752,2014-03-01
SA62,536,719,1255,7855,7329,15184,2014-03-01
SA63,29,31,60,492,463,955,2014-03-01
SA64,77,139,216,828,674,1502,2014-03-01
SA65,159,211,370,1500,1332,2832,2014-03-01
SA66,71,89,160,1235,1190,2425,2014-03-01
SA67,176,267,443,2698,2546,5244,2014-03-01
SA68,102,125,227,1575,1410,2985,2014-03-01
SA69,90,146,236,1462,1280,2742,2014-03-01
SA70,368,489,857,3413,3001,6414,2014-03-01
SA71,432,498,930,3843,3277,7120,2014-03-01
SA72,465,617,1082,3385,2866,6251,2014-03-01
SA73,848,1139,1987,6859,5716,12575,2014-03-01
SA99,0,1,1,0,0,0,2014-03-01
SE1,7667,7646,15313,16753,9937,26690,2014-03-01
SE2,2786,3512,6298,7430,5391,12821,2014-03-01
SE3,2518,2969,5487,10654,8965,19619,2014-03-01
SE4,3300,3645,6945,7740,6142,13882,2014-03-01
SE5,7013,7453,14466,11216,7357,18573,2014-03-01
SE6,5699,6634,12333,14062,11349,25411,2014-03-01
SE7,2422,2717,5139,5827,4107,9934,2014-03-01
SE8,4063,4272,8335,6317,3922,10239,2014-03-01
SE9,4230,5159,9389,19960,16514,36474,2014-03-01
SE10,1930,2212,4142,6591,5250,11841,2014-03-01
SE11,2911,3034,5945,5815,3457,9272,2014-03-01
SE12,2193,2573,4766,8288,6962,15250,2014-03-01
SE13,4771,4846,9617,10814,8338,19152,2014-03-01
SE14,3560,3565,7125,6039,3903,9942,2014-03-01
SE15,10601,10641,21242,14793,9942,24735,2014-03-01
SE16,4821,5422,10243,12273,8129,20402,2014-03-01
SE17,5658,5757,11415,7354,4026,11380,2014-03-01
SE18,10379,10470,20849,19004,12448,31452,2014-03-01
SE19,2531,3077,5608,8673,7028,15701,2014-03-01
SE20,2235,2667,4902,6449,5136,11585,2014-03-01
SE21,1235,1472,2707,4913,4462,9375,2014-03-01
SE22,2878,3161,6039,8885,7658,16543,2014-03-01
SE23,3154,3756,6910,9787,8027,17814,2014-03-01
SE24,1737,1866,3603,5501,4684,10185,2014-03-01
SE25,3624,4269,7893,9853,8030,17883,2014-03-01
SE26,2788,3302,6090,8056,6706,14762,2014-03-01
SE27,2343,2623,4966,5997,4741,10738,2014-03-01
SE28,3087,4002,7089,7118,4939,12057,2014-03-01
SG1,2813,3557,6370,17539,14457,31996,2014-03-01
SG2,2043,2803,4846,14865,12639,27504,2014-03-01
SG3,221,249,470,2774,2633,5407,2014-03-01
SG4,1088,1286,2374,11140,10268,21408,2014-03-01
SG5,1228,1410,2638,11628,10481,22109,2014-03-01
SG6,1578,2026,3604,11759,10167,21926,2014-03-01
SG7,451,554,1005,4991,4624,9615,2014-03-01
SG8,1321,1475,2796,15118,13416,28534,2014-03-01
SG9,228,310,538,3917,3714,7631,2014-03-01
SG10,38,47,85,776,738,1514,2014-03-01
SG11,212,220,432,3243,2975,6218,2014-03-01
SG12,1079,1257,2336,11134,10182,21316,2014-03-01
SG13,655,667,1322,6014,5616,11630,2014-03-01
SG14,787,847,1634,7189,6620,13809,2014-03-01
SG15,208,250,458,2100,1848,3948,2014-03-01
SG16,152,217,369,2321,2182,4503,2014-03-01
SG17,387,457,844,4572,4291,8863,2014-03-01
SG18,805,1040,1845,9007,7874,16881,2014-03-01
SG19,739,1031,1770,9470,8377,17847,2014-03-01
SK1,581,725,1306,3459,2590,6049,2014-03-01
SK2,1336,1636,2972,10525,9038,19563,2014-03-01
SK3,1535,1992,3527,8585,7168,15753,2014-03-01
SK4,1667,1819,3486,12775,11386,24161,2014-03-01
SK5,1831,2266,4097,8669,6896,15565,2014-03-01
SK6,1802,2228,4030,19026,17265,36291,2014-03-01
SK7,1258,1488,2746,16318,15433,31751,2014-03-01
SK8,2113,2546,4659,22876,21175,44051,2014-03-01
SK9,1229,1490,2719,15160,14429,29589,2014-03-01
SK10,1307,1560,2867,15277,14425,29702,2014-03-01
SK11,1408,1792,3200,13347,11807,25154,2014-03-01
SK12,521,578,1099,7956,7589,15545,2014-03-01
SK13,1379,1781,3160,11626,10257,21883,2014-03-01
SK14,2509,3016,5525,14781,12287,27068,2014-03-01
SK15,1328,1688,3016,9284,7773,17057,2014-03-01
SK16,935,1223,2158,6471,5132,11603,2014-03-01
SK17,1030,1334,2364,11598,9797,21395,2014-03-01
SK22,460,590,1050,4606,3987,8593,2014-03-01
SK23,509,645,1154,6641,6017,12658,2014-03-01
SL0,390,438,828,4678,4186,8864,2014-03-01
SL1,6349,6152,12501,24041,17574,41615,2014-03-01
SL2,4134,4702,8836,18556,14272,32828,2014-03-01
SL3,2322,3091,5413,16868,13919,30787,2014-03-01
SL4,1887,2231,4118,16765,15144,31909,2014-03-01
SL5,1014,1198,2212,9716,9796,19512,2014-03-01
SL6,3302,3751,7053,30968,28228,59196,2014-03-01
SL7,698,804,1502,8474,8278,16752,2014-03-01
SL8,191,196,387,2630,2566,5196,2014-03-01
SL9,830,860,1690,8908,8969,17877,2014-03-01
SM1,2302,2791,5093,13495,11176,24671,2014-03-01
SM2,1219,1635,2854,10638,9580,20218,2014-03-01
SM3,1098,1163,2261,7730,6879,14609,2014-03-01
SM4,2888,3026,5914,12588,9652,22240,2014-03-01
SM5,2228,2861,5089,12901,11344,24245,2014-03-01
SM6,2142,2671,4813,12549,11083,23632,2014-03-01
SM7,566,563,1129,7160,7174,14334,2014-03-01
SN1,2441,2096,4537,9464,6219,15683,2014-03-01
SN2,2412,3080,5492,13277,10060,23337,2014-03-01
SN3,2594,3408,6002,18057,14683,32740,2014-03-01
SN4,940,1175,2115,10780,9615,20395,2014-03-01
SN5,1452,1971,3423,12632,10922,23554,2014-03-01
SN6,707,891,1598,8468,7658,16126,2014-03-01
SN7,430,583,1013,5165,4740,9905,2014-03-01
SN8,854,932,1786,9274,8715,17989,2014-03-01
SN9,262,314,576,3110,2951,6061,2014-03-01
SN10,1045,1358,2403,11566,10537,22103,2014-03-01
SN11,730,1006,1736,8055,7278,15333,2014-03-01
SN12,880,1064,1944,9398,8360,17758,2014-03-01
SN13,537,692,1229,6034,5760,11794,2014-03-01
SN14,1022,1204,2226,10473,9574,20047,2014-03-01
SN15,1145,1583,2728,13004,11464,24468,2014-03-01
SN16,352,382,734,5582,5223,10805,2014-03-01
SN25,931,1248,2179,12711,11189,23900,2014-03-01
SN26,58,54,112,711,607,1318,2014-03-01
SO1,20,25,45,66,28,94,2014-03-01
SO2,52,26,78,102,46,148,2014-03-01
SO3,22,16,38,99,61,160,2014-03-01
SO4,10,20,30,68,45,113,2014-03-01
SO5,10,13,23,48,34,82,2014-03-01
SO9,17,12,29,28,8,36,2014-03-01
SO14,2599,2103,4702,6327,3175,9502,2014-03-01
SO15,2425,2545,4970,12279,9575,21854,2014-03-01
SO16,3768,4844,8612,21150,16913,38063,2014-03-01
SO17,1215,1151,2366,4805,3409,8214,2014-03-01
SO18,1836,2209,4045,12308,10059,22367,2014-03-01
SO19,3037,4057,7094,18083,14810,32893,2014-03-01
SO20,260,282,542,3443,3106,6549,2014-03-01
SO21,526,654,1180,7726,7482,15208,2014-03-01
SO22,1351,1473,2824,9380,8410,17790,2014-03-01
SO23,1034,1115,2149,6945,6371,13316,2014-03-01
SO24,342,373,715,4591,4372,8963,2014-03-01
SO30,863,1075,1938,12317,11661,23978,2014-03-01
SO31,1419,1591,3010,17331,16249,33580,2014-03-01
SO32,519,606,1125,8184,7986,16170,2014-03-01
SO40,1310,1674,2984,15897,14338,30235,2014-03-01
SO41,835,958,1793,12226,12272,24498,2014-03-01
SO42,125,167,292,2035,1964,3999,2014-03-01
SO43,109,134,243,1791,1716,3507,2014-03-01
SO45,1194,1565,2759,13370,12269,25639,2014-03-01
SO50,1926,2458,4384,16432,14178,30610,2014-03-01
SO51,780,922,1702,10663,10240,20903,2014-03-01
SO52,184,222,406,2685,2487,5172,2014-03-01
SO53,955,1154,2109,12494,11885,24379,2014-03-01
SP1,967,1055,2022,7328,6733,14061,2014-03-01
SP2,1434,1702,3136,9739,8392,18131,2014-03-01
SP3,333,434,767,4566,4356,8922,2014-03-01
SP4,1430,1754,3184,11626,9635,21261,2014-03-01
SP5,522,653,1175,9027,8760,17787,2014-03-01
SP6,364,414,778,5782,5557,11339,2014-03-01
SP7,420,579,999,5082,4867,9949,2014-03-01
SP8,413,516,929,5482,5114,10596,2014-03-01
SP9,436,815,1251,3065,2165,5230,2014-03-01
SP10,2114,2779,4893,13680,11300,24980,2014-03-01
SP11,754,1029,1783,8818,8013,16831,2014-03-01
SR1,426,358,784,1096,430,1526,2014-03-01
SR2,2150,2349,4499,9817,7190,17007,2014-03-01
SR3,1990,2699,4689,12081,9414,21495,2014-03-01
SR4,2668,3433,6101,11558,7986,19544,2014-03-01
SR5,2377,2901,5278,8930,5886,14816,2014-03-01
SR6,1190,1491,2681,10612,8978,19590,2014-03-01
SR7,1477,2100,3577,9295,7035,16330,2014-03-01
SR8,2084,2938,5022,10619,7885,18504,2014-03-01
SS0,2789,3182,5971,12709,10178,22887,2014-03-01
SS1,1752,1874,3626,8525,7079,15604,2014-03-01
SS2,2351,2889,5240,11122,8847,19969,2014-03-01
SS3,1478,1913,3391,9665,8512,18177,2014-03-01
SS4,825,1016,1841,7386,6682,14068,2014-03-01
SS5,727,805,1532,8546,7716,16262,2014-03-01
SS6,1057,1306,2363,11927,10732,22659,2014-03-01
SS7,1760,2208,3968,19171,17021,36192,2014-03-01
SS8,1820,2629,4449,13992,11162,25154,2014-03-01
SS9,2029,2448,4477,18170,16389,34559,2014-03-01
SS11,583,778,1361,6596,5703,12299,2014-03-01
SS12,559,785,1344,6923,6219,13142,2014-03-01
SS13,1486,2051,3537,7360,5821,13181,2014-03-01
SS14,1800,2435,4235,7441,5548,12989,2014-03-01
SS15,1878,2560,4438,9529,7956,17485,2014-03-01
SS16,1686,2396,4082,10219,8176,18395,2014-03-01
SS17,1301,1720,3021,12236,10627,22863,2014-03-01
SS99,0,1,1,0,0,0,2014-03-01
ST1,2050,2351,4401,8957,5878,14835,2014-03-01
ST2,1872,2481,4353,10193,7658,17851,2014-03-01
ST3,3372,4349,7721,21745,16820,38565,2014-03-01
ST4,3237,3749,6986,17326,13243,30569,2014-03-01
ST5,3598,4394,7992,26262,21648,47910,2014-03-01
ST6,3658,4756,8414,19356,13993,33349,2014-03-01
ST7,1867,2407,4274,19904,17295,37199,2014-03-01
ST8,602,826,1428,7522,6566,14088,2014-03-01
ST9,256,311,567,4881,4418,9299,2014-03-01
ST10,716,908,1624,9746,8510,18256,2014-03-01
ST11,271,337,608,3939,3447,7386,2014-03-01
ST12,112,127,239,1330,1261,2591,2014-03-01
ST13,890,1150,2040,10045,8723,18768,2014-03-01
ST14,754,967,1721,7205,6259,13464,2014-03-01
ST15,607,788,1395,7896,7194,15090,2014-03-01
ST16,1416,1748,3164,9593,7830,17423,2014-03-01
ST17,1668,2059,3727,13606,11963,25569,2014-03-01
ST18,375,417,792,6721,6128,12849,2014-03-01
ST19,423,540,963,5870,5389,11259,2014-03-01
ST20,152,223,375,2810,2510,5320,2014-03-01
ST21,109,160,269,2454,2207,4661,2014-03-01
SW1,58,54,112,380,197,577,2014-03-01
SW1,119,80,199,430,218,648,2014-03-01
SW1,47,44,91,327,175,502,2014-03-01
SW1,994,1234,2228,3755,2510,6265,2014-03-01
SW1,1904,2128,4032,6874,5051,11925,2014-03-01
SW1,714,825,1539,2704,2184,4888,2014-03-01
SW1,680,819,1499,2860,2231,5091,2014-03-01
SW1,67,57,124,378,177,555,2014-03-01
SW2,6735,7149,13884,14696,10511,25207,2014-03-01
SW3,1828,2374,4202,8574,7424,15998,2014-03-01
SW4,4266,4398,8664,12364,8956,21320,2014-03-01
SW5,2084,1812,3896,5882,3757,9639,2014-03-01
SW6,5229,5941,11170,20663,17058,37721,2014-03-01
SW7,2567,2228,4795,8805,6121,14926,2014-03-01
SW8,4841,5058,9899,10203,6241,16444,2014-03-01
SW9,6982,7117,14099,10983,6530,17513,2014-03-01
SW10,1798,2056,3854,6451,5205,11656,2014-03-01
SW11,5853,6726,12579,21896,17601,39497,2014-03-01
SW12,2350,2443,4793,10428,8866,19294,2014-03-01
SW13,868,1101,1969,6103,5841,11944,2014-03-01
SW14,897,989,1886,6342,6005,12347,2014-03-01
SW15,4445,5259,9704,20807,17459,38266,2014-03-01
SW16,9438,9120,18558,25381,19188,44569,2014-03-01
SW17,7928,7014,14942,20089,14835,34924,2014-03-01
SW18,4025,4661,8686,20963,18108,39071,2014-03-01
SW19,5782,6472,12254,30267,25287,55554,2014-03-01
SW20,1734,1948,3682,11760,10457,22217,2014-03-01
SY1,1316,1639,2955,8265,6647,14912,2014-03-01
SY2,737,944,1681,5942,5100,11042,2014-03-01
SY3,1252,1483,2735,11695,10923,22618,2014-03-01
SY4,681,868,1549,9197,8655,17852,2014-03-01
SY5,605,674,1279,8064,7377,15441,2014-03-01
SY6,152,197,349,2807,2610,5417,2014-03-01
SY7,303,386,689,4374,3996,8370,2014-03-01
SY8,538,660,1198,7154,6438,13592,2014-03-01
SY9,78,87,165,1094,957,2051,2014-03-01
SY10,414,491,905,6216,5566,11782,2014-03-01
SY11,1026,1302,2328,8823,7791,16614,2014-03-01
SY12,255,316,571,2971,2656,5627,2014-03-01
SY13,594,685,1279,7329,6496,13825,2014-03-01
SY14,113,176,289,2434,2334,4768,2014-03-01
SY15,125,159,284,2168,2051,4219,2014-03-01
SY16,619,799,1418,5498,4708,10206,2014-03-01
SY17,71,103,174,1496,1314,2810,2014-03-01
SY18,120,146,266,1772,1536,3308,2014-03-01
SY19,12,38,50,423,372,795,2014-03-01
SY20,221,276,497,2520,2165,4685,2014-03-01
SY21,529,710,1239,6277,5556,11833,2014-03-01
SY22,192,260,452,3464,3212,6676,2014-03-01
SY23,1164,1311,2475,8534,7300,15834,2014-03-01
SY24,147,192,339,1701,1530,3231,2014-03-01
SY25,117,189,306,1746,1545,3291,2014-03-01
TA1,1674,2071,3745,13276,11906,25182,2014-03-01
TA2,1100,1289,2389,9155,8268,17423,2014-03-01
TA3,340,369,709,5992,5716,11708,2014-03-01
TA4,516,615,1131,7451,7196,14647,2014-03-01
TA5,255,303,558,4067,3828,7895,2014-03-01
TA6,2101,2560,4661,15223,12487,27710,2014-03-01
TA7,391,458,849,6299,5961,12260,2014-03-01
TA8,524,637,1161,6391,5609,12000,2014-03-01
TA9,464,520,984,4747,4154,8901,2014-03-01
TA10,244,265,509,3821,3695,7516,2014-03-01
TA11,224,287,511,3656,3556,7212,2014-03-01
TA12,195,244,439,2458,2276,4734,2014-03-01
TA13,110,127,237,1549,1472,3021,2014-03-01
TA14,87,112,199,1253,1090,2343,2014-03-01
TA15,15,31,46,271,248,519,2014-03-01
TA16,43,59,102,749,637,1386,2014-03-01
TA17,5,12,17,224,239,463,2014-03-01
TA18,293,376,669,3933,3544,7477,2014-03-01
TA19,271,391,662,4509,4333,8842,2014-03-01
TA20,685,798,1483,7461,6670,14131,2014-03-01
TA21,683,755,1438,6808,6197,13005,2014-03-01
TA22,57,92,149,1049,1037,2086,2014-03-01
TA23,237,297,534,2081,1840,3921,2014-03-01
TA24,627,828,1455,6670,6031,12701,2014-03-01
TD1,754,1033,1787,5834,4987,10821,2014-03-01
TD2,75,88,163,1052,988,2040,2014-03-01
TD3,34,27,61,408,362,770,2014-03-01
TD4,66,81,147,906,787,1693,2014-03-01
TD5,355,425,780,4250,4059,8309,2014-03-01
TD6,201,290,491,2941,2878,5819,2014-03-01
TD7,295,362,657,2732,2459,5191,2014-03-01
TD8,203,276,479,2284,2073,4357,2014-03-01
TD9,774,1069,1843,6457,5291,11748,2014-03-01
TD10,38,51,89,435,395,830,2014-03-01
TD11,217,312,529,2930,2543,5473,2014-03-01
TD12,123,167,290,1657,1495,3152,2014-03-01
TD13,42,36,78,382,348,730,2014-03-01
TD14,238,349,587,2351,1987,4338,2014-03-01
TD15,753,987,1740,6364,5286,11650,2014-03-01
TF1,1822,2238,4060,12164,10042,22206,2014-03-01
TF2,1730,2121,3851,12910,11013,23923,2014-03-01
TF3,1582,2112,3694,7317,5683,13000,2014-03-01
TF4,770,1079,1849,5947,5117,11064,2014-03-01
TF5,161,199,360,2003,1885,3888,2014-03-01
TF6,126,152,278,2186,1969,4155,2014-03-01
TF7,1116,1537,2653,5032,3850,8882,2014-03-01
TF8,84,105,189,1209,1121,2330,2014-03-01
TF9,780,990,1770,9561,8340,17901,2014-03-01
TF10,500,577,1077,6747,5948,12695,2014-03-01
TF11,321,310,631,3780,3367,7147,2014-03-01
TF12,197,251,448,1972,1717,3689,2014-03-01
TF13,96,121,217,1410,1387,2797,2014-03-01
TN1,629,743,1372,3698,3051,6749,2014-03-01
TN2,1059,1375,2434,10073,9006,19079,2014-03-01
TN3,300,339,639,4756,4650,9406,2014-03-01
TN4,1317,1597,2914,10467,9684,20151,2014-03-01
TN5,247,325,572,3438,3482,6920,2014-03-01
TN6,797,927,1724,9875,9294,19169,2014-03-01
TN7,57,86,143,1001,984,1985,2014-03-01
TN8,412,547,959,5019,4753,9772,2014-03-01
TN9,872,988,1860,5817,5108,10925,2014-03-01
TN10,665,811,1476,5930,5477,11407,2014-03-01
TN11,398,506,904,5423,5208,10631,2014-03-01
TN12,882,1204,2086,11377,10417,21794,2014-03-01
TN13,861,1006,1867,9173,8941,18114,2014-03-01
TN14,454,494,948,6057,5682,11739,2014-03-01
TN15,637,838,1475,10090,9543,19633,2014-03-01
TN16,621,701,1322,7839,7280,15119,2014-03-01
TN17,545,642,1187,5328,5066,10394,2014-03-01
TN18,193,221,414,2438,2344,4782,2014-03-01
TN19,143,176,319,2070,1902,3972,2014-03-01
TN20,113,142,255,1534,1536,3070,2014-03-01
TN21,415,518,933,6503,6227,12730,2014-03-01
TN22,844,1070,1914,10529,9966,20495,2014-03-01
TN23,1930,2551,4481,13024,11017,24041,2014-03-01
TN24,1448,1840,3288,10729,9268,19997,2014-03-01
TN25,455,491,946,6423,6089,12512,2014-03-01
TN26,290,351,641,4733,4411,9144,2014-03-01
TN27,319,407,726,5296,4926,10222,2014-03-01
TN28,253,368,621,3295,2854,6149,2014-03-01
TN29,491,624,1115,5256,4335,9591,2014-03-01
TN30,261,339,600,3721,3607,7328,2014-03-01
TN31,519,643,1162,5416,4825,10241,2014-03-01
TN32,187,186,373,2114,1953,4067,2014-03-01
TN33,469,494,963,4808,4673,9481,2014-03-01
TN34,1782,2245,4027,9481,7665,17146,2014-03-01
TN35,875,1189,2064,6079,5350,11429,2014-03-01
TN36,73,95,168,903,865,1768,2014-03-01
TN37,1200,1423,2623,6432,5203,11635,2014-03-01
TN38,1651,1992,3643,8931,7406,16337,2014-03-01
TN39,928,1119,2047,9279,8744,18023,2014-03-01
TN40,683,880,1563,5690,5081,10771,2014-03-01
TQ1,1687,1982,3669,10955,9251,20206,2014-03-01
TQ2,1745,2174,3919,11739,10111,21850,2014-03-01
TQ3,1385,1596,2981,10842,9434,20276,2014-03-01
TQ4,712,884,1596,6814,6068,12882,2014-03-01
TQ5,755,1000,1755,7135,6150,13285,2014-03-01
TQ6,330,418,748,3128,2693,5821,2014-03-01
TQ7,511,649,1160,6479,6183,12662,2014-03-01
TQ8,79,70,149,782,714,1496,2014-03-01
TQ9,684,804,1488,6695,6731,13426,2014-03-01
TQ10,127,167,294,1499,1438,2937,2014-03-01
TQ11,155,232,387,1564,1461,3025,2014-03-01
TQ12,1838,2221,4059,19653,18190,37843,2014-03-01
TQ13,682,789,1471,9096,8840,17936,2014-03-01
TQ14,730,865,1595,7203,6666,13869,2014-03-01
TR1,1004,1252,2256,6914,6387,13301,2014-03-01
TR2,228,362,590,3800,3594,7394,2014-03-01
TR3,336,411,747,4884,4682,9566,2014-03-01
TR4,347,415,762,4422,4152,8574,2014-03-01
TR5,134,139,273,1451,1471,2922,2014-03-01
TR6,151,164,315,1435,1266,2701,2014-03-01
TR7,1098,1252,2350,7390,6307,13697,2014-03-01
TR8,288,330,618,3455,3078,6533,2014-03-01
TR9,269,405,674,3055,2654,5709,2014-03-01
TR10,436,491,927,3339,2884,6223,2014-03-01
TR11,1194,1440,2634,9635,8828,18463,2014-03-01
TR12,272,322,594,3672,3237,6909,2014-03-01
TR13,662,830,1492,7326,6770,14096,2014-03-01
TR14,1206,1276,2482,8508,7267,15775,2014-03-01
TR15,865,1049,1914,6626,5745,12371,2014-03-01
TR16,508,608,1116,5915,5443,11358,2014-03-01
TR17,48,78,126,561,487,1048,2014-03-01
TR18,1079,1295,2374,6314,5409,11723,2014-03-01
TR19,380,444,824,3350,3043,6393,2014-03-01
TR20,322,351,673,3747,3467,7214,2014-03-01
TR21,74,91,165,581,473,1054,2014-03-01
TR22,5,7,12,24,20,44,2014-03-01
TR23,4,4,8,30,28,58,2014-03-01
TR24,6,8,14,51,31,82,2014-03-01
TR25,5,2,7,44,31,75,2014-03-01
TR26,537,628,1165,4063,3645,7708,2014-03-01
TR27,565,741,1306,5364,4818,10182,2014-03-01
TS1,1830,1479,3309,3078,1365,4443,2014-03-01
TS2,119,123,242,191,111,302,2014-03-01
TS3,2292,2931,5223,6559,4114,10673,2014-03-01
TS4,1302,1533,2835,4108,2765,6873,2014-03-01
TS5,1942,2499,4441,13148,10927,24075,2014-03-01
TS6,1784,2409,4193,9210,6919,16129,2014-03-01
TS7,690,1003,1693,8622,7532,16154,2014-03-01
TS8,959,1284,2243,6954,6057,13011,2014-03-01
TS9,268,352,620,5320,4945,10265,2014-03-01
TS10,1802,2402,4204,11983,9756,21739,2014-03-01
TS11,366,569,935,4559,3861,8420,2014-03-01
TS12,924,1259,2183,7742,6319,14061,2014-03-01
TS13,541,683,1224,3294,2431,5725,2014-03-01
TS14,596,791,1387,6570,5758,12328,2014-03-01
TS15,320,404,724,5555,5054,10609,2014-03-01
TS16,312,402,714,4005,3708,7713,2014-03-01
TS17,1807,2386,4193,14388,12255,26643,2014-03-01
TS18,1329,1538,2867,7405,5864,13269,2014-03-01
TS19,1924,2651,4575,11139,8898,20037,2014-03-01
TS20,964,1255,2219,6696,5377,12073,2014-03-01
TS21,338,445,783,4782,4182,8964,2014-03-01
TS22,200,238,438,3577,3222,6799,2014-03-01
TS23,1456,2011,3467,9477,7826,17303,2014-03-01
TS24,1417,1734,3151,5589,3932,9521,2014-03-01
TS25,1854,2495,4349,11816,9302,21118,2014-03-01
TS26,1100,1251,2351,8211,7086,15297,2014-03-01
TS27,417,564,981,4401,3788,8189,2014-03-01
TS28,233,299,532,1698,1420,3118,2014-03-01
TS29,272,380,652,2053,1600,3653,2014-03-01
TS90,0,0,0,1,0,1,2014-03-01
TW1,1267,1488,2755,10061,8977,19038,2014-03-01
TW2,1541,1740,3281,11132,10001,21133,2014-03-01
TW3,6912,4933,11845,13734,8376,22110,2014-03-01
TW4,4604,3754,8358,9874,5819,15693,2014-03-01
TW5,4235,3521,7756,11127,7333,18460,2014-03-01
TW6,9,1,10,39,11,50,2014-03-01
TW7,2961,3423,6384,13493,10509,24002,2014-03-01
TW8,1673,1967,3640,6493,4847,11340,2014-03-01
TW9,1300,1499,2799,8580,7710,16290,2014-03-01
TW10,1247,1432,2679,7707,6841,14548,2014-03-01
TW11,1066,1300,2366,8686,8216,16902,2014-03-01
TW12,1198,1314,2512,8582,8158,16740,2014-03-01
TW13,2816,3368,6184,11844,8616,20460,2014-03-01
TW14,2477,2805,5282,9774,6863,16637,2014-03-01
TW15,1035,1229,2264,11048,9677,20725,2014-03-01
TW16,812,993,1805,7974,7011,14985,2014-03-01
TW17,448,498,946,5911,5506,11417,2014-03-01
TW18,1070,1154,2224,10063,8952,19015,2014-03-01
TW19,779,1014,1793,6439,5369,11808,2014-03-01
TW20,1259,1336,2595,8256,7204,15460,2014-03-01
UB1,9286,6244,15530,13852,7826,21678,2014-03-01
UB2,6563,4507,11070,10950,6596,17546,2014-03-01
UB3,5881,5755,11636,16723,10568,27291,2014-03-01
UB4,4271,3978,8249,13688,9944,23632,2014-03-01
UB5,4338,5173,9511,14825,10621,25446,2014-03-01
UB6,5659,5368,11027,19672,13138,32810,2014-03-01
UB7,2282,2622,4904,9981,7258,17239,2014-03-01
UB8,2295,2469,4764,10875,8491,19366,2014-03-01
UB9,626,689,1315,5697,5121,10818,2014-03-01
UB10,1678,1965,3643,12543,10965,23508,2014-03-01
UB11,2,0,2,13,4,17,2014-03-01
W1,34,15,49,45,11,56,2014-03-01
W1,61,63,124,328,185,513,2014-03-01
W1,9,2,11,14,2,16,2014-03-01
W1,217,122,339,428,184,612,2014-03-01
W1,130,97,227,459,210,669,2014-03-01
W1,198,224,422,1144,804,1948,2014-03-01
W1,787,699,1486,2318,1550,3868,2014-03-01
W1,195,152,347,856,476,1332,2014-03-01
W1,355,346,701,1182,718,1900,2014-03-01
W1,81,61,142,106,73,179,2014-03-01
W1,59,64,123,133,69,202,2014-03-01
W1,63,70,133,108,48,156,2014-03-01
W1,49,13,62,73,13,86,2014-03-01
W1,41,23,64,163,62,225,2014-03-01
W1,404,271,675,1070,554,1624,2014-03-01
W1,464,497,961,1790,1173,2963,2014-03-01
W1,92,53,145,120,53,173,2014-03-01
W1,337,358,695,1019,611,1630,2014-03-01
W1,57,23,80,158,60,218,2014-03-01
W1,52,50,102,117,49,166,2014-03-01
W2,6730,5911,12641,16348,10347,26695,2014-03-01
W3,5888,5831,11719,19131,13180,32311,2014-03-01
W4,3055,3538,6593,16806,14612,31418,2014-03-01
W5,3864,4130,7994,19903,16001,35904,2014-03-01
W6,3438,3495,6933,10652,8226,18878,2014-03-01
W7,2730,3098,5828,9628,7656,17284,2014-03-01
W8,1861,2300,4161,8309,7041,15350,2014-03-01
W9,4144,4522,8666,12250,8947,21197,2014-03-01
W10,4268,4674,8942,8734,6314,15048,2014-03-01
W11,3607,4015,7622,10283,8111,18394,2014-03-01
W12,6247,6311,12558,13561,9295,22856,2014-03-01
W13,2876,3022,5898,12149,9664,21813,2014-03-01
W14,4107,4388,8495,12380,9539,21919,2014-03-01
WA1,933,1031,1964,7694,6456,14150,2014-03-01
WA2,2255,2843,5098,12581,10064,22645,2014-03-01
WA3,1610,2238,3848,17183,15143,32326,2014-03-01
WA4,1621,1938,3559,17907,16068,33975,2014-03-01
WA5,2359,3043,5402,21085,18436,39521,2014-03-01
WA6,543,622,1165,7603,7022,14625,2014-03-01
WA7,3590,5029,8619,19985,15826,35811,2014-03-01
WA8,3027,4079,7106,20521,16562,37083,2014-03-01
WA9,2784,3624,6408,14616,10997,25613,2014-03-01
WA10,1855,2368,4223,12461,10017,22478,2014-03-01
WA11,1659,2231,3890,14586,12124,26710,2014-03-01
WA12,1038,1401,2439,7249,5915,13164,2014-03-01
WA13,323,383,706,5142,4888,10030,2014-03-01
WA14,1231,1312,2543,10798,9823,20621,2014-03-01
WA15,1585,1731,3316,16653,15268,31921,2014-03-01
WA16,721,732,1453,9586,9020,18606,2014-03-01
WC1,80,60,140,238,112,350,2014-03-01
WC1,185,216,401,417,249,666,2014-03-01
WC1,215,212,427,468,320,788,2014-03-01
WC1,895,780,1675,1737,928,2665,2014-03-01
WC1,723,668,1391,1828,1110,2938,2014-03-01
WC1,41,28,69,183,107,290,2014-03-01
WC1,38,28,66,88,47,135,2014-03-01
WC1,928,815,1743,1817,1108,2925,2014-03-01
WC2,11,9,20,84,53,137,2014-03-01
WC2,186,148,334,502,240,742,2014-03-01
WC2,63,44,107,220,109,329,2014-03-01
WC2,376,257,633,812,383,1195,2014-03-01
WC2,76,51,127,227,108,335,2014-03-01
WC2,30,20,50,98,46,144,2014-03-01
WD1,35,35,70,109,66,175,2014-03-01
WD2,86,64,150,181,96,277,2014-03-01
WD3,1405,1717,3122,15995,15196,31191,2014-03-01
WD4,335,352,687,4406,4220,8626,2014-03-01
WD5,427,492,919,4266,4014,8280,2014-03-01
WD6,2136,2629,4765,13558,11486,25044,2014-03-01
WD7,417,503,920,5141,4964,10105,2014-03-01
WD17,844,865,1709,6071,5066,11137,2014-03-01
WD18,2183,2365,4548,8132,5785,13917,2014-03-01
WD19,1320,1747,3067,9742,8881,18623,2014-03-01
WD23,999,1218,2217,9633,9255,18888,2014-03-01
WD24,1490,1646,3136,7959,6302,14261,2014-03-01
WD25,1324,1627,2951,10015,8760,18775,2014-03-01
WF1,2227,2663,4890,10619,7399,18018,2014-03-01
WF2,2537,3511,6048,16127,12948,29075,2014-03-01
WF3,1226,1826,3052,11672,10101,21773,2014-03-01
WF4,1705,2410,4115,15406,12915,28321,2014-03-01
WF5,826,1135,1961,7435,6367,13802,2014-03-01
WF6,1070,1481,2551,6987,5410,12397,2014-03-01
WF7,953,1415,2368,6766,5434,12200,2014-03-01
WF8,1508,1985,3493,10713,8639,19352,2014-03-01
WF9,2317,3063,5380,12003,8819,20822,2014-03-01
WF10,2469,3525,5994,14093,10295,24388,2014-03-01
WF11,907,1245,2152,5403,4140,9543,2014-03-01
WF12,1914,2629,4543,10564,7690,18254,2014-03-01
WF13,1855,2372,4227,7229,4514,11743,2014-03-01
WF14,694,973,1667,7015,6148,13163,2014-03-01
WF15,779,1050,1829,5932,4994,10926,2014-03-01
WF16,630,865,1495,3724,2622,6346,2014-03-01
WF17,2367,3311,5678,12904,8979,21883,2014-03-01
WN1,942,1054,1996,6472,5045,11517,2014-03-01
WN2,2230,3092,5322,17135,13486,30621,2014-03-01
WN3,1220,1765,2985,10424,8336,18760,2014-03-01
WN4,1092,1480,2572,10292,8613,18905,2014-03-01
WN5,2004,2469,4473,14192,11189,25381,2014-03-01
WN6,1505,1839,3344,14411,12463,26874,2014-03-01
WN7,2358,3064,5422,15183,11863,27046,2014-03-01
WN8,2824,3914,6738,14684,11592,26276,2014-03-01
WR1,579,542,1121,2807,2193,5000,2014-03-01
WR2,1102,1313,2415,10167,8865,19032,2014-03-01
WR3,722,939,1661,7596,6805,14401,2014-03-01
WR4,1391,1817,3208,8242,6939,15181,2014-03-01
WR5,1243,1624,2867,11113,9614,20727,2014-03-01
WR6,309,349,658,5331,5027,10358,2014-03-01
WR7,114,129,243,2327,2180,4507,2014-03-01
WR8,239,248,487,3327,3171,6498,2014-03-01
WR9,1197,1459,2656,11579,10534,22113,2014-03-01
WR10,479,664,1143,7089,6567,13656,2014-03-01
WR11,1549,1954,3503,15493,13524,29017,2014-03-01
WR12,155,188,343,2302,2214,4516,2014-03-01
WR13,246,241,487,3401,3353,6754,2014-03-01
WR14,1553,1880,3433,12299,11237,23536,2014-03-01
WR15,221,241,462,2858,2538,5396,2014-03-01
WS1,2036,2494,4530,7007,4283,11290,2014-03-01
WS2,2673,3650,6323,9767,6202,15969,2014-03-01
WS3,2890,3758,6648,14600,10786,25386,2014-03-01
WS4,781,980,1761,5709,4613,10322,2014-03-01
WS5,910,1358,2268,7369,6174,13543,2014-03-01
WS6,562,806,1368,6780,5729,12509,2014-03-01
WS7,925,1281,2206,11191,9593,20784,2014-03-01
WS8,698,916,1614,5168,4060,9228,2014-03-01
WS9,879,1131,2010,9638,8368,18006,2014-03-01
WS10,2916,3877,6793,12909,8977,21886,2014-03-01
WS11,1691,2280,3971,14460,12065,26525,2014-03-01
WS12,1113,1532,2645,12521,10569,23090,2014-03-01
WS13,1006,1290,2296,9105,7964,17069,2014-03-01
WS14,431,536,967,6803,6342,13145,2014-03-01
WS15,1446,1938,3384,13261,11332,24593,2014-03-01
WV1,1512,1502,3014,3913,2322,6235,2014-03-01
WV2,1651,1663,3314,3724,2336,6060,2014-03-01
WV3,1648,1948,3596,9573,7933,17506,2014-03-01
WV4,1593,2156,3749,11653,9411,21064,2014-03-01
WV5,385,555,940,5934,5283,11217,2014-03-01
WV6,2268,2761,5029,15304,13053,28357,2014-03-01
WV7,264,268,532,2241,1960,4201,2014-03-01
WV8,636,932,1568,5447,4810,10257,2014-03-01
WV9,270,396,666,2585,2284,4869,2014-03-01
WV10,3858,5201,9059,15623,11485,27108,2014-03-01
WV11,1786,2304,4090,11210,8503,19713,2014-03-01
WV12,1109,1517,2626,8573,6863,15436,2014-03-01
WV13,1208,1636,2844,6173,4611,10784,2014-03-01
WV14,2651,3619,6270,13588,10042,23630,2014-03-01
WV15,248,322,570,3320,2928,6248,2014-03-01
WV16,489,615,1104,6724,5944,12668,2014-03-01
YO1,255,287,542,1229,905,2134,2014-03-01
YO2,17,21,38,54,29,83,2014-03-01
YO3,28,28,56,67,38,105,2014-03-01
YO4,7,12,19,114,89,203,2014-03-01
YO5,4,9,13,35,28,63,2014-03-01
YO6,14,29,43,112,73,185,2014-03-01
YO7,583,742,1325,7715,6798,14513,2014-03-01
YO8,1545,2356,3901,16057,13657,29714,2014-03-01
YO10,1241,1562,2803,6709,5547,12256,2014-03-01
YO11,1168,1453,2621,6877,5187,12064,2014-03-01
YO12,1939,2653,4592,13030,10617,23647,2014-03-01
YO13,203,321,524,4075,3805,7880,2014-03-01
YO14,404,582,986,4099,3520,7619,2014-03-01
YO15,671,796,1467,4778,3672,8450,2014-03-01
YO16,991,1473,2464,8392,6604,14996,2014-03-01
YO17,702,882,1584,7935,6812,14747,2014-03-01
YO18,279,390,669,4221,3803,8024,2014-03-01
YO19,320,411,731,4846,4573,9419,2014-03-01
YO21,525,627,1152,5408,4670,10078,2014-03-01
YO22,335,466,801,3094,2638,5732,2014-03-01
YO23,711,947,1658,6819,6418,13237,2014-03-01
YO24,1461,2096,3557,9919,8442,18361,2014-03-01
YO25,983,1292,2275,12899,11445,24344,2014-03-01
YO26,1266,1728,2994,10402,9147,19549,2014-03-01
YO30,1280,1586,2866,8537,7533,16070,2014-03-01
YO31,1340,1763,3103,8256,7045,15301,2014-03-01
YO32,926,1326,2252,10624,9980,20604,2014-03-01
YO41,230,356,586,4240,3962,8202,2014-03-01
YO42,390,567,957,5596,5039,10635,2014-03-01
YO43,274,406,680,4784,4352,9136,2014-03-01
YO51,147,195,342,2145,1999,4144,2014-03-01
YO60,117,126,243,1907,1845,3752,2014-03-01
YO61,366,428,794,5390,5134,10524,2014-03-01
YO62,363,379,742,4590,4210,8800,2014-03-01
ZE1,436,554,990,2759,2194,4953,2014-03-01
ZE2,583,853,1436,5291,4514,9805,2014-03-01
ZE3,15,24,39,180,129,309,2014-03-01
AB1,50,59,109,161,112,273,2015-03-01
AB2,28,28,56,121,61,182,2015-03-01
AB3,1,5,6,26,33,59,2015-03-01
AB4,0,0,0,6,10,16,2015-03-01
AB5,0,1,1,7,5,12,2015-03-01
AB9,29,17,46,66,10,76,2015-03-01
AB10,1445,1504,2949,7630,6026,13656,2015-03-01
AB11,1831,1947,3778,6506,4244,10750,2015-03-01
AB12,1188,1549,2737,9735,8343,18078,2015-03-01
AB13,105,111,216,1353,1311,2664,2015-03-01
AB14,222,266,488,1959,1817,3776,2015-03-01
AB15,1436,1814,3250,15054,13933,28987,2015-03-01
AB16,2222,2989,5211,8414,6076,14490,2015-03-01
AB21,826,1070,1896,8480,7271,15751,2015-03-01
AB22,608,827,1435,6426,5748,12174,2015-03-01
AB23,430,481,911,4390,3922,8312,2015-03-01
AB24,2978,3054,6032,9228,5634,14862,2015-03-01
AB25,1460,1371,2831,5245,3661,8906,2015-03-01
AB30,201,263,464,2889,2624,5513,2015-03-01
AB31,459,547,1006,6348,5928,12276,2015-03-01
AB32,416,521,937,5213,4945,10158,2015-03-01
AB33,122,169,291,2205,1954,4159,2015-03-01
AB34,179,241,420,2113,2034,4147,2015-03-01
AB35,98,123,221,981,902,1883,2015-03-01
AB36,15,19,34,221,209,430,2015-03-01
AB37,43,58,101,531,448,979,2015-03-01
AB38,128,193,321,1725,1493,3218,2015-03-01
AB39,626,767,1393,6718,6320,13038,2015-03-01
AB41,608,904,1512,8437,7615,16052,2015-03-01
AB42,1460,1789,3249,11968,10132,22100,2015-03-01
AB43,1055,1299,2354,8173,7021,15194,2015-03-01
AB44,189,241,430,1365,1174,2539,2015-03-01
AB45,434,531,965,3947,3436,7383,2015-03-01
AB51,993,1254,2247,13381,12252,25633,2015-03-01
AB52,118,183,301,2002,1804,3806,2015-03-01
AB53,346,488,834,4893,4215,9108,2015-03-01
AB54,388,514,902,4308,3778,8086,2015-03-01
AB55,296,440,736,3343,2830,6173,2015-03-01
AB56,669,758,1427,4854,4305,9159,2015-03-01
AL1,1764,1878,3642,13456,11808,25264,2015-03-01
AL2,882,1034,1916,9324,8577,17901,2015-03-01
AL3,1064,1263,2327,10560,9968,20528,2015-03-01
AL4,917,1080,1997,10476,10043,20519,2015-03-01
AL5,1011,1093,2104,11919,11643,23562,2015-03-01
AL6,336,317,653,4816,4659,9475,2015-03-01
AL7,1832,2237,4069,11536,10185,21721,2015-03-01
AL8,541,691,1232,4921,4613,9534,2015-03-01
AL9,361,414,775,4650,4242,8892,2015-03-01
AL10,2804,2485,5289,10196,7279,17475,2015-03-01
B1,698,614,1312,1779,938,2717,2015-03-01
B2,57,48,105,71,31,102,2015-03-01
B3,123,128,251,545,338,883,2015-03-01
B4,178,100,278,226,59,285,2015-03-01
B5,1104,1175,2279,2646,1573,4219,2015-03-01
B6,2419,2619,5038,4246,2125,6371,2015-03-01
B7,991,1214,2205,1578,836,2414,2015-03-01
B8,4630,4968,9598,9077,4711,13788,2015-03-01
B9,2543,3049,5592,5132,2817,7949,2015-03-01
B10,3062,3379,6441,5767,2802,8569,2015-03-01
B11,5111,5356,10467,10378,5416,15794,2015-03-01
B12,2516,2508,5024,4124,1995,6119,2015-03-01
B13,2750,3253,6003,11826,9117,20943,2015-03-01
B14,2943,3697,6640,12709,10351,23060,2015-03-01
B15,1395,1432,2827,4644,3500,8144,2015-03-01
B16,2533,2625,5158,5627,3362,8989,2015-03-01
B17,1538,1836,3374,8007,6698,14705,2015-03-01
B18,1805,2266,4071,3075,1908,4983,2015-03-01
B19,2774,2943,5717,3624,1820,5444,2015-03-01
B20,3462,4015,7477,9456,6511,15967,2015-03-01
B21,4124,4205,8329,6546,3766,10312,2015-03-01
B23,3435,4319,7754,11525,8715,20240,2015-03-01
B24,2044,2536,4580,8353,6369,14722,2015-03-01
B25,1362,1710,3072,4366,2964,7330,2015-03-01
B26,1935,2395,4330,10821,8285,19106,2015-03-01
B27,2020,2454,4474,7308,5146,12454,2015-03-01
B28,1646,2087,3733,10640,8528,19168,2015-03-01
B29,2827,3347,6174,9129,6860,15989,2015-03-01
B30,1764,2196,3960,8697,7831,16528,2015-03-01
B31,3769,4979,8748,16146,12877,29023,2015-03-01
B32,2714,3823,6537,10840,8496,19336,2015-03-01
B33,2683,3529,6212,9135,6390,15525,2015-03-01
B34,1264,1717,2981,5398,4152,9550,2015-03-01
B35,812,1063,1875,2343,1797,4140,2015-03-01
B36,2260,3208,5468,11215,8683,19898,2015-03-01
B37,2703,3437,6140,10026,7789,17815,2015-03-01
B38,1440,1942,3382,5790,4710,10500,2015-03-01
B42,1368,1846,3214,7506,5977,13483,2015-03-01
B43,1305,1715,3020,10295,8658,18953,2015-03-01
B44,2610,3446,6056,10361,8029,18390,2015-03-01
B45,1770,2477,4247,10103,8200,18303,2015-03-01
B46,407,478,885,4953,4466,9419,2015-03-01
B47,282,305,587,3924,3696,7620,2015-03-01
B48,173,175,348,2319,2124,4443,2015-03-01
B49,369,472,841,4013,3732,7745,2015-03-01
B50,176,212,388,2123,2011,4134,2015-03-01
B60,864,1011,1875,10135,9381,19516,2015-03-01
B61,965,1187,2152,9060,8007,17067,2015-03-01
B62,941,1208,2149,8983,7643,16626,2015-03-01
B63,1561,2109,3670,12598,10447,23045,2015-03-01
B64,922,1195,2117,5110,3939,9049,2015-03-01
B65,1393,1892,3285,7220,5450,12670,2015-03-01
B66,2587,2872,5459,4761,2682,7443,2015-03-01
B67,2769,3181,5950,8172,5591,13763,2015-03-01
B68,2010,2753,4763,9674,7228,16902,2015-03-01
B69,1811,2420,4231,8475,6184,14659,2015-03-01
B70,2478,2977,5455,7218,4316,11534,2015-03-01
B71,2004,2610,4614,8972,6294,15266,2015-03-01
B72,384,449,833,3787,3327,7114,2015-03-01
B73,889,1070,1959,8816,7971,16787,2015-03-01
B74,843,1030,1873,12806,12076,24882,2015-03-01
B75,986,1365,2351,9721,9079,18800,2015-03-01
B76,936,903,1839,8942,7856,16798,2015-03-01
B77,2690,3918,6608,19508,16348,35856,2015-03-01
B78,926,1191,2117,8957,7730,16687,2015-03-01
B79,895,1236,2131,7841,6647,14488,2015-03-01
B80,242,273,515,2741,2525,5266,2015-03-01
B90,1602,1975,3577,17681,15969,33650,2015-03-01
B91,1143,1318,2461,13489,12680,26169,2015-03-01
B92,1572,1942,3514,13659,11948,25607,2015-03-01
B93,507,552,1059,7877,7661,15538,2015-03-01
B94,154,176,330,3181,3072,6253,2015-03-01
B95,185,198,383,2510,2423,4933,2015-03-01
B96,118,142,260,2125,2019,4144,2015-03-01
B97,1211,1574,2785,11615,10142,21757,2015-03-01
B98,2783,3900,6683,17068,13539,30607,2015-03-01
BA1,2142,2412,4554,13756,12390,26146,2015-03-01
BA2,3552,3949,7501,23284,20814,44098,2015-03-01
BA3,1326,1291,2617,13104,11914,25018,2015-03-01
BA4,647,749,1396,6746,6046,12792,2015-03-01
BA5,643,702,1345,6691,6298,12989,2015-03-01
BA6,615,669,1284,4912,4650,9562,2015-03-01
BA7,105,154,259,1340,1335,2675,2015-03-01
BA8,123,183,306,1689,1603,3292,2015-03-01
BA9,224,301,525,2826,2518,5344,2015-03-01
BA10,139,185,324,1305,1243,2548,2015-03-01
BA11,1238,1621,2859,11773,10950,22723,2015-03-01
BA12,1132,1432,2564,10989,9807,20796,2015-03-01
BA13,679,879,1558,7434,6680,14114,2015-03-01
BA14,1998,2256,4254,16999,15145,32144,2015-03-01
BA15,439,549,988,4990,4977,9967,2015-03-01
BA16,590,650,1240,4407,3954,8361,2015-03-01
BA20,426,534,960,4067,3440,7507,2015-03-01
BA21,1536,2034,3570,11508,9490,20998,2015-03-01
BA22,499,494,993,7019,6550,13569,2015-03-01
BB1,4042,5269,9311,19982,14267,34249,2015-03-01
BB2,3484,4307,7791,18412,14249,32661,2015-03-01
BB3,1725,2224,3949,11255,9293,20548,2015-03-01
BB4,1749,2317,4066,14601,12683,27284,2015-03-01
BB5,3362,4282,7644,19343,15144,34487,2015-03-01
BB6,601,748,1349,5292,4587,9879,2015-03-01
BB7,1046,1171,2217,11943,11082,23025,2015-03-01
BB8,1090,1375,2465,7776,6668,14444,2015-03-01
BB9,2453,3115,5568,13823,10316,24139,2015-03-01
BB10,2008,2572,4580,12246,9518,21764,2015-03-01
BB11,1462,1847,3309,6739,5171,11910,2015-03-01
BB12,1649,2071,3720,11961,10020,21981,2015-03-01
BB18,645,869,1514,6021,5188,11209,2015-03-01
BD1,434,282,716,745,264,1009,2015-03-01
BD2,1669,2262,3931,9230,7185,16415,2015-03-01
BD3,3124,3580,6704,7040,3673,10713,2015-03-01
BD4,2105,2974,5079,7754,5437,13191,2015-03-01
BD5,2660,3113,5773,6491,3488,9979,2015-03-01
BD6,1649,2381,4030,8812,6988,15800,2015-03-01
BD7,3141,3256,6397,8610,5054,13664,2015-03-01
BD8,2578,3098,5676,7248,4019,11267,2015-03-01
BD9,1897,2539,4436,7395,5039,12434,2015-03-01
BD10,1310,1621,2931,8133,7014,15147,2015-03-01
BD11,364,543,907,3901,3549,7450,2015-03-01
BD12,857,1116,1973,5662,4619,10281,2015-03-01
BD13,1081,1364,2445,8863,7767,16630,2015-03-01
BD14,401,524,925,2676,2275,4951,2015-03-01
BD15,747,1065,1812,5121,4149,9270,2015-03-01
BD16,990,1160,2150,9360,8405,17765,2015-03-01
BD17,654,794,1448,6638,5930,12568,2015-03-01
BD18,1557,2035,3592,8373,6693,15066,2015-03-01
BD19,892,1118,2010,7591,6636,14227,2015-03-01
BD20,1119,1571,2690,13294,11973,25267,2015-03-01
BD21,1686,2307,3993,6964,4659,11623,2015-03-01
BD22,1329,1743,3072,10126,8654,18780,2015-03-01
BD23,966,1232,2198,11307,10338,21645,2015-03-01
BD24,180,219,399,1986,1797,3783,2015-03-01
BD99,0,0,0,0,1,1,2015-03-01
BH1,1626,1575,3201,6209,4099,10308,2015-03-01
BH2,671,580,1251,2931,1993,4924,2015-03-01
BH3,268,279,547,2117,1781,3898,2015-03-01
BH4,418,438,856,3656,3043,6699,2015-03-01
BH5,636,664,1300,3537,2830,6367,2015-03-01
BH6,928,1052,1980,8327,7836,16163,2015-03-01
BH7,622,648,1270,4220,3753,7973,2015-03-01
BH8,1738,1751,3489,9252,7790,17042,2015-03-01
BH9,1490,1665,3155,9874,8905,18779,2015-03-01
BH10,788,924,1712,7329,6601,13930,2015-03-01
BH11,992,1294,2286,6965,6138,13103,2015-03-01
BH12,1805,2142,3947,12254,10631,22885,2015-03-01
BH13,149,184,333,3363,3225,6588,2015-03-01
BH14,886,890,1776,9053,8448,17501,2015-03-01
BH15,1537,1725,3262,11832,10380,22212,2015-03-01
BH16,592,772,1364,5818,5390,11208,2015-03-01
BH17,919,1139,2058,8274,7770,16044,2015-03-01
BH18,247,246,493,5020,4767,9787,2015-03-01
BH19,419,596,1015,4288,3861,8149,2015-03-01
BH20,965,902,1867,8245,7165,15410,2015-03-01
BH21,1028,1210,2238,16396,16019,32415,2015-03-01
BH22,640,710,1350,11044,10551,21595,2015-03-01
BH23,1753,1910,3663,20230,19397,39627,2015-03-01
BH24,692,726,1418,9792,9409,19201,2015-03-01
BH25,813,918,1731,9635,9295,18930,2015-03-01
BH31,326,331,657,5282,5251,10533,2015-03-01
BL0,587,753,1340,6491,6059,12550,2015-03-01
BL1,3653,4161,7814,19813,15493,35306,2015-03-01
BL2,2493,3060,5553,14831,12350,27181,2015-03-01
BL3,4318,5172,9490,19095,13584,32679,2015-03-01
BL4,1989,2652,4641,10243,7647,17890,2015-03-01
BL5,1043,1257,2300,9922,8975,18897,2015-03-01
BL6,1198,1413,2611,10928,9655,20583,2015-03-01
BL7,401,504,905,6152,5913,12065,2015-03-01
BL8,1330,1624,2954,13414,12113,25527,2015-03-01
BL9,2803,3489,6292,15883,12549,28432,2015-03-01
BN1,5864,5656,11520,25485,21093,46578,2015-03-01
BN2,6561,7234,13795,27307,21219,48526,2015-03-01
BN3,5094,5493,10587,26952,22720,49672,2015-03-01
BN5,204,234,438,2909,2895,5804,2015-03-01
BN6,607,586,1193,6674,6697,13371,2015-03-01
BN7,1077,1358,2435,6908,6568,13476,2015-03-01
BN8,517,570,1087,6332,6170,12502,2015-03-01
BN9,706,936,1642,4522,3772,8294,2015-03-01
BN10,837,1057,1894,6732,5783,12515,2015-03-01
BN11,1862,2050,3912,10475,8863,19338,2015-03-01
BN12,780,893,1673,7896,7501,15397,2015-03-01
BN13,1137,1267,2404,10066,9431,19497,2015-03-01
BN14,1278,1508,2786,11170,10370,21540,2015-03-01
BN15,1224,1536,2760,10030,8647,18677,2015-03-01
BN16,843,933,1776,10794,10574,21368,2015-03-01
BN17,1485,1850,3335,10034,8538,18572,2015-03-01
BN18,520,497,1017,5085,4845,9930,2015-03-01
BN20,750,929,1679,7572,7381,14953,2015-03-01
BN21,1416,1481,2897,7891,6588,14479,2015-03-01
BN22,1809,2309,4118,10479,9027,19506,2015-03-01
BN23,1240,1677,2917,9702,8733,18435,2015-03-01
BN24,263,305,568,3575,3364,6939,2015-03-01
BN25,851,1182,2033,8868,8242,17110,2015-03-01
BN26,332,421,753,4257,3969,8226,2015-03-01
BN27,1055,1250,2305,9999,9281,19280,2015-03-01
BN41,1300,1633,2933,6650,5942,12592,2015-03-01
BN42,536,581,1117,3643,3179,6822,2015-03-01
BN43,1090,1190,2280,8207,7500,15707,2015-03-01
BN44,306,357,663,4055,3974,8029,2015-03-01
BN45,27,16,43,239,234,473,2015-03-01
BR1,3779,4730,8509,18915,16859,35774,2015-03-01
BR2,2166,2417,4583,16698,15530,32228,2015-03-01
BR3,2389,2782,5171,17798,16387,34185,2015-03-01
BR4,874,811,1685,7485,7118,14603,2015-03-01
BR5,2623,3339,5962,15276,13796,29072,2015-03-01
BR6,1977,2189,4166,17857,16958,34815,2015-03-01
BR7,585,798,1383,6882,6614,13496,2015-03-01
BR8,993,1383,2376,8253,7129,15382,2015-03-01
BS1,704,658,1362,2798,1471,4269,2015-03-01
BS2,1603,1685,3288,3788,2512,6300,2015-03-01
BS3,2068,2446,4514,11849,9680,21529,2015-03-01
BS4,2828,3555,6383,15600,12573,28173,2015-03-01
BS5,4467,4893,9360,15825,11463,27288,2015-03-01
BS6,1791,1923,3714,10166,9101,19267,2015-03-01
BS7,2470,2617,5087,12853,10659,23512,2015-03-01
BS8,1213,1259,2472,8149,6969,15118,2015-03-01
BS9,1199,1224,2423,12087,11153,23240,2015-03-01
BS10,1723,2277,4000,8790,7229,16019,2015-03-01
BS11,1143,1461,2604,5606,4315,9921,2015-03-01
BS12,17,11,28,69,22,91,2015-03-01
BS13,1838,2470,4308,8846,6836,15682,2015-03-01
BS14,1149,1460,2609,10539,9130,19669,2015-03-01
BS15,1861,2330,4191,17074,14750,31824,2015-03-01
BS16,3214,3643,6857,26011,22522,48533,2015-03-01
BS17,9,13,22,60,42,102,2015-03-01
BS18,11,10,21,73,47,120,2015-03-01
BS19,2,8,10,42,41,83,2015-03-01
BS20,867,1039,1906,11990,11041,23031,2015-03-01
BS21,751,965,1716,9048,8521,17569,2015-03-01
BS22,1277,1792,3069,14096,12471,26567,2015-03-01
BS23,1952,2305,4257,11289,8741,20030,2015-03-01
BS24,559,757,1316,7079,6558,13637,2015-03-01
BS25,165,180,345,2618,2482,5100,2015-03-01
BS26,149,143,292,2028,1974,4002,2015-03-01
BS27,205,212,417,2792,2620,5412,2015-03-01
BS28,82,79,161,1410,1367,2777,2015-03-01
BS29,77,95,172,1120,971,2091,2015-03-01
BS30,865,1079,1944,11427,10747,22174,2015-03-01
BS31,707,847,1554,7590,6867,14457,2015-03-01
BS32,818,932,1750,9060,8245,17305,2015-03-01
BS34,1478,1667,3145,10719,9053,19772,2015-03-01
BS35,718,863,1581,8918,8210,17128,2015-03-01
BS36,471,455,926,6349,5925,12274,2015-03-01
BS37,1333,1707,3040,14434,12840,27274,2015-03-01
BS39,401,466,867,6133,5686,11819,2015-03-01
BS40,280,339,619,5340,5221,10561,2015-03-01
BS41,156,181,337,2386,2239,4625,2015-03-01
BS48,727,810,1537,9367,8840,18207,2015-03-01
BS49,395,425,820,4546,4357,8903,2015-03-01
BS99,1,1,2,2,1,3,2015-03-01
CA1,1302,1705,3007,7161,5682,12843,2015-03-01
CA2,1790,2543,4333,12355,9677,22032,2015-03-01
CA3,463,578,1041,5113,4545,9658,2015-03-01
CA4,188,257,445,3823,3674,7497,2015-03-01
CA5,166,192,358,2791,2623,5414,2015-03-01
CA6,233,316,549,3667,3164,6831,2015-03-01
CA7,692,933,1625,8609,7793,16402,2015-03-01
CA8,272,442,714,3988,3550,7538,2015-03-01
CA9,79,118,197,885,742,1627,2015-03-01
CA10,310,419,729,5708,5238,10946,2015-03-01
CA11,722,922,1644,7987,7033,15020,2015-03-01
CA12,274,364,638,3031,2686,5717,2015-03-01
CA13,442,590,1032,5844,5298,11142,2015-03-01
CA14,1487,2124,3611,12063,9694,21757,2015-03-01
CA15,704,957,1661,5388,4309,9697,2015-03-01
CA16,130,204,334,2437,2236,4673,2015-03-01
CA17,121,172,293,1899,1648,3547,2015-03-01
CA18,8,7,15,127,117,244,2015-03-01
CA19,33,33,66,477,416,893,2015-03-01
CA20,86,104,190,1359,1198,2557,2015-03-01
CA21,27,21,48,332,285,617,2015-03-01
CA22,430,583,1013,3219,2572,5791,2015-03-01
CA23,53,80,133,559,460,1019,2015-03-01
CA24,30,50,80,393,326,719,2015-03-01
CA25,308,391,699,1915,1480,3395,2015-03-01
CA26,157,216,373,1314,1086,2400,2015-03-01
CA27,52,72,124,645,563,1208,2015-03-01
CA28,1354,1750,3104,9425,7491,16916,2015-03-01
CB1,3268,3416,6684,16495,14080,30575,2015-03-01
CB2,1239,1281,2520,6972,6083,13055,2015-03-01
CB3,1059,1276,2335,7711,7182,14893,2015-03-01
CB4,3339,3809,7148,17491,14532,32023,2015-03-01
CB5,964,1142,2106,5574,4692,10266,2015-03-01
CB6,1152,1512,2664,13973,12544,26517,2015-03-01
CB7,906,1111,2017,9742,8625,18367,2015-03-01
CB8,1396,1585,2981,11697,10553,22250,2015-03-01
CB9,1434,1992,3426,10911,9067,19978,2015-03-01
CB10,464,576,1040,5232,4957,10189,2015-03-01
CB11,616,716,1332,6843,6294,13137,2015-03-01
CB21,342,361,703,4258,4002,8260,2015-03-01
CB22,569,576,1145,6417,5773,12190,2015-03-01
CB23,781,872,1653,8598,7926,16524,2015-03-01
CB24,796,804,1600,8702,7786,16488,2015-03-01
CB25,353,377,730,4660,4154,8814,2015-03-01
CF1,55,46,101,91,30,121,2015-03-01
CF2,33,27,60,91,44,135,2015-03-01
CF3,2459,3193,5652,12748,11198,23946,2015-03-01
CF4,31,20,51,117,69,186,2015-03-01
CF5,3623,4544,8167,20086,17650,37736,2015-03-01
CF6,73,64,137,90,44,134,2015-03-01
CF7,10,5,15,39,36,75,2015-03-01
CF8,25,28,53,105,67,172,2015-03-01
CF10,1131,921,2052,3516,2138,5654,2015-03-01
CF11,2927,2763,5690,10003,7104,17107,2015-03-01
CF14,2958,3439,6397,25643,23850,49493,2015-03-01
CF15,540,656,1196,6894,6651,13545,2015-03-01
CF23,2206,2771,4977,15468,14452,29920,2015-03-01
CF24,4470,3949,8419,11100,7566,18666,2015-03-01
CF31,1729,2316,4045,15508,13720,29228,2015-03-01
CF32,1325,1800,3125,10204,8348,18552,2015-03-01
CF33,677,986,1663,4852,3925,8777,2015-03-01
CF34,1000,1317,2317,6565,5056,11621,2015-03-01
CF35,451,560,1011,5692,5090,10782,2015-03-01
CF36,517,629,1146,6039,5463,11502,2015-03-01
CF37,2033,2352,4385,11722,9105,20827,2015-03-01
CF38,723,1020,1743,8269,7507,15776,2015-03-01
CF39,1382,2009,3391,9128,7212,16340,2015-03-01
CF40,990,1414,2404,6386,4750,11136,2015-03-01
CF41,470,681,1151,3460,2594,6054,2015-03-01
CF42,643,893,1536,4145,3129,7274,2015-03-01
CF43,645,989,1634,3552,2459,6011,2015-03-01
CF44,1846,2701,4547,12847,9946,22793,2015-03-01
CF45,1101,1521,2622,5912,4386,10298,2015-03-01
CF46,591,878,1469,4930,4112,9042,2015-03-01
CF47,1225,1714,2939,6439,4686,11125,2015-03-01
CF48,1319,1865,3184,8594,6782,15376,2015-03-01
CF61,463,570,1033,3675,3334,7009,2015-03-01
CF62,1841,2289,4130,13694,12532,26226,2015-03-01
CF63,1275,1618,2893,6292,5383,11675,2015-03-01
CF64,1403,1732,3135,13251,12459,25710,2015-03-01
CF71,219,220,439,3789,3609,7398,2015-03-01
CF72,801,1075,1876,9277,8594,17871,2015-03-01
CF81,951,1355,2306,4912,3460,8372,2015-03-01
CF82,853,1228,2081,6570,5385,11955,2015-03-01
CF83,2509,3321,5830,17339,14736,32075,2015-03-01
CH1,1902,2277,4179,9051,7037,16088,2015-03-01
CH2,1481,1874,3355,12373,10808,23181,2015-03-01
CH3,1145,1298,2443,12969,12035,25004,2015-03-01
CH4,1477,1903,3380,11557,10483,22040,2015-03-01
CH5,2056,2593,4649,14582,12248,26830,2015-03-01
CH6,868,1207,2075,5362,4391,9753,2015-03-01
CH7,1696,2235,3931,18400,16668,35068,2015-03-01
CH8,938,1266,2204,7558,6416,13974,2015-03-01
CH41,1569,1765,3334,4176,2902,7078,2015-03-01
CH42,2375,2787,5162,8176,6505,14681,2015-03-01
CH43,2057,2334,4391,12480,10805,23285,2015-03-01
CH44,2167,2592,4759,8113,6138,14251,2015-03-01
CH45,1651,1959,3610,10337,9066,19403,2015-03-01
CH46,1456,1795,3251,8239,6910,15149,2015-03-01
CH47,398,517,915,4052,3945,7997,2015-03-01
CH48,579,571,1150,5727,5571,11298,2015-03-01
CH49,1385,1772,3157,9854,8893,18747,2015-03-01
CH60,307,318,625,5301,5246,10547,2015-03-01
CH61,574,688,1262,6586,6381,12967,2015-03-01
CH62,1527,1783,3310,9666,8367,18033,2015-03-01
CH63,1235,1402,2637,10924,10314,21238,2015-03-01
CH64,583,689,1272,7523,6994,14517,2015-03-01
CH65,1798,2256,4054,8248,6568,14816,2015-03-01
CH66,1471,1882,3353,12742,11332,24074,2015-03-01
CM0,587,738,1325,6441,5657,12098,2015-03-01
CM1,2909,3326,6235,22304,19650,41954,2015-03-01
CM2,2442,2930,5372,21844,19542,41386,2015-03-01
CM3,1698,2072,3770,21983,20422,42405,2015-03-01
CM4,320,358,678,4271,4087,8358,2015-03-01
CM5,337,388,725,4373,4051,8424,2015-03-01
CM6,646,808,1454,10313,9623,19936,2015-03-01
CM7,2126,2749,4875,17376,14853,32229,2015-03-01
CM8,1443,2019,3462,11382,9908,21290,2015-03-01
CM9,1217,1530,2747,12999,11727,24726,2015-03-01
CM11,709,799,1508,7787,7233,15020,2015-03-01
CM12,678,742,1420,8103,7556,15659,2015-03-01
CM13,921,1052,1973,9752,8987,18739,2015-03-01
CM14,841,1091,1932,7470,6644,14114,2015-03-01
CM15,814,951,1765,9357,8849,18206,2015-03-01
CM16,717,865,1582,8954,8188,17142,2015-03-01
CM17,822,1042,1864,7909,7203,15112,2015-03-01
CM18,1600,2111,3711,8313,6497,14810,2015-03-01
CM19,1293,1572,2865,7469,5887,13356,2015-03-01
CM20,1620,2009,3629,7073,5239,12312,2015-03-01
CM21,346,416,762,4491,4053,8544,2015-03-01
CM22,425,474,899,5675,5298,10973,2015-03-01
CM23,1605,1815,3420,15321,14031,29352,2015-03-01
CM24,249,256,505,2825,2526,5351,2015-03-01
CM77,456,517,973,5860,5601,11461,2015-03-01
CO1,1038,1178,2216,4711,3696,8407,2015-03-01
CO2,1922,2551,4473,11438,9163,20601,2015-03-01
CO3,1252,1436,2688,10697,9728,20425,2015-03-01
CO4,2650,3252,5902,15466,12847,28313,2015-03-01
CO5,833,1029,1862,11331,10374,21705,2015-03-01
CO6,785,980,1765,11235,10561,21796,2015-03-01
CO7,1146,1334,2480,13058,11801,24859,2015-03-01
CO8,61,73,134,938,872,1810,2015-03-01
CO9,873,1061,1934,9549,8588,18137,2015-03-01
CO10,1764,2198,3962,17524,15583,33107,2015-03-01
CO11,418,530,948,4986,4563,9549,2015-03-01
CO12,996,1334,2330,7765,6239,14004,2015-03-01
CO13,362,441,803,4774,4353,9127,2015-03-01
CO14,265,352,617,2307,1872,4179,2015-03-01
CO15,2095,2513,4608,14955,12030,26985,2015-03-01
CO16,949,1192,2141,8951,7682,16633,2015-03-01
CR0,15212,17047,32259,47876,36852,84728,2015-03-01
CR2,2766,3110,5876,17743,15938,33681,2015-03-01
CR3,1210,1385,2595,10741,10127,20868,2015-03-01
CR4,7824,7683,15507,19072,12964,32036,2015-03-01
CR5,1287,1557,2844,10766,10174,20940,2015-03-01
CR6,327,364,691,3942,3729,7671,2015-03-01
CR7,6474,6300,12774,13684,10014,23698,2015-03-01
CR8,1665,1901,3566,12319,11262,23581,2015-03-01
CR9,58,44,102,61,22,83,2015-03-01
CT1,1862,2138,4000,7472,5973,13445,2015-03-01
CT2,1633,1855,3488,8344,7213,15557,2015-03-01
CT3,723,939,1662,6440,5806,12246,2015-03-01
CT4,540,680,1220,6773,6483,13256,2015-03-01
CT5,1287,1520,2807,12184,11396,23580,2015-03-01
CT6,1541,1809,3350,13880,12517,26397,2015-03-01
CT7,379,503,882,4464,3950,8414,2015-03-01
CT8,417,464,881,2446,2215,4661,2015-03-01
CT9,2888,3277,6165,12991,10435,23426,2015-03-01
CT10,1199,1385,2584,8776,8119,16895,2015-03-01
CT11,1953,2210,4163,9101,7452,16553,2015-03-01
CT12,1046,1272,2318,6034,5022,11056,2015-03-01
CT13,384,414,798,3200,2877,6077,2015-03-01
CT14,1613,1920,3533,12170,10559,22729,2015-03-01
CT15,447,608,1055,5169,4681,9850,2015-03-01
CT16,1196,1329,2525,6446,5090,11536,2015-03-01
CT17,1304,1578,2882,6452,5012,11464,2015-03-01
CT18,411,504,915,5531,5125,10656,2015-03-01
CT19,1714,2098,3812,8927,7344,16271,2015-03-01
CT20,1384,1455,2839,7092,5417,12509,2015-03-01
CT21,558,714,1272,6454,5963,12417,2015-03-01
CV1,3719,3022,6741,6380,2728,9108,2015-03-01
CV2,4899,6297,11196,19088,14009,33097,2015-03-01
CV3,3916,4906,8822,21927,17418,39345,2015-03-01
CV4,2071,2418,4489,9589,7479,17068,2015-03-01
CV5,2277,2521,4798,17063,14458,31521,2015-03-01
CV6,6463,8184,14647,26249,18988,45237,2015-03-01
CV7,1049,1357,2406,10922,9588,20510,2015-03-01
CV8,978,1147,2125,12301,11575,23876,2015-03-01
CV9,859,1048,1907,7863,6664,14527,2015-03-01
CV10,2433,3314,5747,17052,13962,31014,2015-03-01
CV11,1831,2251,4082,13999,11542,25541,2015-03-01
CV12,1382,1950,3332,10848,8963,19811,2015-03-01
CV13,233,321,554,4391,4036,8427,2015-03-01
CV21,2098,2587,4685,12085,9087,21172,2015-03-01
CV22,1418,1682,3100,13066,11454,24520,2015-03-01
CV23,625,745,1370,8674,7948,16622,2015-03-01
CV31,1724,2067,3791,9709,7639,17348,2015-03-01
CV32,1359,1650,3009,11621,10103,21724,2015-03-01
CV33,209,257,466,2638,2482,5120,2015-03-01
CV34,1281,1565,2846,11339,10006,21345,2015-03-01
CV35,643,747,1390,10088,9803,19891,2015-03-01
CV36,263,319,582,3859,3657,7516,2015-03-01
CV37,1507,1783,3290,15557,14549,30106,2015-03-01
CV47,557,696,1253,6618,6111,12729,2015-03-01
CW1,2192,2682,4874,13002,10677,23679,2015-03-01
CW2,1917,2104,4021,13958,11945,25903,2015-03-01
CW3,242,311,553,3678,3456,7134,2015-03-01
CW4,251,237,488,3892,3764,7656,2015-03-01
CW5,869,964,1833,11041,10442,21483,2015-03-01
CW6,256,369,625,5170,5076,10246,2015-03-01
CW7,1640,2162,3802,10762,8994,19756,2015-03-01
CW8,1142,1350,2492,13859,12769,26628,2015-03-01
CW9,1129,1393,2522,12555,11052,23607,2015-03-01
CW10,433,536,969,5661,5225,10886,2015-03-01
CW11,681,849,1530,8660,8093,16753,2015-03-01
CW12,898,1039,1937,11371,10363,21734,2015-03-01
DA1,3145,3867,7012,18129,14673,32802,2015-03-01
DA2,884,1237,2121,8106,7255,15361,2015-03-01
DA3,581,635,1216,6889,6546,13435,2015-03-01
DA4,308,374,682,3727,3422,7149,2015-03-01
DA5,786,878,1664,8022,7459,15481,2015-03-01
DA6,500,601,1101,3654,3147,6801,2015-03-01
DA7,1531,1921,3452,12830,11296,24126,2015-03-01
DA8,2596,3368,5964,10169,8330,18499,2015-03-01
DA9,571,683,1254,4450,3833,8283,2015-03-01
DA10,397,525,922,2117,1626,3743,2015-03-01
DA11,2304,2816,5120,12533,9641,22174,2015-03-01
DA12,2768,3338,6106,15971,12910,28881,2015-03-01
DA13,374,417,791,6049,5781,11830,2015-03-01
DA14,1027,1326,2353,7436,6730,14166,2015-03-01
DA15,1194,1496,2690,10713,9600,20313,2015-03-01
DA16,1953,2532,4485,12696,10767,23463,2015-03-01
DA17,1221,1643,2864,5534,4419,9953,2015-03-01
DA18,673,818,1491,1248,856,2104,2015-03-01
DD1,964,822,1786,1954,1381,3335,2015-03-01
DD2,2556,3215,5771,12322,10243,22565,2015-03-01
DD3,2596,3040,5636,10836,8102,18938,2015-03-01
DD4,3138,3956,7094,12288,9575,21863,2015-03-01
DD5,964,1252,2216,12064,11301,23365,2015-03-01
DD6,393,525,918,3452,3222,6674,2015-03-01
DD7,437,640,1077,4600,4105,8705,2015-03-01
DD8,1077,1420,2497,10409,9025,19434,2015-03-01
DD9,495,706,1201,4057,3558,7615,2015-03-01
DD10,861,1165,2026,7782,6603,14385,2015-03-01
DD11,1259,1623,2882,9436,7828,17264,2015-03-01
DE1,1053,999,2052,3535,2005,5540,2015-03-01
DE2,17,9,26,34,10,44,2015-03-01
DE3,507,652,1159,6765,6061,12826,2015-03-01
DE4,1087,1422,2509,12983,11463,24446,2015-03-01
DE5,781,1071,1852,7841,6584,14425,2015-03-01
DE6,696,827,1523,9926,9205,19131,2015-03-01
DE7,2242,2991,5233,16841,13611,30452,2015-03-01
DE11,1780,2309,4089,15198,12992,28190,2015-03-01
DE12,705,810,1515,7860,6930,14790,2015-03-01
DE13,1272,1741,3013,15090,13530,28620,2015-03-01
DE14,1794,2295,4089,8991,6169,15160,2015-03-01
DE15,1184,1484,2668,8050,6564,14614,2015-03-01
DE21,2748,3820,6568,19233,15774,35007,2015-03-01
DE22,2241,2745,4986,14360,11870,26230,2015-03-01
DE23,4220,4899,9119,17310,12674,29984,2015-03-01
DE24,3487,4716,8203,16435,12171,28606,2015-03-01
DE45,220,273,493,3366,3169,6535,2015-03-01
DE55,1964,2631,4595,17512,14554,32066,2015-03-01
DE56,1216,1587,2803,14892,13431,28323,2015-03-01
DE65,637,775,1412,8601,8021,16622,2015-03-01
DE72,618,848,1466,7936,7316,15252,2015-03-01
DE73,580,754,1334,7049,6590,13639,2015-03-01
DE74,397,438,835,4262,3718,7980,2015-03-01
DE75,808,1035,1843,6153,5108,11261,2015-03-01
DG1,1066,1373,2439,9568,8558,18126,2015-03-01
DG2,1256,1632,2888,7632,6548,14180,2015-03-01
DG3,159,241,400,1739,1584,3323,2015-03-01
DG4,239,361,600,1469,1050,2519,2015-03-01
DG5,211,260,471,1944,1705,3649,2015-03-01
DG6,239,299,538,1859,1718,3577,2015-03-01
DG7,399,520,919,4629,4360,8989,2015-03-01
DG8,493,684,1177,4691,4117,8808,2015-03-01
DG9,770,975,1745,5614,4771,10385,2015-03-01
DG10,169,204,373,1490,1288,2778,2015-03-01
DG11,492,647,1139,4939,4360,9299,2015-03-01
DG12,633,790,1423,4306,3562,7868,2015-03-01
DG13,131,153,284,1106,931,2037,2015-03-01
DG14,35,58,93,572,495,1067,2015-03-01
DG16,138,197,335,1416,1162,2578,2015-03-01
DH1,1812,2193,4005,13474,11684,25158,2015-03-01
DH2,1337,1934,3271,10430,8399,18829,2015-03-01
DH3,1186,1649,2835,8553,6923,15476,2015-03-01
DH4,1485,2019,3504,11029,8902,19931,2015-03-01
DH5,983,1427,2410,6168,4581,10749,2015-03-01
DH6,1426,2130,3556,11027,8757,19784,2015-03-01
DH7,1751,2575,4326,13781,11362,25143,2015-03-01
DH8,1610,2281,3891,12617,10396,23013,2015-03-01
DH9,1898,2625,4523,11245,8390,19635,2015-03-01
DL1,2608,3511,6119,14209,10597,24806,2015-03-01
DL2,405,491,896,6811,6489,13300,2015-03-01
DL3,2055,2600,4655,14797,12428,27225,2015-03-01
DL4,582,741,1323,2797,2042,4839,2015-03-01
DL5,1403,2021,3424,9710,7977,17687,2015-03-01
DL6,469,668,1137,5841,5267,11108,2015-03-01
DL7,339,488,827,5918,5571,11489,2015-03-01
DL8,418,566,984,7450,6903,14353,2015-03-01
DL9,1422,1207,2629,4619,3021,7640,2015-03-01
DL10,598,837,1435,7048,6452,13500,2015-03-01
DL11,87,131,218,2145,2001,4146,2015-03-01
DL12,365,458,823,4500,4033,8533,2015-03-01
DL13,403,604,1007,5311,4431,9742,2015-03-01
DL14,1642,2194,3836,12332,10057,22389,2015-03-01
DL15,829,1342,2171,7479,5977,13456,2015-03-01
DL16,807,1142,1949,6615,5361,11976,2015-03-01
DL17,837,1279,2116,5782,4387,10169,2015-03-01
DN1,840,812,1652,2096,936,3032,2015-03-01
DN2,1467,1995,3462,7414,5486,12900,2015-03-01
DN3,1080,1534,2614,10623,8891,19514,2015-03-01
DN4,2614,3413,6027,16839,13239,30078,2015-03-01
DN5,1788,2499,4287,13160,10978,24138,2015-03-01
DN6,1743,2349,4092,9523,7358,16881,2015-03-01
DN7,1072,1513,2585,7379,5824,13203,2015-03-01
DN8,956,1225,2181,5623,4194,9817,2015-03-01
DN9,556,717,1273,7781,7366,15147,2015-03-01
DN10,322,429,751,4945,4465,9410,2015-03-01
DN11,1300,1847,3147,9388,7663,17051,2015-03-01
DN12,1470,1901,3371,6748,4973,11721,2015-03-01
DN14,1824,2726,4550,16359,13286,29645,2015-03-01
DN15,2007,2482,4489,11483,8720,20203,2015-03-01
DN16,1521,1900,3421,10000,8054,18054,2015-03-01
DN17,1638,2187,3825,12843,10596,23439,2015-03-01
DN18,468,714,1182,4193,3374,7567,2015-03-01
DN19,189,242,431,2424,2129,4553,2015-03-01
DN20,580,813,1393,7270,6315,13585,2015-03-01
DN21,1546,2166,3712,13180,11208,24388,2015-03-01
DN22,1332,1763,3095,12780,11194,23974,2015-03-01
DN31,803,929,1732,2273,1440,3713,2015-03-01
DN32,2247,2548,4795,7560,5395,12955,2015-03-01
DN33,1193,1395,2588,5937,4941,10878,2015-03-01
DN34,1058,1428,2486,6257,4831,11088,2015-03-01
DN35,1858,2396,4254,10889,8577,19466,2015-03-01
DN36,558,703,1261,7726,7026,14752,2015-03-01
DN37,886,1115,2001,7963,6888,14851,2015-03-01
DN38,74,120,194,1131,990,2121,2015-03-01
DN39,73,121,194,1123,925,2048,2015-03-01
DN40,654,985,1639,4219,3182,7401,2015-03-01
DN41,148,219,367,2577,2368,4945,2015-03-01
DT1,819,934,1753,6627,6029,12656,2015-03-01
DT2,684,762,1446,10280,9926,20206,2015-03-01
DT3,813,1005,1818,8930,8128,17058,2015-03-01
DT4,1992,2332,4324,12574,10494,23068,2015-03-01
DT5,670,870,1540,4051,3355,7406,2015-03-01
DT6,715,890,1605,8383,8001,16384,2015-03-01
DT7,194,238,432,2063,2034,4097,2015-03-01
DT8,163,211,374,2377,2289,4666,2015-03-01
DT9,641,846,1487,7898,7620,15518,2015-03-01
DT10,298,338,636,4733,4462,9195,2015-03-01
DT11,1068,1242,2310,11982,10488,22470,2015-03-01
DY1,1823,2265,4088,9808,7412,17220,2015-03-01
DY2,2188,2858,5046,10034,7120,17154,2015-03-01
DY3,1195,1674,2869,11990,10021,22011,2015-03-01
DY4,2659,3547,6206,12329,8822,21151,2015-03-01
DY5,2035,2743,4778,13537,10596,24133,2015-03-01
DY6,761,1030,1791,10658,9455,20113,2015-03-01
DY7,207,236,443,3269,3094,6363,2015-03-01
DY8,1907,2369,4276,17970,15692,33662,2015-03-01
DY9,1211,1556,2767,10552,9151,19703,2015-03-01
DY10,1554,1934,3488,12572,11022,23594,2015-03-01
DY11,1295,1672,2967,10733,9108,19841,2015-03-01
DY12,362,427,789,5004,4498,9502,2015-03-01
DY13,748,988,1736,8603,7550,16153,2015-03-01
DY14,209,223,432,3421,3088,6509,2015-03-01
E1,10911,7492,18403,15089,7336,22425,2015-03-01
E1,937,1047,1984,4167,2723,6890,2015-03-01
E2,5333,5016,10349,10386,6034,16420,2015-03-01
E3,6258,5714,11972,12151,7375,19526,2015-03-01
E4,4034,4722,8756,21247,17708,38955,2015-03-01
E5,6938,6992,13930,10995,7199,18194,2015-03-01
E6,15611,11630,27241,21284,10974,32258,2015-03-01
E7,12144,8041,20185,14438,7497,21935,2015-03-01
E8,5153,5590,10743,9328,6395,15723,2015-03-01
E9,5252,5816,11068,8589,5855,14444,2015-03-01
E10,7303,6119,13422,13112,7224,20336,2015-03-01
E11,6453,6129,12582,17386,12575,29961,2015-03-01
E12,9124,6225,15349,11087,5855,16942,2015-03-01
E13,9277,7007,16284,11620,5981,17601,2015-03-01
E14,8668,8670,17338,21702,12363,34065,2015-03-01
E15,8566,7305,15871,13107,7126,20233,2015-03-01
E16,6188,6653,12841,11635,6803,18438,2015-03-01
E17,14069,12976,27045,30838,19897,50735,2015-03-01
E18,1235,1349,2584,6877,5989,12866,2015-03-01
EC1,65,47,112,304,158,462,2015-03-01
EC1,90,82,172,438,267,705,2015-03-01
EC1,291,299,590,681,322,1003,2015-03-01
EC1,1,2,3,4,0,4,2015-03-01
EC1,515,559,1074,1424,924,2348,2015-03-01
EC1,1442,1303,2745,3077,1829,4906,2015-03-01
EC1,352,369,721,978,546,1524,2015-03-01
EC2,109,67,176,517,234,751,2015-03-01
EC2,15,6,21,183,34,217,2015-03-01
EC2,5,3,8,29,5,34,2015-03-01
EC2,0,0,0,12,2,14,2015-03-01
EC2,1,1,2,35,10,45,2015-03-01
EC2,3,5,8,112,30,142,2015-03-01
EC2,170,153,323,1356,942,2298,2015-03-01
EC3,10,3,13,61,8,69,2015-03-01
EC3,6,4,10,20,10,30,2015-03-01
EC3,19,17,36,128,62,190,2015-03-01
EC3,1,0,1,3,2,5,2015-03-01
EC3,5,3,8,40,17,57,2015-03-01
EC3,4,3,7,49,15,64,2015-03-01
EC4,43,11,54,143,84,227,2015-03-01
EC4,11,12,23,152,51,203,2015-03-01
EC4,5,1,6,52,15,67,2015-03-01
EC4,0,0,0,13,6,19,2015-03-01
EC4,4,5,9,45,18,63,2015-03-01
EC4,20,17,37,172,84,256,2015-03-01
EC4,10,12,22,122,67,189,2015-03-01
EH1,502,455,957,1371,950,2321,2015-03-01
EH2,72,67,139,299,205,504,2015-03-01
EH3,1639,1639,3278,6951,5894,12845,2015-03-01
EH4,3459,4000,7459,17232,15254,32486,2015-03-01
EH5,1366,1594,2960,5730,4688,10418,2015-03-01
EH6,2907,3033,5940,11103,8748,19851,2015-03-01
EH7,2466,2628,5094,9404,7394,16798,2015-03-01
EH8,1638,1726,3364,5767,4542,10309,2015-03-01
EH9,1218,1346,2564,6310,5767,12077,2015-03-01
EH10,1768,1784,3552,12773,11231,24004,2015-03-01
EH11,3232,3522,6754,9777,7075,16852,2015-03-01
EH12,1685,2244,3929,13590,12356,25946,2015-03-01
EH13,832,1024,1856,4697,4264,8961,2015-03-01
EH14,2465,2797,5262,12815,10770,23585,2015-03-01
EH15,1260,1488,2748,6625,5795,12420,2015-03-01
EH16,2153,2478,4631,8108,6614,14722,2015-03-01
EH17,1308,1764,3072,5450,4247,9697,2015-03-01
EH18,95,137,232,841,766,1607,2015-03-01
EH19,609,797,1406,4478,4026,8504,2015-03-01
EH20,326,486,812,2147,1683,3830,2015-03-01
EH21,1373,1842,3215,7487,6329,13816,2015-03-01
EH22,1708,2216,3924,9570,7925,17495,2015-03-01
EH23,422,603,1025,2482,2024,4506,2015-03-01
EH24,73,110,183,575,492,1067,2015-03-01
EH25,145,193,338,1073,920,1993,2015-03-01
EH26,851,1178,2029,5976,5122,11098,2015-03-01
EH27,144,159,303,1020,981,2001,2015-03-01
EH28,141,186,327,1078,914,1992,2015-03-01
EH29,182,230,412,1252,1139,2391,2015-03-01
EH30,450,655,1105,3339,2994,6333,2015-03-01
EH31,78,102,180,983,937,1920,2015-03-01
EH32,885,1197,2082,6688,5704,12392,2015-03-01
EH33,604,799,1403,4541,3865,8406,2015-03-01
EH34,78,77,155,1028,981,2009,2015-03-01
EH35,88,132,220,784,627,1411,2015-03-01
EH36,12,13,25,165,154,319,2015-03-01
EH37,52,86,138,618,555,1173,2015-03-01
EH38,14,15,29,169,168,337,2015-03-01
EH39,375,441,816,3299,3119,6418,2015-03-01
EH40,60,81,141,820,768,1588,2015-03-01
EH41,488,627,1115,4383,3921,8304,2015-03-01
EH42,400,564,964,3634,3196,6830,2015-03-01
EH43,38,60,98,278,244,522,2015-03-01
EH44,102,158,260,1226,1140,2366,2015-03-01
EH45,411,540,951,3840,3610,7450,2015-03-01
EH46,113,134,247,1368,1350,2718,2015-03-01
EH47,1324,1985,3309,8765,6749,15514,2015-03-01
EH48,1565,2207,3772,12213,10291,22504,2015-03-01
EH49,628,862,1490,6158,5567,11725,2015-03-01
EH51,669,929,1598,4995,4247,9242,2015-03-01
EH52,885,1277,2162,6576,5383,11959,2015-03-01
EH53,457,613,1070,3656,3170,6826,2015-03-01
EH54,3345,4676,8021,17794,14698,32492,2015-03-01
EH55,403,527,930,2878,2364,5242,2015-03-01
EN1,3012,3849,6861,14798,12604,27402,2015-03-01
EN2,1435,1889,3324,10671,9440,20111,2015-03-01
EN3,5361,6919,12280,16823,12446,29269,2015-03-01
EN4,1326,1600,2926,9610,8690,18300,2015-03-01
EN5,2221,2833,5054,13649,12318,25967,2015-03-01
EN6,1162,1252,2414,11361,10630,21991,2015-03-01
EN7,768,993,1761,8514,7878,16392,2015-03-01
EN8,1934,2467,4401,12610,10406,23016,2015-03-01
EN9,986,1202,2188,9356,7989,17345,2015-03-01
EN10,653,757,1410,6582,6218,12800,2015-03-01
EN11,896,1065,1961,8286,7212,15498,2015-03-01
EX1,1106,1283,2389,6290,5537,11827,2015-03-01
EX2,1844,2307,4151,13898,12267,26165,2015-03-01
EX3,139,143,282,1876,1844,3720,2015-03-01
EX4,2861,3356,6217,15803,13077,28880,2015-03-01
EX5,512,619,1131,7619,7295,14914,2015-03-01
EX6,368,384,752,5792,5418,11210,2015-03-01
EX7,510,633,1143,4456,3992,8448,2015-03-01
EX8,1596,2005,3601,13247,11963,25210,2015-03-01
EX9,148,207,355,2586,2592,5178,2015-03-01
EX10,487,612,1099,6379,6303,12682,2015-03-01
EX11,235,255,490,3171,3166,6337,2015-03-01
EX12,276,401,677,3611,3259,6870,2015-03-01
EX13,361,446,807,4583,4377,8960,2015-03-01
EX14,639,849,1488,8160,7495,15655,2015-03-01
EX15,645,756,1401,8073,7471,15544,2015-03-01
EX16,1176,1431,2607,11695,10560,22255,2015-03-01
EX17,644,795,1439,7420,6814,14234,2015-03-01
EX18,97,98,195,1266,1208,2474,2015-03-01
EX19,58,86,144,1521,1424,2945,2015-03-01
EX20,617,838,1455,7919,7077,14996,2015-03-01
EX21,107,97,204,1871,1706,3577,2015-03-01
EX22,291,347,638,4394,3848,8242,2015-03-01
EX23,538,639,1177,5940,5395,11335,2015-03-01
EX24,99,127,226,1476,1473,2949,2015-03-01
EX31,833,1094,1927,9449,8570,18019,2015-03-01
EX32,1204,1562,2766,7978,6878,14856,2015-03-01
EX33,333,429,762,3962,3619,7581,2015-03-01
EX34,826,1078,1904,6288,5274,11562,2015-03-01
EX35,70,76,146,677,603,1280,2015-03-01
EX36,264,326,590,3390,3024,6414,2015-03-01
EX37,83,103,186,1559,1466,3025,2015-03-01
EX38,317,365,682,3040,2745,5785,2015-03-01
EX39,1456,1829,3285,13839,12324,26163,2015-03-01
FK1,1354,1801,3155,9626,7887,17513,2015-03-01
FK2,1975,2707,4682,15904,13562,29466,2015-03-01
FK3,945,1239,2184,5326,4226,9552,2015-03-01
FK4,565,837,1402,4646,3916,8562,2015-03-01
FK5,687,1000,1687,6529,6016,12545,2015-03-01
FK6,668,927,1595,4572,3753,8325,2015-03-01
FK7,1494,2093,3587,10159,8875,19034,2015-03-01
FK8,982,1116,2098,5699,4972,10671,2015-03-01
FK9,576,709,1285,4192,3781,7973,2015-03-01
FK10,1867,2589,4456,11913,10055,21968,2015-03-01
FK11,82,127,209,1034,973,2007,2015-03-01
FK12,231,279,510,1753,1508,3261,2015-03-01
FK13,321,351,672,2115,1808,3923,2015-03-01
FK14,187,189,376,1785,1721,3506,2015-03-01
FK15,402,486,888,3949,3799,7748,2015-03-01
FK16,64,82,146,746,646,1392,2015-03-01
FK17,144,187,331,1396,1239,2635,2015-03-01
FK18,5,8,13,99,93,192,2015-03-01
FK19,17,26,43,249,221,470,2015-03-01
FK20,24,43,67,156,124,280,2015-03-01
FK21,36,46,82,378,313,691,2015-03-01
FY1,3051,3117,6168,9051,5801,14852,2015-03-01
FY2,1285,1503,2788,8023,6781,14804,2015-03-01
FY3,1928,2458,4386,10016,8258,18274,2015-03-01
FY4,2542,3183,5725,14415,11595,26010,2015-03-01
FY5,1613,1912,3525,16146,14353,30499,2015-03-01
FY6,730,963,1693,11072,10346,21418,2015-03-01
FY7,1786,1990,3776,7689,6046,13735,2015-03-01
FY8,1743,1977,3720,16362,15005,31367,2015-03-01
G1,479,339,818,1411,796,2207,2015-03-01
G2,254,156,410,500,210,710,2015-03-01
G3,1704,1439,3143,4459,2807,7266,2015-03-01
G4,1148,861,2009,2428,1264,3692,2015-03-01
G5,1210,1005,2215,2553,1394,3947,2015-03-01
G11,1346,1469,2815,5674,4893,10567,2015-03-01
G12,1593,1490,3083,7813,6988,14801,2015-03-01
G13,2128,2502,4630,9418,7736,17154,2015-03-01
G14,1382,1618,3000,4823,3988,8811,2015-03-01
G15,1681,1908,3589,3826,2906,6732,2015-03-01
G20,2813,3001,5814,7115,5295,12410,2015-03-01
G21,3061,3447,6508,6122,3950,10072,2015-03-01
G22,1792,2127,3919,3936,2553,6489,2015-03-01
G23,528,730,1258,2009,1621,3630,2015-03-01
G31,2469,2602,5071,5149,3442,8591,2015-03-01
G32,2438,3056,5494,10260,7552,17812,2015-03-01
G33,3309,3956,7265,11144,8784,19928,2015-03-01
G34,1085,1270,2355,1728,1141,2869,2015-03-01
G40,1070,1223,2293,2372,1499,3871,2015-03-01
G41,2656,2667,5323,10473,8345,18818,2015-03-01
G42,3404,2940,6344,7746,5098,12844,2015-03-01
G43,1151,1299,2450,5134,4218,9352,2015-03-01
G44,1716,2239,3955,9274,8156,17430,2015-03-01
G45,1585,1850,3435,3121,1990,5111,2015-03-01
G46,1634,1861,3495,8438,7718,16156,2015-03-01
G51,2651,2570,5221,5288,3251,8539,2015-03-01
G52,2087,2756,4843,7842,6132,13974,2015-03-01
G53,2650,3220,5870,8661,6992,15653,2015-03-01
G60,231,280,511,1915,1830,3745,2015-03-01
G61,1048,1229,2277,10965,10616,21581,2015-03-01
G62,578,680,1258,5009,4858,9867,2015-03-01
G63,268,363,631,3718,3757,7475,2015-03-01
G64,1204,1610,2814,9425,8718,18143,2015-03-01
G65,781,1065,1846,4108,3214,7322,2015-03-01
G66,1939,2530,4469,12884,11358,24242,2015-03-01
G67,2551,3507,6058,10532,7878,18410,2015-03-01
G68,765,964,1729,6527,5911,12438,2015-03-01
G69,1770,2276,4046,11352,9698,21050,2015-03-01
G71,1409,1842,3251,9752,8599,18351,2015-03-01
G72,2675,3448,6123,14785,12470,27255,2015-03-01
G73,2068,2620,4688,9601,7958,17559,2015-03-01
G74,1826,2365,4191,12974,10890,23864,2015-03-01
G75,2314,3144,5458,12666,10479,23145,2015-03-01
G76,909,1111,2020,7970,7772,15742,2015-03-01
G77,775,943,1718,9054,9047,18101,2015-03-01
G78,1402,1770,3172,7609,6533,14142,2015-03-01
G81,2798,3530,6328,11054,8794,19848,2015-03-01
G82,1571,1975,3546,8109,6809,14918,2015-03-01
G83,1490,2066,3556,8105,6656,14761,2015-03-01
G84,1194,1421,2615,7739,6945,14684,2015-03-01
GL1,2577,2786,5363,10240,7305,17545,2015-03-01
GL2,1684,2104,3788,19737,17952,37689,2015-03-01
GL3,1126,1509,2635,11273,10253,21526,2015-03-01
GL4,2188,2802,4990,16618,14544,31162,2015-03-01
GL5,1402,1497,2899,11287,10313,21600,2015-03-01
GL6,776,917,1693,9761,9433,19194,2015-03-01
GL7,1539,1886,3425,16493,15458,31951,2015-03-01
GL8,235,323,558,3347,3158,6505,2015-03-01
GL9,48,56,104,1090,1037,2127,2015-03-01
GL10,576,565,1141,5241,4606,9847,2015-03-01
GL11,579,729,1308,6943,6297,13240,2015-03-01
GL12,453,485,938,5860,5415,11275,2015-03-01
GL13,173,174,347,2352,2066,4418,2015-03-01
GL14,634,860,1494,5571,4583,10154,2015-03-01
GL15,707,895,1602,8019,7082,15101,2015-03-01
GL16,427,578,1005,4946,4486,9432,2015-03-01
GL17,360,529,889,4521,4033,8554,2015-03-01
GL18,256,309,565,3080,2738,5818,2015-03-01
GL19,213,238,451,3647,3461,7108,2015-03-01
GL20,1014,1159,2173,10637,9679,20316,2015-03-01
GL50,1085,1293,2378,7036,5881,12917,2015-03-01
GL51,2591,3194,5785,17431,15000,32431,2015-03-01
GL52,1835,2045,3880,15400,14404,29804,2015-03-01
GL53,709,790,1499,7443,7310,14753,2015-03-01
GL54,702,820,1522,9059,8553,17612,2015-03-01
GL55,146,172,318,2108,2118,4226,2015-03-01
GL56,302,317,619,3332,3291,6623,2015-03-01
GU1,1633,1838,3471,11125,9603,20728,2015-03-01
GU2,1931,2142,4073,10570,8800,19370,2015-03-01
GU3,344,413,757,4718,4481,9199,2015-03-01
GU4,510,570,1080,6454,6405,12859,2015-03-01
GU5,342,399,741,4288,4319,8607,2015-03-01
GU6,546,530,1076,5673,5597,11270,2015-03-01
GU7,982,1145,2127,8294,7833,16127,2015-03-01
GU8,552,639,1191,6977,6901,13878,2015-03-01
GU9,1038,1356,2394,11022,10401,21423,2015-03-01
GU10,629,730,1359,9406,9173,18579,2015-03-01
GU11,1569,1900,3469,8121,6140,14261,2015-03-01
GU12,1431,1800,3231,11842,10346,22188,2015-03-01
GU13,757,10,767,550,28,578,2015-03-01
GU14,2755,3256,6011,20469,17793,38262,2015-03-01
GU15,1733,1907,3640,13852,12355,26207,2015-03-01
GU16,1028,976,2004,9701,8651,18352,2015-03-01
GU17,557,500,1057,4904,3943,8847,2015-03-01
GU18,155,175,330,3056,2933,5989,2015-03-01
GU19,211,205,416,2295,2149,4444,2015-03-01
GU20,113,125,238,1948,1954,3902,2015-03-01
GU21,2656,3116,5772,18967,16469,35436,2015-03-01
GU22,1564,1877,3441,13385,11955,25340,2015-03-01
GU23,191,228,419,2752,2681,5433,2015-03-01
GU24,898,768,1666,6831,6405,13236,2015-03-01
GU25,323,374,697,2651,2720,5371,2015-03-01
GU26,248,235,483,2950,2910,5860,2015-03-01
GU27,662,806,1468,6865,6582,13447,2015-03-01
GU28,244,254,498,2705,2610,5315,2015-03-01
GU29,294,421,715,3660,3648,7308,2015-03-01
GU30,338,400,738,3799,3601,7400,2015-03-01
GU31,380,464,844,4396,4175,8571,2015-03-01
GU32,513,604,1117,4363,4129,8492,2015-03-01
GU33,268,338,606,3307,3226,6533,2015-03-01
GU34,1043,1263,2306,11636,10827,22463,2015-03-01
GU35,1090,1265,2355,9660,8139,17799,2015-03-01
GU46,419,491,910,6248,5875,12123,2015-03-01
GU47,647,778,1425,7691,7119,14810,2015-03-01
GU51,700,730,1430,9107,8535,17642,2015-03-01
GU52,407,491,898,6341,6153,12494,2015-03-01
HA0,10660,7959,18619,17307,10442,27749,2015-03-01
HA1,3830,3937,7767,13492,10195,23687,2015-03-01
HA2,5119,5628,10747,20221,15457,35678,2015-03-01
HA3,7093,7209,14302,27285,20514,47799,2015-03-01
HA4,2355,2807,5162,18996,16999,35995,2015-03-01
HA5,2143,2474,4617,17891,16648,34539,2015-03-01
HA6,1070,1316,2386,9209,8725,17934,2015-03-01
HA7,2309,2768,5077,14206,12211,26417,2015-03-01
HA8,7007,7226,14233,24888,18792,43680,2015-03-01
HA9,7962,6490,14452,17908,11532,29440,2015-03-01
HD1,2144,1956,4100,5522,3377,8899,2015-03-01
HD2,1819,2474,4293,8855,7071,15926,2015-03-01
HD3,1328,1882,3210,10144,8802,18946,2015-03-01
HD4,1578,2105,3683,9239,7425,16664,2015-03-01
HD5,1653,2244,3897,9549,7905,17454,2015-03-01
HD6,1186,1492,2678,9321,7983,17304,2015-03-01
HD7,915,1277,2192,8198,7077,15275,2015-03-01
HD8,967,1290,2257,12436,11504,23940,2015-03-01
HD9,1246,1555,2801,12794,11599,24393,2015-03-01
HG1,1527,1891,3418,11984,10757,22741,2015-03-01
HG2,1301,1493,2794,11681,11215,22896,2015-03-01
HG3,824,1000,1824,10415,10048,20463,2015-03-01
HG4,855,1130,1985,9418,8512,17930,2015-03-01
HG5,592,742,1334,7080,6506,13586,2015-03-01
HP1,1119,1361,2480,9081,8168,17249,2015-03-01
HP2,2156,2786,4942,13605,11509,25114,2015-03-01
HP3,1393,1704,3097,11997,10510,22507,2015-03-01
HP4,808,801,1609,9344,9136,18480,2015-03-01
HP5,1136,1354,2490,9524,8578,18102,2015-03-01
HP6,568,542,1110,5427,5292,10719,2015-03-01
HP7,372,450,822,4215,4028,8243,2015-03-01
HP8,206,211,417,2900,2968,5868,2015-03-01
HP9,597,642,1239,7050,7116,14166,2015-03-01
HP10,551,646,1197,7963,7738,15701,2015-03-01
HP11,845,948,1793,4917,3894,8811,2015-03-01
HP12,1311,1692,3003,7708,5885,13593,2015-03-01
HP13,2278,2861,5139,14981,12495,27476,2015-03-01
HP14,561,606,1167,7132,6693,13825,2015-03-01
HP15,438,541,979,7189,6873,14062,2015-03-01
HP16,346,378,724,4880,4922,9802,2015-03-01
HP17,283,300,583,3985,3903,7888,2015-03-01
HP18,437,446,883,5377,5201,10578,2015-03-01
HP19,1173,1497,2670,7927,6606,14533,2015-03-01
HP20,832,975,1807,4887,3913,8800,2015-03-01
HP21,1612,2133,3745,11599,9927,21526,2015-03-01
HP22,798,801,1599,10058,9837,19895,2015-03-01
HP23,603,715,1318,6889,6576,13465,2015-03-01
HP27,380,441,821,4913,4771,9684,2015-03-01
HR1,1204,1388,2592,11628,10718,22346,2015-03-01
HR2,1722,2259,3981,13360,11656,25016,2015-03-01
HR3,191,221,412,3075,2858,5933,2015-03-01
HR4,1195,1418,2613,10721,9438,20159,2015-03-01
HR5,142,175,317,1790,1607,3397,2015-03-01
HR6,759,934,1693,7634,6817,14451,2015-03-01
HR7,190,250,440,2808,2444,5252,2015-03-01
HR8,444,585,1029,5330,4951,10281,2015-03-01
HR9,620,827,1447,8173,7502,15675,2015-03-01
HS1,296,385,681,1524,1258,2782,2015-03-01
HS2,534,730,1264,5042,4168,9210,2015-03-01
HS3,65,86,151,463,341,804,2015-03-01
HS4,19,14,33,90,69,159,2015-03-01
HS5,12,22,34,99,75,174,2015-03-01
HS6,68,102,170,622,541,1163,2015-03-01
HS7,80,101,181,484,389,873,2015-03-01
HS8,111,126,237,674,529,1203,2015-03-01
HS9,83,59,142,409,372,781,2015-03-01
HU1,286,199,485,839,354,1193,2015-03-01
HU2,412,352,764,931,353,1284,2015-03-01
HU3,2806,2838,5644,6127,3208,9335,2015-03-01
HU4,1416,1762,3178,7191,5467,12658,2015-03-01
HU5,3265,3741,7006,13990,10556,24546,2015-03-01
HU6,2595,3122,5717,8419,5799,14218,2015-03-01
HU7,2985,3731,6716,12226,9168,21394,2015-03-01
HU8,2151,2764,4915,10571,7875,18446,2015-03-01
HU9,3065,3790,6855,10383,6868,17251,2015-03-01
HU10,562,738,1300,7267,6717,13984,2015-03-01
HU11,357,518,875,5144,4419,9563,2015-03-01
HU12,893,1206,2099,9926,8510,18436,2015-03-01
HU13,604,869,1473,5212,4477,9689,2015-03-01
HU14,224,241,465,3376,3250,6626,2015-03-01
HU15,601,812,1413,9095,8462,17557,2015-03-01
HU16,582,690,1272,5804,5153,10957,2015-03-01
HU17,1588,1893,3481,16088,14492,30580,2015-03-01
HU18,344,471,815,3192,2666,5858,2015-03-01
HU19,440,521,961,2349,1562,3911,2015-03-01
HU20,27,28,55,373,357,730,2015-03-01
HX1,1664,2261,3925,6226,3866,10092,2015-03-01
HX2,1874,2565,4439,12078,10043,22121,2015-03-01
HX3,2064,2726,4790,15573,13040,28613,2015-03-01
HX4,406,574,980,4483,4078,8561,2015-03-01
HX5,494,671,1165,3231,2618,5849,2015-03-01
HX6,833,1108,1941,6539,5589,12128,2015-03-01
HX7,629,756,1385,4603,4448,9051,2015-03-01
IG1,10316,8333,18649,20101,12109,32210,2015-03-01
IG2,2618,2712,5330,9493,6908,16401,2015-03-01
IG3,4548,4050,8598,12449,8165,20614,2015-03-01
IG4,744,828,1572,3460,2683,6143,2015-03-01
IG5,1068,1263,2331,6083,5090,11173,2015-03-01
IG6,1828,2200,4028,9610,7842,17452,2015-03-01
IG7,1077,1357,2434,7617,6793,14410,2015-03-01
IG8,1994,2376,4370,13222,11898,25120,2015-03-01
IG9,503,567,1070,4912,4723,9635,2015-03-01
IG10,1390,1752,3142,11540,10783,22323,2015-03-01
IG11,7842,7148,14990,14991,8640,23631,2015-03-01
IP1,2329,2544,4873,12595,9610,22205,2015-03-01
IP2,1734,2216,3950,9912,7395,17307,2015-03-01
IP3,1595,2089,3684,11021,8724,19745,2015-03-01
IP4,1666,1962,3628,12542,10660,23202,2015-03-01
IP5,508,582,1090,7429,6875,14304,2015-03-01
IP6,417,542,959,6474,5942,12416,2015-03-01
IP7,495,617,1112,6138,5474,11612,2015-03-01
IP8,309,373,682,4380,3964,8344,2015-03-01
IP9,320,396,716,4454,4198,8652,2015-03-01
IP10,66,102,168,1436,1313,2749,2015-03-01
IP11,1076,1487,2563,11180,9454,20634,2015-03-01
IP12,818,938,1756,9344,8822,18166,2015-03-01
IP13,536,631,1167,7234,6847,14081,2015-03-01
IP14,1199,1477,2676,14650,13056,27706,2015-03-01
IP15,63,83,146,859,928,1787,2015-03-01
IP16,309,355,664,2352,1990,4342,2015-03-01
IP17,325,452,777,4402,4216,8618,2015-03-01
IP18,133,140,273,1442,1400,2842,2015-03-01
IP19,254,327,581,3990,3629,7619,2015-03-01
IP20,235,276,511,3112,2806,5918,2015-03-01
IP21,242,322,564,4566,4205,8771,2015-03-01
IP22,725,789,1514,8393,7604,15997,2015-03-01
IP23,217,282,499,2863,2665,5528,2015-03-01
IP24,1537,1963,3500,8747,6923,15670,2015-03-01
IP25,590,751,1341,6452,5677,12129,2015-03-01
IP26,288,380,668,3292,2980,6272,2015-03-01
IP27,852,1024,1876,5696,4948,10644,2015-03-01
IP28,934,1194,2128,8243,7615,15858,2015-03-01
IP29,217,274,491,3565,3416,6981,2015-03-01
IP30,349,454,803,5463,5166,10629,2015-03-01
IP31,518,666,1184,8120,7431,15551,2015-03-01
IP32,690,911,1601,5471,4941,10412,2015-03-01
IP33,981,1244,2225,8221,7215,15436,2015-03-01
IV1,146,135,281,910,762,1672,2015-03-01
IV2,2143,2828,4971,16586,14750,31336,2015-03-01
IV3,1277,1596,2873,5814,4533,10347,2015-03-01
IV4,164,211,375,1686,1531,3217,2015-03-01
IV5,48,67,115,509,472,981,2015-03-01
IV6,159,177,336,1686,1517,3203,2015-03-01
IV7,189,261,450,2238,2063,4301,2015-03-01
IV8,27,29,56,346,326,672,2015-03-01
IV9,49,63,112,435,421,856,2015-03-01
IV10,107,127,234,976,918,1894,2015-03-01
IV11,59,55,114,316,295,611,2015-03-01
IV12,617,722,1339,4430,4007,8437,2015-03-01
IV13,14,22,36,259,210,469,2015-03-01
IV14,91,100,191,806,741,1547,2015-03-01
IV15,307,367,674,1870,1634,3504,2015-03-01
IV16,65,69,134,684,647,1331,2015-03-01
IV17,365,438,803,2068,1697,3765,2015-03-01
IV18,306,400,706,2044,1725,3769,2015-03-01
IV19,234,279,513,1709,1496,3205,2015-03-01
IV20,155,197,352,1135,980,2115,2015-03-01
IV21,50,53,103,440,388,828,2015-03-01
IV22,63,67,130,589,517,1106,2015-03-01
IV23,33,48,81,366,303,669,2015-03-01
IV24,47,73,120,562,528,1090,2015-03-01
IV25,79,115,194,934,857,1791,2015-03-01
IV26,97,129,226,707,663,1370,2015-03-01
IV27,159,168,327,1483,1271,2754,2015-03-01
IV28,20,15,35,181,182,363,2015-03-01
IV30,1553,2025,3578,11543,10039,21582,2015-03-01
IV31,369,456,825,2602,2135,4737,2015-03-01
IV32,211,195,406,1869,1696,3565,2015-03-01
IV33,1,0,1,0,0,0,2015-03-01
IV36,650,938,1588,5695,4986,10681,2015-03-01
IV40,119,173,292,939,805,1744,2015-03-01
IV41,31,22,53,136,109,245,2015-03-01
IV42,17,22,39,207,164,371,2015-03-01
IV43,15,19,34,107,93,200,2015-03-01
IV44,11,8,19,102,105,207,2015-03-01
IV45,12,6,18,115,101,216,2015-03-01
IV46,2,5,7,37,31,68,2015-03-01
IV47,16,30,46,235,191,426,2015-03-01
IV48,2,6,8,40,37,77,2015-03-01
IV49,55,58,113,429,359,788,2015-03-01
IV51,228,309,537,1965,1718,3683,2015-03-01
IV52,19,26,45,130,145,275,2015-03-01
IV53,8,5,13,65,56,121,2015-03-01
IV54,50,75,125,575,456,1031,2015-03-01
IV55,50,53,103,518,452,970,2015-03-01
IV56,8,9,17,139,114,253,2015-03-01
IV63,108,137,245,979,909,1888,2015-03-01
KA1,1384,1829,3213,9323,7802,17125,2015-03-01
KA2,294,415,709,2545,2247,4792,2015-03-01
KA3,1844,2395,4239,12682,11022,23704,2015-03-01
KA4,246,318,564,1909,1691,3600,2015-03-01
KA5,419,614,1033,3548,2883,6431,2015-03-01
KA6,989,1313,2302,6397,5257,11654,2015-03-01
KA7,1148,1454,2602,10235,9408,19643,2015-03-01
KA8,1156,1556,2712,5461,4048,9509,2015-03-01
KA9,632,775,1407,5811,5354,11165,2015-03-01
KA10,602,831,1433,5832,5353,11185,2015-03-01
KA11,1117,1648,2765,6886,5644,12530,2015-03-01
KA12,1166,1567,2733,5357,4072,9429,2015-03-01
KA13,955,1355,2310,5468,4493,9961,2015-03-01
KA14,33,33,66,197,157,354,2015-03-01
KA15,329,444,773,2518,2210,4728,2015-03-01
KA16,188,188,376,1133,866,1999,2015-03-01
KA17,150,210,360,1530,1264,2794,2015-03-01
KA18,1062,1540,2602,7029,5380,12409,2015-03-01
KA19,357,457,814,2676,2286,4962,2015-03-01
KA20,639,847,1486,2532,1927,4459,2015-03-01
KA21,804,935,1739,3783,3067,6850,2015-03-01
KA22,657,904,1561,3415,2832,6247,2015-03-01
KA23,204,267,471,2009,1885,3894,2015-03-01
KA24,262,430,692,2023,1727,3750,2015-03-01
KA25,410,523,933,2143,1756,3899,2015-03-01
KA26,502,714,1216,3717,3048,6765,2015-03-01
KA27,230,291,521,1762,1652,3414,2015-03-01
KA28,50,71,121,438,368,806,2015-03-01
KA29,45,65,110,602,558,1160,2015-03-01
KA30,405,624,1029,4137,3661,7798,2015-03-01
KT1,1698,1784,3482,7326,5739,13065,2015-03-01
KT2,1947,2312,4259,11288,10227,21515,2015-03-01
KT3,2952,3212,6164,15194,12989,28183,2015-03-01
KT4,1442,1602,3044,11348,10316,21664,2015-03-01
KT5,1210,1247,2457,7502,6430,13932,2015-03-01
KT6,1756,2153,3909,11360,9816,21176,2015-03-01
KT7,406,425,831,3943,3904,7847,2015-03-01
KT8,958,1064,2022,7799,7362,15161,2015-03-01
KT9,1215,1372,2587,7755,6805,14560,2015-03-01
KT10,907,872,1779,9021,9021,18042,2015-03-01
KT11,820,852,1672,7027,7203,14230,2015-03-01
KT12,1565,1841,3406,14685,13904,28589,2015-03-01
KT13,903,1006,1909,9863,9686,19549,2015-03-01
KT14,560,585,1145,5246,5142,10388,2015-03-01
KT15,1047,1131,2178,10838,9905,20743,2015-03-01
KT16,767,932,1699,7464,6849,14313,2015-03-01
KT17,1042,1039,2081,9172,8457,17629,2015-03-01
KT18,645,801,1446,6441,6316,12757,2015-03-01
KT19,1853,2080,3933,12698,11407,24105,2015-03-01
KT20,661,800,1461,8285,7936,16221,2015-03-01
KT21,418,484,902,5342,5380,10722,2015-03-01
KT22,961,1003,1964,9622,9169,18791,2015-03-01
KT23,332,346,678,4403,4386,8789,2015-03-01
KT24,251,285,536,3950,4025,7975,2015-03-01
KW1,524,585,1109,3804,3192,6996,2015-03-01
KW2,6,2,8,27,28,55,2015-03-01
KW3,35,58,93,399,324,723,2015-03-01
KW5,8,8,16,124,115,239,2015-03-01
KW6,12,10,22,149,124,273,2015-03-01
KW7,3,4,7,45,39,84,2015-03-01
KW8,25,41,66,311,261,572,2015-03-01
KW9,70,90,160,654,561,1215,2015-03-01
KW10,91,102,193,610,529,1139,2015-03-01
KW11,4,7,11,48,40,88,2015-03-01
KW12,53,66,119,659,569,1228,2015-03-01
KW13,3,6,9,40,38,78,2015-03-01
KW14,643,787,1430,4470,3680,8150,2015-03-01
KW15,400,512,912,2763,2437,5200,2015-03-01
KW16,160,232,392,1330,1154,2484,2015-03-01
KW17,393,483,876,3340,3023,6363,2015-03-01
KY1,1307,1653,2960,7934,6392,14326,2015-03-01
KY2,1436,1973,3409,10077,8489,18566,2015-03-01
KY3,503,654,1157,3890,3426,7316,2015-03-01
KY4,1042,1459,2501,7184,5606,12790,2015-03-01
KY5,999,1509,2508,6382,4845,11227,2015-03-01
KY6,1051,1373,2424,6272,5214,11486,2015-03-01
KY7,1408,1911,3319,9295,7937,17232,2015-03-01
KY8,1834,2395,4229,11166,9056,20222,2015-03-01
KY9,53,81,134,757,732,1489,2015-03-01
KY10,348,498,846,3236,2899,6135,2015-03-01
KY11,2867,3840,6707,20349,17610,37959,2015-03-01
KY12,1686,2170,3856,13895,12075,25970,2015-03-01
KY13,342,400,742,4291,4288,8579,2015-03-01
KY14,236,309,545,2574,2285,4859,2015-03-01
KY15,798,1047,1845,7942,7390,15332,2015-03-01
KY16,1054,1318,2372,6278,5605,11883,2015-03-01
L1,428,425,853,1140,659,1799,2015-03-01
L2,70,35,105,199,95,294,2015-03-01
L3,850,832,1682,2804,1786,4590,2015-03-01
L4,3525,4477,8002,9306,5951,15257,2015-03-01
L5,1313,1650,2963,2718,1538,4256,2015-03-01
L6,2261,2541,4802,4587,2559,7146,2015-03-01
L7,2141,1994,4135,3293,1726,5019,2015-03-01
L8,3725,3773,7498,6061,3536,9597,2015-03-01
L9,2105,2840,4945,8627,6372,14999,2015-03-01
L10,818,1243,2061,4881,3915,8796,2015-03-01
L11,2226,3008,5234,6156,4257,10413,2015-03-01
L12,1616,2145,3761,10502,9115,19617,2015-03-01
L13,2444,3079,5523,8011,5602,13613,2015-03-01
L14,1962,2838,4800,6910,5193,12103,2015-03-01
L15,2150,2564,4714,6889,5128,12017,2015-03-01
L16,659,851,1510,5372,4825,10197,2015-03-01
L17,1461,1601,3062,6670,5631,12301,2015-03-01
L18,1216,1470,2686,8659,7891,16550,2015-03-01
L19,1431,1663,3094,7255,6151,13406,2015-03-01
L20,2854,3356,6210,7692,5064,12756,2015-03-01
L21,1861,2403,4264,6691,4910,11601,2015-03-01
L22,926,1025,1951,4470,3638,8108,2015-03-01
L23,1531,1871,3402,10799,9829,20628,2015-03-01
L24,1239,1584,2823,3950,2801,6751,2015-03-01
L25,1850,2329,4179,11153,9235,20388,2015-03-01
L26,962,1263,2225,4899,4223,9122,2015-03-01
L27,535,747,1282,1631,1125,2756,2015-03-01
L28,590,813,1403,1541,848,2389,2015-03-01
L29,32,22,54,202,197,399,2015-03-01
L30,1415,1898,3313,5462,4051,9513,2015-03-01
L31,1216,1540,2756,11479,10115,21594,2015-03-01
L32,1681,2231,3912,5496,3859,9355,2015-03-01
L33,1447,2000,3447,4515,3238,7753,2015-03-01
L34,562,697,1259,4253,3461,7714,2015-03-01
L35,1587,2256,3843,10384,8264,18648,2015-03-01
L36,2966,4055,7021,11478,8788,20266,2015-03-01
L37,777,873,1650,9119,8785,17904,2015-03-01
L38,79,109,188,1105,1059,2164,2015-03-01
L39,934,1118,2052,9950,9200,19150,2015-03-01
L40,551,621,1172,7284,6647,13931,2015-03-01
L41,83,73,156,45,21,66,2015-03-01
L42,46,36,82,64,29,93,2015-03-01
L43,82,130,212,183,166,349,2015-03-01
L44,37,29,66,45,16,61,2015-03-01
L45,14,18,32,53,38,91,2015-03-01
L46,14,17,31,53,23,76,2015-03-01
L47,13,13,26,54,36,90,2015-03-01
L48,10,11,21,63,62,125,2015-03-01
L49,16,30,46,43,42,85,2015-03-01
L60,3,16,19,138,140,278,2015-03-01
L61,9,10,19,54,65,119,2015-03-01
L62,22,26,48,53,49,102,2015-03-01
L63,13,11,24,81,42,123,2015-03-01
L64,21,21,42,132,128,260,2015-03-01
L65,17,18,35,44,33,77,2015-03-01
L66,21,37,58,132,123,255,2015-03-01
L69,20,5,25,37,6,43,2015-03-01
L71,0,1,1,0,0,0,2015-03-01
LA1,2922,3586,6508,14279,11697,25976,2015-03-01
LA2,611,773,1384,8279,7837,16116,2015-03-01
LA3,1265,1557,2822,8745,7333,16078,2015-03-01
LA4,1362,1615,2977,8503,7094,15597,2015-03-01
LA5,473,615,1088,6273,5990,12263,2015-03-01
LA6,299,372,671,5285,5116,10401,2015-03-01
LA7,134,147,281,2022,1933,3955,2015-03-01
LA8,177,199,376,3761,3612,7373,2015-03-01
LA9,1097,1374,2471,11030,9961,20991,2015-03-01
LA10,112,113,225,1379,1293,2672,2015-03-01
LA11,215,289,504,3881,3803,7684,2015-03-01
LA12,664,800,1464,7890,7058,14948,2015-03-01
LA13,962,1212,2174,6699,5689,12388,2015-03-01
LA14,2411,2892,5303,11757,9122,20879,2015-03-01
LA15,343,460,803,2771,2361,5132,2015-03-01
LA16,97,148,245,1280,1118,2398,2015-03-01
LA17,16,32,48,495,463,958,2015-03-01
LA18,352,495,847,2903,2313,5216,2015-03-01
LA19,26,33,59,415,375,790,2015-03-01
LA20,16,35,51,545,490,1035,2015-03-01
LA21,30,36,66,408,346,754,2015-03-01
LA22,211,231,442,1869,1704,3573,2015-03-01
LA23,413,424,837,3308,2952,6260,2015-03-01
LD1,349,479,828,4256,3786,8042,2015-03-01
LD2,158,178,336,2182,1942,4124,2015-03-01
LD3,740,877,1617,7371,6619,13990,2015-03-01
LD4,15,20,35,321,279,600,2015-03-01
LD5,32,46,78,450,386,836,2015-03-01
LD6,87,128,215,1051,935,1986,2015-03-01
LD7,133,155,288,1838,1635,3473,2015-03-01
LD8,116,142,258,1793,1642,3435,2015-03-01
LE1,1249,1180,2429,2182,1023,3205,2015-03-01
LE2,8021,9076,17097,33506,26389,59895,2015-03-01
LE3,6472,8051,14523,30151,22857,53008,2015-03-01
LE4,7450,9291,16741,30382,22223,52605,2015-03-01
LE5,7015,7982,14997,25674,18422,44096,2015-03-01
LE6,348,451,799,4759,4322,9081,2015-03-01
LE7,1333,1682,3015,17549,16046,33595,2015-03-01
LE8,1001,1223,2224,13396,12638,26034,2015-03-01
LE9,1672,2201,3873,21346,18833,40179,2015-03-01
LE10,1576,1985,3561,18335,16079,34414,2015-03-01
LE11,3341,3589,6930,18127,13817,31944,2015-03-01
LE12,1909,2406,4315,23812,21604,45416,2015-03-01
LE13,1010,1324,2334,9565,8247,17812,2015-03-01
LE14,413,556,969,7143,6608,13751,2015-03-01
LE15,977,1337,2314,11942,11032,22974,2015-03-01
LE16,1133,1406,2539,12891,11892,24783,2015-03-01
LE17,505,670,1175,8463,7657,16120,2015-03-01
LE18,1297,1777,3074,11399,9690,21089,2015-03-01
LE19,415,595,1010,5509,5004,10513,2015-03-01
LE65,478,622,1100,5317,4813,10130,2015-03-01
LE67,2157,2732,4889,21160,18058,39218,2015-03-01
LL11,1726,2265,3991,12451,10236,22687,2015-03-01
LL12,1142,1359,2501,10315,9065,19380,2015-03-01
LL13,2061,2378,4439,10375,8322,18697,2015-03-01
LL14,1608,2312,3920,10662,8526,19188,2015-03-01
LL15,345,458,803,3895,3580,7475,2015-03-01
LL16,669,828,1497,5537,4920,10457,2015-03-01
LL17,188,230,418,2040,1924,3964,2015-03-01
LL18,2351,3146,5497,13329,10975,24304,2015-03-01
LL19,958,1267,2225,6947,6012,12959,2015-03-01
LL20,340,370,710,3072,2655,5727,2015-03-01
LL21,219,285,504,2529,2208,4737,2015-03-01
LL22,645,867,1512,6722,5790,12512,2015-03-01
LL23,110,148,258,1537,1313,2850,2015-03-01
LL24,64,85,149,853,716,1569,2015-03-01
LL25,17,18,35,175,161,336,2015-03-01
LL26,181,263,444,1576,1340,2916,2015-03-01
LL27,35,52,87,309,244,553,2015-03-01
LL28,488,630,1118,5035,4689,9724,2015-03-01
LL29,1135,1417,2552,6525,5616,12141,2015-03-01
LL30,1058,1273,2331,7158,6171,13329,2015-03-01
LL31,375,501,876,3301,3006,6307,2015-03-01
LL32,288,367,655,2379,2180,4559,2015-03-01
LL33,187,235,422,1352,1218,2570,2015-03-01
LL34,201,284,485,1473,1289,2762,2015-03-01
LL35,19,21,40,301,248,549,2015-03-01
LL36,155,225,380,1636,1408,3044,2015-03-01
LL37,22,20,42,210,182,392,2015-03-01
LL38,12,37,49,273,217,490,2015-03-01
LL39,12,14,26,93,70,163,2015-03-01
LL40,144,205,349,1470,1294,2764,2015-03-01
LL41,336,414,750,2129,1645,3774,2015-03-01
LL42,137,183,320,747,598,1345,2015-03-01
LL43,12,15,27,205,189,394,2015-03-01
LL44,21,40,61,376,354,730,2015-03-01
LL45,25,25,50,238,218,456,2015-03-01
LL46,53,72,125,675,626,1301,2015-03-01
LL47,12,24,36,220,184,404,2015-03-01
LL48,90,130,220,862,752,1614,2015-03-01
LL49,209,219,428,1502,1203,2705,2015-03-01
LL51,21,27,48,343,285,628,2015-03-01
LL52,76,92,168,965,900,1865,2015-03-01
LL53,480,606,1086,5955,5332,11287,2015-03-01
LL54,375,521,896,3979,3450,7429,2015-03-01
LL55,945,1244,2189,7033,6041,13074,2015-03-01
LL56,104,82,186,769,702,1471,2015-03-01
LL57,1502,1625,3127,7125,5794,12919,2015-03-01
LL58,138,197,335,1388,1269,2657,2015-03-01
LL59,240,266,506,2002,1916,3918,2015-03-01
LL60,92,105,197,1094,1049,2143,2015-03-01
LL61,190,232,422,2259,2109,4368,2015-03-01
LL62,65,59,124,663,650,1313,2015-03-01
LL63,40,61,101,533,475,1008,2015-03-01
LL64,38,34,72,329,305,634,2015-03-01
LL65,1198,1447,2645,8040,6691,14731,2015-03-01
LL66,8,8,16,112,100,212,2015-03-01
LL67,52,87,139,520,435,955,2015-03-01
LL68,235,328,563,2229,1899,4128,2015-03-01
LL69,29,29,58,262,222,484,2015-03-01
LL70,7,12,19,113,113,226,2015-03-01
LL71,63,88,151,728,626,1354,2015-03-01
LL72,29,43,72,282,249,531,2015-03-01
LL73,2,4,6,106,98,204,2015-03-01
LL74,72,85,157,930,888,1818,2015-03-01
LL75,50,55,105,567,520,1087,2015-03-01
LL76,11,7,18,117,102,219,2015-03-01
LL77,247,368,615,2436,2246,4682,2015-03-01
LL78,13,15,28,196,198,394,2015-03-01
LN1,1095,1328,2423,9150,7869,17019,2015-03-01
LN2,1891,2328,4219,12767,10908,23675,2015-03-01
LN3,238,337,575,3634,3215,6849,2015-03-01
LN4,1203,1608,2811,14679,13028,27707,2015-03-01
LN5,1606,1866,3472,10827,8871,19698,2015-03-01
LN6,2298,2979,5277,19944,17430,37374,2015-03-01
LN7,197,257,454,2489,2202,4691,2015-03-01
LN8,552,690,1242,6795,6136,12931,2015-03-01
LN9,328,347,675,3670,3228,6898,2015-03-01
LN10,131,182,313,2474,2242,4716,2015-03-01
LN11,1024,1257,2281,10630,9577,20207,2015-03-01
LN12,554,699,1253,4781,3620,8401,2015-03-01
LN13,277,321,598,3053,2684,5737,2015-03-01
LS1,212,184,396,755,434,1189,2015-03-01
LS2,782,637,1419,1198,546,1744,2015-03-01
LS3,292,270,562,475,237,712,2015-03-01
LS4,688,718,1406,2058,1413,3471,2015-03-01
LS5,546,666,1212,2237,1649,3886,2015-03-01
LS6,2911,2788,5699,8182,5938,14120,2015-03-01
LS7,2844,3287,6131,7729,6021,13750,2015-03-01
LS8,4051,4513,8564,13981,10690,24671,2015-03-01
LS9,3665,4263,7928,8074,4414,12488,2015-03-01
LS10,2603,3523,6126,9303,6185,15488,2015-03-01
LS11,3206,3712,6918,8355,4597,12952,2015-03-01
LS12,2796,3438,6234,11469,8101,19570,2015-03-01
LS13,2319,3241,5560,10468,7921,18389,2015-03-01
LS14,2441,3315,5756,9497,7042,16539,2015-03-01
LS15,1624,2103,3727,12244,10298,22542,2015-03-01
LS16,1649,2021,3670,12743,11461,24204,2015-03-01
LS17,1664,2344,4008,16741,15259,32000,2015-03-01
LS18,1129,958,2087,7689,6504,14193,2015-03-01
LS19,749,1033,1782,7298,6606,13904,2015-03-01
LS20,428,541,969,4577,4256,8833,2015-03-01
LS21,655,825,1480,6662,6023,12685,2015-03-01
LS22,469,580,1049,6177,5982,12159,2015-03-01
LS23,257,301,558,3280,3125,6405,2015-03-01
LS24,383,470,853,4554,4104,8658,2015-03-01
LS25,1486,2077,3563,14794,12947,27741,2015-03-01
LS26,1231,1810,3041,10590,8954,19544,2015-03-01
LS27,1752,2319,4071,12089,9780,21869,2015-03-01
LS28,1583,2249,3832,13523,11917,25440,2015-03-01
LS29,959,1111,2070,12132,11866,23998,2015-03-01
LU1,5005,4490,9495,12806,7966,20772,2015-03-01
LU2,3586,4348,7934,20416,16486,36902,2015-03-01
LU3,4747,5741,10488,20490,15306,35796,2015-03-01
LU4,4647,5683,10330,16566,10961,27527,2015-03-01
LU5,1928,2556,4484,13811,11495,25306,2015-03-01
LU6,1186,1540,2726,12584,11024,23608,2015-03-01
LU7,1878,2313,4191,21736,19527,41263,2015-03-01
M1,786,511,1297,2275,1094,3369,2015-03-01
M2,9,8,17,34,18,52,2015-03-01
M3,825,682,1507,2879,1586,4465,2015-03-01
M4,694,596,1290,2324,1375,3699,2015-03-01
M5,1452,1508,2960,3747,2295,6042,2015-03-01
M6,2715,2926,5641,8897,6149,15046,2015-03-01
M7,2713,2361,5074,7104,4685,11789,2015-03-01
M8,4441,3748,8189,8804,4806,13610,2015-03-01
M9,3369,4215,7584,9903,7167,17070,2015-03-01
M10,63,49,112,45,11,56,2015-03-01
M11,2155,2722,4877,4749,2911,7660,2015-03-01
M12,2791,2280,5071,3938,1951,5889,2015-03-01
M13,3507,2655,6162,5091,2531,7622,2015-03-01
M14,5292,4550,9842,9474,5543,15017,2015-03-01
M15,2202,1749,3951,4567,2377,6944,2015-03-01
M16,3436,3636,7072,10155,7373,17528,2015-03-01
M17,0,2,2,7,4,11,2015-03-01
M18,2248,2613,4861,5340,3482,8822,2015-03-01
M19,3611,3575,7186,10210,7304,17514,2015-03-01
M20,3025,3201,6226,14821,12678,27499,2015-03-01
M21,1964,2210,4174,9425,8212,17637,2015-03-01
M22,3363,4072,7435,11243,8431,19674,2015-03-01
M23,2184,2766,4950,8843,7015,15858,2015-03-01
M24,2950,3598,6548,14700,11697,26397,2015-03-01
M25,1719,2059,3778,10676,9044,19720,2015-03-01
M26,1794,2281,4075,11432,9604,21036,2015-03-01
M27,2114,2669,4783,13187,10844,24031,2015-03-01
M28,1611,2009,3620,14027,12495,26522,2015-03-01
M29,930,1203,2133,8353,7308,15661,2015-03-01
M30,2453,2878,5331,10866,8240,19106,2015-03-01
M31,669,791,1460,2393,1951,4344,2015-03-01
M32,1864,2253,4117,9067,7529,16596,2015-03-01
M33,2667,3079,5746,21765,19699,41464,2015-03-01
M34,2395,3038,5433,15723,12823,28546,2015-03-01
M35,1121,1392,2513,6726,5428,12154,2015-03-01
M38,987,1333,2320,3524,2394,5918,2015-03-01
M40,3701,4459,8160,10683,7449,18132,2015-03-01
M41,1822,2100,3922,14985,13639,28624,2015-03-01
M43,1256,1833,3089,7521,6046,13567,2015-03-01
M44,1030,1363,2393,6468,5191,11659,2015-03-01
M45,1119,1469,2588,7782,6840,14622,2015-03-01
M46,1014,1313,2327,7231,5713,12944,2015-03-01
M50,180,176,356,1084,679,1763,2015-03-01
M60,37,11,48,63,14,77,2015-03-01
M90,1,0,1,1,0,1,2015-03-01
ME1,1605,2040,3645,10411,8807,19218,2015-03-01
ME2,1888,2569,4457,14013,11870,25883,2015-03-01
ME3,960,1264,2224,10685,9388,20073,2015-03-01
ME4,2279,2645,4924,8902,6122,15024,2015-03-01
ME5,2321,3319,5640,18976,16287,35263,2015-03-01
ME6,436,619,1055,3714,3227,6941,2015-03-01
ME7,3253,4208,7461,16070,12535,28605,2015-03-01
ME8,2000,2591,4591,18460,16243,34703,2015-03-01
ME9,717,856,1573,8371,7516,15887,2015-03-01
ME10,2281,2902,5183,16054,13497,29551,2015-03-01
ME11,246,335,581,1071,806,1877,2015-03-01
ME12,1958,2539,4497,12769,10173,22942,2015-03-01
ME13,1167,1500,2667,9888,8703,18591,2015-03-01
ME14,1290,1526,2816,11852,10153,22005,2015-03-01
ME15,2233,2755,4988,17007,14279,31286,2015-03-01
ME16,1240,1678,2918,11126,9436,20562,2015-03-01
ME17,641,782,1423,9106,8174,17280,2015-03-01
ME18,218,235,453,2895,2704,5599,2015-03-01
ME19,660,802,1462,8043,7714,15757,2015-03-01
ME20,686,953,1639,7758,7078,14836,2015-03-01
MK1,70,56,126,291,167,458,2015-03-01
MK2,1170,1546,2716,4636,3379,8015,2015-03-01
MK3,1225,1597,2822,8085,6942,15027,2015-03-01
MK4,848,1258,2106,7456,6970,14426,2015-03-01
MK5,755,906,1661,5434,5054,10488,2015-03-01
MK6,3098,3732,6830,8396,5710,14106,2015-03-01
MK7,737,873,1610,5354,4850,10204,2015-03-01
MK8,600,798,1398,4462,3887,8349,2015-03-01
MK9,383,342,725,1181,624,1805,2015-03-01
MK10,473,571,1044,3745,3432,7177,2015-03-01
MK11,449,601,1050,2782,2354,5136,2015-03-01
MK12,989,1191,2180,4299,3164,7463,2015-03-01
MK13,1463,1715,3178,6495,5283,11778,2015-03-01
MK14,1563,1955,3518,6999,5365,12364,2015-03-01
MK15,354,441,795,2789,2575,5364,2015-03-01
MK16,728,889,1617,7274,6620,13894,2015-03-01
MK17,471,504,975,7333,6936,14269,2015-03-01
MK18,1313,1419,2732,11870,11223,23093,2015-03-01
MK19,341,432,773,4607,4276,8883,2015-03-01
MK40,2349,2351,4700,10063,7382,17445,2015-03-01
MK41,2014,2477,4491,14969,13311,28280,2015-03-01
MK42,2709,3865,6574,14349,11147,25496,2015-03-01
MK43,1188,1206,2394,12978,12113,25091,2015-03-01
MK44,438,516,954,6625,6304,12929,2015-03-01
MK45,1400,1652,3052,17373,16067,33440,2015-03-01
MK46,232,309,541,3645,3467,7112,2015-03-01
ML1,2976,3898,6874,16594,13193,29787,2015-03-01
ML2,2154,2769,4923,12284,9721,22005,2015-03-01
ML3,2736,3692,6428,16790,13488,30278,2015-03-01
ML4,1409,1981,3390,6837,5208,12045,2015-03-01
ML5,2771,3636,6407,13757,10649,24406,2015-03-01
ML6,2871,3794,6665,17678,14384,32062,2015-03-01
ML7,722,1068,1790,5042,3885,8927,2015-03-01
ML8,666,979,1645,7054,6223,13277,2015-03-01
ML9,1135,1631,2766,7912,6465,14377,2015-03-01
ML10,402,454,856,3992,3727,7719,2015-03-01
ML11,1305,1906,3211,12419,10466,22885,2015-03-01
ML12,239,357,596,3400,3147,6547,2015-03-01
N1,9827,10574,20401,23676,16793,40469,2015-03-01
N2,2067,2161,4228,8860,7977,16837,2015-03-01
N3,2176,2453,4629,11295,9644,20939,2015-03-01
N4,6767,6322,13089,14080,9401,23481,2015-03-01
N5,2189,2520,4709,7260,5724,12984,2015-03-01
N6,1305,1566,2871,7123,6339,13462,2015-03-01
N7,5511,5659,11170,12006,8105,20111,2015-03-01
N8,4317,4361,8678,12533,9890,22423,2015-03-01
N9,5745,7020,12765,14463,10350,24813,2015-03-01
N10,2175,2618,4793,9166,8004,17170,2015-03-01
N11,2725,2915,5640,10223,7735,17958,2015-03-01
N12,2407,2649,5056,11937,9962,21899,2015-03-01
N13,2829,3020,5849,11744,9036,20780,2015-03-01
N14,1848,2126,3974,11646,9912,21558,2015-03-01
N15,7550,6565,14115,12139,6813,18952,2015-03-01
N16,8693,7765,16458,16738,11225,27963,2015-03-01
N17,10732,10853,21585,16378,9741,26119,2015-03-01
N18,4062,4765,8827,8823,5918,14741,2015-03-01
N19,4056,4577,8633,9637,7277,16914,2015-03-01
N20,1153,1358,2511,7778,7057,14835,2015-03-01
N21,1118,1303,2421,9064,8162,17226,2015-03-01
N22,5914,5665,11579,13313,8843,22156,2015-03-01
NE1,624,430,1054,1572,666,2238,2015-03-01
NE2,1381,1267,2648,5475,3934,9409,2015-03-01
NE3,2681,3391,6072,17508,15022,32530,2015-03-01
NE4,4344,3842,8186,8347,4383,12730,2015-03-01
NE5,2758,3925,6683,13866,10049,23915,2015-03-01
NE6,3894,4454,8348,11258,7257,18515,2015-03-01
NE7,787,962,1749,5077,4265,9342,2015-03-01
NE8,2816,2839,5655,7588,4138,11726,2015-03-01
NE9,2037,2743,4780,11064,8376,19440,2015-03-01
NE10,2097,2945,5042,9945,6819,16764,2015-03-01
NE11,865,1262,2127,5118,3790,8908,2015-03-01
NE12,1757,2526,4283,10887,8738,19625,2015-03-01
NE13,473,630,1103,4481,3959,8440,2015-03-01
NE15,1958,2652,4610,9860,7196,17056,2015-03-01
NE16,985,1445,2430,8884,7387,16271,2015-03-01
NE17,233,341,574,1489,1170,2659,2015-03-01
NE18,31,30,61,361,363,724,2015-03-01
NE19,49,87,136,878,805,1683,2015-03-01
NE20,298,376,674,5025,4864,9889,2015-03-01
NE21,845,1186,2031,5504,4123,9627,2015-03-01
NE22,796,1030,1826,5968,4914,10882,2015-03-01
NE23,1789,2743,4532,13372,10915,24287,2015-03-01
NE24,1878,2669,4547,11610,9035,20645,2015-03-01
NE25,1144,1555,2699,10596,9518,20114,2015-03-01
NE26,807,955,1762,6940,6233,13173,2015-03-01
NE27,544,881,1425,3886,3226,7112,2015-03-01
NE28,2777,3905,6682,12901,9419,22320,2015-03-01
NE29,2287,2955,5242,9974,7732,17706,2015-03-01
NE30,873,1058,1931,7769,6966,14735,2015-03-01
NE31,1253,1583,2836,5675,4216,9891,2015-03-01
NE32,1586,2061,3647,7349,5529,12878,2015-03-01
NE33,2102,1969,4071,7682,5350,13032,2015-03-01
NE34,2964,3904,6868,15275,11696,26971,2015-03-01
NE35,337,442,779,2014,1571,3585,2015-03-01
NE36,258,292,550,2497,2215,4712,2015-03-01
NE37,1307,1893,3200,5967,4508,10475,2015-03-01
NE38,1726,2425,4151,10846,8698,19544,2015-03-01
NE39,342,492,834,3030,2637,5667,2015-03-01
NE40,649,927,1576,5265,4410,9675,2015-03-01
NE41,62,70,132,824,792,1616,2015-03-01
NE42,508,797,1305,4187,3713,7900,2015-03-01
NE43,104,129,233,1802,1719,3521,2015-03-01
NE44,20,37,57,430,430,860,2015-03-01
NE45,101,157,258,1419,1333,2752,2015-03-01
NE46,571,743,1314,5536,5127,10663,2015-03-01
NE47,228,332,560,3094,2822,5916,2015-03-01
NE48,102,160,262,1794,1532,3326,2015-03-01
NE49,142,251,393,1583,1244,2827,2015-03-01
NE61,1132,1611,2743,11789,10405,22194,2015-03-01
NE62,375,587,962,3285,2619,5904,2015-03-01
NE63,1504,2138,3642,8444,6330,14774,2015-03-01
NE64,358,501,859,1808,1366,3174,2015-03-01
NE65,603,924,1527,7538,6627,14165,2015-03-01
NE66,530,757,1287,6404,5731,12135,2015-03-01
NE67,14,20,34,365,343,708,2015-03-01
NE68,51,63,114,733,651,1384,2015-03-01
NE69,9,11,20,157,143,300,2015-03-01
NE70,53,72,125,663,642,1305,2015-03-01
NE71,80,118,198,1119,1015,2134,2015-03-01
NE99,0,0,0,1,0,1,2015-03-01
NG1,794,615,1409,1814,964,2778,2015-03-01
NG2,3339,3936,7275,17697,14518,32215,2015-03-01
NG3,3355,4325,7680,13640,10299,23939,2015-03-01
NG4,1955,2725,4680,13680,11311,24991,2015-03-01
NG5,5098,7112,12210,26756,21798,48554,2015-03-01
NG6,2557,3682,6239,10283,7617,17900,2015-03-01
NG7,4762,4532,9294,9596,5129,14725,2015-03-01
NG8,4178,5838,10016,17462,13258,30720,2015-03-01
NG9,3624,4368,7992,24469,20511,44980,2015-03-01
NG10,2277,2865,5142,16374,13686,30060,2015-03-01
NG11,1976,2722,4698,11782,9244,21026,2015-03-01
NG12,1132,1520,2652,12509,11567,24076,2015-03-01
NG13,620,824,1444,7952,7332,15284,2015-03-01
NG14,560,685,1245,7286,6717,14003,2015-03-01
NG15,1678,2436,4114,14005,11755,25760,2015-03-01
NG16,2526,3435,5961,23037,19136,42173,2015-03-01
NG17,3203,4350,7553,23796,19200,42996,2015-03-01
NG18,2190,2585,4775,13585,11284,24869,2015-03-01
NG19,2292,3068,5360,17468,14167,31635,2015-03-01
NG20,1483,2002,3485,8174,6143,14317,2015-03-01
NG21,920,1211,2131,7826,6693,14519,2015-03-01
NG22,1061,1395,2456,9850,8450,18300,2015-03-01
NG23,424,507,931,7321,6972,14293,2015-03-01
NG24,2118,2670,4788,15351,12754,28105,2015-03-01
NG25,249,358,607,3334,3220,6554,2015-03-01
NG31,2195,2766,4961,15115,12124,27239,2015-03-01
NG32,333,429,762,5478,5074,10552,2015-03-01
NG33,259,365,624,3962,3669,7631,2015-03-01
NG34,1409,1728,3137,15347,13752,29099,2015-03-01
NN1,2750,2575,5325,9110,6016,15126,2015-03-01
NN2,2308,2673,4981,12474,9883,22357,2015-03-01
NN3,4354,5689,10043,24756,20455,45211,2015-03-01
NN4,1920,2558,4478,17006,15185,32191,2015-03-01
NN5,1984,2510,4494,13358,10678,24036,2015-03-01
NN6,909,1116,2025,13853,13136,26989,2015-03-01
NN7,744,1011,1755,11519,10804,22323,2015-03-01
NN8,3041,3817,6858,16356,13118,29474,2015-03-01
NN9,876,1237,2113,10089,8825,18914,2015-03-01
NN10,1454,1917,3371,13903,11996,25899,2015-03-01
NN11,1599,2232,3831,14174,12103,26277,2015-03-01
NN12,720,886,1606,9651,8849,18500,2015-03-01
NN13,588,740,1328,7379,6784,14163,2015-03-01
NN14,1283,1674,2957,16794,15288,32082,2015-03-01
NN15,1278,1700,2978,12808,11539,24347,2015-03-01
NN16,1896,2159,4055,9539,7399,16938,2015-03-01
NN17,1732,2177,3909,8668,6663,15331,2015-03-01
NN18,2309,3005,5314,10303,8041,18344,2015-03-01
NN29,350,425,775,4482,4090,8572,2015-03-01
NP1,66,85,151,223,175,398,2015-03-01
NP2,15,18,33,85,54,139,2015-03-01
NP3,17,29,46,72,54,126,2015-03-01
NP4,1765,2494,4259,15316,12910,28226,2015-03-01
NP5,5,12,17,37,34,71,2015-03-01
NP6,22,24,46,102,65,167,2015-03-01
NP7,797,1090,1887,9770,8870,18640,2015-03-01
NP8,143,212,355,2170,2073,4243,2015-03-01
NP9,42,32,74,126,45,171,2015-03-01
NP10,848,1062,1910,8347,7666,16013,2015-03-01
NP11,1662,2312,3974,12209,9981,22190,2015-03-01
NP12,1325,1942,3267,11159,9329,20488,2015-03-01
NP13,968,1476,2444,6408,4580,10988,2015-03-01
NP15,141,198,339,3210,3035,6245,2015-03-01
NP16,825,1034,1859,8898,8209,17107,2015-03-01
NP18,538,728,1266,6510,5823,12333,2015-03-01
NP19,3318,4178,7496,15379,11474,26853,2015-03-01
NP20,3120,3833,6953,15073,11684,26757,2015-03-01
NP22,1101,1593,2694,6858,5174,12032,2015-03-01
NP23,1561,2217,3778,10645,8231,18876,2015-03-01
NP24,279,396,675,1386,992,2378,2015-03-01
NP25,517,551,1068,5649,5271,10920,2015-03-01
NP26,727,963,1690,8495,7563,16058,2015-03-01
NP44,2266,3072,5338,15723,13078,28801,2015-03-01
NR1,1666,1657,3323,7915,6050,13965,2015-03-01
NR2,1422,1690,3112,7673,6452,14125,2015-03-01
NR3,2221,2506,4727,10007,7469,17476,2015-03-01
NR4,1047,1258,2305,6865,6117,12982,2015-03-01
NR5,1732,2110,3842,8680,7073,15753,2015-03-01
NR6,792,1058,1850,9214,7934,17148,2015-03-01
NR7,1118,1370,2488,11689,10410,22099,2015-03-01
NR8,531,673,1204,7720,7311,15031,2015-03-01
NR9,435,527,962,6825,6446,13271,2015-03-01
NR10,607,801,1408,8850,8131,16981,2015-03-01
NR11,536,656,1192,6975,6432,13407,2015-03-01
NR12,588,703,1291,8130,7412,15542,2015-03-01
NR13,679,789,1468,10530,9899,20429,2015-03-01
NR14,624,723,1347,9333,8748,18081,2015-03-01
NR15,388,538,926,6191,5882,12073,2015-03-01
NR16,312,452,764,4943,4558,9501,2015-03-01
NR17,509,587,1096,5992,5299,11291,2015-03-01
NR18,573,665,1238,6314,5933,12247,2015-03-01
NR19,742,940,1682,7172,6201,13373,2015-03-01
NR20,501,682,1183,7350,6632,13982,2015-03-01
NR21,487,648,1135,6050,5419,11469,2015-03-01
NR22,34,53,87,332,313,645,2015-03-01
NR23,124,145,269,1117,937,2054,2015-03-01
NR24,111,156,267,1745,1595,3340,2015-03-01
NR25,278,341,619,3265,3011,6276,2015-03-01
NR26,276,364,640,2935,2671,5606,2015-03-01
NR27,446,554,1000,4026,3533,7559,2015-03-01
NR28,597,725,1322,6235,5606,11841,2015-03-01
NR29,630,748,1378,8105,7164,15269,2015-03-01
NR30,2052,2262,4314,8934,6374,15308,2015-03-01
NR31,2413,2913,5326,16684,13627,30311,2015-03-01
NR32,1877,2104,3981,13066,10906,23972,2015-03-01
NR33,1635,1898,3533,13936,11956,25892,2015-03-01
NR34,638,860,1498,8546,7675,16221,2015-03-01
NR35,354,420,774,4094,3772,7866,2015-03-01
NW1,6866,7093,13959,16001,10388,26389,2015-03-01
NW2,10259,9113,19372,24174,15602,39776,2015-03-01
NW3,4390,5240,9630,19640,16418,36058,2015-03-01
NW4,3205,3343,6548,12573,9858,22431,2015-03-01
NW5,3148,3597,6745,8019,6238,14257,2015-03-01
NW6,7932,7894,15826,21050,16009,37059,2015-03-01
NW7,1801,2145,3946,9960,8711,18671,2015-03-01
NW8,3640,4462,8102,12317,9224,21541,2015-03-01
NW9,7992,7994,15986,23110,15333,38443,2015-03-01
NW10,15534,14346,29880,28418,18142,46560,2015-03-01
NW11,3120,3104,6224,13583,11735,25318,2015-03-01
OL1,1769,1927,3696,5367,3808,9175,2015-03-01
OL2,1837,2405,4242,14582,12435,27017,2015-03-01
OL3,491,499,990,5890,5533,11423,2015-03-01
OL4,2599,3221,5820,13754,10553,24307,2015-03-01
OL5,513,690,1203,3811,3284,7095,2015-03-01
OL6,1906,2313,4219,8812,6491,15303,2015-03-01
OL7,1017,1426,2443,5147,3736,8883,2015-03-01
OL8,3013,3693,6706,10242,6539,16781,2015-03-01
OL9,2640,3152,5792,12111,8859,20970,2015-03-01
OL10,1651,2069,3720,8552,6922,15474,2015-03-01
OL11,2823,3464,6287,13913,10899,24812,2015-03-01
OL12,2446,3067,5513,14638,11954,26592,2015-03-01
OL13,736,1005,1741,5283,4338,9621,2015-03-01
OL14,728,1005,1733,5176,4449,9625,2015-03-01
OL15,552,698,1250,5363,4718,10081,2015-03-01
OL16,2322,2767,5089,11102,8614,19716,2015-03-01
OX1,1561,1255,2816,5967,4708,10675,2015-03-01
OX2,2704,2879,5583,13006,11867,24873,2015-03-01
OX3,3024,3783,6807,13188,10765,23953,2015-03-01
OX4,5326,5723,11049,17321,12679,30000,2015-03-01
OX5,1291,1385,2676,9134,8016,17150,2015-03-01
OX6,21,18,39,51,46,97,2015-03-01
OX7,803,1060,1863,9143,8601,17744,2015-03-01
OX8,34,36,70,157,143,300,2015-03-01
OX9,538,661,1199,5502,5161,10663,2015-03-01
OX10,1022,1238,2260,9829,8918,18747,2015-03-01
OX11,1417,1793,3210,12183,10601,22784,2015-03-01
OX12,1027,1252,2279,9821,8744,18565,2015-03-01
OX13,419,554,973,5173,4652,9825,2015-03-01
OX14,2009,2447,4456,16404,14531,30935,2015-03-01
OX15,553,606,1159,7482,7221,14703,2015-03-01
OX16,2637,3460,6097,15434,12264,27698,2015-03-01
OX17,457,557,1014,7079,6665,13744,2015-03-01
OX18,877,1230,2107,9353,8379,17732,2015-03-01
OX20,175,212,387,1807,1770,3577,2015-03-01
OX25,333,437,770,3471,3240,6711,2015-03-01
OX26,1518,1941,3459,11459,9916,21375,2015-03-01
OX27,215,280,495,2621,2547,5168,2015-03-01
OX28,1218,1490,2708,9602,8586,18188,2015-03-01
OX29,805,912,1717,9254,8657,17911,2015-03-01
OX33,295,298,593,3114,2888,6002,2015-03-01
OX39,173,199,372,2857,2708,5565,2015-03-01
OX44,270,345,615,3299,3060,6359,2015-03-01
OX49,124,156,280,1654,1698,3352,2015-03-01
PA1,1305,1558,2863,6640,5217,11857,2015-03-01
PA2,2235,2954,5189,12903,10794,23697,2015-03-01
PA3,1865,2302,4167,6514,4605,11119,2015-03-01
PA4,1299,1744,3043,7598,6289,13887,2015-03-01
PA5,1362,1822,3184,6765,5257,12022,2015-03-01
PA6,172,248,420,2617,2591,5208,2015-03-01
PA7,202,267,469,2068,1863,3931,2015-03-01
PA8,735,999,1734,5250,4655,9905,2015-03-01
PA9,61,77,138,694,625,1319,2015-03-01
PA10,155,208,363,1466,1333,2799,2015-03-01
PA11,226,292,518,2167,2027,4194,2015-03-01
PA12,152,184,336,1229,1190,2419,2015-03-01
PA13,125,166,291,1809,1820,3629,2015-03-01
PA14,1257,1547,2804,4770,3757,8527,2015-03-01
PA15,1348,1553,2901,4397,3230,7627,2015-03-01
PA16,1924,2255,4179,8737,7545,16282,2015-03-01
PA17,77,84,161,938,805,1743,2015-03-01
PA18,72,133,205,1032,1001,2033,2015-03-01
PA19,521,690,1211,4081,3607,7688,2015-03-01
PA20,349,449,798,2089,1707,3796,2015-03-01
PA21,42,33,75,333,288,621,2015-03-01
PA22,9,6,15,143,120,263,2015-03-01
PA23,735,982,1717,4263,3884,8147,2015-03-01
PA24,22,23,45,200,150,350,2015-03-01
PA25,0,6,6,27,21,48,2015-03-01
PA26,11,5,16,57,40,97,2015-03-01
PA27,14,37,51,295,291,586,2015-03-01
PA28,381,468,849,2570,2144,4714,2015-03-01
PA29,94,106,200,911,800,1711,2015-03-01
PA30,63,81,144,526,495,1021,2015-03-01
PA31,186,255,441,1937,1674,3611,2015-03-01
PA32,42,60,102,503,434,937,2015-03-01
PA33,31,31,62,304,244,548,2015-03-01
PA34,609,724,1333,3773,3240,7013,2015-03-01
PA35,57,63,120,532,521,1053,2015-03-01
PA36,1,1,2,19,13,32,2015-03-01
PA37,116,156,272,1119,1010,2129,2015-03-01
PA38,41,33,74,356,331,687,2015-03-01
PA39,2,0,2,2,11,13,2015-03-01
PA40,1,2,3,5,4,9,2015-03-01
PA41,9,8,17,48,48,96,2015-03-01
PA42,58,85,143,401,335,736,2015-03-01
PA43,52,67,119,300,237,537,2015-03-01
PA44,6,9,15,124,101,225,2015-03-01
PA45,12,9,21,60,42,102,2015-03-01
PA46,6,10,16,78,66,144,2015-03-01
PA47,5,5,10,70,60,130,2015-03-01
PA48,15,15,30,119,115,234,2015-03-01
PA49,7,12,19,72,63,135,2015-03-01
PA60,9,22,31,80,72,152,2015-03-01
PA61,7,20,27,53,56,109,2015-03-01
PA62,2,2,4,11,9,20,2015-03-01
PA63,1,0,1,3,4,7,2015-03-01
PA64,0,3,3,33,35,68,2015-03-01
PA65,9,13,22,91,82,173,2015-03-01
PA66,4,13,17,65,60,125,2015-03-01
PA67,17,16,33,100,107,207,2015-03-01
PA68,0,0,0,5,4,9,2015-03-01
PA69,1,2,3,10,9,19,2015-03-01
PA70,4,4,8,30,23,53,2015-03-01
PA71,2,0,2,24,18,42,2015-03-01
PA72,20,16,36,178,167,345,2015-03-01
PA73,2,2,4,32,26,58,2015-03-01
PA74,0,1,1,16,14,30,2015-03-01
PA75,59,77,136,542,510,1052,2015-03-01
PA76,6,8,14,54,58,112,2015-03-01
PA77,29,39,68,251,254,505,2015-03-01
PA78,13,16,29,73,78,151,2015-03-01
PA80,6,4,10,9,2,11,2015-03-01
PA81,1,5,6,18,10,28,2015-03-01
PA82,4,4,8,15,14,29,2015-03-01
PA83,0,0,0,1,0,1,2015-03-01
PA84,0,1,1,1,0,1,2015-03-01
PA85,4,2,6,3,4,7,2015-03-01
PA86,21,36,57,97,95,192,2015-03-01
PA87,10,14,24,20,20,40,2015-03-01
PA88,2,1,3,7,1,8,2015-03-01
PE1,4074,4336,8410,13919,8851,22770,2015-03-01
PE2,2475,3231,5706,14933,12127,27060,2015-03-01
PE3,2039,2689,4728,9491,7034,16525,2015-03-01
PE4,1421,1855,3276,9595,8416,18011,2015-03-01
PE5,37,38,75,611,569,1180,2015-03-01
PE6,1133,1487,2620,14130,13002,27132,2015-03-01
PE7,1496,1916,3412,15601,13911,29512,2015-03-01
PE8,553,721,1274,6634,6199,12833,2015-03-01
PE9,1171,1411,2582,11873,11019,22892,2015-03-01
PE10,687,914,1601,8212,7462,15674,2015-03-01
PE11,1614,1927,3541,15275,13004,28279,2015-03-01
PE12,1228,1622,2850,15308,13248,28556,2015-03-01
PE13,1707,1897,3604,11935,9897,21832,2015-03-01
PE14,687,838,1525,8449,7596,16045,2015-03-01
PE15,1018,1363,2381,10583,9193,19776,2015-03-01
PE16,379,449,828,4044,3385,7429,2015-03-01
PE17,39,21,60,87,60,147,2015-03-01
PE18,38,76,114,104,86,190,2015-03-01
PE19,1597,2112,3709,16371,14525,30896,2015-03-01
PE20,473,623,1096,5446,4741,10187,2015-03-01
PE21,2142,2434,4576,13219,10775,23994,2015-03-01
PE22,488,642,1130,6837,5955,12792,2015-03-01
PE23,298,324,622,3333,3028,6361,2015-03-01
PE24,438,550,988,4674,3792,8466,2015-03-01
PE25,1134,1354,2488,7112,5487,12599,2015-03-01
PE26,426,522,948,4444,3982,8426,2015-03-01
PE27,820,1030,1850,7422,6428,13850,2015-03-01
PE28,1428,1810,3238,18297,17254,35551,2015-03-01
PE29,1591,2049,3640,9472,7926,17398,2015-03-01
PE30,2297,2820,5117,13698,11523,25221,2015-03-01
PE31,504,630,1134,7738,7152,14890,2015-03-01
PE32,414,533,947,6241,5804,12045,2015-03-01
PE33,392,580,972,6102,5391,11493,2015-03-01
PE34,441,595,1036,5526,4829,10355,2015-03-01
PE35,1,1,2,40,35,75,2015-03-01
PE36,229,278,507,2240,2039,4279,2015-03-01
PE37,322,468,790,3810,3262,7072,2015-03-01
PE38,452,550,1002,5446,4678,10124,2015-03-01
PH1,2380,3018,5398,14143,11836,25979,2015-03-01
PH2,1454,1778,3232,12285,11085,23370,2015-03-01
PH3,224,261,485,2202,2107,4309,2015-03-01
PH4,21,46,67,325,303,628,2015-03-01
PH5,24,52,76,339,318,657,2015-03-01
PH6,82,105,187,950,955,1905,2015-03-01
PH7,385,469,854,3311,3004,6315,2015-03-01
PH8,81,95,176,784,748,1532,2015-03-01
PH9,28,46,74,377,348,725,2015-03-01
PH10,451,528,979,3989,3567,7556,2015-03-01
PH11,129,185,314,1309,1154,2463,2015-03-01
PH12,38,70,108,820,711,1531,2015-03-01
PH13,171,211,382,1552,1301,2853,2015-03-01
PH14,35,71,106,781,757,1538,2015-03-01
PH15,150,201,351,1377,1167,2544,2015-03-01
PH16,170,192,362,1454,1317,2771,2015-03-01
PH17,10,7,17,78,57,135,2015-03-01
PH18,34,45,79,324,273,597,2015-03-01
PH19,4,9,13,43,27,70,2015-03-01
PH20,57,92,149,601,536,1137,2015-03-01
PH21,82,122,204,855,744,1599,2015-03-01
PH22,189,251,440,1150,965,2115,2015-03-01
PH23,28,36,64,329,307,636,2015-03-01
PH24,22,30,52,281,250,531,2015-03-01
PH25,26,30,56,360,316,676,2015-03-01
PH26,157,158,315,1382,1259,2641,2015-03-01
PH30,0,0,0,4,1,5,2015-03-01
PH31,24,24,48,233,205,438,2015-03-01
PH32,37,50,87,283,246,529,2015-03-01
PH33,705,977,1682,4040,3266,7306,2015-03-01
PH34,32,44,76,426,383,809,2015-03-01
PH35,18,23,41,130,108,238,2015-03-01
PH36,37,68,105,498,438,936,2015-03-01
PH37,10,12,22,67,55,122,2015-03-01
PH38,13,17,30,82,75,157,2015-03-01
PH39,28,18,46,138,154,292,2015-03-01
PH40,25,19,44,122,102,224,2015-03-01
PH41,69,58,127,371,321,692,2015-03-01
PH42,2,9,11,37,26,63,2015-03-01
PH43,1,2,3,11,9,20,2015-03-01
PH44,2,3,5,4,3,7,2015-03-01
PH49,46,62,108,426,354,780,2015-03-01
PH50,46,79,125,311,242,553,2015-03-01
PL1,1915,1933,3848,6276,3907,10183,2015-03-01
PL2,2116,2612,4728,9374,7486,16860,2015-03-01
PL3,1613,1972,3585,10538,9102,19640,2015-03-01
PL4,2381,2301,4682,8184,5546,13730,2015-03-01
PL5,2607,3542,6149,13186,10626,23812,2015-03-01
PL6,1826,2421,4247,14828,12868,27696,2015-03-01
PL7,1070,1442,2512,11625,10817,22442,2015-03-01
PL8,166,165,331,2337,2309,4646,2015-03-01
PL9,916,1224,2140,10603,9734,20337,2015-03-01
PL10,138,196,334,1340,1148,2488,2015-03-01
PL11,497,661,1158,3925,3434,7359,2015-03-01
PL12,797,981,1778,8470,7684,16154,2015-03-01
PL13,347,466,813,3752,3209,6961,2015-03-01
PL14,742,1071,1813,8633,7927,16560,2015-03-01
PL15,552,764,1316,7537,6894,14431,2015-03-01
PL16,43,56,99,813,754,1567,2015-03-01
PL17,317,390,707,3995,3588,7583,2015-03-01
PL18,165,247,412,1978,1896,3874,2015-03-01
PL19,557,688,1245,6200,5848,12048,2015-03-01
PL20,397,506,903,4658,4428,9086,2015-03-01
PL21,563,765,1328,6910,6585,13495,2015-03-01
PL22,124,142,266,1314,1278,2592,2015-03-01
PL23,118,134,252,1217,1178,2395,2015-03-01
PL24,428,528,956,3633,3256,6889,2015-03-01
PL25,1050,1197,2247,8755,7748,16503,2015-03-01
PL26,1042,1199,2241,9906,8809,18715,2015-03-01
PL27,374,506,880,4471,4281,8752,2015-03-01
PL28,169,208,377,1536,1448,2984,2015-03-01
PL29,33,23,56,374,350,724,2015-03-01
PL30,248,291,539,4282,4034,8316,2015-03-01
PL31,688,794,1482,4979,4231,9210,2015-03-01
PL32,128,174,302,1548,1434,2982,2015-03-01
PL33,59,74,133,697,654,1351,2015-03-01
PL34,54,77,131,678,608,1286,2015-03-01
PL35,29,45,74,389,376,765,2015-03-01
PO1,2314,2627,4941,6639,4277,10916,2015-03-01
PO2,3060,3863,6923,12759,9710,22469,2015-03-01
PO3,1103,1311,2414,6744,5569,12313,2015-03-01
PO4,2537,2898,5435,12270,9896,22166,2015-03-01
PO5,2253,2235,4488,7424,4933,12357,2015-03-01
PO6,2432,2978,5410,13597,11362,24959,2015-03-01
PO7,1587,1930,3517,15183,13841,29024,2015-03-01
PO8,1220,1543,2763,13356,12261,25617,2015-03-01
PO9,2967,3817,6784,15558,13038,28596,2015-03-01
PO10,602,751,1353,7098,6528,13626,2015-03-01
PO11,634,711,1345,7032,6465,13497,2015-03-01
PO12,2491,2964,5455,16040,13525,29565,2015-03-01
PO13,1774,2385,4159,11653,10237,21890,2015-03-01
PO14,1131,1339,2470,12767,11748,24515,2015-03-01
PO15,776,887,1663,8434,7752,16186,2015-03-01
PO16,1227,1392,2619,12238,10923,23161,2015-03-01
PO17,192,210,402,2611,2405,5016,2015-03-01
PO18,420,480,900,5453,5263,10716,2015-03-01
PO19,1510,1691,3201,9686,9216,18902,2015-03-01
PO20,1089,1308,2397,12956,12076,25032,2015-03-01
PO21,1805,1967,3772,13599,11897,25496,2015-03-01
PO22,1092,1281,2373,10893,10023,20916,2015-03-01
PO30,1332,1594,2926,9726,8877,18603,2015-03-01
PO31,654,732,1386,5263,4856,10119,2015-03-01
PO32,375,456,831,2733,2483,5216,2015-03-01
PO33,1554,1932,3486,10476,9257,19733,2015-03-01
PO34,52,62,114,918,927,1845,2015-03-01
PO35,158,144,302,1430,1380,2810,2015-03-01
PO36,804,931,1735,5795,5211,11006,2015-03-01
PO37,452,502,954,3273,2850,6123,2015-03-01
PO38,546,676,1222,4932,4411,9343,2015-03-01
PO39,83,111,194,953,878,1831,2015-03-01
PO40,217,267,484,2021,1898,3919,2015-03-01
PO41,60,80,140,968,951,1919,2015-03-01
PR1,4561,5230,9791,19730,14417,34147,2015-03-01
PR2,3872,4842,8714,26119,22080,48199,2015-03-01
PR3,866,1206,2072,15135,14008,29143,2015-03-01
PR4,1731,2292,4023,22875,20862,43737,2015-03-01
PR5,1534,2064,3598,14662,12830,27492,2015-03-01
PR6,1226,1574,2800,12795,11335,24130,2015-03-01
PR7,1891,2487,4378,20448,18081,38529,2015-03-01
PR8,2414,2854,5268,18932,17194,36126,2015-03-01
PR9,1732,2133,3865,14971,13069,28040,2015-03-01
PR25,1266,1646,2912,10693,9338,20031,2015-03-01
PR26,449,524,973,5158,4697,9855,2015-03-01
RG1,4841,4681,9522,13696,8260,21956,2015-03-01
RG2,3089,3439,6528,12512,9411,21923,2015-03-01
RG3,18,11,29,62,28,90,2015-03-01
RG4,1694,2035,3729,15184,13946,29130,2015-03-01
RG5,1060,1275,2335,9951,9050,19001,2015-03-01
RG6,1883,2048,3931,14067,12092,26159,2015-03-01
RG7,1028,1277,2305,12764,11916,24680,2015-03-01
RG8,734,707,1441,7773,7424,15197,2015-03-01
RG9,914,922,1836,9327,9050,18377,2015-03-01
RG10,583,612,1195,7543,7326,14869,2015-03-01
RG11,19,18,37,48,40,88,2015-03-01
RG12,2738,3584,6322,19866,16674,36540,2015-03-01
RG13,13,22,35,38,36,74,2015-03-01
RG14,1728,2070,3798,13839,11788,25627,2015-03-01
RG15,12,19,31,58,56,114,2015-03-01
RG16,18,14,32,106,84,190,2015-03-01
RG17,553,622,1175,5819,5425,11244,2015-03-01
RG18,629,779,1408,7224,6596,13820,2015-03-01
RG19,639,786,1425,6351,5750,12101,2015-03-01
RG20,607,726,1333,8039,7666,15705,2015-03-01
RG21,1762,2152,3914,9241,7079,16320,2015-03-01
RG22,1944,2515,4459,15133,13152,28285,2015-03-01
RG23,537,679,1216,4764,4213,8977,2015-03-01
RG24,1340,1864,3204,11828,10342,22170,2015-03-01
RG25,267,302,569,3539,3183,6722,2015-03-01
RG26,716,917,1633,8921,8085,17006,2015-03-01
RG27,562,618,1180,8534,8357,16891,2015-03-01
RG28,226,269,495,2165,1951,4116,2015-03-01
RG29,167,279,446,2528,2417,4945,2015-03-01
RG30,3458,4052,7510,15191,11491,26682,2015-03-01
RG31,1151,1467,2618,11010,10038,21048,2015-03-01
RG40,915,1026,1941,10920,10472,21392,2015-03-01
RG41,973,1104,2077,11365,10940,22305,2015-03-01
RG42,971,1143,2114,10145,9611,19756,2015-03-01
RG45,446,491,937,5534,5351,10885,2015-03-01
RH1,2123,2610,4733,17386,15455,32841,2015-03-01
RH2,885,1052,1937,9794,9289,19083,2015-03-01
RH3,128,117,245,1759,1788,3547,2015-03-01
RH4,632,722,1354,5732,5389,11121,2015-03-01
RH5,582,629,1211,6827,6365,13192,2015-03-01
RH6,1284,1397,2681,11921,10715,22636,2015-03-01
RH7,458,354,812,3625,3187,6812,2015-03-01
RH8,553,624,1177,5862,5725,11587,2015-03-01
RH9,166,211,377,2113,2105,4218,2015-03-01
RH10,3293,3698,6991,24888,21285,46173,2015-03-01
RH11,4073,4919,8992,18654,14537,33191,2015-03-01
RH12,1555,1888,3443,16799,15694,32493,2015-03-01
RH13,1178,1447,2625,14701,13806,28507,2015-03-01
RH14,433,519,952,5936,5471,11407,2015-03-01
RH15,1263,1448,2711,11453,10518,21971,2015-03-01
RH16,1396,1704,3100,12398,11543,23941,2015-03-01
RH17,612,690,1302,7390,7115,14505,2015-03-01
RH18,275,289,564,1847,1863,3710,2015-03-01
RH19,1333,1477,2810,13347,12327,25674,2015-03-01
RH20,644,751,1395,10442,10135,20577,2015-03-01
RM1,1136,1348,2484,7057,5905,12962,2015-03-01
RM2,511,599,1110,4939,4459,9398,2015-03-01
RM3,2562,3373,5935,13016,10588,23604,2015-03-01
RM4,122,138,260,1868,1760,3628,2015-03-01
RM5,1058,1351,2409,6743,5857,12600,2015-03-01
RM6,2597,3133,5730,10599,8112,18711,2015-03-01
RM7,1732,2279,4011,9380,7597,16977,2015-03-01
RM8,3789,4584,8373,11264,7972,19236,2015-03-01
RM9,3223,4170,7393,9977,6802,16779,2015-03-01
RM10,3530,4542,8072,10497,7216,17713,2015-03-01
RM11,1221,1436,2657,12209,11134,23343,2015-03-01
RM12,1616,1956,3572,12583,10710,23293,2015-03-01
RM13,1668,2039,3707,10067,8395,18462,2015-03-01
RM14,910,985,1895,10517,9722,20239,2015-03-01
RM15,1633,2018,3651,9367,7586,16953,2015-03-01
RM16,1793,2335,4128,14574,12662,27236,2015-03-01
RM17,1740,2246,3986,9317,6937,16254,2015-03-01
RM18,1221,1650,2871,5113,3960,9073,2015-03-01
RM19,429,651,1080,2305,1709,4014,2015-03-01
RM20,379,486,865,1726,1159,2885,2015-03-01
S1,430,296,726,863,378,1241,2015-03-01
S2,3371,3949,7320,9434,5814,15248,2015-03-01
S3,1631,1273,2904,2938,1257,4195,2015-03-01
S4,1208,1262,2470,2912,1589,4501,2015-03-01
S5,4150,5600,9750,15185,10267,25452,2015-03-01
S6,2934,3578,6512,18505,14841,33346,2015-03-01
S7,1158,1091,2249,5718,4732,10450,2015-03-01
S8,2352,2994,5346,14592,11950,26542,2015-03-01
S9,1943,2378,4321,7858,4754,12612,2015-03-01
S10,2004,1970,3974,12851,11299,24150,2015-03-01
S11,1550,1668,3218,10472,9503,19975,2015-03-01
S12,1430,2200,3630,11719,8832,20551,2015-03-01
S13,1417,1992,3409,9569,7348,16917,2015-03-01
S14,706,878,1584,2041,1247,3288,2015-03-01
S17,443,529,972,6037,5783,11820,2015-03-01
S18,703,899,1602,9613,8763,18376,2015-03-01
S19,3,3,6,25,14,39,2015-03-01
S20,1072,1652,2724,10896,8993,19889,2015-03-01
S21,796,1059,1855,7364,6078,13442,2015-03-01
S25,779,1187,1966,7500,6318,13818,2015-03-01
S26,859,1354,2213,9378,7939,17317,2015-03-01
S30,16,21,37,128,122,250,2015-03-01
S31,11,23,34,47,18,65,2015-03-01
S32,139,181,320,2290,2271,4561,2015-03-01
S33,145,165,310,1940,1803,3743,2015-03-01
S35,1332,1866,3198,15159,13173,28332,2015-03-01
S36,888,1244,2132,10147,8766,18913,2015-03-01
S40,1615,2138,3753,11877,9808,21685,2015-03-01
S41,1715,2236,3951,11687,9526,21213,2015-03-01
S42,1028,1406,2434,10297,8731,19028,2015-03-01
S43,1775,2617,4392,13506,10614,24120,2015-03-01
S44,988,1345,2333,7382,5878,13260,2015-03-01
S45,550,777,1327,4660,3757,8417,2015-03-01
S60,1659,2299,3958,12750,9990,22740,2015-03-01
S61,1895,2555,4450,11194,8472,19666,2015-03-01
S62,997,1356,2353,6019,4469,10488,2015-03-01
S63,2330,2960,5290,11662,8807,20469,2015-03-01
S64,1690,2116,3806,9529,7269,16798,2015-03-01
S65,2345,2800,5145,9582,6592,16174,2015-03-01
S66,1967,2817,4784,15260,12571,27831,2015-03-01
S70,2235,2819,5054,11421,8261,19682,2015-03-01
S71,2455,3145,5600,14427,10921,25348,2015-03-01
S72,1322,1758,3080,8107,6386,14493,2015-03-01
S73,1368,1896,3264,8657,6781,15438,2015-03-01
S74,862,1238,2100,5719,4407,10126,2015-03-01
S75,1570,2103,3673,15878,13592,29470,2015-03-01
S80,1606,2003,3609,9515,7329,16844,2015-03-01
S81,1353,1895,3248,13575,11794,25369,2015-03-01
SA1,3671,3840,7511,12498,8206,20704,2015-03-01
SA2,1557,1730,3287,12587,11033,23620,2015-03-01
SA3,726,853,1579,10374,9950,20324,2015-03-01
SA4,1382,1902,3284,15882,14660,30542,2015-03-01
SA5,1949,2817,4766,11083,8750,19833,2015-03-01
SA6,1486,2098,3584,11231,9400,20631,2015-03-01
SA7,530,759,1289,5282,4695,9977,2015-03-01
SA8,435,578,1013,4435,3985,8420,2015-03-01
SA9,532,701,1233,5466,4769,10235,2015-03-01
SA10,1002,1488,2490,10728,9225,19953,2015-03-01
SA11,1641,2251,3892,11901,9360,21261,2015-03-01
SA12,1659,2192,3851,10371,8480,18851,2015-03-01
SA13,934,1251,2185,6452,5035,11487,2015-03-01
SA14,1146,1481,2627,11714,10369,22083,2015-03-01
SA15,1671,2024,3695,11689,9572,21261,2015-03-01
SA16,273,414,687,3042,2605,5647,2015-03-01
SA17,346,421,767,3237,2789,6026,2015-03-01
SA18,1122,1358,2480,10431,9233,19664,2015-03-01
SA19,260,361,621,3873,3516,7389,2015-03-01
SA20,109,140,249,1327,1117,2444,2015-03-01
SA31,634,875,1509,5286,4828,10114,2015-03-01
SA32,154,190,344,3073,2924,5997,2015-03-01
SA33,309,427,736,5009,4579,9588,2015-03-01
SA34,148,171,319,2047,1785,3832,2015-03-01
SA35,21,29,50,362,328,690,2015-03-01
SA36,7,9,16,142,131,273,2015-03-01
SA37,31,38,69,563,520,1083,2015-03-01
SA38,150,169,319,1715,1608,3323,2015-03-01
SA39,62,84,146,1005,870,1875,2015-03-01
SA40,114,116,230,1097,960,2057,2015-03-01
SA41,64,48,112,818,742,1560,2015-03-01
SA42,70,76,146,815,765,1580,2015-03-01
SA43,452,564,1016,4732,4249,8981,2015-03-01
SA44,303,391,694,4441,4146,8587,2015-03-01
SA45,66,59,125,596,535,1131,2015-03-01
SA46,97,118,215,978,827,1805,2015-03-01
SA47,42,39,81,401,356,757,2015-03-01
SA48,349,333,682,3209,2975,6184,2015-03-01
SA61,683,932,1615,4695,4109,8804,2015-03-01
SA62,565,700,1265,7917,7352,15269,2015-03-01
SA63,33,33,66,488,460,948,2015-03-01
SA64,75,132,207,809,686,1495,2015-03-01
SA65,166,208,374,1509,1344,2853,2015-03-01
SA66,81,96,177,1229,1190,2419,2015-03-01
SA67,186,268,454,2743,2562,5305,2015-03-01
SA68,110,124,234,1558,1415,2973,2015-03-01
SA69,108,152,260,1438,1291,2729,2015-03-01
SA70,361,484,845,3396,3033,6429,2015-03-01
SA71,460,496,956,3855,3310,7165,2015-03-01
SA72,473,593,1066,3372,2942,6314,2015-03-01
SA73,877,1152,2029,6807,5794,12601,2015-03-01
SA99,0,1,1,0,0,0,2015-03-01
SE1,7957,7821,15778,17091,10198,27289,2015-03-01
SE2,2866,3663,6529,7529,5509,13038,2015-03-01
SE3,2536,3035,5571,10741,9054,19795,2015-03-01
SE4,3343,3695,7038,7919,6297,14216,2015-03-01
SE5,7128,7610,14738,11469,7510,18979,2015-03-01
SE6,5895,6829,12724,14473,11581,26054,2015-03-01
SE7,2485,2755,5240,5992,4210,10202,2015-03-01
SE8,4151,4336,8487,6498,4090,10588,2015-03-01
SE9,4335,5310,9645,20128,16818,36946,2015-03-01
SE10,1978,2275,4253,6685,5351,12036,2015-03-01
SE11,2964,3107,6071,5968,3550,9518,2015-03-01
SE12,2218,2681,4899,8389,7034,15423,2015-03-01
SE13,4867,5039,9906,11083,8487,19570,2015-03-01
SE14,3607,3648,7255,6215,4068,10283,2015-03-01
SE15,10706,10926,21632,15171,10330,25501,2015-03-01
SE16,4960,5614,10574,12483,8329,20812,2015-03-01
SE17,5742,5832,11574,7476,4125,11601,2015-03-01
SE18,10672,10773,21445,19450,12886,32336,2015-03-01
SE19,2614,3150,5764,8746,7178,15924,2015-03-01
SE20,2313,2745,5058,6463,5238,11701,2015-03-01
SE21,1282,1499,2781,4963,4526,9489,2015-03-01
SE22,2942,3226,6168,9034,7729,16763,2015-03-01
SE23,3248,3825,7073,9904,8267,18171,2015-03-01
SE24,1751,1880,3631,5539,4713,10252,2015-03-01
SE25,3794,4349,8143,10006,8177,18183,2015-03-01
SE26,2876,3381,6257,8172,6790,14962,2015-03-01
SE27,2410,2684,5094,6134,4852,10986,2015-03-01
SE28,3200,4157,7357,7276,5083,12359,2015-03-01
SG1,2895,3628,6523,17786,14683,32469,2015-03-01
SG2,2062,2781,4843,15050,12831,27881,2015-03-01
SG3,229,250,479,2764,2666,5430,2015-03-01
SG4,1132,1303,2435,11206,10347,21553,2015-03-01
SG5,1297,1471,2768,11762,10670,22432,2015-03-01
SG6,1652,2033,3685,11856,10332,22188,2015-03-01
SG7,499,552,1051,5003,4688,9691,2015-03-01
SG8,1339,1492,2831,15070,13534,28604,2015-03-01
SG9,240,292,532,3943,3790,7733,2015-03-01
SG10,42,63,105,794,751,1545,2015-03-01
SG11,230,225,455,3282,3022,6304,2015-03-01
SG12,1122,1247,2369,11193,10258,21451,2015-03-01
SG13,664,651,1315,6099,5824,11923,2015-03-01
SG14,799,853,1652,7223,6669,13892,2015-03-01
SG15,228,261,489,2106,1865,3971,2015-03-01
SG16,162,210,372,2281,2186,4467,2015-03-01
SG17,369,482,851,4639,4376,9015,2015-03-01
SG18,852,1102,1954,9064,7923,16987,2015-03-01
SG19,770,1081,1851,9483,8460,17943,2015-03-01
SK1,587,767,1354,3525,2611,6136,2015-03-01
SK2,1370,1692,3062,10548,9135,19683,2015-03-01
SK3,1584,2040,3624,8586,7265,15851,2015-03-01
SK4,1742,1901,3643,12848,11567,24415,2015-03-01
SK5,1917,2373,4290,8723,7007,15730,2015-03-01
SK6,1880,2317,4197,19153,17386,36539,2015-03-01
SK7,1285,1556,2841,16329,15513,31842,2015-03-01
SK8,2232,2685,4917,23012,21372,44384,2015-03-01
SK9,1295,1553,2848,15243,14518,29761,2015-03-01
SK10,1343,1579,2922,15270,14530,29800,2015-03-01
SK11,1529,1828,3357,13433,11893,25326,2015-03-01
SK12,565,567,1132,7925,7626,15551,2015-03-01
SK13,1397,1853,3250,11705,10382,22087,2015-03-01
SK14,2550,3123,5673,14922,12392,27314,2015-03-01
SK15,1394,1723,3117,9342,7853,17195,2015-03-01
SK16,993,1242,2235,6513,5175,11688,2015-03-01
SK17,1083,1368,2451,11537,9895,21432,2015-03-01
SK22,476,596,1072,4620,4022,8642,2015-03-01
SK23,560,659,1219,6680,6051,12731,2015-03-01
SL0,388,411,799,4776,4271,9047,2015-03-01
SL1,6350,6354,12704,24532,17975,42507,2015-03-01
SL2,4154,4776,8930,18829,14558,33387,2015-03-01
SL3,2379,3188,5567,17096,14218,31314,2015-03-01
SL4,1902,2290,4192,16895,15314,32209,2015-03-01
SL5,1049,1211,2260,9847,9900,19747,2015-03-01
SL6,3372,3890,7262,31244,28442,59686,2015-03-01
SL7,763,807,1570,8462,8402,16864,2015-03-01
SL8,203,197,400,2635,2582,5217,2015-03-01
SL9,861,885,1746,8988,9014,18002,2015-03-01
SM1,2397,2925,5322,13637,11285,24922,2015-03-01
SM2,1267,1701,2968,10767,9672,20439,2015-03-01
SM3,1127,1228,2355,7779,6931,14710,2015-03-01
SM4,2991,3106,6097,12851,9741,22592,2015-03-01
SM5,2336,2942,5278,13010,11485,24495,2015-03-01
SM6,2233,2736,4969,12586,11190,23776,2015-03-01
SM7,577,582,1159,7213,7215,14428,2015-03-01
SN1,2535,2208,4743,9544,6225,15769,2015-03-01
SN2,2518,3184,5702,13390,10252,23642,2015-03-01
SN3,2757,3518,6275,18061,14747,32808,2015-03-01
SN4,980,1169,2149,10867,9766,20633,2015-03-01
SN5,1466,2049,3515,12684,10907,23591,2015-03-01
SN6,724,922,1646,8459,7747,16206,2015-03-01
SN7,459,620,1079,5176,4790,9966,2015-03-01
SN8,895,958,1853,9344,8791,18135,2015-03-01
SN9,278,317,595,3132,2975,6107,2015-03-01
SN10,1084,1363,2447,11606,10675,22281,2015-03-01
SN11,758,1046,1804,8078,7368,15446,2015-03-01
SN12,905,1062,1967,9432,8487,17919,2015-03-01
SN13,552,727,1279,6028,5769,11797,2015-03-01
SN14,1039,1215,2254,10538,9612,20150,2015-03-01
SN15,1203,1640,2843,13049,11511,24560,2015-03-01
SN16,381,403,784,5626,5317,10943,2015-03-01
SN25,1001,1360,2361,12870,11338,24208,2015-03-01
SN26,63,51,114,727,618,1345,2015-03-01
SO1,20,24,44,60,26,86,2015-03-01
SO2,51,25,76,92,44,136,2015-03-01
SO3,22,15,37,95,54,149,2015-03-01
SO4,10,19,29,57,41,98,2015-03-01
SO5,10,13,23,39,28,67,2015-03-01
SO9,17,12,29,26,7,33,2015-03-01
SO14,2705,2166,4871,6471,3261,9732,2015-03-01
SO15,2508,2695,5203,12404,9609,22013,2015-03-01
SO16,3971,4986,8957,21263,17038,38301,2015-03-01
SO17,1263,1211,2474,4845,3404,8249,2015-03-01
SO18,1914,2295,4209,12345,10257,22602,2015-03-01
SO19,3175,4096,7271,18112,14971,33083,2015-03-01
SO20,256,300,556,3385,3101,6486,2015-03-01
SO21,556,682,1238,7744,7499,15243,2015-03-01
SO22,1363,1556,2919,9235,8398,17633,2015-03-01
SO23,1097,1176,2273,6942,6407,13349,2015-03-01
SO24,359,388,747,4588,4382,8970,2015-03-01
SO30,888,1130,2018,12332,11739,24071,2015-03-01
SO31,1435,1632,3067,17471,16421,33892,2015-03-01
SO32,532,591,1123,8214,8046,16260,2015-03-01
SO40,1298,1695,2993,15944,14494,30438,2015-03-01
SO41,907,974,1881,12289,12418,24707,2015-03-01
SO42,135,178,313,2068,1979,4047,2015-03-01
SO43,111,141,252,1817,1722,3539,2015-03-01
SO45,1231,1621,2852,13442,12300,25742,2015-03-01
SO50,2015,2509,4524,16466,14323,30789,2015-03-01
SO51,831,953,1784,10706,10298,21004,2015-03-01
SO52,170,226,396,2688,2482,5170,2015-03-01
SO53,987,1159,2146,12492,11963,24455,2015-03-01
SP1,999,1073,2072,7318,6738,14056,2015-03-01
SP2,1511,1738,3249,9741,8469,18210,2015-03-01
SP3,354,462,816,4568,4406,8974,2015-03-01
SP4,1418,1784,3202,11645,9696,21341,2015-03-01
SP5,540,681,1221,9079,8821,17900,2015-03-01
SP6,374,402,776,5789,5637,11426,2015-03-01
SP7,424,615,1039,5130,4907,10037,2015-03-01
SP8,419,524,943,5495,5138,10633,2015-03-01
SP9,430,820,1250,3046,2169,5215,2015-03-01
SP10,2203,2907,5110,13779,11420,25199,2015-03-01
SP11,795,1040,1835,8890,8114,17004,2015-03-01
SR1,462,368,830,1094,436,1530,2015-03-01
SR2,2192,2365,4557,9764,7196,16960,2015-03-01
SR3,2023,2735,4758,12080,9493,21573,2015-03-01
SR4,2741,3533,6274,11564,8077,19641,2015-03-01
SR5,2420,2974,5394,8954,5982,14936,2015-03-01
SR6,1249,1556,2805,10584,8989,19573,2015-03-01
SR7,1505,2130,3635,9350,7146,16496,2015-03-01
SR8,2161,3012,5173,10575,7943,18518,2015-03-01
SS0,2874,3315,6189,12942,10388,23330,2015-03-01
SS1,1804,1936,3740,8690,7210,15900,2015-03-01
SS2,2428,3024,5452,11231,9047,20278,2015-03-01
SS3,1543,1972,3515,9825,8652,18477,2015-03-01
SS4,866,1018,1884,7438,6785,14223,2015-03-01
SS5,754,811,1565,8610,7772,16382,2015-03-01
SS6,1120,1324,2444,12028,10852,22880,2015-03-01
SS7,1765,2177,3942,19265,17178,36443,2015-03-01
SS8,1907,2633,4540,14046,11417,25463,2015-03-01
SS9,2091,2472,4563,18319,16649,34968,2015-03-01
SS11,607,807,1414,6726,5823,12549,2015-03-01
SS12,580,787,1367,6954,6263,13217,2015-03-01
SS13,1537,2118,3655,7443,5931,13374,2015-03-01
SS14,1847,2485,4332,7573,5640,13213,2015-03-01
SS15,1923,2592,4515,9807,8132,17939,2015-03-01
SS16,1737,2479,4216,10251,8286,18537,2015-03-01
SS17,1328,1752,3080,12286,10736,23022,2015-03-01
SS99,0,1,1,0,0,0,2015-03-01
ST1,2122,2412,4534,9080,5995,15075,2015-03-01
ST2,1942,2581,4523,10219,7738,17957,2015-03-01
ST3,3488,4490,7978,21924,16990,38914,2015-03-01
ST4,3323,3894,7217,17397,13279,30676,2015-03-01
ST5,3777,4527,8304,26255,21897,48152,2015-03-01
ST6,3811,4997,8808,19443,14108,33551,2015-03-01
ST7,1908,2409,4317,19959,17438,37397,2015-03-01
ST8,633,842,1475,7504,6613,14117,2015-03-01
ST9,269,333,602,4917,4444,9361,2015-03-01
ST10,725,916,1641,9785,8638,18423,2015-03-01
ST11,280,335,615,3939,3465,7404,2015-03-01
ST12,119,128,247,1332,1268,2600,2015-03-01
ST13,907,1201,2108,10084,8804,18888,2015-03-01
ST14,797,986,1783,7302,6289,13591,2015-03-01
ST15,657,801,1458,7900,7258,15158,2015-03-01
ST16,1516,1768,3284,9637,7861,17498,2015-03-01
ST17,1717,2154,3871,13656,12041,25697,2015-03-01
ST18,372,418,790,6751,6180,12931,2015-03-01
ST19,457,540,997,5838,5379,11217,2015-03-01
ST20,166,225,391,2806,2506,5312,2015-03-01
ST21,121,166,287,2444,2243,4687,2015-03-01
SW1,61,56,117,353,178,531,2015-03-01
SW1,117,77,194,431,217,648,2015-03-01
SW1,52,38,90,329,180,509,2015-03-01
SW1,1057,1276,2333,3794,2591,6385,2015-03-01
SW1,1936,2222,4158,6898,5047,11945,2015-03-01
SW1,745,834,1579,2681,2208,4889,2015-03-01
SW1,695,831,1526,2777,2179,4956,2015-03-01
SW1,68,59,127,381,181,562,2015-03-01
SW2,6862,7210,14072,14972,10873,25845,2015-03-01
SW3,1900,2437,4337,8575,7328,15903,2015-03-01
SW4,4361,4467,8828,12492,9141,21633,2015-03-01
SW5,2100,1820,3920,5882,3765,9647,2015-03-01
SW6,5323,6084,11407,20820,17210,38030,2015-03-01
SW7,2662,2248,4910,8756,6072,14828,2015-03-01
SW8,4912,5184,10096,10370,6439,16809,2015-03-01
SW9,7094,7182,14276,11142,6784,17926,2015-03-01
SW10,1848,2109,3957,6413,5220,11633,2015-03-01
SW11,6020,6955,12975,22037,17767,39804,2015-03-01
SW12,2359,2433,4792,10473,8919,19392,2015-03-01
SW13,913,1119,2032,6085,5879,11964,2015-03-01
SW14,913,1015,1928,6386,6038,12424,2015-03-01
SW15,4614,5368,9982,21012,17699,38711,2015-03-01
SW16,9540,9271,18811,25856,19514,45370,2015-03-01
SW17,7897,7112,15009,20259,15081,35340,2015-03-01
SW18,4165,4797,8962,21081,18307,39388,2015-03-01
SW19,5919,6639,12558,30338,25455,55793,2015-03-01
SW20,1822,2035,3857,11739,10515,22254,2015-03-01
SY1,1377,1722,3099,8327,6731,15058,2015-03-01
SY2,758,928,1686,5948,5164,11112,2015-03-01
SY3,1314,1523,2837,11744,11007,22751,2015-03-01
SY4,701,866,1567,9260,8743,18003,2015-03-01
SY5,642,663,1305,8086,7471,15557,2015-03-01
SY6,176,200,376,2849,2639,5488,2015-03-01
SY7,319,404,723,4405,4025,8430,2015-03-01
SY8,569,684,1253,7165,6515,13680,2015-03-01
SY9,84,96,180,1107,954,2061,2015-03-01
SY10,410,505,915,6229,5638,11867,2015-03-01
SY11,1058,1321,2379,8853,7762,16615,2015-03-01
SY12,260,320,580,2988,2641,5629,2015-03-01
SY13,621,696,1317,7403,6559,13962,2015-03-01
SY14,155,173,328,2465,2409,4874,2015-03-01
SY15,126,145,271,2191,2054,4245,2015-03-01
SY16,668,795,1463,5478,4742,10220,2015-03-01
SY17,87,103,190,1482,1335,2817,2015-03-01
SY18,116,144,260,1791,1535,3326,2015-03-01
SY19,14,27,41,427,368,795,2015-03-01
SY20,233,283,516,2504,2196,4700,2015-03-01
SY21,538,715,1253,6281,5583,11864,2015-03-01
SY22,206,272,478,3483,3226,6709,2015-03-01
SY23,1231,1319,2550,8547,7354,15901,2015-03-01
SY24,150,196,346,1708,1535,3243,2015-03-01
SY25,117,190,307,1742,1540,3282,2015-03-01
TA1,1729,2136,3865,13273,11978,25251,2015-03-01
TA2,1106,1306,2412,9184,8290,17474,2015-03-01
TA3,334,382,716,6016,5770,11786,2015-03-01
TA4,555,636,1191,7474,7260,14734,2015-03-01
TA5,267,318,585,4111,3875,7986,2015-03-01
TA6,2239,2668,4907,15313,12644,27957,2015-03-01
TA7,439,486,925,6315,6007,12322,2015-03-01
TA8,544,626,1170,6397,5689,12086,2015-03-01
TA9,493,543,1036,4809,4237,9046,2015-03-01
TA10,267,285,552,3823,3730,7553,2015-03-01
TA11,247,283,530,3664,3584,7248,2015-03-01
TA12,183,244,427,2511,2330,4841,2015-03-01
TA13,111,122,233,1585,1506,3091,2015-03-01
TA14,83,115,198,1264,1100,2364,2015-03-01
TA15,18,29,47,270,263,533,2015-03-01
TA16,48,65,113,750,632,1382,2015-03-01
TA17,4,14,18,232,255,487,2015-03-01
TA18,309,391,700,4005,3599,7604,2015-03-01
TA19,303,389,692,4485,4339,8824,2015-03-01
TA20,698,794,1492,7506,6699,14205,2015-03-01
TA21,679,796,1475,6854,6241,13095,2015-03-01
TA22,58,88,146,1060,1040,2100,2015-03-01
TA23,246,293,539,2078,1863,3941,2015-03-01
TA24,662,851,1513,6708,6042,12750,2015-03-01
TD1,759,1070,1829,5855,4945,10800,2015-03-01
TD2,73,85,158,1039,1005,2044,2015-03-01
TD3,37,30,67,409,363,772,2015-03-01
TD4,77,87,164,901,791,1692,2015-03-01
TD5,345,444,789,4265,4092,8357,2015-03-01
TD6,227,287,514,2962,2910,5872,2015-03-01
TD7,306,398,704,2705,2444,5149,2015-03-01
TD8,210,295,505,2317,2084,4401,2015-03-01
TD9,744,1054,1798,6464,5341,11805,2015-03-01
TD10,40,49,89,436,396,832,2015-03-01
TD11,217,309,526,2970,2577,5547,2015-03-01
TD12,142,170,312,1637,1459,3096,2015-03-01
TD13,36,33,69,378,358,736,2015-03-01
TD14,230,353,583,2333,1999,4332,2015-03-01
TD15,746,994,1740,6312,5346,11658,2015-03-01
TF1,1847,2301,4148,12281,10136,22417,2015-03-01
TF2,1784,2226,4010,12944,10987,23931,2015-03-01
TF3,1618,2136,3754,7318,5702,13020,2015-03-01
TF4,798,1103,1901,6065,5155,11220,2015-03-01
TF5,178,199,377,2014,1934,3948,2015-03-01
TF6,136,170,306,2198,1991,4189,2015-03-01
TF7,1156,1557,2713,5003,3873,8876,2015-03-01
TF8,91,96,187,1221,1119,2340,2015-03-01
TF9,818,1030,1848,9665,8423,18088,2015-03-01
TF10,537,608,1145,6716,5991,12707,2015-03-01
TF11,344,325,669,3793,3406,7199,2015-03-01
TF12,217,251,468,1981,1747,3728,2015-03-01
TF13,96,118,214,1429,1405,2834,2015-03-01
TN1,667,767,1434,3751,3044,6795,2015-03-01
TN2,1114,1468,2582,10065,9042,19107,2015-03-01
TN3,307,353,660,4781,4641,9422,2015-03-01
TN4,1364,1669,3033,10507,9825,20332,2015-03-01
TN5,259,328,587,3462,3498,6960,2015-03-01
TN6,840,944,1784,9920,9369,19289,2015-03-01
TN7,58,82,140,1010,992,2002,2015-03-01
TN8,430,572,1002,5046,4793,9839,2015-03-01
TN9,909,1016,1925,5886,5201,11087,2015-03-01
TN10,685,830,1515,5913,5499,11412,2015-03-01
TN11,402,515,917,5521,5270,10791,2015-03-01
TN12,960,1230,2190,11378,10470,21848,2015-03-01
TN13,894,1030,1924,9200,9038,18238,2015-03-01
TN14,472,490,962,6098,5714,11812,2015-03-01
TN15,653,862,1515,10156,9633,19789,2015-03-01
TN16,642,731,1373,7873,7317,15190,2015-03-01
TN17,557,660,1217,5357,5109,10466,2015-03-01
TN18,192,233,425,2472,2352,4824,2015-03-01
TN19,152,177,329,2084,1917,4001,2015-03-01
TN20,125,152,277,1516,1534,3050,2015-03-01
TN21,424,574,998,6573,6263,12836,2015-03-01
TN22,896,1076,1972,10501,10033,20534,2015-03-01
TN23,1996,2607,4603,13191,11210,24401,2015-03-01
TN24,1502,1902,3404,10840,9389,20229,2015-03-01
TN25,464,520,984,6496,6143,12639,2015-03-01
TN26,279,360,639,4771,4462,9233,2015-03-01
TN27,318,409,727,5383,4998,10381,2015-03-01
TN28,260,387,647,3300,2900,6200,2015-03-01
TN29,509,639,1148,5290,4380,9670,2015-03-01
TN30,289,345,634,3768,3653,7421,2015-03-01
TN31,517,666,1183,5430,4851,10281,2015-03-01
TN32,182,208,390,2125,1973,4098,2015-03-01
TN33,471,502,973,4812,4727,9539,2015-03-01
TN34,1874,2270,4144,9536,7791,17327,2015-03-01
TN35,926,1199,2125,6115,5461,11576,2015-03-01
TN36,79,90,169,933,877,1810,2015-03-01
TN37,1256,1471,2727,6464,5239,11703,2015-03-01
TN38,1698,2066,3764,9017,7519,16536,2015-03-01
TN39,965,1199,2164,9377,8808,18185,2015-03-01
TN40,729,922,1651,5740,5146,10886,2015-03-01
TQ1,1769,2012,3781,10961,9263,20224,2015-03-01
TQ2,1815,2261,4076,11772,10280,22052,2015-03-01
TQ3,1488,1659,3147,10864,9553,20417,2015-03-01
TQ4,734,948,1682,6900,6135,13035,2015-03-01
TQ5,814,1016,1830,7097,6213,13310,2015-03-01
TQ6,316,430,746,3085,2682,5767,2015-03-01
TQ7,548,666,1214,6517,6190,12707,2015-03-01
TQ8,76,73,149,774,699,1473,2015-03-01
TQ9,740,853,1593,6685,6789,13474,2015-03-01
TQ10,116,176,292,1519,1441,2960,2015-03-01
TQ11,173,251,424,1534,1464,2998,2015-03-01
TQ12,1901,2282,4183,19718,18233,37951,2015-03-01
TQ13,699,821,1520,9112,8977,18089,2015-03-01
TQ14,761,890,1651,7239,6703,13942,2015-03-01
TR1,1045,1295,2340,6923,6401,13324,2015-03-01
TR2,252,339,591,3814,3631,7445,2015-03-01
TR3,351,413,764,4892,4688,9580,2015-03-01
TR4,362,416,778,4479,4238,8717,2015-03-01
TR5,140,135,275,1461,1502,2963,2015-03-01
TR6,163,179,342,1443,1280,2723,2015-03-01
TR7,1134,1275,2409,7480,6420,13900,2015-03-01
TR8,291,334,625,3471,3080,6551,2015-03-01
TR9,290,407,697,3052,2699,5751,2015-03-01
TR10,453,537,990,3351,2912,6263,2015-03-01
TR11,1257,1461,2718,9640,8913,18553,2015-03-01
TR12,277,313,590,3687,3274,6961,2015-03-01
TR13,684,865,1549,7378,6889,14267,2015-03-01
TR14,1237,1343,2580,8616,7303,15919,2015-03-01
TR15,912,1074,1986,6720,5799,12519,2015-03-01
TR16,520,606,1126,6028,5543,11571,2015-03-01
TR17,57,82,139,580,501,1081,2015-03-01
TR18,1139,1315,2454,6336,5476,11812,2015-03-01
TR19,405,461,866,3336,3061,6397,2015-03-01
TR20,339,353,692,3733,3498,7231,2015-03-01
TR21,74,100,174,581,474,1055,2015-03-01
TR22,5,7,12,27,20,47,2015-03-01
TR23,4,4,8,29,26,55,2015-03-01
TR24,5,7,12,47,32,79,2015-03-01
TR25,6,1,7,43,33,76,2015-03-01
TR26,557,652,1209,4051,3672,7723,2015-03-01
TR27,572,755,1327,5365,4913,10278,2015-03-01
TS1,1913,1541,3454,3040,1344,4384,2015-03-01
TS2,129,123,252,184,106,290,2015-03-01
TS3,2373,2984,5357,6555,4171,10726,2015-03-01
TS4,1370,1582,2952,4117,2799,6916,2015-03-01
TS5,2051,2545,4596,13176,10951,24127,2015-03-01
TS6,1819,2460,4279,9173,6926,16099,2015-03-01
TS7,700,1002,1702,8603,7519,16122,2015-03-01
TS8,969,1325,2294,7025,6111,13136,2015-03-01
TS9,283,369,652,5318,4956,10274,2015-03-01
TS10,1831,2452,4283,11937,9746,21683,2015-03-01
TS11,385,567,952,4512,3896,8408,2015-03-01
TS12,922,1249,2171,7755,6442,14197,2015-03-01
TS13,528,692,1220,3302,2416,5718,2015-03-01
TS14,615,793,1408,6545,5765,12310,2015-03-01
TS15,349,417,766,5545,5054,10599,2015-03-01
TS16,330,407,737,3988,3693,7681,2015-03-01
TS17,1895,2428,4323,14499,12403,26902,2015-03-01
TS18,1385,1542,2927,7355,5931,13286,2015-03-01
TS19,2002,2751,4753,11109,8970,20079,2015-03-01
TS20,1020,1272,2292,6713,5418,12131,2015-03-01
TS21,358,448,806,4783,4238,9021,2015-03-01
TS22,218,240,458,3558,3215,6773,2015-03-01
TS23,1502,2036,3538,9494,7894,17388,2015-03-01
TS24,1455,1761,3216,5649,4008,9657,2015-03-01
TS25,1955,2553,4508,11813,9368,21181,2015-03-01
TS26,1141,1279,2420,8148,7123,15271,2015-03-01
TS27,432,597,1029,4387,3810,8197,2015-03-01
TS28,226,322,548,1717,1429,3146,2015-03-01
TS29,284,376,660,2035,1617,3652,2015-03-01
TS90,0,0,0,1,0,1,2015-03-01
TW1,1309,1521,2830,10093,9086,19179,2015-03-01
TW2,1562,1779,3341,11253,10132,21385,2015-03-01
TW3,6995,5153,12148,14047,8540,22587,2015-03-01
TW4,4631,3860,8491,9979,5907,15886,2015-03-01
TW5,4256,3629,7885,11278,7422,18700,2015-03-01
TW6,9,1,10,35,11,46,2015-03-01
TW7,2959,3523,6482,13620,10641,24261,2015-03-01
TW8,1756,2029,3785,6561,4907,11468,2015-03-01
TW9,1340,1529,2869,8674,7778,16452,2015-03-01
TW10,1258,1469,2727,7682,6905,14587,2015-03-01
TW11,1135,1333,2468,8765,8246,17011,2015-03-01
TW12,1227,1400,2627,8618,8164,16782,2015-03-01
TW13,2899,3493,6392,12131,8832,20963,2015-03-01
TW14,2573,2967,5540,9941,6974,16915,2015-03-01
TW15,1085,1247,2332,11093,9813,20906,2015-03-01
TW16,836,1054,1890,7951,7070,15021,2015-03-01
TW17,487,521,1008,5945,5557,11502,2015-03-01
TW18,1100,1203,2303,10070,9055,19125,2015-03-01
TW19,814,1069,1883,6600,5469,12069,2015-03-01
TW20,1315,1402,2717,8298,7239,15537,2015-03-01
UB1,9197,6302,15499,13925,7875,21800,2015-03-01
UB2,6473,4615,11088,10956,6689,17645,2015-03-01
UB3,5950,5952,11902,17071,10795,27866,2015-03-01
UB4,4250,4126,8376,13958,10076,24034,2015-03-01
UB5,4452,5369,9821,15227,10752,25979,2015-03-01
UB6,5740,5447,11187,19917,13335,33252,2015-03-01
UB7,2416,2789,5205,10153,7408,17561,2015-03-01
UB8,2377,2573,4950,11026,8537,19563,2015-03-01
UB9,631,685,1316,5678,5176,10854,2015-03-01
UB10,1726,2060,3786,12731,11070,23801,2015-03-01
UB11,2,0,2,13,4,17,2015-03-01
W1,33,14,47,46,11,57,2015-03-01
W1,59,65,124,322,186,508,2015-03-01
W1,10,2,12,12,2,14,2015-03-01
W1,211,115,326,414,184,598,2015-03-01
W1,130,106,236,461,207,668,2015-03-01
W1,204,215,419,1125,816,1941,2015-03-01
W1,789,687,1476,2269,1526,3795,2015-03-01
W1,202,155,357,870,480,1350,2015-03-01
W1,365,356,721,1162,690,1852,2015-03-01
W1,79,61,140,100,69,169,2015-03-01
W1,57,64,121,125,65,190,2015-03-01
W1,63,68,131,99,44,143,2015-03-01
W1,49,13,62,71,12,83,2015-03-01
W1,42,24,66,150,59,209,2015-03-01
W1,427,290,717,1070,563,1633,2015-03-01
W1,484,491,975,1769,1167,2936,2015-03-01
W1,91,53,144,108,53,161,2015-03-01
W1,350,373,723,1006,631,1637,2015-03-01
W1,56,22,78,144,58,202,2015-03-01
W1,52,47,99,108,47,155,2015-03-01
W2,6851,6074,12925,16346,10385,26731,2015-03-01
W3,6069,5933,12002,19498,13524,33022,2015-03-01
W4,3139,3641,6780,16867,14622,31489,2015-03-01
W5,3993,4254,8247,19975,16094,36069,2015-03-01
W6,3484,3563,7047,10727,8385,19112,2015-03-01
W7,2786,3151,5937,9680,7802,17482,2015-03-01
W8,1926,2337,4263,8245,6980,15225,2015-03-01
W9,4238,4621,8859,12235,8998,21233,2015-03-01
W10,4300,4794,9094,8795,6353,15148,2015-03-01
W11,3649,4070,7719,10295,8123,18418,2015-03-01
W12,6282,6392,12674,13706,9429,23135,2015-03-01
W13,2933,3089,6022,12303,9658,21961,2015-03-01
W14,4214,4497,8711,12473,9540,22013,2015-03-01
WA1,961,1063,2024,7697,6459,14156,2015-03-01
WA2,2311,2957,5268,12722,10196,22918,2015-03-01
WA3,1680,2297,3977,17177,15308,32485,2015-03-01
WA4,1630,1978,3608,18077,16310,34387,2015-03-01
WA5,2493,3174,5667,21249,18581,39830,2015-03-01
WA6,572,663,1235,7605,7076,14681,2015-03-01
WA7,3768,5171,8939,19959,15920,35879,2015-03-01
WA8,3172,4169,7341,20619,16784,37403,2015-03-01
WA9,2913,3780,6693,14784,11140,25924,2015-03-01
WA10,1950,2433,4383,12470,10115,22585,2015-03-01
WA11,1749,2311,4060,14564,12189,26753,2015-03-01
WA12,1078,1466,2544,7323,6017,13340,2015-03-01
WA13,353,401,754,5174,4972,10146,2015-03-01
WA14,1299,1345,2644,10923,10027,20950,2015-03-01
WA15,1674,1777,3451,16700,15322,32022,2015-03-01
WA16,763,819,1582,9565,9030,18595,2015-03-01
WC1,80,64,144,241,102,343,2015-03-01
WC1,187,216,403,420,253,673,2015-03-01
WC1,222,216,438,471,313,784,2015-03-01
WC1,906,806,1712,1775,962,2737,2015-03-01
WC1,709,684,1393,1796,1102,2898,2015-03-01
WC1,40,37,77,176,110,286,2015-03-01
WC1,43,30,73,83,49,132,2015-03-01
WC1,951,842,1793,1825,1135,2960,2015-03-01
WC2,12,10,22,85,51,136,2015-03-01
WC2,186,153,339,505,244,749,2015-03-01
WC2,66,45,111,232,108,340,2015-03-01
WC2,383,264,647,826,377,1203,2015-03-01
WC2,81,52,133,238,112,350,2015-03-01
WC2,31,22,53,100,48,148,2015-03-01
WD1,35,35,70,94,62,156,2015-03-01
WD2,84,64,148,164,87,251,2015-03-01
WD3,1480,1754,3234,16043,15401,31444,2015-03-01
WD4,368,372,740,4444,4289,8733,2015-03-01
WD5,434,480,914,4333,4052,8385,2015-03-01
WD6,2153,2651,4804,13851,11686,25537,2015-03-01
WD7,416,505,921,5217,5045,10262,2015-03-01
WD17,878,918,1796,6237,5104,11341,2015-03-01
WD18,2225,2496,4721,8345,5885,14230,2015-03-01
WD19,1381,1788,3169,9863,9059,18922,2015-03-01
WD23,1011,1261,2272,9701,9389,19090,2015-03-01
WD24,1514,1703,3217,8076,6355,14431,2015-03-01
WD25,1380,1752,3132,10175,8897,19072,2015-03-01
WF1,2258,2723,4981,10686,7486,18172,2015-03-01
WF2,2635,3591,6226,16176,13017,29193,2015-03-01
WF3,1290,1853,3143,11839,10228,22067,2015-03-01
WF4,1685,2427,4112,15438,13053,28491,2015-03-01
WF5,854,1137,1991,7485,6449,13934,2015-03-01
WF6,1100,1477,2577,7046,5496,12542,2015-03-01
WF7,949,1442,2391,6833,5513,12346,2015-03-01
WF8,1540,2042,3582,10791,8716,19507,2015-03-01
WF9,2334,3085,5419,12086,8951,21037,2015-03-01
WF10,2562,3600,6162,14184,10538,24722,2015-03-01
WF11,946,1274,2220,5446,4176,9622,2015-03-01
WF12,1993,2639,4632,10605,7823,18428,2015-03-01
WF13,1892,2442,4334,7309,4644,11953,2015-03-01
WF14,718,1007,1725,7024,6246,13270,2015-03-01
WF15,817,1061,1878,6049,5110,11159,2015-03-01
WF16,649,874,1523,3754,2665,6419,2015-03-01
WF17,2409,3354,5763,12953,9095,22048,2015-03-01
WN1,948,1110,2058,6555,5087,11642,2015-03-01
WN2,2334,3243,5577,17117,13649,30766,2015-03-01
WN3,1284,1837,3121,10389,8380,18769,2015-03-01
WN4,1136,1496,2632,10292,8673,18965,2015-03-01
WN5,2081,2544,4625,14320,11374,25694,2015-03-01
WN6,1569,1857,3426,14363,12533,26896,2015-03-01
WN7,2506,3160,5666,15185,11925,27110,2015-03-01
WN8,2964,3985,6949,14718,11732,26450,2015-03-01
WR1,594,574,1168,2822,2187,5009,2015-03-01
WR2,1151,1348,2499,10149,8921,19070,2015-03-01
WR3,767,946,1713,7618,6849,14467,2015-03-01
WR4,1398,1849,3247,8332,7067,15399,2015-03-01
WR5,1272,1694,2966,11151,9685,20836,2015-03-01
WR6,331,369,700,5378,5067,10445,2015-03-01
WR7,116,124,240,2368,2243,4611,2015-03-01
WR8,247,249,496,3346,3224,6570,2015-03-01
WR9,1219,1519,2738,11583,10591,22174,2015-03-01
WR10,481,679,1160,7141,6629,13770,2015-03-01
WR11,1615,1978,3593,15603,13598,29201,2015-03-01
WR12,168,186,354,2323,2249,4572,2015-03-01
WR13,232,230,462,3408,3365,6773,2015-03-01
WR14,1609,1911,3520,12340,11333,23673,2015-03-01
WR15,227,254,481,2874,2582,5456,2015-03-01
WS1,2085,2551,4636,7083,4354,11437,2015-03-01
WS2,2734,3752,6486,9887,6338,16225,2015-03-01
WS3,3008,3897,6905,14590,10898,25488,2015-03-01
WS4,793,997,1790,5729,4627,10356,2015-03-01
WS5,919,1399,2318,7437,6248,13685,2015-03-01
WS6,568,791,1359,6770,5761,12531,2015-03-01
WS7,943,1297,2240,11269,9678,20947,2015-03-01
WS8,707,938,1645,5214,4120,9334,2015-03-01
WS9,878,1173,2051,9752,8488,18240,2015-03-01
WS10,3022,3984,7006,13126,9206,22332,2015-03-01
WS11,1766,2363,4129,14658,12309,26967,2015-03-01
WS12,1121,1580,2701,12605,10731,23336,2015-03-01
WS13,1058,1308,2366,9140,8068,17208,2015-03-01
WS14,513,601,1114,6851,6470,13321,2015-03-01
WS15,1494,1945,3439,13294,11440,24734,2015-03-01
WV1,1579,1574,3153,3955,2373,6328,2015-03-01
WV2,1720,1744,3464,3798,2368,6166,2015-03-01
WV3,1688,2013,3701,9592,7944,17536,2015-03-01
WV4,1665,2188,3853,11760,9515,21275,2015-03-01
WV5,406,561,967,5930,5323,11253,2015-03-01
WV6,2356,2905,5261,15369,13056,28425,2015-03-01
WV7,295,271,566,2258,1994,4252,2015-03-01
WV8,670,978,1648,5452,4827,10279,2015-03-01
WV9,265,403,668,2610,2291,4901,2015-03-01
WV10,3949,5316,9265,15713,11690,27403,2015-03-01
WV11,1808,2394,4202,11382,8653,20035,2015-03-01
WV12,1182,1582,2764,8555,6891,15446,2015-03-01
WV13,1281,1675,2956,6196,4722,10918,2015-03-01
WV14,2759,3733,6492,13706,10267,23973,2015-03-01
WV15,250,323,573,3387,2978,6365,2015-03-01
WV16,515,616,1131,6738,5986,12724,2015-03-01
YO1,274,285,559,1242,902,2144,2015-03-01
YO2,17,21,38,45,22,67,2015-03-01
YO3,29,28,57,58,36,94,2015-03-01
YO4,7,11,18,100,81,181,2015-03-01
YO5,4,9,13,32,23,55,2015-03-01
YO6,13,27,40,101,70,171,2015-03-01
YO7,611,775,1386,7634,6804,14438,2015-03-01
YO8,1598,2357,3955,16063,13756,29819,2015-03-01
YO10,1325,1627,2952,6748,5621,12369,2015-03-01
YO11,1198,1498,2696,6942,5263,12205,2015-03-01
YO12,1982,2655,4637,12979,10756,23735,2015-03-01
YO13,209,310,519,4103,3842,7945,2015-03-01
YO14,408,574,982,4113,3566,7679,2015-03-01
YO15,711,782,1493,4743,3679,8422,2015-03-01
YO16,1034,1493,2527,8375,6652,15027,2015-03-01
YO17,721,889,1610,7940,6881,14821,2015-03-01
YO18,309,391,700,4188,3839,8027,2015-03-01
YO19,356,420,776,4872,4638,9510,2015-03-01
YO21,519,629,1148,5371,4653,10024,2015-03-01
YO22,341,475,816,3092,2691,5783,2015-03-01
YO23,714,947,1661,6855,6476,13331,2015-03-01
YO24,1509,2146,3655,9928,8664,18592,2015-03-01
YO25,974,1291,2265,12911,11532,24443,2015-03-01
YO26,1280,1742,3022,10498,9213,19711,2015-03-01
YO30,1318,1628,2946,8571,7601,16172,2015-03-01
YO31,1371,1796,3167,8276,7127,15403,2015-03-01
YO32,949,1322,2271,10649,10004,20653,2015-03-01
YO41,241,348,589,4208,3982,8190,2015-03-01
YO42,426,592,1018,5590,5093,10683,2015-03-01
YO43,295,411,706,4831,4385,9216,2015-03-01
YO51,153,192,345,2172,2034,4206,2015-03-01
YO60,134,115,249,1932,1876,3808,2015-03-01
YO61,394,440,834,5429,5200,10629,2015-03-01
YO62,387,372,759,4593,4227,8820,2015-03-01
ZE1,446,550,996,2762,2196,4958,2015-03-01
ZE2,607,862,1469,5332,4580,9912,2015-03-01
ZE3,16,28,44,178,128,306,2015-03-01
TotalNA,3474438,4081880,7556318,20774137,17447328,38221465,2015-03-01
AB1,49,55,104,148,103,251,2016-03-01
AB2,26,28,54,115,52,167,2016-03-01
AB3,1,5,6,19,25,44,2016-03-01
AB4,0,0,0,6,10,16,2016-03-01
AB5,0,1,1,7,5,12,2016-03-01
AB9,29,17,46,65,10,75,2016-03-01
AB10,1438,1543,2981,7552,5923,13475,2016-03-01
AB11,1839,1998,3837,6460,4204,10664,2016-03-01
AB12,1190,1579,2769,9664,8382,18046,2016-03-01
AB13,101,123,224,1363,1309,2672,2016-03-01
AB14,225,259,484,1930,1803,3733,2016-03-01
AB15,1425,1839,3264,15078,13955,29033,2016-03-01
AB16,2267,2939,5206,8408,6152,14560,2016-03-01
AB21,869,1062,1931,8445,7274,15719,2016-03-01
AB22,601,818,1419,6360,5718,12078,2016-03-01
AB23,434,476,910,4416,3912,8328,2016-03-01
AB24,2972,3129,6101,9264,5646,14910,2016-03-01
AB25,1476,1346,2822,5213,3641,8854,2016-03-01
AB30,214,272,486,2904,2635,5539,2016-03-01
AB31,460,515,975,6343,5950,12293,2016-03-01
AB32,415,537,952,5207,4958,10165,2016-03-01
AB33,136,179,315,2192,1974,4166,2016-03-01
AB34,174,219,393,2151,2076,4227,2016-03-01
AB35,97,120,217,977,901,1878,2016-03-01
AB36,23,21,44,219,210,429,2016-03-01
AB37,41,55,96,538,459,997,2016-03-01
AB38,132,178,310,1740,1504,3244,2016-03-01
AB39,656,776,1432,6726,6310,13036,2016-03-01
AB41,638,907,1545,8378,7645,16023,2016-03-01
AB42,1467,1867,3334,11973,10149,22122,2016-03-01
AB43,1091,1323,2414,8165,7004,15169,2016-03-01
AB44,200,239,439,1340,1179,2519,2016-03-01
AB45,451,539,990,3965,3467,7432,2016-03-01
AB51,1009,1274,2283,13334,12225,25559,2016-03-01
AB52,117,187,304,2028,1837,3865,2016-03-01
AB53,346,499,845,4919,4226,9145,2016-03-01
AB54,384,519,903,4349,3806,8155,2016-03-01
AB55,289,453,742,3334,2845,6179,2016-03-01
AB56,678,752,1430,4869,4328,9197,2016-03-01
AL1,1797,1965,3762,13549,11916,25465,2016-03-01
AL2,886,1057,1943,9344,8727,18071,2016-03-01
AL3,1100,1296,2396,10718,10023,20741,2016-03-01
AL4,941,1099,2040,10550,10137,20687,2016-03-01
AL5,1038,1153,2191,12015,11700,23715,2016-03-01
AL6,342,333,675,4860,4710,9570,2016-03-01
AL7,1871,2335,4206,11605,10292,21897,2016-03-01
AL8,560,710,1270,4968,4654,9622,2016-03-01
AL9,389,440,829,4686,4267,8953,2016-03-01
AL10,2891,2642,5533,10610,7451,18061,2016-03-01
B1,744,650,1394,1833,958,2791,2016-03-01
B2,60,57,117,75,39,114,2016-03-01
B3,139,150,289,565,343,908,2016-03-01
B4,201,113,314,234,67,301,2016-03-01
B5,1165,1265,2430,2714,1612,4326,2016-03-01
B6,2505,2687,5192,4281,2167,6448,2016-03-01
B7,993,1267,2260,1566,868,2434,2016-03-01
B8,4777,5185,9962,9157,4808,13965,2016-03-01
B9,2621,3157,5778,5193,2871,8064,2016-03-01
B10,3161,3461,6622,5755,2859,8614,2016-03-01
B11,5253,5640,10893,10475,5458,15933,2016-03-01
B12,2606,2589,5195,4161,2041,6202,2016-03-01
B13,2823,3341,6164,11946,9231,21177,2016-03-01
B14,3063,3767,6830,12832,10475,23307,2016-03-01
B15,1427,1468,2895,4633,3519,8152,2016-03-01
B16,2641,2723,5364,5768,3423,9191,2016-03-01
B17,1558,1878,3436,8102,6772,14874,2016-03-01
B18,1855,2341,4196,3199,1965,5164,2016-03-01
B19,2873,3024,5897,3677,1876,5553,2016-03-01
B20,3652,4075,7727,9527,6594,16121,2016-03-01
B21,4149,4336,8485,6611,3775,10386,2016-03-01
B23,3566,4517,8083,11893,8869,20762,2016-03-01
B24,2118,2634,4752,8484,6473,14957,2016-03-01
B25,1442,1773,3215,4458,3041,7499,2016-03-01
B26,2014,2454,4468,10926,8390,19316,2016-03-01
B27,2032,2528,4560,7423,5229,12652,2016-03-01
B28,1712,2210,3922,10709,8589,19298,2016-03-01
B29,2960,3486,6446,9164,6971,16135,2016-03-01
B30,1854,2292,4146,8716,7882,16598,2016-03-01
B31,3905,5206,9111,16326,13128,29454,2016-03-01
B32,2759,3955,6714,10932,8596,19528,2016-03-01
B33,2820,3675,6495,9356,6610,15966,2016-03-01
B34,1309,1751,3060,5594,4270,9864,2016-03-01
B35,841,1107,1948,2350,1844,4194,2016-03-01
B36,2360,3276,5636,11322,8797,20119,2016-03-01
B37,2775,3536,6311,10102,7833,17935,2016-03-01
B38,1466,1976,3442,5799,4743,10542,2016-03-01
B42,1443,1948,3391,7636,6066,13702,2016-03-01
B43,1370,1759,3129,10331,8712,19043,2016-03-01
B44,2696,3600,6296,10411,8146,18557,2016-03-01
B45,1850,2553,4403,10045,8283,18328,2016-03-01
B46,408,486,894,4976,4480,9456,2016-03-01
B47,270,322,592,3927,3744,7671,2016-03-01
B48,176,182,358,2323,2124,4447,2016-03-01
B49,349,472,821,4036,3765,7801,2016-03-01
B50,184,210,394,2110,2036,4146,2016-03-01
B60,915,1057,1972,10119,9492,19611,2016-03-01
B61,988,1191,2179,9124,8085,17209,2016-03-01
B62,979,1263,2242,9029,7709,16738,2016-03-01
B63,1646,2188,3834,12627,10523,23150,2016-03-01
B64,982,1272,2254,5161,3982,9143,2016-03-01
B65,1414,1950,3364,7333,5553,12886,2016-03-01
B66,2669,3059,5728,4937,2740,7677,2016-03-01
B67,2805,3305,6110,8329,5707,14036,2016-03-01
B68,2071,2873,4944,9793,7396,17189,2016-03-01
B69,1935,2525,4460,8523,6285,14808,2016-03-01
B70,2563,3080,5643,7442,4427,11869,2016-03-01
B71,2077,2692,4769,9103,6468,15571,2016-03-01
B72,420,452,872,3812,3342,7154,2016-03-01
B73,911,1083,1994,8801,8023,16824,2016-03-01
B74,914,1047,1961,12875,12170,25045,2016-03-01
B75,1067,1369,2436,9719,9215,18934,2016-03-01
B76,949,913,1862,9008,7886,16894,2016-03-01
B77,2746,3974,6720,19589,16486,36075,2016-03-01
B78,925,1185,2110,8945,7863,16808,2016-03-01
B79,932,1236,2168,7962,6704,14666,2016-03-01
B80,253,278,531,2739,2502,5241,2016-03-01
B90,1654,2015,3669,17689,16104,33793,2016-03-01
B91,1195,1399,2594,13512,12638,26150,2016-03-01
B92,1664,2027,3691,13824,12050,25874,2016-03-01
B93,541,589,1130,7886,7735,15621,2016-03-01
B94,175,181,356,3223,3075,6298,2016-03-01
B95,196,201,397,2523,2456,4979,2016-03-01
B96,122,138,260,2133,2029,4162,2016-03-01
B97,1253,1608,2861,11701,10264,21965,2016-03-01
B98,2856,3968,6824,17081,13603,30684,2016-03-01
BA1,2227,2539,4766,13693,12444,26137,2016-03-01
BA2,3711,4123,7834,23405,20946,44351,2016-03-01
BA3,1358,1322,2680,13159,11966,25125,2016-03-01
BA4,629,783,1412,6821,6123,12944,2016-03-01
BA5,681,737,1418,6700,6359,13059,2016-03-01
BA6,623,662,1285,4951,4720,9671,2016-03-01
BA7,112,143,255,1344,1357,2701,2016-03-01
BA8,119,182,301,1715,1609,3324,2016-03-01
BA9,235,313,548,2835,2579,5414,2016-03-01
BA10,142,182,324,1304,1244,2548,2016-03-01
BA11,1267,1647,2914,11845,11083,22928,2016-03-01
BA12,1153,1428,2581,10997,9916,20913,2016-03-01
BA13,716,911,1627,7455,6779,14234,2016-03-01
BA14,2092,2373,4465,17077,15283,32360,2016-03-01
BA15,455,589,1044,5008,4984,9992,2016-03-01
BA16,582,665,1247,4425,3954,8379,2016-03-01
BA20,442,542,984,4079,3461,7540,2016-03-01
BA21,1576,2052,3628,11523,9503,21026,2016-03-01
BA22,484,507,991,7040,6546,13586,2016-03-01
BB1,4227,5467,9694,20221,14441,34662,2016-03-01
BB2,3592,4508,8100,18417,14321,32738,2016-03-01
BB3,1783,2280,4063,11285,9383,20668,2016-03-01
BB4,1795,2406,4201,14707,12784,27491,2016-03-01
BB5,3449,4432,7881,19528,15329,34857,2016-03-01
BB6,608,785,1393,5309,4650,9959,2016-03-01
BB7,1043,1222,2265,12006,11131,23137,2016-03-01
BB8,1139,1416,2555,7815,6729,14544,2016-03-01
BB9,2536,3220,5756,13910,10398,24308,2016-03-01
BB10,2112,2655,4767,12234,9547,21781,2016-03-01
BB11,1519,1932,3451,6791,5232,12023,2016-03-01
BB12,1713,2100,3813,12009,10114,22123,2016-03-01
BB18,658,871,1529,6078,5287,11365,2016-03-01
BD1,470,329,799,771,264,1035,2016-03-01
BD2,1766,2361,4127,9286,7182,16468,2016-03-01
BD3,3208,3685,6893,7104,3745,10849,2016-03-01
BD4,2186,3057,5243,7792,5549,13341,2016-03-01
BD5,2756,3235,5991,6577,3532,10109,2016-03-01
BD6,1695,2445,4140,8781,6992,15773,2016-03-01
BD7,3216,3389,6605,8739,5077,13816,2016-03-01
BD8,2705,3169,5874,7399,4110,11509,2016-03-01
BD9,1963,2600,4563,7475,5090,12565,2016-03-01
BD10,1340,1699,3039,8198,7098,15296,2016-03-01
BD11,385,554,939,3945,3607,7552,2016-03-01
BD12,891,1194,2085,5711,4675,10386,2016-03-01
BD13,1131,1370,2501,8928,7881,16809,2016-03-01
BD14,420,564,984,2701,2266,4967,2016-03-01
BD15,789,1123,1912,5121,4182,9303,2016-03-01
BD16,1023,1210,2233,9386,8488,17874,2016-03-01
BD17,687,834,1521,6662,5988,12650,2016-03-01
BD18,1609,2130,3739,8424,6770,15194,2016-03-01
BD19,924,1143,2067,7628,6673,14301,2016-03-01
BD20,1210,1600,2810,13361,12106,25467,2016-03-01
BD21,1752,2406,4158,6950,4682,11632,2016-03-01
BD22,1392,1801,3193,10129,8748,18877,2016-03-01
BD23,994,1263,2257,11278,10335,21613,2016-03-01
BD24,188,227,415,1993,1817,3810,2016-03-01
BD99,0,0,0,0,1,1,2016-03-01
BH1,1702,1656,3358,6383,4193,10576,2016-03-01
BH2,725,600,1325,2949,1997,4946,2016-03-01
BH3,285,291,576,2139,1793,3932,2016-03-01
BH4,444,440,884,3727,3123,6850,2016-03-01
BH5,681,692,1373,3638,2857,6495,2016-03-01
BH6,949,1069,2018,8452,7986,16438,2016-03-01
BH7,635,686,1321,4257,3762,8019,2016-03-01
BH8,1795,1855,3650,9412,7841,17253,2016-03-01
BH9,1518,1695,3213,9844,8956,18800,2016-03-01
BH10,791,922,1713,7363,6679,14042,2016-03-01
BH11,1011,1315,2326,7067,6174,13241,2016-03-01
BH12,1829,2125,3954,12335,10765,23100,2016-03-01
BH13,136,187,323,3367,3182,6549,2016-03-01
BH14,919,898,1817,9156,8516,17672,2016-03-01
BH15,1593,1783,3376,12007,10523,22530,2016-03-01
BH16,619,808,1427,5883,5440,11323,2016-03-01
BH17,924,1160,2084,8248,7795,16043,2016-03-01
BH18,245,265,510,5047,4813,9860,2016-03-01
BH19,423,595,1018,4343,3891,8234,2016-03-01
BH20,1003,890,1893,8330,7241,15571,2016-03-01
BH21,1028,1240,2268,16461,16133,32594,2016-03-01
BH22,661,714,1375,11093,10632,21725,2016-03-01
BH23,1799,1935,3734,20359,19579,39938,2016-03-01
BH24,687,714,1401,9761,9492,19253,2016-03-01
BH25,823,948,1771,9692,9442,19134,2016-03-01
BH31,314,327,641,5370,5282,10652,2016-03-01
BL0,608,792,1400,6466,6120,12586,2016-03-01
BL1,3884,4367,8251,20038,15626,35664,2016-03-01
BL2,2582,3198,5780,14902,12423,27325,2016-03-01
BL3,4488,5385,9873,19297,13766,33063,2016-03-01
BL4,2076,2769,4845,10247,7722,17969,2016-03-01
BL5,1065,1266,2331,10005,9081,19086,2016-03-01
BL6,1294,1501,2795,10934,9704,20638,2016-03-01
BL7,420,530,950,6155,5920,12075,2016-03-01
BL8,1392,1682,3074,13408,12111,25519,2016-03-01
BL9,2952,3625,6577,15932,12655,28587,2016-03-01
BN1,6086,5932,12018,25706,21271,46977,2016-03-01
BN2,6911,7567,14478,27289,21506,48795,2016-03-01
BN3,5281,5624,10905,27259,22982,50241,2016-03-01
BN5,195,221,416,2888,2884,5772,2016-03-01
BN6,627,621,1248,6691,6741,13432,2016-03-01
BN7,1121,1409,2530,6901,6589,13490,2016-03-01
BN8,507,568,1075,6354,6200,12554,2016-03-01
BN9,737,977,1714,4525,3815,8340,2016-03-01
BN10,859,1101,1960,6785,5845,12630,2016-03-01
BN11,1941,2147,4088,10711,8971,19682,2016-03-01
BN12,787,909,1696,7929,7613,15542,2016-03-01
BN13,1177,1341,2518,10142,9548,19690,2016-03-01
BN14,1329,1582,2911,11231,10447,21678,2016-03-01
BN15,1251,1570,2821,10017,8717,18734,2016-03-01
BN16,848,963,1811,10797,10655,21452,2016-03-01
BN17,1525,1910,3435,10124,8624,18748,2016-03-01
BN18,525,515,1040,5108,4898,10006,2016-03-01
BN20,795,972,1767,7634,7450,15084,2016-03-01
BN21,1465,1559,3024,7997,6709,14706,2016-03-01
BN22,1889,2384,4273,10652,9184,19836,2016-03-01
BN23,1259,1678,2937,9883,8828,18711,2016-03-01
BN24,249,316,565,3605,3408,7013,2016-03-01
BN25,878,1193,2071,8946,8349,17295,2016-03-01
BN26,344,429,773,4292,4034,8326,2016-03-01
BN27,1065,1285,2350,10068,9394,19462,2016-03-01
BN41,1378,1687,3065,6692,5985,12677,2016-03-01
BN42,533,602,1135,3626,3167,6793,2016-03-01
BN43,1148,1208,2356,8256,7590,15846,2016-03-01
BN44,325,364,689,4048,3988,8036,2016-03-01
BN45,27,23,50,245,220,465,2016-03-01
BR1,3907,4841,8748,19141,17079,36220,2016-03-01
BR2,2258,2486,4744,16806,15653,32459,2016-03-01
BR3,2488,2883,5371,17838,16449,34287,2016-03-01
BR4,912,817,1729,7509,7187,14696,2016-03-01
BR5,2706,3492,6198,15477,13983,29460,2016-03-01
BR6,2018,2297,4315,17843,17036,34879,2016-03-01
BR7,627,809,1436,6875,6594,13469,2016-03-01
BR8,1049,1394,2443,8281,7245,15526,2016-03-01
BS1,761,729,1490,2858,1515,4373,2016-03-01
BS2,1673,1707,3380,4018,2622,6640,2016-03-01
BS3,2171,2526,4697,12110,9909,22019,2016-03-01
BS4,2895,3712,6607,15802,12700,28502,2016-03-01
BS5,4666,5129,9795,16120,11730,27850,2016-03-01
BS6,1880,1999,3879,10313,9272,19585,2016-03-01
BS7,2578,2724,5302,13036,10808,23844,2016-03-01
BS8,1281,1340,2621,8367,7072,15439,2016-03-01
BS9,1222,1307,2529,12119,11240,23359,2016-03-01
BS10,1759,2359,4118,8945,7333,16278,2016-03-01
BS11,1185,1476,2661,5772,4453,10225,2016-03-01
BS12,16,11,27,62,20,82,2016-03-01
BS13,1882,2557,4439,8952,6942,15894,2016-03-01
BS14,1213,1540,2753,10556,9186,19742,2016-03-01
BS15,1916,2356,4272,17221,14937,32158,2016-03-01
BS16,3354,3743,7097,26193,22848,49041,2016-03-01
BS17,9,13,22,52,41,93,2016-03-01
BS18,11,10,21,61,46,107,2016-03-01
BS19,2,8,10,31,33,64,2016-03-01
BS20,895,1070,1965,12068,11141,23209,2016-03-01
BS21,778,1004,1782,9083,8486,17569,2016-03-01
BS22,1346,1860,3206,14224,12557,26781,2016-03-01
BS23,2039,2396,4435,11497,8874,20371,2016-03-01
BS24,591,812,1403,7138,6663,13801,2016-03-01
BS25,170,172,342,2653,2475,5128,2016-03-01
BS26,158,158,316,2038,1961,3999,2016-03-01
BS27,212,217,429,2841,2629,5470,2016-03-01
BS28,81,89,170,1404,1384,2788,2016-03-01
BS29,83,102,185,1131,986,2117,2016-03-01
BS30,883,1113,1996,11483,10774,22257,2016-03-01
BS31,725,872,1597,7607,6912,14519,2016-03-01
BS32,855,1000,1855,9120,8261,17381,2016-03-01
BS34,1502,1722,3224,10797,9150,19947,2016-03-01
BS35,700,848,1548,8949,8232,17181,2016-03-01
BS36,468,453,921,6371,5994,12365,2016-03-01
BS37,1390,1703,3093,14496,12917,27413,2016-03-01
BS39,408,475,883,6135,5710,11845,2016-03-01
BS40,296,334,630,5388,5284,10672,2016-03-01
BS41,165,190,355,2370,2273,4643,2016-03-01
BS48,766,849,1615,9324,8841,18165,2016-03-01
BS49,407,467,874,4553,4370,8923,2016-03-01
BS99,1,1,2,2,1,3,2016-03-01
CA1,1352,1766,3118,7167,5703,12870,2016-03-01
CA2,1865,2636,4501,12393,9682,22075,2016-03-01
CA3,476,578,1054,5044,4545,9589,2016-03-01
CA4,202,247,449,3806,3682,7488,2016-03-01
CA5,175,203,378,2792,2626,5418,2016-03-01
CA6,246,316,562,3656,3193,6849,2016-03-01
CA7,717,936,1653,8638,7821,16459,2016-03-01
CA8,292,433,725,4009,3609,7618,2016-03-01
CA9,75,110,185,881,757,1638,2016-03-01
CA10,313,419,732,5728,5276,11004,2016-03-01
CA11,772,934,1706,7976,7060,15036,2016-03-01
CA12,288,366,654,3028,2727,5755,2016-03-01
CA13,475,605,1080,5865,5303,11168,2016-03-01
CA14,1529,2140,3669,12066,9719,21785,2016-03-01
CA15,721,959,1680,5434,4354,9788,2016-03-01
CA16,133,211,344,2430,2251,4681,2016-03-01
CA17,126,176,302,1902,1660,3562,2016-03-01
CA18,10,8,18,126,121,247,2016-03-01
CA19,29,29,58,474,415,889,2016-03-01
CA20,86,100,186,1364,1208,2572,2016-03-01
CA21,26,22,48,331,282,613,2016-03-01
CA22,416,583,999,3178,2554,5732,2016-03-01
CA23,56,83,139,558,464,1022,2016-03-01
CA24,35,49,84,397,329,726,2016-03-01
CA25,307,397,704,1922,1504,3426,2016-03-01
CA26,152,207,359,1325,1108,2433,2016-03-01
CA27,56,73,129,630,558,1188,2016-03-01
CA28,1371,1758,3129,9413,7505,16918,2016-03-01
CB1,3398,3589,6987,16326,13749,30075,2016-03-01
CB2,1220,1285,2505,6496,5685,12181,2016-03-01
CB3,1086,1299,2385,7288,6687,13975,2016-03-01
CB4,3426,3883,7309,16953,14042,30995,2016-03-01
CB5,995,1133,2128,5291,4447,9738,2016-03-01
CB6,1198,1558,2756,14096,12710,26806,2016-03-01
CB7,982,1154,2136,9939,8791,18730,2016-03-01
CB8,1445,1652,3097,11814,10676,22490,2016-03-01
CB9,1476,2021,3497,11020,9155,20175,2016-03-01
CB10,493,600,1093,5283,5013,10296,2016-03-01
CB11,630,722,1352,6893,6339,13232,2016-03-01
CB21,362,405,767,4616,4286,8902,2016-03-01
CB22,609,607,1216,6877,6195,13072,2016-03-01
CB23,829,943,1772,9193,8440,17633,2016-03-01
CB24,874,899,1773,9392,8458,17850,2016-03-01
CB25,388,413,801,5059,4514,9573,2016-03-01
CF1,55,46,101,85,29,114,2016-03-01
CF2,32,25,57,85,41,126,2016-03-01
CF3,2524,3346,5870,12869,11389,24258,2016-03-01
CF4,30,20,50,101,65,166,2016-03-01
CF5,3694,4590,8284,20293,17906,38199,2016-03-01
CF6,73,62,135,88,43,131,2016-03-01
CF7,10,4,14,34,32,66,2016-03-01
CF8,26,26,52,97,63,160,2016-03-01
CF10,1203,1001,2204,3559,2222,5781,2016-03-01
CF11,3078,2873,5951,10259,7121,17380,2016-03-01
CF14,3047,3486,6533,25751,24115,49866,2016-03-01
CF15,544,640,1184,6948,6686,13634,2016-03-01
CF23,2211,2814,5025,15634,14579,30213,2016-03-01
CF24,4753,4116,8869,11293,7606,18899,2016-03-01
CF31,1771,2332,4103,15567,13815,29382,2016-03-01
CF32,1389,1810,3199,10246,8485,18731,2016-03-01
CF33,679,1001,1680,4887,3990,8877,2016-03-01
CF34,1012,1359,2371,6600,5100,11700,2016-03-01
CF35,422,552,974,5727,5110,10837,2016-03-01
CF36,508,635,1143,6059,5506,11565,2016-03-01
CF37,2101,2364,4465,11801,9253,21054,2016-03-01
CF38,718,1016,1734,8333,7575,15908,2016-03-01
CF39,1378,2053,3431,9244,7261,16505,2016-03-01
CF40,990,1458,2448,6457,4778,11235,2016-03-01
CF41,490,682,1172,3472,2636,6108,2016-03-01
CF42,645,904,1549,4173,3182,7355,2016-03-01
CF43,662,990,1652,3576,2485,6061,2016-03-01
CF44,1896,2759,4655,12849,10031,22880,2016-03-01
CF45,1125,1552,2677,5936,4438,10374,2016-03-01
CF46,602,902,1504,4974,4188,9162,2016-03-01
CF47,1265,1764,3029,6492,4786,11278,2016-03-01
CF48,1324,1896,3220,8660,6874,15534,2016-03-01
CF61,483,571,1054,3656,3361,7017,2016-03-01
CF62,1849,2332,4181,13710,12657,26367,2016-03-01
CF63,1324,1656,2980,6291,5442,11733,2016-03-01
CF64,1432,1746,3178,13261,12531,25792,2016-03-01
CF71,216,227,443,3768,3658,7426,2016-03-01
CF72,827,1080,1907,9269,8697,17966,2016-03-01
CF81,924,1350,2274,4955,3549,8504,2016-03-01
CF82,861,1229,2090,6592,5450,12042,2016-03-01
CF83,2552,3358,5910,17436,14889,32325,2016-03-01
CH1,1973,2312,4285,9134,7119,16253,2016-03-01
CH2,1570,1894,3464,12405,10940,23345,2016-03-01
CH3,1161,1304,2465,13023,12067,25090,2016-03-01
CH4,1549,1902,3451,11556,10507,22063,2016-03-01
CH5,2078,2616,4694,14643,12293,26936,2016-03-01
CH6,879,1228,2107,5431,4473,9904,2016-03-01
CH7,1743,2291,4034,18465,16759,35224,2016-03-01
CH8,934,1288,2222,7558,6442,14000,2016-03-01
CH41,1601,1883,3484,4249,2921,7170,2016-03-01
CH42,2434,2890,5324,8200,6553,14753,2016-03-01
CH43,2134,2415,4549,12544,10906,23450,2016-03-01
CH44,2264,2704,4968,8105,6175,14280,2016-03-01
CH45,1704,2031,3735,10348,9181,19529,2016-03-01
CH46,1484,1813,3297,8286,6973,15259,2016-03-01
CH47,436,535,971,4066,3962,8028,2016-03-01
CH48,614,592,1206,5725,5594,11319,2016-03-01
CH49,1439,1795,3234,9839,8998,18837,2016-03-01
CH60,323,340,663,5335,5285,10620,2016-03-01
CH61,599,694,1293,6528,6387,12915,2016-03-01
CH62,1578,1835,3413,9712,8457,18169,2016-03-01
CH63,1271,1431,2702,10922,10421,21343,2016-03-01
CH64,593,682,1275,7522,7051,14573,2016-03-01
CH65,1845,2357,4202,8275,6643,14918,2016-03-01
CH66,1481,1905,3386,12795,11444,24239,2016-03-01
CM0,589,716,1305,6574,5763,12337,2016-03-01
CM1,2997,3412,6409,22525,19846,42371,2016-03-01
CM2,2446,2960,5406,21942,19690,41632,2016-03-01
CM3,1694,2029,3723,22013,20646,42659,2016-03-01
CM4,328,349,677,4344,4143,8487,2016-03-01
CM5,340,389,729,4430,4116,8546,2016-03-01
CM6,676,805,1481,10484,9909,20393,2016-03-01
CM7,2165,2806,4971,17577,15030,32607,2016-03-01
CM8,1514,2038,3552,11473,9994,21467,2016-03-01
CM9,1250,1573,2823,13068,11800,24868,2016-03-01
CM11,731,786,1517,7807,7319,15126,2016-03-01
CM12,689,771,1460,8132,7614,15746,2016-03-01
CM13,938,1071,2009,9853,9086,18939,2016-03-01
CM14,890,1124,2014,7561,6821,14382,2016-03-01
CM15,798,941,1739,9390,8929,18319,2016-03-01
CM16,745,894,1639,8956,8261,17217,2016-03-01
CM17,832,1067,1899,8057,7353,15410,2016-03-01
CM18,1656,2128,3784,8398,6635,15033,2016-03-01
CM19,1315,1585,2900,7574,5998,13572,2016-03-01
CM20,1655,2073,3728,7209,5388,12597,2016-03-01
CM21,342,406,748,4520,4069,8589,2016-03-01
CM22,424,504,928,5823,5367,11190,2016-03-01
CM23,1625,1869,3494,15391,14127,29518,2016-03-01
CM24,243,265,508,2884,2582,5466,2016-03-01
CM77,483,543,1026,5912,5664,11576,2016-03-01
CO1,1086,1256,2342,4804,3715,8519,2016-03-01
CO2,2020,2592,4612,11524,9308,20832,2016-03-01
CO3,1273,1480,2753,10754,9753,20507,2016-03-01
CO4,2707,3359,6066,15684,13084,28768,2016-03-01
CO5,864,1042,1906,11363,10508,21871,2016-03-01
CO6,840,1006,1846,11275,10628,21903,2016-03-01
CO7,1160,1359,2519,13170,11950,25120,2016-03-01
CO8,72,78,150,939,891,1830,2016-03-01
CO9,865,1054,1919,9611,8710,18321,2016-03-01
CO10,1827,2282,4109,17675,15761,33436,2016-03-01
CO11,409,524,933,5025,4614,9639,2016-03-01
CO12,1014,1343,2357,7841,6357,14198,2016-03-01
CO13,370,461,831,4818,4422,9240,2016-03-01
CO14,266,362,628,2318,1902,4220,2016-03-01
CO15,2150,2588,4738,15137,12273,27410,2016-03-01
CO16,988,1244,2232,9096,7806,16902,2016-03-01
CR0,15642,17630,33272,48632,37420,86052,2016-03-01
CR2,2852,3271,6123,17878,16037,33915,2016-03-01
CR3,1230,1448,2678,10881,10255,21136,2016-03-01
CR4,7918,7833,15751,19493,13264,32757,2016-03-01
CR5,1373,1586,2959,10864,10280,21144,2016-03-01
CR6,332,365,697,3949,3740,7689,2016-03-01
CR7,6527,6436,12963,13969,10231,24200,2016-03-01
CR8,1759,1990,3749,12384,11352,23736,2016-03-01
CR9,59,44,103,59,26,85,2016-03-01
CT1,1931,2231,4162,7521,5990,13511,2016-03-01
CT2,1693,1885,3578,8423,7239,15662,2016-03-01
CT3,735,948,1683,6480,5911,12391,2016-03-01
CT4,567,671,1238,6828,6601,13429,2016-03-01
CT5,1312,1531,2843,12218,11531,23749,2016-03-01
CT6,1578,1870,3448,14027,12707,26734,2016-03-01
CT7,383,530,913,4478,4012,8490,2016-03-01
CT8,427,462,889,2489,2271,4760,2016-03-01
CT9,3016,3397,6413,13222,10631,23853,2016-03-01
CT10,1248,1412,2660,8832,8155,16987,2016-03-01
CT11,2035,2258,4293,9277,7603,16880,2016-03-01
CT12,1082,1317,2399,6094,5158,11252,2016-03-01
CT13,397,419,816,3261,2975,6236,2016-03-01
CT14,1651,1956,3607,12209,10699,22908,2016-03-01
CT15,450,594,1044,5147,4686,9833,2016-03-01
CT16,1233,1362,2595,6542,5142,11684,2016-03-01
CT17,1348,1624,2972,6528,5092,11620,2016-03-01
CT18,451,510,961,5539,5148,10687,2016-03-01
CT19,1779,2161,3940,9002,7438,16440,2016-03-01
CT20,1365,1519,2884,7279,5514,12793,2016-03-01
CT21,603,742,1345,6474,6015,12489,2016-03-01
CV1,3903,3165,7068,6456,2746,9202,2016-03-01
CV2,5075,6408,11483,19435,14195,33630,2016-03-01
CV3,4052,5054,9106,22240,17677,39917,2016-03-01
CV4,2168,2540,4708,9736,7601,17337,2016-03-01
CV5,2296,2595,4891,17157,14623,31780,2016-03-01
CV6,6752,8390,15142,26653,19317,45970,2016-03-01
CV7,1069,1399,2468,11040,9733,20773,2016-03-01
CV8,1053,1172,2225,12341,11638,23979,2016-03-01
CV9,861,1098,1959,8008,6773,14781,2016-03-01
CV10,2459,3362,5821,17299,14205,31504,2016-03-01
CV11,1842,2271,4113,14113,11648,25761,2016-03-01
CV12,1423,1992,3415,10933,9087,20020,2016-03-01
CV13,233,325,558,4412,4110,8522,2016-03-01
CV21,2142,2674,4816,12253,9253,21506,2016-03-01
CV22,1432,1725,3157,13242,11551,24793,2016-03-01
CV23,611,738,1349,8700,8014,16714,2016-03-01
CV31,1770,2134,3904,9794,7705,17499,2016-03-01
CV32,1438,1715,3153,11678,10055,21733,2016-03-01
CV33,199,251,450,2625,2486,5111,2016-03-01
CV34,1305,1584,2889,11453,10171,21624,2016-03-01
CV35,650,742,1392,10170,9890,20060,2016-03-01
CV36,264,310,574,3885,3696,7581,2016-03-01
CV37,1518,1845,3363,15755,14735,30490,2016-03-01
CV47,569,660,1229,6720,6184,12904,2016-03-01
CW1,2239,2743,4982,13116,10721,23837,2016-03-01
CW2,1954,2161,4115,14057,12007,26064,2016-03-01
CW3,256,309,565,3653,3460,7113,2016-03-01
CW4,255,251,506,3872,3742,7614,2016-03-01
CW5,895,981,1876,11114,10498,21612,2016-03-01
CW6,283,378,661,5179,5063,10242,2016-03-01
CW7,1692,2193,3885,10798,9049,19847,2016-03-01
CW8,1224,1412,2636,13936,12807,26743,2016-03-01
CW9,1192,1435,2627,12558,11139,23697,2016-03-01
CW10,459,570,1029,5706,5224,10930,2016-03-01
CW11,702,859,1561,8688,8135,16823,2016-03-01
CW12,959,1099,2058,11316,10447,21763,2016-03-01
DA1,3259,4061,7320,18280,14844,33124,2016-03-01
DA2,922,1256,2178,8224,7374,15598,2016-03-01
DA3,580,624,1204,6911,6569,13480,2016-03-01
DA4,318,375,693,3785,3489,7274,2016-03-01
DA5,843,889,1732,8027,7443,15470,2016-03-01
DA6,525,619,1144,3673,3183,6856,2016-03-01
DA7,1608,2004,3612,12823,11406,24229,2016-03-01
DA8,2727,3439,6166,10212,8428,18640,2016-03-01
DA9,594,692,1286,4534,3904,8438,2016-03-01
DA10,420,543,963,2138,1640,3778,2016-03-01
DA11,2437,2925,5362,12809,9820,22629,2016-03-01
DA12,2873,3435,6308,16160,13137,29297,2016-03-01
DA13,390,425,815,6100,5860,11960,2016-03-01
DA14,1085,1377,2462,7463,6783,14246,2016-03-01
DA15,1237,1503,2740,10729,9674,20403,2016-03-01
DA16,1999,2623,4622,12777,10900,23677,2016-03-01
DA17,1281,1688,2969,5636,4500,10136,2016-03-01
DA18,674,844,1518,1291,883,2174,2016-03-01
DD1,984,834,1818,2047,1374,3421,2016-03-01
DD2,2613,3287,5900,12374,10358,22732,2016-03-01
DD3,2656,3099,5755,10888,8216,19104,2016-03-01
DD4,3204,4032,7236,12312,9668,21980,2016-03-01
DD5,1013,1255,2268,11983,11349,23332,2016-03-01
DD6,409,539,948,3446,3242,6688,2016-03-01
DD7,436,624,1060,4648,4168,8816,2016-03-01
DD8,1089,1414,2503,10431,9136,19567,2016-03-01
DD9,535,687,1222,4049,3566,7615,2016-03-01
DD10,872,1172,2044,7784,6650,14434,2016-03-01
DD11,1285,1687,2972,9486,7882,17368,2016-03-01
DE1,1132,1052,2184,3592,2022,5614,2016-03-01
DE2,16,9,25,29,9,38,2016-03-01
DE3,525,685,1210,6753,6027,12780,2016-03-01
DE4,1115,1443,2558,13012,11556,24568,2016-03-01
DE5,774,1111,1885,7879,6620,14499,2016-03-01
DE6,689,863,1552,10014,9289,19303,2016-03-01
DE7,2367,3102,5469,16915,13793,30708,2016-03-01
DE11,1829,2345,4174,15293,13171,28464,2016-03-01
DE12,689,853,1542,7930,6971,14901,2016-03-01
DE13,1293,1733,3026,15086,13664,28750,2016-03-01
DE14,1888,2303,4191,9082,6283,15365,2016-03-01
DE15,1191,1504,2695,8111,6635,14746,2016-03-01
DE21,2871,3917,6788,19361,15941,35302,2016-03-01
DE22,2331,2859,5190,14504,12045,26549,2016-03-01
DE23,4385,5070,9455,17500,12697,30197,2016-03-01
DE24,3577,4873,8450,16665,12375,29040,2016-03-01
DE45,220,278,498,3352,3199,6551,2016-03-01
DE55,2015,2677,4692,17673,14746,32419,2016-03-01
DE56,1250,1610,2860,14922,13552,28474,2016-03-01
DE65,632,792,1424,8681,8076,16757,2016-03-01
DE72,623,849,1472,8013,7431,15444,2016-03-01
DE73,583,776,1359,7078,6604,13682,2016-03-01
DE74,406,453,859,4330,3739,8069,2016-03-01
DE75,855,1037,1892,6153,5147,11300,2016-03-01
DG1,1109,1383,2492,9574,8545,18119,2016-03-01
DG2,1257,1674,2931,7624,6576,14200,2016-03-01
DG3,158,237,395,1746,1604,3350,2016-03-01
DG4,238,354,592,1484,1064,2548,2016-03-01
DG5,215,253,468,1928,1731,3659,2016-03-01
DG6,251,299,550,1858,1711,3569,2016-03-01
DG7,406,516,922,4652,4382,9034,2016-03-01
DG8,489,702,1191,4718,4127,8845,2016-03-01
DG9,784,971,1755,5607,4800,10407,2016-03-01
DG10,171,199,370,1503,1310,2813,2016-03-01
DG11,474,657,1131,4943,4395,9338,2016-03-01
DG12,634,790,1424,4295,3604,7899,2016-03-01
DG13,139,151,290,1101,934,2035,2016-03-01
DG14,34,57,91,564,491,1055,2016-03-01
DG16,142,200,342,1402,1165,2567,2016-03-01
DH1,1865,2263,4128,13435,11752,25187,2016-03-01
DH2,1349,1942,3291,10423,8459,18882,2016-03-01
DH3,1205,1699,2904,8574,6952,15526,2016-03-01
DH4,1538,2064,3602,11008,8974,19982,2016-03-01
DH5,997,1448,2445,6201,4616,10817,2016-03-01
DH6,1495,2168,3663,11085,8915,20000,2016-03-01
DH7,1760,2583,4343,13826,11461,25287,2016-03-01
DH8,1635,2343,3978,12728,10595,23323,2016-03-01
DH9,1892,2695,4587,11371,8543,19914,2016-03-01
DL1,2706,3618,6324,14245,10632,24877,2016-03-01
DL2,409,509,918,6854,6567,13421,2016-03-01
DL3,2150,2729,4879,14776,12474,27250,2016-03-01
DL4,597,742,1339,2814,2039,4853,2016-03-01
DL5,1458,2083,3541,9662,7989,17651,2016-03-01
DL6,500,666,1166,5829,5316,11145,2016-03-01
DL7,337,488,825,5894,5559,11453,2016-03-01
DL8,417,571,988,7514,6965,14479,2016-03-01
DL9,1565,1219,2784,4859,3132,7991,2016-03-01
DL10,617,826,1443,7060,6610,13670,2016-03-01
DL11,93,135,228,2150,2018,4168,2016-03-01
DL12,369,487,856,4479,4031,8510,2016-03-01
DL13,415,613,1028,5315,4502,9817,2016-03-01
DL14,1659,2245,3904,12450,10124,22574,2016-03-01
DL15,864,1327,2191,7546,6092,13638,2016-03-01
DL16,832,1155,1987,6633,5443,12076,2016-03-01
DL17,840,1279,2119,5784,4390,10174,2016-03-01
DN1,922,834,1756,2152,939,3091,2016-03-01
DN2,1554,2033,3587,7469,5533,13002,2016-03-01
DN3,1096,1545,2641,10690,9027,19717,2016-03-01
DN4,2704,3472,6176,16971,13313,30284,2016-03-01
DN5,1860,2529,4389,13196,11036,24232,2016-03-01
DN6,1749,2432,4181,9590,7450,17040,2016-03-01
DN7,1093,1527,2620,7394,5893,13287,2016-03-01
DN8,956,1272,2228,5735,4259,9994,2016-03-01
DN9,570,714,1284,7845,7415,15260,2016-03-01
DN10,328,457,785,4975,4480,9455,2016-03-01
DN11,1334,1865,3199,9403,7769,17172,2016-03-01
DN12,1507,2003,3510,6806,5013,11819,2016-03-01
DN14,1862,2791,4653,16428,13452,29880,2016-03-01
DN15,2045,2527,4572,11599,8794,20393,2016-03-01
DN16,1565,1927,3492,9981,8146,18127,2016-03-01
DN17,1679,2167,3846,12885,10694,23579,2016-03-01
DN18,482,734,1216,4187,3413,7600,2016-03-01
DN19,188,241,429,2432,2147,4579,2016-03-01
DN20,595,814,1409,7286,6369,13655,2016-03-01
DN21,1671,2232,3903,13303,11368,24671,2016-03-01
DN22,1357,1781,3138,12859,11312,24171,2016-03-01
DN31,809,948,1757,2314,1466,3780,2016-03-01
DN32,2356,2654,5010,7587,5412,12999,2016-03-01
DN33,1216,1426,2642,6069,5020,11089,2016-03-01
DN34,1120,1438,2558,6267,4878,11145,2016-03-01
DN35,1891,2398,4289,10927,8671,19598,2016-03-01
DN36,578,708,1286,7723,7036,14759,2016-03-01
DN37,886,1140,2026,7973,6953,14926,2016-03-01
DN38,85,123,208,1129,991,2120,2016-03-01
DN39,77,124,201,1135,937,2072,2016-03-01
DN40,659,982,1641,4326,3246,7572,2016-03-01
DN41,152,211,363,2553,2363,4916,2016-03-01
DT1,816,967,1783,6690,6079,12769,2016-03-01
DT2,686,780,1466,10337,10019,20356,2016-03-01
DT3,834,1015,1849,8935,8203,17138,2016-03-01
DT4,2093,2355,4448,12608,10669,23277,2016-03-01
DT5,678,881,1559,4111,3430,7541,2016-03-01
DT6,729,877,1606,8386,8079,16465,2016-03-01
DT7,193,239,432,2078,2005,4083,2016-03-01
DT8,188,216,404,2392,2313,4705,2016-03-01
DT9,661,843,1504,7930,7719,15649,2016-03-01
DT10,305,344,649,4723,4511,9234,2016-03-01
DT11,1131,1254,2385,11940,10513,22453,2016-03-01
DY1,1915,2385,4300,9905,7551,17456,2016-03-01
DY2,2229,2962,5191,10077,7270,17347,2016-03-01
DY3,1258,1709,2967,11984,10084,22068,2016-03-01
DY4,2768,3637,6405,12534,8964,21498,2016-03-01
DY5,2073,2801,4874,13553,10669,24222,2016-03-01
DY6,749,1044,1793,10730,9505,20235,2016-03-01
DY7,199,241,440,3265,3129,6394,2016-03-01
DY8,1950,2432,4382,18043,15829,33872,2016-03-01
DY9,1241,1564,2805,10680,9246,19926,2016-03-01
DY10,1568,1964,3532,12616,11122,23738,2016-03-01
DY11,1330,1691,3021,10828,9198,20026,2016-03-01
DY12,368,444,812,4996,4531,9527,2016-03-01
DY13,765,1005,1770,8629,7624,16253,2016-03-01
DY14,197,229,426,3464,3127,6591,2016-03-01
E1,10827,7703,18530,15585,7561,23146,2016-03-01
E1,958,1096,2054,4194,2769,6963,2016-03-01
E2,5432,5127,10559,10656,6279,16935,2016-03-01
E3,6339,5978,12317,12670,7740,20410,2016-03-01
E4,4168,4852,9020,21489,17972,39461,2016-03-01
E5,7027,7175,14202,11221,7432,18653,2016-03-01
E6,15633,12057,27690,22242,11417,33659,2016-03-01
E7,12092,8287,20379,15139,7744,22883,2016-03-01
E8,5232,5664,10896,9595,6646,16241,2016-03-01
E9,5389,5965,11354,8770,6058,14828,2016-03-01
E10,7478,6274,13752,13543,7521,21064,2016-03-01
E11,6587,6279,12866,17821,12775,30596,2016-03-01
E12,9056,6383,15439,11524,6032,17556,2016-03-01
E13,9362,7235,16597,12164,6253,18417,2016-03-01
E14,8887,9005,17892,22323,12784,35107,2016-03-01
E15,8623,7461,16084,13680,7392,21072,2016-03-01
E16,6400,6897,13297,12165,7099,19264,2016-03-01
E17,14316,13281,27597,31702,20451,52153,2016-03-01
E18,1256,1386,2642,7044,6015,13059,2016-03-01
EC1,61,46,107,309,169,478,2016-03-01
EC1,87,85,172,462,267,729,2016-03-01
EC1,301,301,602,672,343,1015,2016-03-01
EC1,1,2,3,4,0,4,2016-03-01
EC1,533,586,1119,1437,939,2376,2016-03-01
EC1,1457,1374,2831,3122,1843,4965,2016-03-01
EC1,371,388,759,995,556,1551,2016-03-01
EC2,104,72,176,540,242,782,2016-03-01
EC2,17,6,23,183,34,217,2016-03-01
EC2,5,3,8,29,4,33,2016-03-01
EC2,0,0,0,11,2,13,2016-03-01
EC2,1,1,2,35,11,46,2016-03-01
EC2,3,5,8,105,29,134,2016-03-01
EC2,172,158,330,1365,956,2321,2016-03-01
EC3,12,4,16,58,8,66,2016-03-01
EC3,5,4,9,19,10,29,2016-03-01
EC3,22,17,39,125,60,185,2016-03-01
EC3,1,0,1,3,2,5,2016-03-01
EC3,7,3,10,44,19,63,2016-03-01
EC3,4,1,5,47,15,62,2016-03-01
EC4,44,18,62,150,83,233,2016-03-01
EC4,13,11,24,147,50,197,2016-03-01
EC4,5,2,7,49,15,64,2016-03-01
EC4,0,0,0,13,6,19,2016-03-01
EC4,3,5,8,42,16,58,2016-03-01
EC4,20,24,44,170,95,265,2016-03-01
EC4,11,12,23,119,65,184,2016-03-01
EH1,507,458,965,1403,965,2368,2016-03-01
EH2,76,71,147,313,204,517,2016-03-01
EH3,1676,1691,3367,6996,5955,12951,2016-03-01
EH4,3511,4027,7538,17492,15448,32940,2016-03-01
EH5,1385,1644,3029,5834,4750,10584,2016-03-01
EH6,2969,3112,6081,11322,8894,20216,2016-03-01
EH7,2540,2770,5310,9440,7457,16897,2016-03-01
EH8,1706,1764,3470,5837,4570,10407,2016-03-01
EH9,1227,1396,2623,6368,5821,12189,2016-03-01
EH10,1762,1829,3591,12797,11285,24082,2016-03-01
EH11,3338,3583,6921,9751,7081,16832,2016-03-01
EH12,1743,2289,4032,13561,12468,26029,2016-03-01
EH13,858,1025,1883,4736,4288,9024,2016-03-01
EH14,2515,2884,5399,12821,10747,23568,2016-03-01
EH15,1318,1516,2834,6655,5865,12520,2016-03-01
EH16,2202,2556,4758,8210,6727,14937,2016-03-01
EH17,1375,1805,3180,5503,4314,9817,2016-03-01
EH18,95,129,224,835,768,1603,2016-03-01
EH19,645,822,1467,4451,4095,8546,2016-03-01
EH20,338,477,815,2143,1703,3846,2016-03-01
EH21,1436,1875,3311,7550,6469,14019,2016-03-01
EH22,1713,2269,3982,9690,8030,17720,2016-03-01
EH23,421,615,1036,2531,2066,4597,2016-03-01
EH24,65,115,180,587,513,1100,2016-03-01
EH25,150,201,351,1072,928,2000,2016-03-01
EH26,865,1167,2032,5982,5145,11127,2016-03-01
EH27,150,166,316,1028,993,2021,2016-03-01
EH28,150,190,340,1076,920,1996,2016-03-01
EH29,180,238,418,1274,1145,2419,2016-03-01
EH30,463,666,1129,3341,2988,6329,2016-03-01
EH31,87,101,188,992,944,1936,2016-03-01
EH32,913,1237,2150,6723,5804,12527,2016-03-01
EH33,629,809,1438,4529,3929,8458,2016-03-01
EH34,83,83,166,1037,974,2011,2016-03-01
EH35,90,145,235,794,634,1428,2016-03-01
EH36,14,11,25,163,160,323,2016-03-01
EH37,55,95,150,622,567,1189,2016-03-01
EH38,10,16,26,167,172,339,2016-03-01
EH39,379,429,808,3315,3149,6464,2016-03-01
EH40,59,81,140,824,785,1609,2016-03-01
EH41,489,622,1111,4341,3931,8272,2016-03-01
EH42,428,581,1009,3626,3225,6851,2016-03-01
EH43,44,58,102,286,240,526,2016-03-01
EH44,110,171,281,1239,1152,2391,2016-03-01
EH45,429,543,972,3840,3624,7464,2016-03-01
EH46,121,152,273,1393,1358,2751,2016-03-01
EH47,1400,1992,3392,8709,6874,15583,2016-03-01
EH48,1601,2262,3863,12433,10536,22969,2016-03-01
EH49,649,886,1535,6191,5587,11778,2016-03-01
EH51,701,956,1657,4978,4289,9267,2016-03-01
EH52,884,1270,2154,6626,5483,12109,2016-03-01
EH53,468,613,1081,3620,3192,6812,2016-03-01
EH54,3440,4689,8129,17947,14823,32770,2016-03-01
EH55,412,522,934,2914,2366,5280,2016-03-01
EN1,3154,3978,7132,14928,12762,27690,2016-03-01
EN2,1509,1948,3457,10665,9563,20228,2016-03-01
EN3,5598,7193,12791,17068,12622,29690,2016-03-01
EN4,1371,1646,3017,9679,8768,18447,2016-03-01
EN5,2307,2926,5233,13730,12389,26119,2016-03-01
EN6,1168,1340,2508,11482,10684,22166,2016-03-01
EN7,773,1010,1783,8486,7951,16437,2016-03-01
EN8,2015,2529,4544,12815,10528,23343,2016-03-01
EN9,1020,1222,2242,9487,8101,17588,2016-03-01
EN10,661,818,1479,6648,6250,12898,2016-03-01
EN11,944,1067,2011,8338,7326,15664,2016-03-01
EX1,1122,1298,2420,6339,5573,11912,2016-03-01
EX2,1919,2376,4295,13850,12287,26137,2016-03-01
EX3,136,137,273,1867,1838,3705,2016-03-01
EX4,2969,3493,6462,15715,13015,28730,2016-03-01
EX5,530,623,1153,7622,7366,14988,2016-03-01
EX6,364,390,754,5835,5498,11333,2016-03-01
EX7,527,645,1172,4476,4038,8514,2016-03-01
EX8,1609,2017,3626,13334,12139,25473,2016-03-01
EX9,144,210,354,2638,2625,5263,2016-03-01
EX10,502,623,1125,6375,6333,12708,2016-03-01
EX11,223,266,489,3236,3186,6422,2016-03-01
EX12,275,408,683,3610,3284,6894,2016-03-01
EX13,355,457,812,4652,4422,9074,2016-03-01
EX14,657,870,1527,8221,7517,15738,2016-03-01
EX15,663,770,1433,8111,7475,15586,2016-03-01
EX16,1201,1469,2670,11721,10667,22388,2016-03-01
EX17,661,829,1490,7442,6883,14325,2016-03-01
EX18,101,95,196,1256,1217,2473,2016-03-01
EX19,57,98,155,1541,1432,2973,2016-03-01
EX20,641,845,1486,7902,7117,15019,2016-03-01
EX21,100,108,208,1867,1708,3575,2016-03-01
EX22,283,354,637,4425,3899,8324,2016-03-01
EX23,553,654,1207,6012,5474,11486,2016-03-01
EX24,101,128,229,1485,1475,2960,2016-03-01
EX31,856,1122,1978,9481,8586,18067,2016-03-01
EX32,1260,1559,2819,7965,6951,14916,2016-03-01
EX33,338,440,778,3987,3672,7659,2016-03-01
EX34,859,1108,1967,6245,5296,11541,2016-03-01
EX35,75,84,159,698,603,1301,2016-03-01
EX36,267,337,604,3384,3027,6411,2016-03-01
EX37,99,106,205,1563,1473,3036,2016-03-01
EX38,320,381,701,3080,2771,5851,2016-03-01
EX39,1533,1881,3414,13799,12406,26205,2016-03-01
FK1,1391,1866,3257,9663,7909,17572,2016-03-01
FK2,2009,2751,4760,15982,13790,29772,2016-03-01
FK3,985,1278,2263,5310,4246,9556,2016-03-01
FK4,592,846,1438,4651,3981,8632,2016-03-01
FK5,722,1019,1741,6555,6074,12629,2016-03-01
FK6,672,936,1608,4635,3794,8429,2016-03-01
FK7,1518,2143,3661,10244,8943,19187,2016-03-01
FK8,1008,1155,2163,5781,5032,10813,2016-03-01
FK9,590,720,1310,4270,3851,8121,2016-03-01
FK10,1903,2628,4531,11916,10212,22128,2016-03-01
FK11,78,132,210,1044,989,2033,2016-03-01
FK12,229,284,513,1748,1490,3238,2016-03-01
FK13,315,353,668,2118,1808,3926,2016-03-01
FK14,183,205,388,1776,1712,3488,2016-03-01
FK15,418,497,915,3968,3835,7803,2016-03-01
FK16,74,86,160,750,664,1414,2016-03-01
FK17,144,191,335,1407,1254,2661,2016-03-01
FK18,4,7,11,98,88,186,2016-03-01
FK19,19,29,48,242,219,461,2016-03-01
FK20,28,42,70,164,126,290,2016-03-01
FK21,33,46,79,379,312,691,2016-03-01
FY1,3161,3233,6394,9150,5784,14934,2016-03-01
FY2,1336,1498,2834,8033,6799,14832,2016-03-01
FY3,2017,2508,4525,9975,8318,18293,2016-03-01
FY4,2616,3256,5872,14375,11706,26081,2016-03-01
FY5,1666,1954,3620,16255,14454,30709,2016-03-01
FY6,781,955,1736,11017,10373,21390,2016-03-01
FY7,1801,2051,3852,7715,6061,13776,2016-03-01
FY8,1777,2008,3785,16441,15159,31600,2016-03-01
G1,498,354,852,1421,798,2219,2016-03-01
G2,267,155,422,510,219,729,2016-03-01
G3,1730,1465,3195,4532,2827,7359,2016-03-01
G4,1210,901,2111,2445,1293,3738,2016-03-01
G5,1254,1052,2306,2588,1454,4042,2016-03-01
G11,1401,1509,2910,5745,4983,10728,2016-03-01
G12,1632,1543,3175,7864,7019,14883,2016-03-01
G13,2193,2546,4739,9487,7853,17340,2016-03-01
G14,1487,1641,3128,4893,4004,8897,2016-03-01
G15,1725,1954,3679,3867,2999,6866,2016-03-01
G20,2918,3072,5990,7189,5385,12574,2016-03-01
G21,3085,3492,6577,6126,3989,10115,2016-03-01
G22,1844,2175,4019,3927,2623,6550,2016-03-01
G23,532,742,1274,2014,1638,3652,2016-03-01
G31,2583,2706,5289,5231,3487,8718,2016-03-01
G32,2507,3180,5687,10335,7636,17971,2016-03-01
G33,3392,4074,7466,11268,8974,20242,2016-03-01
G34,1059,1270,2329,1721,1146,2867,2016-03-01
G40,1127,1267,2394,2417,1536,3953,2016-03-01
G41,2718,2722,5440,10518,8395,18913,2016-03-01
G42,3452,2995,6447,7765,5169,12934,2016-03-01
G43,1193,1324,2517,5160,4278,9438,2016-03-01
G44,1761,2278,4039,9268,8146,17414,2016-03-01
G45,1627,1901,3528,3196,2021,5217,2016-03-01
G46,1667,1897,3564,8457,7750,16207,2016-03-01
G51,2720,2637,5357,5346,3289,8635,2016-03-01
G52,2167,2837,5004,7906,6228,14134,2016-03-01
G53,2738,3297,6035,8772,7183,15955,2016-03-01
G60,258,303,561,1910,1825,3735,2016-03-01
G61,1077,1219,2296,10910,10656,21566,2016-03-01
G62,572,692,1264,4994,4882,9876,2016-03-01
G63,279,380,659,3714,3800,7514,2016-03-01
G64,1227,1575,2802,9441,8792,18233,2016-03-01
G65,764,1052,1816,4166,3279,7445,2016-03-01
G66,1982,2477,4459,12893,11487,24380,2016-03-01
G67,2644,3504,6148,10473,7907,18380,2016-03-01
G68,770,998,1768,6516,6015,12531,2016-03-01
G69,1833,2289,4122,11370,9831,21201,2016-03-01
G71,1404,1875,3279,9784,8710,18494,2016-03-01
G72,2735,3509,6244,14895,12705,27600,2016-03-01
G73,2137,2658,4795,9628,8042,17670,2016-03-01
G74,1884,2412,4296,13006,10974,23980,2016-03-01
G75,2318,3173,5491,12691,10621,23312,2016-03-01
G76,945,1138,2083,7979,7807,15786,2016-03-01
G77,806,974,1780,9111,9164,18275,2016-03-01
G78,1424,1784,3208,7610,6597,14207,2016-03-01
G81,2923,3664,6587,11042,8839,19881,2016-03-01
G82,1586,2018,3604,8163,6918,15081,2016-03-01
G83,1517,2070,3587,8059,6727,14786,2016-03-01
G84,1180,1473,2653,7779,6943,14722,2016-03-01
GL1,2655,2902,5557,10419,7381,17800,2016-03-01
GL2,1737,2216,3953,19846,18119,37965,2016-03-01
GL3,1161,1533,2694,11367,10309,21676,2016-03-01
GL4,2272,2921,5193,16701,14694,31395,2016-03-01
GL5,1432,1563,2995,11360,10434,21794,2016-03-01
GL6,812,933,1745,9889,9566,19455,2016-03-01
GL7,1564,1948,3512,16672,15616,32288,2016-03-01
GL8,250,331,581,3346,3183,6529,2016-03-01
GL9,48,55,103,1093,1056,2149,2016-03-01
GL10,569,568,1137,5239,4653,9892,2016-03-01
GL11,578,765,1343,6958,6398,13356,2016-03-01
GL12,491,497,988,5858,5457,11315,2016-03-01
GL13,155,175,330,2392,2096,4488,2016-03-01
GL14,616,868,1484,5640,4667,10307,2016-03-01
GL15,717,913,1630,8026,7151,15177,2016-03-01
GL16,412,604,1016,5016,4521,9537,2016-03-01
GL17,388,505,893,4568,4108,8676,2016-03-01
GL18,249,298,547,3096,2751,5847,2016-03-01
GL19,225,241,466,3639,3482,7121,2016-03-01
GL20,1018,1195,2213,10676,9763,20439,2016-03-01
GL50,1155,1334,2489,7081,5921,13002,2016-03-01
GL51,2662,3280,5942,17606,15094,32700,2016-03-01
GL52,1914,2125,4039,15488,14494,29982,2016-03-01
GL53,748,806,1554,7516,7358,14874,2016-03-01
GL54,713,842,1555,9057,8676,17733,2016-03-01
GL55,153,178,331,2111,2142,4253,2016-03-01
GL56,306,332,638,3364,3339,6703,2016-03-01
GU1,1708,1900,3608,11050,9654,20704,2016-03-01
GU2,1990,2177,4167,10603,8868,19471,2016-03-01
GU3,382,421,803,4695,4496,9191,2016-03-01
GU4,504,587,1091,6481,6467,12948,2016-03-01
GU5,350,418,768,4350,4384,8734,2016-03-01
GU6,556,538,1094,5673,5610,11283,2016-03-01
GU7,1023,1156,2179,8364,7939,16303,2016-03-01
GU8,584,644,1228,6979,6902,13881,2016-03-01
GU9,1047,1363,2410,11121,10495,21616,2016-03-01
GU10,634,741,1375,9451,9190,18641,2016-03-01
GU11,1578,1921,3499,8263,6262,14525,2016-03-01
GU12,1484,1829,3313,11907,10471,22378,2016-03-01
GU13,752,10,762,513,23,536,2016-03-01
GU14,2820,3363,6183,20656,18001,38657,2016-03-01
GU15,1802,1953,3755,13962,12446,26408,2016-03-01
GU16,1094,1009,2103,9735,8724,18459,2016-03-01
GU17,583,493,1076,4818,3973,8791,2016-03-01
GU18,149,191,340,3055,2933,5988,2016-03-01
GU19,219,210,429,2312,2165,4477,2016-03-01
GU20,118,119,237,1914,1992,3906,2016-03-01
GU21,2733,3152,5885,19075,16546,35621,2016-03-01
GU22,1613,1928,3541,13358,12001,25359,2016-03-01
GU23,202,218,420,2777,2703,5480,2016-03-01
GU24,889,773,1662,6865,6444,13309,2016-03-01
GU25,327,377,704,2686,2750,5436,2016-03-01
GU26,243,267,510,2968,2881,5849,2016-03-01
GU27,697,827,1524,6882,6609,13491,2016-03-01
GU28,251,266,517,2717,2615,5332,2016-03-01
GU29,294,418,712,3652,3683,7335,2016-03-01
GU30,335,399,734,3804,3616,7420,2016-03-01
GU31,392,465,857,4378,4207,8585,2016-03-01
GU32,544,601,1145,4366,4178,8544,2016-03-01
GU33,276,332,608,3320,3217,6537,2016-03-01
GU34,1078,1360,2438,11711,10913,22624,2016-03-01
GU35,1065,1243,2308,9529,8170,17699,2016-03-01
GU46,435,492,927,6202,5913,12115,2016-03-01
GU47,666,763,1429,7695,7156,14851,2016-03-01
GU51,708,753,1461,9170,8617,17787,2016-03-01
GU52,404,489,893,6387,6209,12596,2016-03-01
HA0,10855,8273,19128,17499,10567,28066,2016-03-01
HA1,3962,4105,8067,13827,10291,24118,2016-03-01
HA2,5254,5809,11063,20698,15621,36319,2016-03-01
HA3,7347,7462,14809,28016,20804,48820,2016-03-01
HA4,2458,2915,5373,19128,17121,36249,2016-03-01
HA5,2196,2574,4770,18008,16679,34687,2016-03-01
HA6,1109,1369,2478,9299,8727,18026,2016-03-01
HA7,2387,2854,5241,14488,12318,26806,2016-03-01
HA8,7341,7531,14872,25611,19078,44689,2016-03-01
HA9,8179,6676,14855,18338,11685,30023,2016-03-01
HD1,2269,1994,4263,5614,3458,9072,2016-03-01
HD2,1939,2582,4521,8940,7203,16143,2016-03-01
HD3,1397,1890,3287,10181,8953,19134,2016-03-01
HD4,1613,2173,3786,9275,7504,16779,2016-03-01
HD5,1699,2321,4020,9621,8011,17632,2016-03-01
HD6,1227,1565,2792,9305,8003,17308,2016-03-01
HD7,937,1289,2226,8190,7113,15303,2016-03-01
HD8,971,1306,2277,12523,11658,24181,2016-03-01
HD9,1293,1556,2849,12910,11805,24715,2016-03-01
HG1,1551,1931,3482,12074,10867,22941,2016-03-01
HG2,1353,1557,2910,11749,11289,23038,2016-03-01
HG3,891,1006,1897,10440,10058,20498,2016-03-01
HG4,866,1147,2013,9385,8620,18005,2016-03-01
HG5,599,739,1338,7123,6602,13725,2016-03-01
HP1,1128,1356,2484,9187,8306,17493,2016-03-01
HP2,2171,2854,5025,13911,11609,25520,2016-03-01
HP3,1426,1772,3198,12120,10632,22752,2016-03-01
HP4,826,846,1672,9410,9176,18586,2016-03-01
HP5,1167,1408,2575,9646,8651,18297,2016-03-01
HP6,562,562,1124,5448,5253,10701,2016-03-01
HP7,396,457,853,4283,4094,8377,2016-03-01
HP8,210,231,441,2932,2978,5910,2016-03-01
HP9,627,641,1268,7077,7121,14198,2016-03-01
HP10,589,659,1248,7974,7827,15801,2016-03-01
HP11,886,982,1868,5026,3960,8986,2016-03-01
HP12,1347,1770,3117,7782,5986,13768,2016-03-01
HP13,2338,2941,5279,15255,12729,27984,2016-03-01
HP14,590,623,1213,7184,6771,13955,2016-03-01
HP15,464,524,988,7137,6923,14060,2016-03-01
HP16,334,396,730,4878,4905,9783,2016-03-01
HP17,280,312,592,3991,3914,7905,2016-03-01
HP18,438,434,872,5430,5254,10684,2016-03-01
HP19,1205,1548,2753,8026,6761,14787,2016-03-01
HP20,855,1015,1870,5019,3990,9009,2016-03-01
HP21,1705,2203,3908,11668,10014,21682,2016-03-01
HP22,802,822,1624,10121,9911,20032,2016-03-01
HP23,626,713,1339,6922,6609,13531,2016-03-01
HP27,393,420,813,4949,4826,9775,2016-03-01
HR1,1237,1386,2623,11799,10814,22613,2016-03-01
HR2,1745,2273,4018,13430,11815,25245,2016-03-01
HR3,181,213,394,3069,2890,5959,2016-03-01
HR4,1221,1466,2687,10792,9499,20291,2016-03-01
HR5,140,170,310,1807,1631,3438,2016-03-01
HR6,737,941,1678,7666,6911,14577,2016-03-01
HR7,199,249,448,2821,2475,5296,2016-03-01
HR8,478,608,1086,5410,5003,10413,2016-03-01
HR9,640,807,1447,8252,7577,15829,2016-03-01
HS1,305,380,685,1514,1251,2765,2016-03-01
HS2,553,748,1301,5043,4205,9248,2016-03-01
HS3,62,87,149,470,335,805,2016-03-01
HS4,18,17,35,87,68,155,2016-03-01
HS5,12,20,32,94,72,166,2016-03-01
HS6,64,110,174,609,536,1145,2016-03-01
HS7,78,105,183,477,386,863,2016-03-01
HS8,103,129,232,698,548,1246,2016-03-01
HS9,80,64,144,405,374,779,2016-03-01
HU1,301,216,517,859,368,1227,2016-03-01
HU2,422,378,800,934,372,1306,2016-03-01
HU3,2953,2906,5859,6256,3244,9500,2016-03-01
HU4,1444,1824,3268,7207,5556,12763,2016-03-01
HU5,3400,3810,7210,14078,10658,24736,2016-03-01
HU6,2665,3183,5848,8498,5904,14402,2016-03-01
HU7,3036,3805,6841,12279,9317,21596,2016-03-01
HU8,2196,2846,5042,10564,7992,18556,2016-03-01
HU9,3199,3933,7132,10445,6921,17366,2016-03-01
HU10,588,752,1340,7268,6728,13996,2016-03-01
HU11,354,498,852,5148,4445,9593,2016-03-01
HU12,881,1246,2127,9944,8566,18510,2016-03-01
HU13,610,874,1484,5241,4519,9760,2016-03-01
HU14,230,244,474,3376,3242,6618,2016-03-01
HU15,616,816,1432,9161,8544,17705,2016-03-01
HU16,587,725,1312,5811,5186,10997,2016-03-01
HU17,1623,1936,3559,16132,14521,30653,2016-03-01
HU18,358,484,842,3176,2683,5859,2016-03-01
HU19,470,528,998,2342,1594,3936,2016-03-01
HU20,24,34,58,373,357,730,2016-03-01
HX1,1757,2338,4095,6285,3898,10183,2016-03-01
HX2,1960,2670,4630,12175,10128,22303,2016-03-01
HX3,2149,2871,5020,15688,13187,28875,2016-03-01
HX4,433,599,1032,4465,4129,8594,2016-03-01
HX5,504,703,1207,3243,2621,5864,2016-03-01
HX6,870,1149,2019,6569,5624,12193,2016-03-01
HX7,660,787,1447,4623,4458,9081,2016-03-01
IG1,10349,8633,18982,20715,12291,33006,2016-03-01
IG2,2672,2812,5484,9710,6965,16675,2016-03-01
IG3,4582,4244,8826,12799,8257,21056,2016-03-01
IG4,745,885,1630,3569,2709,6278,2016-03-01
IG5,1119,1318,2437,6205,5123,11328,2016-03-01
IG6,1903,2326,4229,9818,7911,17729,2016-03-01
IG7,1118,1426,2544,7679,6828,14507,2016-03-01
IG8,2065,2468,4533,13526,11979,25505,2016-03-01
IG9,530,563,1093,4981,4776,9757,2016-03-01
IG10,1437,1774,3211,11642,10954,22596,2016-03-01
IG11,7840,7316,15156,15484,8916,24400,2016-03-01
IP1,2427,2662,5089,12723,9688,22411,2016-03-01
IP2,1799,2332,4131,10019,7546,17565,2016-03-01
IP3,1647,2140,3787,11227,8858,20085,2016-03-01
IP4,1764,2029,3793,12659,10777,23436,2016-03-01
IP5,572,648,1220,7393,6948,14341,2016-03-01
IP6,431,539,970,6550,6035,12585,2016-03-01
IP7,505,625,1130,6111,5509,11620,2016-03-01
IP8,302,393,695,4429,3985,8414,2016-03-01
IP9,329,395,724,4461,4224,8685,2016-03-01
IP10,71,95,166,1424,1330,2754,2016-03-01
IP11,1087,1506,2593,11317,9541,20858,2016-03-01
IP12,825,961,1786,9427,8909,18336,2016-03-01
IP13,586,647,1233,7273,6958,14231,2016-03-01
IP14,1228,1512,2740,14827,13258,28085,2016-03-01
IP15,71,85,156,866,924,1790,2016-03-01
IP16,313,365,678,2386,2007,4393,2016-03-01
IP17,334,462,796,4397,4218,8615,2016-03-01
IP18,133,141,274,1419,1393,2812,2016-03-01
IP19,254,326,580,4008,3670,7678,2016-03-01
IP20,229,280,509,3138,2843,5981,2016-03-01
IP21,258,346,604,4561,4240,8801,2016-03-01
IP22,758,823,1581,8476,7684,16160,2016-03-01
IP23,211,268,479,2910,2686,5596,2016-03-01
IP24,1644,2036,3680,8825,7032,15857,2016-03-01
IP25,627,753,1380,6578,5795,12373,2016-03-01
IP26,294,379,673,3323,3067,6390,2016-03-01
IP27,882,1073,1955,5844,5079,10923,2016-03-01
IP28,966,1213,2179,8338,7852,16190,2016-03-01
IP29,225,268,493,3590,3448,7038,2016-03-01
IP30,344,476,820,5548,5212,10760,2016-03-01
IP31,553,700,1253,8155,7536,15691,2016-03-01
IP32,724,935,1659,5452,4933,10385,2016-03-01
IP33,1046,1264,2310,8233,7232,15465,2016-03-01
IV1,151,131,282,894,768,1662,2016-03-01
IV2,2201,2820,5021,16605,14926,31531,2016-03-01
IV3,1336,1646,2982,5783,4520,10303,2016-03-01
IV4,167,202,369,1734,1567,3301,2016-03-01
IV5,50,63,113,507,483,990,2016-03-01
IV6,171,205,376,1709,1533,3242,2016-03-01
IV7,194,241,435,2212,2109,4321,2016-03-01
IV8,31,34,65,344,338,682,2016-03-01
IV9,55,62,117,467,434,901,2016-03-01
IV10,102,120,222,972,934,1906,2016-03-01
IV11,58,52,110,320,291,611,2016-03-01
IV12,629,731,1360,4495,4053,8548,2016-03-01
IV13,14,27,41,267,200,467,2016-03-01
IV14,86,105,191,814,739,1553,2016-03-01
IV15,319,382,701,1894,1637,3531,2016-03-01
IV16,56,65,121,695,645,1340,2016-03-01
IV17,374,429,803,2062,1723,3785,2016-03-01
IV18,316,400,716,2055,1712,3767,2016-03-01
IV19,220,285,505,1702,1511,3213,2016-03-01
IV20,152,200,352,1143,995,2138,2016-03-01
IV21,44,48,92,450,393,843,2016-03-01
IV22,57,66,123,593,511,1104,2016-03-01
IV23,32,44,76,359,302,661,2016-03-01
IV24,46,66,112,558,516,1074,2016-03-01
IV25,83,107,190,920,871,1791,2016-03-01
IV26,98,127,225,707,658,1365,2016-03-01
IV27,164,172,336,1489,1268,2757,2016-03-01
IV28,12,16,28,189,184,373,2016-03-01
IV30,1563,2073,3636,11595,10100,21695,2016-03-01
IV31,365,450,815,2597,2185,4782,2016-03-01
IV32,200,201,401,1855,1701,3556,2016-03-01
IV33,1,0,1,0,0,0,2016-03-01
IV36,678,929,1607,5695,5005,10700,2016-03-01
IV40,121,182,303,961,823,1784,2016-03-01
IV41,29,20,49,138,115,253,2016-03-01
IV42,14,21,35,204,167,371,2016-03-01
IV43,11,19,30,112,96,208,2016-03-01
IV44,10,11,21,105,99,204,2016-03-01
IV45,12,6,18,114,102,216,2016-03-01
IV46,3,4,7,36,29,65,2016-03-01
IV47,17,26,43,236,195,431,2016-03-01
IV48,0,5,5,43,38,81,2016-03-01
IV49,58,56,114,434,358,792,2016-03-01
IV51,230,304,534,1992,1751,3743,2016-03-01
IV52,19,29,48,124,143,267,2016-03-01
IV53,7,4,11,63,53,116,2016-03-01
IV54,55,77,132,573,457,1030,2016-03-01
IV55,47,54,101,514,447,961,2016-03-01
IV56,10,12,22,151,117,268,2016-03-01
IV63,110,122,232,979,930,1909,2016-03-01
KA1,1404,1854,3258,9324,7826,17150,2016-03-01
KA2,282,405,687,2531,2254,4785,2016-03-01
KA3,1876,2472,4348,12677,11038,23715,2016-03-01
KA4,251,337,588,1898,1714,3612,2016-03-01
KA5,415,620,1035,3542,2889,6431,2016-03-01
KA6,993,1333,2326,6347,5332,11679,2016-03-01
KA7,1211,1460,2671,10214,9486,19700,2016-03-01
KA8,1198,1594,2792,5434,4069,9503,2016-03-01
KA9,666,795,1461,5845,5372,11217,2016-03-01
KA10,647,818,1465,5769,5380,11149,2016-03-01
KA11,1126,1681,2807,6895,5692,12587,2016-03-01
KA12,1170,1579,2749,5394,4150,9544,2016-03-01
KA13,982,1376,2358,5471,4559,10030,2016-03-01
KA14,26,31,57,197,158,355,2016-03-01
KA15,334,444,778,2548,2229,4777,2016-03-01
KA16,174,188,362,1152,882,2034,2016-03-01
KA17,151,222,373,1542,1283,2825,2016-03-01
KA18,1073,1543,2616,7020,5401,12421,2016-03-01
KA19,351,466,817,2688,2304,4992,2016-03-01
KA20,635,853,1488,2547,1939,4486,2016-03-01
KA21,817,945,1762,3755,3083,6838,2016-03-01
KA22,671,940,1611,3409,2873,6282,2016-03-01
KA23,213,287,500,2005,1871,3876,2016-03-01
KA24,286,447,733,2037,1728,3765,2016-03-01
KA25,433,535,968,2149,1783,3932,2016-03-01
KA26,529,711,1240,3688,3069,6757,2016-03-01
KA27,240,295,535,1749,1651,3400,2016-03-01
KA28,48,72,120,445,373,818,2016-03-01
KA29,46,72,118,589,557,1146,2016-03-01
KA30,419,620,1039,4126,3699,7825,2016-03-01
KT1,1747,1844,3591,7406,5880,13286,2016-03-01
KT2,2017,2389,4406,11297,10362,21659,2016-03-01
KT3,2977,3301,6278,15373,13101,28474,2016-03-01
KT4,1500,1645,3145,11389,10385,21774,2016-03-01
KT5,1231,1297,2528,7544,6454,13998,2016-03-01
KT6,1842,2206,4048,11450,9962,21412,2016-03-01
KT7,396,447,843,4014,3961,7975,2016-03-01
KT8,986,1087,2073,7829,7411,15240,2016-03-01
KT9,1208,1419,2627,7852,6876,14728,2016-03-01
KT10,893,918,1811,9068,9112,18180,2016-03-01
KT11,842,872,1714,7063,7172,14235,2016-03-01
KT12,1644,1874,3518,14734,14108,28842,2016-03-01
KT13,944,1053,1997,9961,9764,19725,2016-03-01
KT14,586,609,1195,5293,5188,10481,2016-03-01
KT15,1108,1175,2283,10857,9963,20820,2016-03-01
KT16,772,976,1748,7517,6883,14400,2016-03-01
KT17,1059,1058,2117,9275,8566,17841,2016-03-01
KT18,655,815,1470,6437,6339,12776,2016-03-01
KT19,1896,2185,4081,12794,11542,24336,2016-03-01
KT20,660,808,1468,8382,8016,16398,2016-03-01
KT21,437,504,941,5372,5402,10774,2016-03-01
KT22,1036,1061,2097,9652,9217,18869,2016-03-01
KT23,334,346,680,4389,4427,8816,2016-03-01
KT24,262,287,549,3940,4018,7958,2016-03-01
KW1,514,591,1105,3782,3209,6991,2016-03-01
KW2,4,3,7,28,28,56,2016-03-01
KW3,42,55,97,399,332,731,2016-03-01
KW5,10,11,21,121,116,237,2016-03-01
KW6,12,10,22,153,114,267,2016-03-01
KW7,2,4,6,46,39,85,2016-03-01
KW8,25,41,66,316,273,589,2016-03-01
KW9,72,95,167,640,558,1198,2016-03-01
KW10,85,96,181,609,529,1138,2016-03-01
KW11,4,9,13,48,37,85,2016-03-01
KW12,47,64,111,671,588,1259,2016-03-01
KW13,3,5,8,40,36,76,2016-03-01
KW14,634,801,1435,4470,3701,8171,2016-03-01
KW15,413,496,909,2754,2478,5232,2016-03-01
KW16,154,224,378,1339,1151,2490,2016-03-01
KW17,380,469,849,3386,3088,6474,2016-03-01
KY1,1335,1692,3027,8004,6474,14478,2016-03-01
KY2,1455,2029,3484,10055,8551,18606,2016-03-01
KY3,493,673,1166,3918,3454,7372,2016-03-01
KY4,1061,1497,2558,7210,5641,12851,2016-03-01
KY5,1056,1576,2632,6389,4891,11280,2016-03-01
KY6,1078,1414,2492,6265,5258,11523,2016-03-01
KY7,1462,1928,3390,9253,7911,17164,2016-03-01
KY8,1914,2454,4368,11183,9151,20334,2016-03-01
KY9,57,79,136,747,720,1467,2016-03-01
KY10,363,523,886,3224,2926,6150,2016-03-01
KY11,2986,3958,6944,20445,17773,38218,2016-03-01
KY12,1769,2204,3973,13862,12091,25953,2016-03-01
KY13,350,413,763,4324,4299,8623,2016-03-01
KY14,235,305,540,2595,2314,4909,2016-03-01
KY15,802,1038,1840,7991,7455,15446,2016-03-01
KY16,1092,1351,2443,6248,5602,11850,2016-03-01
L1,455,465,920,1130,648,1778,2016-03-01
L2,73,38,111,206,92,298,2016-03-01
L3,907,894,1801,2938,1837,4775,2016-03-01
L4,3685,4645,8330,9393,6014,15407,2016-03-01
L5,1356,1675,3031,2755,1569,4324,2016-03-01
L6,2462,2625,5087,4648,2575,7223,2016-03-01
L7,2257,2057,4314,3311,1710,5021,2016-03-01
L8,3921,3914,7835,6202,3618,9820,2016-03-01
L9,2170,2911,5081,8709,6426,15135,2016-03-01
L10,874,1278,2152,4884,3928,8812,2016-03-01
L11,2338,3086,5424,6230,4405,10635,2016-03-01
L12,1676,2212,3888,10561,9130,19691,2016-03-01
L13,2555,3152,5707,8012,5649,13661,2016-03-01
L14,2054,2958,5012,6977,5281,12258,2016-03-01
L15,2258,2656,4914,6982,5205,12187,2016-03-01
L16,698,883,1581,5354,4860,10214,2016-03-01
L17,1531,1664,3195,6755,5677,12432,2016-03-01
L18,1261,1542,2803,8716,7958,16674,2016-03-01
L19,1503,1768,3271,7314,6180,13494,2016-03-01
L20,2986,3482,6468,7827,5160,12987,2016-03-01
L21,1918,2484,4402,6700,4972,11672,2016-03-01
L22,968,1050,2018,4465,3660,8125,2016-03-01
L23,1556,1907,3463,10831,9858,20689,2016-03-01
L24,1265,1677,2942,4047,2865,6912,2016-03-01
L25,1931,2352,4283,11237,9400,20637,2016-03-01
L26,1005,1295,2300,4928,4287,9215,2016-03-01
L27,547,754,1301,1659,1151,2810,2016-03-01
L28,615,820,1435,1556,875,2431,2016-03-01
L29,29,21,50,199,200,399,2016-03-01
L30,1439,1927,3366,5474,4131,9605,2016-03-01
L31,1238,1575,2813,11455,10181,21636,2016-03-01
L32,1748,2320,4068,5571,3961,9532,2016-03-01
L33,1522,2056,3578,4542,3321,7863,2016-03-01
L34,584,730,1314,4260,3468,7728,2016-03-01
L35,1664,2331,3995,10376,8298,18674,2016-03-01
L36,3070,4166,7236,11596,8975,20571,2016-03-01
L37,795,896,1691,9103,8824,17927,2016-03-01
L38,79,111,190,1102,1052,2154,2016-03-01
L39,964,1169,2133,9960,9184,19144,2016-03-01
L40,571,624,1195,7286,6679,13965,2016-03-01
L41,81,73,154,40,19,59,2016-03-01
L42,44,36,80,60,26,86,2016-03-01
L43,77,125,202,167,158,325,2016-03-01
L44,37,28,65,38,15,53,2016-03-01
L45,14,18,32,50,36,86,2016-03-01
L46,14,17,31,48,23,71,2016-03-01
L47,12,12,24,49,32,81,2016-03-01
L48,10,11,21,57,48,105,2016-03-01
L49,16,30,46,41,39,80,2016-03-01
L60,3,16,19,121,128,249,2016-03-01
L61,9,10,19,46,60,106,2016-03-01
L62,21,26,47,50,46,96,2016-03-01
L63,13,11,24,70,38,108,2016-03-01
L64,20,21,41,119,120,239,2016-03-01
L65,16,18,34,40,28,68,2016-03-01
L66,21,36,57,118,109,227,2016-03-01
L69,20,5,25,35,5,40,2016-03-01
L71,0,1,1,0,0,0,2016-03-01
LA1,3052,3687,6739,14287,11719,26006,2016-03-01
LA2,630,788,1418,8329,7881,16210,2016-03-01
LA3,1322,1597,2919,8693,7347,16040,2016-03-01
LA4,1414,1688,3102,8524,7116,15640,2016-03-01
LA5,497,612,1109,6259,6001,12260,2016-03-01
LA6,303,400,703,5310,5136,10446,2016-03-01
LA7,126,167,293,2045,1957,4002,2016-03-01
LA8,192,224,416,3772,3618,7390,2016-03-01
LA9,1115,1400,2515,11077,9982,21059,2016-03-01
LA10,105,101,206,1402,1319,2721,2016-03-01
LA11,212,294,506,3890,3815,7705,2016-03-01
LA12,672,793,1465,7896,7113,15009,2016-03-01
LA13,978,1228,2206,6702,5722,12424,2016-03-01
LA14,2423,2889,5312,11785,9225,21010,2016-03-01
LA15,337,465,802,2783,2381,5164,2016-03-01
LA16,107,149,256,1300,1147,2447,2016-03-01
LA17,23,30,53,488,459,947,2016-03-01
LA18,355,499,854,2903,2333,5236,2016-03-01
LA19,26,28,54,421,371,792,2016-03-01
LA20,15,34,49,545,485,1030,2016-03-01
LA21,29,36,65,410,352,762,2016-03-01
LA22,220,230,450,1853,1667,3520,2016-03-01
LA23,400,439,839,3308,2953,6261,2016-03-01
LD1,352,477,829,4279,3843,8122,2016-03-01
LD2,157,180,337,2161,1944,4105,2016-03-01
LD3,739,863,1602,7426,6695,14121,2016-03-01
LD4,15,21,36,313,284,597,2016-03-01
LD5,31,46,77,444,377,821,2016-03-01
LD6,87,128,215,1068,949,2017,2016-03-01
LD7,134,174,308,1828,1617,3445,2016-03-01
LD8,114,139,253,1803,1660,3463,2016-03-01
LE1,1343,1230,2573,2280,1064,3344,2016-03-01
LE2,8234,9425,17659,33857,26694,60551,2016-03-01
LE3,6797,8352,15149,30695,23105,53800,2016-03-01
LE4,7655,9537,17192,30578,22357,52935,2016-03-01
LE5,7377,8361,15738,26049,18667,44716,2016-03-01
LE6,351,440,791,4803,4313,9116,2016-03-01
LE7,1315,1696,3011,17749,16310,34059,2016-03-01
LE8,995,1265,2260,13452,12727,26179,2016-03-01
LE9,1695,2193,3888,21342,19022,40364,2016-03-01
LE10,1610,2007,3617,18590,16351,34941,2016-03-01
LE11,3467,3680,7147,18424,13916,32340,2016-03-01
LE12,1927,2436,4363,24064,21947,46011,2016-03-01
LE13,1066,1374,2440,9623,8284,17907,2016-03-01
LE14,410,542,952,7194,6711,13905,2016-03-01
LE15,965,1390,2355,12001,11125,23126,2016-03-01
LE16,1176,1384,2560,13003,12107,25110,2016-03-01
LE17,556,705,1261,8537,7713,16250,2016-03-01
LE18,1316,1791,3107,11495,9840,21335,2016-03-01
LE19,434,610,1044,5517,5035,10552,2016-03-01
LE65,497,618,1115,5402,4908,10310,2016-03-01
LE67,2153,2727,4880,21382,18283,39665,2016-03-01
LL11,1793,2326,4119,12542,10398,22940,2016-03-01
LL12,1173,1375,2548,10325,9159,19484,2016-03-01
LL13,2093,2376,4469,10424,8455,18879,2016-03-01
LL14,1632,2370,4002,10731,8610,19341,2016-03-01
LL15,362,458,820,3921,3608,7529,2016-03-01
LL16,656,828,1484,5552,4975,10527,2016-03-01
LL17,178,225,403,2082,1954,4036,2016-03-01
LL18,2443,3207,5650,13408,11123,24531,2016-03-01
LL19,984,1273,2257,6921,6080,13001,2016-03-01
LL20,330,373,703,3086,2654,5740,2016-03-01
LL21,222,277,499,2549,2222,4771,2016-03-01
LL22,683,885,1568,6702,5875,12577,2016-03-01
LL23,121,159,280,1543,1331,2874,2016-03-01
LL24,61,84,145,862,735,1597,2016-03-01
LL25,19,17,36,179,165,344,2016-03-01
LL26,183,249,432,1574,1358,2932,2016-03-01
LL27,36,49,85,324,256,580,2016-03-01
LL28,493,639,1132,5061,4697,9758,2016-03-01
LL29,1161,1415,2576,6549,5661,12210,2016-03-01
LL30,1061,1294,2355,7158,6192,13350,2016-03-01
LL31,382,509,891,3345,3018,6363,2016-03-01
LL32,298,365,663,2361,2166,4527,2016-03-01
LL33,196,243,439,1351,1216,2567,2016-03-01
LL34,195,290,485,1480,1303,2783,2016-03-01
LL35,18,23,41,294,244,538,2016-03-01
LL36,148,213,361,1623,1403,3026,2016-03-01
LL37,20,21,41,217,187,404,2016-03-01
LL38,14,37,51,268,212,480,2016-03-01
LL39,10,15,25,92,71,163,2016-03-01
LL40,157,183,340,1484,1305,2789,2016-03-01
LL41,329,403,732,2109,1653,3762,2016-03-01
LL42,142,181,323,736,597,1333,2016-03-01
LL43,11,17,28,202,184,386,2016-03-01
LL44,19,50,69,379,350,729,2016-03-01
LL45,25,24,49,229,217,446,2016-03-01
LL46,50,72,122,666,623,1289,2016-03-01
LL47,13,24,37,231,189,420,2016-03-01
LL48,94,133,227,871,772,1643,2016-03-01
LL49,221,229,450,1501,1214,2715,2016-03-01
LL51,24,31,55,349,278,627,2016-03-01
LL52,86,97,183,980,910,1890,2016-03-01
LL53,483,625,1108,5976,5345,11321,2016-03-01
LL54,385,533,918,3998,3505,7503,2016-03-01
LL55,982,1290,2272,7050,6093,13143,2016-03-01
LL56,110,90,200,778,702,1480,2016-03-01
LL57,1572,1682,3254,7142,5789,12931,2016-03-01
LL58,125,197,322,1372,1275,2647,2016-03-01
LL59,251,269,520,1990,1930,3920,2016-03-01
LL60,104,107,211,1107,1052,2159,2016-03-01
LL61,204,250,454,2240,2113,4353,2016-03-01
LL62,66,54,120,682,644,1326,2016-03-01
LL63,49,66,115,522,471,993,2016-03-01
LL64,38,39,77,313,294,607,2016-03-01
LL65,1225,1448,2673,8063,6736,14799,2016-03-01
LL66,8,10,18,110,93,203,2016-03-01
LL67,50,93,143,522,450,972,2016-03-01
LL68,242,334,576,2236,1913,4149,2016-03-01
LL69,26,28,54,267,224,491,2016-03-01
LL70,10,11,21,110,115,225,2016-03-01
LL71,63,85,148,719,625,1344,2016-03-01
LL72,28,50,78,278,251,529,2016-03-01
LL73,1,4,5,104,96,200,2016-03-01
LL74,73,82,155,944,898,1842,2016-03-01
LL75,53,51,104,564,525,1089,2016-03-01
LL76,11,8,19,114,97,211,2016-03-01
LL77,266,381,647,2442,2259,4701,2016-03-01
LL78,13,16,29,200,201,401,2016-03-01
LN1,1131,1391,2522,9213,7961,17174,2016-03-01
LN2,1976,2429,4405,12837,10944,23781,2016-03-01
LN3,244,338,582,3662,3215,6877,2016-03-01
LN4,1214,1647,2861,14889,13143,28032,2016-03-01
LN5,1694,1895,3589,10872,8883,19755,2016-03-01
LN6,2389,3035,5424,20033,17513,37546,2016-03-01
LN7,196,269,465,2473,2272,4745,2016-03-01
LN8,545,697,1242,6807,6159,12966,2016-03-01
LN9,321,371,692,3718,3270,6988,2016-03-01
LN10,138,192,330,2446,2245,4691,2016-03-01
LN11,1038,1287,2325,10696,9654,20350,2016-03-01
LN12,558,693,1251,4784,3653,8437,2016-03-01
LN13,287,332,619,3080,2707,5787,2016-03-01
LS1,234,196,430,779,439,1218,2016-03-01
LS2,816,669,1485,1211,537,1748,2016-03-01
LS3,304,292,596,474,238,712,2016-03-01
LS4,728,737,1465,2092,1411,3503,2016-03-01
LS5,567,674,1241,2237,1665,3902,2016-03-01
LS6,3021,2901,5922,8228,6032,14260,2016-03-01
LS7,2906,3374,6280,7818,6122,13940,2016-03-01
LS8,4220,4658,8878,14148,10841,24989,2016-03-01
LS9,3872,4456,8328,8187,4565,12752,2016-03-01
LS10,2706,3665,6371,9441,6351,15792,2016-03-01
LS11,3394,3865,7259,8488,4720,13208,2016-03-01
LS12,2963,3587,6550,11646,8220,19866,2016-03-01
LS13,2415,3312,5727,10507,8039,18546,2016-03-01
LS14,2457,3384,5841,9615,7165,16780,2016-03-01
LS15,1721,2189,3910,12295,10379,22674,2016-03-01
LS16,1669,2075,3744,12768,11558,24326,2016-03-01
LS17,1696,2434,4130,16793,15318,32111,2016-03-01
LS18,1138,981,2119,7695,6583,14278,2016-03-01
LS19,773,1046,1819,7337,6620,13957,2016-03-01
LS20,449,551,1000,4558,4270,8828,2016-03-01
LS21,662,861,1523,6654,6073,12727,2016-03-01
LS22,486,602,1088,6204,6015,12219,2016-03-01
LS23,254,302,556,3323,3132,6455,2016-03-01
LS24,416,471,887,4531,4117,8648,2016-03-01
LS25,1558,2108,3666,14879,13052,27931,2016-03-01
LS26,1293,1871,3164,10558,9084,19642,2016-03-01
LS27,1799,2414,4213,12167,9872,22039,2016-03-01
LS28,1657,2311,3968,13666,12057,25723,2016-03-01
LS29,1027,1160,2187,12190,11960,24150,2016-03-01
LU1,5165,4688,9853,13266,8222,21488,2016-03-01
LU2,3694,4504,8198,20770,16644,37414,2016-03-01
LU3,4827,5976,10803,20900,15514,36414,2016-03-01
LU4,4724,5846,10570,16862,11159,28021,2016-03-01
LU5,2027,2601,4628,13982,11685,25667,2016-03-01
LU6,1244,1563,2807,12624,11129,23753,2016-03-01
LU7,1937,2355,4292,21896,19660,41556,2016-03-01
M1,831,547,1378,2369,1133,3502,2016-03-01
M2,10,9,19,31,18,49,2016-03-01
M3,876,749,1625,3006,1634,4640,2016-03-01
M4,777,637,1414,2481,1499,3980,2016-03-01
M5,1519,1590,3109,3895,2370,6265,2016-03-01
M6,2890,3023,5913,8998,6184,15182,2016-03-01
M7,2858,2493,5351,7269,4772,12041,2016-03-01
M8,4515,3929,8444,9048,4929,13977,2016-03-01
M9,3523,4432,7955,10083,7284,17367,2016-03-01
M10,60,47,107,40,9,49,2016-03-01
M11,2260,2803,5063,4894,3030,7924,2016-03-01
M12,2821,2383,5204,4016,1978,5994,2016-03-01
M13,3533,2802,6335,5238,2607,7845,2016-03-01
M14,5569,4752,10321,9703,5662,15365,2016-03-01
M15,2288,1815,4103,4718,2530,7248,2016-03-01
M16,3524,3778,7302,10351,7521,17872,2016-03-01
M17,0,2,2,7,4,11,2016-03-01
M18,2344,2745,5089,5528,3608,9136,2016-03-01
M19,3674,3711,7385,10439,7481,17920,2016-03-01
M20,3116,3287,6403,15009,12847,27856,2016-03-01
M21,2015,2248,4263,9542,8344,17886,2016-03-01
M22,3486,4204,7690,11434,8703,20137,2016-03-01
M23,2223,2845,5068,8957,7152,16109,2016-03-01
M24,3077,3778,6855,14758,11811,26569,2016-03-01
M25,1756,2123,3879,10698,9157,19855,2016-03-01
M26,1872,2392,4264,11429,9652,21081,2016-03-01
M27,2210,2742,4952,13273,11024,24297,2016-03-01
M28,1684,2135,3819,14122,12546,26668,2016-03-01
M29,944,1201,2145,8431,7423,15854,2016-03-01
M30,2550,2977,5527,11049,8446,19495,2016-03-01
M31,697,804,1501,2410,1977,4387,2016-03-01
M32,1971,2359,4330,9145,7682,16827,2016-03-01
M33,2716,3165,5881,22037,19946,41983,2016-03-01
M34,2440,3128,5568,15815,13066,28881,2016-03-01
M35,1174,1432,2606,6752,5478,12230,2016-03-01
M38,1053,1427,2480,3611,2468,6079,2016-03-01
M40,3823,4672,8495,10904,7620,18524,2016-03-01
M41,1861,2154,4015,15047,13747,28794,2016-03-01
M43,1318,1873,3191,7609,6109,13718,2016-03-01
M44,1075,1423,2498,6511,5238,11749,2016-03-01
M45,1173,1556,2729,7836,6910,14746,2016-03-01
M46,1052,1390,2442,7250,5795,13045,2016-03-01
M50,204,202,406,1118,658,1776,2016-03-01
M60,37,12,49,61,14,75,2016-03-01
M90,1,0,1,1,0,1,2016-03-01
ME1,1667,2074,3741,10579,8961,19540,2016-03-01
ME2,1945,2606,4551,14213,12070,26283,2016-03-01
ME3,975,1301,2276,10762,9551,20313,2016-03-01
ME4,2397,2786,5183,9110,6267,15377,2016-03-01
ME5,2333,3353,5686,19121,16490,35611,2016-03-01
ME6,446,613,1059,3768,3291,7059,2016-03-01
ME7,3363,4364,7727,16307,12747,29054,2016-03-01
ME8,2046,2605,4651,18508,16445,34953,2016-03-01
ME9,745,877,1622,8446,7592,16038,2016-03-01
ME10,2368,2966,5334,16295,13716,30011,2016-03-01
ME11,257,325,582,1112,850,1962,2016-03-01
ME12,1996,2648,4644,12958,10401,23359,2016-03-01
ME13,1211,1573,2784,9966,8837,18803,2016-03-01
ME14,1324,1527,2851,12000,10346,22346,2016-03-01
ME15,2318,2870,5188,17362,14517,31879,2016-03-01
ME16,1288,1673,2961,11307,9538,20845,2016-03-01
ME17,656,792,1448,9181,8238,17419,2016-03-01
ME18,228,229,457,2902,2725,5627,2016-03-01
ME19,704,806,1510,8195,7898,16093,2016-03-01
ME20,734,955,1689,7838,7158,14996,2016-03-01
MK1,76,60,136,282,166,448,2016-03-01
MK2,1232,1614,2846,4663,3404,8067,2016-03-01
MK3,1245,1675,2920,8158,6945,15103,2016-03-01
MK4,928,1300,2228,7563,7089,14652,2016-03-01
MK5,801,950,1751,5501,5061,10562,2016-03-01
MK6,3190,3830,7020,8664,5817,14481,2016-03-01
MK7,754,918,1672,5417,4881,10298,2016-03-01
MK8,640,850,1490,4421,3870,8291,2016-03-01
MK9,412,373,785,1199,631,1830,2016-03-01
MK10,532,632,1164,3809,3444,7253,2016-03-01
MK11,469,623,1092,2727,2371,5098,2016-03-01
MK12,1023,1255,2278,4368,3186,7554,2016-03-01
MK13,1533,1750,3283,6543,5312,11855,2016-03-01
MK14,1656,1990,3646,7092,5439,12531,2016-03-01
MK15,368,461,829,2842,2604,5446,2016-03-01
MK16,745,908,1653,7241,6651,13892,2016-03-01
MK17,470,574,1044,7402,6969,14371,2016-03-01
MK18,1363,1465,2828,11927,11275,23202,2016-03-01
MK19,351,436,787,4613,4330,8943,2016-03-01
MK40,2431,2459,4890,10341,7498,17839,2016-03-01
MK41,2119,2552,4671,14994,13432,28426,2016-03-01
MK42,2952,4010,6962,14595,11294,25889,2016-03-01
MK43,1246,1245,2491,13140,12329,25469,2016-03-01
MK44,451,510,961,6665,6358,13023,2016-03-01
MK45,1442,1707,3149,17405,16238,33643,2016-03-01
MK46,238,320,558,3652,3476,7128,2016-03-01
ML1,3098,4068,7166,16758,13317,30075,2016-03-01
ML2,2212,2836,5048,12374,9803,22177,2016-03-01
ML3,2839,3726,6565,16880,13662,30542,2016-03-01
ML4,1426,2016,3442,6860,5307,12167,2016-03-01
ML5,2846,3735,6581,13812,10748,24560,2016-03-01
ML6,2922,3847,6769,17756,14485,32241,2016-03-01
ML7,740,1076,1816,5045,3928,8973,2016-03-01
ML8,680,1008,1688,7043,6226,13269,2016-03-01
ML9,1177,1636,2813,7925,6531,14456,2016-03-01
ML10,415,481,896,4016,3774,7790,2016-03-01
ML11,1307,1953,3260,12547,10595,23142,2016-03-01
ML12,238,356,594,3417,3147,6564,2016-03-01
N1,10078,10884,20962,24020,16982,41002,2016-03-01
N2,2092,2227,4319,8952,8007,16959,2016-03-01
N3,2258,2473,4731,11409,9676,21085,2016-03-01
N4,6853,6441,13294,14233,9611,23844,2016-03-01
N5,2217,2617,4834,7332,5845,13177,2016-03-01
N6,1331,1616,2947,7117,6339,13456,2016-03-01
N7,5618,5874,11492,12245,8266,20511,2016-03-01
N8,4438,4431,8869,12702,10042,22744,2016-03-01
N9,5973,7304,13277,14793,10462,25255,2016-03-01
N10,2224,2659,4883,9253,8115,17368,2016-03-01
N11,2802,3018,5820,10431,7925,18356,2016-03-01
N12,2498,2800,5298,11969,10025,21994,2016-03-01
N13,2934,3127,6061,11902,9095,20997,2016-03-01
N14,1888,2182,4070,11817,10017,21834,2016-03-01
N15,7707,6742,14449,12479,7009,19488,2016-03-01
N16,8799,7977,16776,17160,11446,28606,2016-03-01
N17,11078,11084,22162,16923,10065,26988,2016-03-01
N18,4184,4871,9055,9038,6049,15087,2016-03-01
N19,4106,4649,8755,9734,7394,17128,2016-03-01
N20,1191,1361,2552,7770,7112,14882,2016-03-01
N21,1160,1360,2520,9132,8225,17357,2016-03-01
N22,5963,5799,11762,13757,9003,22760,2016-03-01
NE1,663,447,1110,1625,684,2309,2016-03-01
NE2,1435,1307,2742,5408,3994,9402,2016-03-01
NE3,2776,3528,6304,17551,15087,32638,2016-03-01
NE4,4500,3963,8463,8496,4435,12931,2016-03-01
NE5,2874,4015,6889,13950,10183,24133,2016-03-01
NE6,4080,4630,8710,11358,7360,18718,2016-03-01
NE7,824,981,1805,5123,4294,9417,2016-03-01
NE8,2916,2963,5879,7634,4160,11794,2016-03-01
NE9,2109,2749,4858,11103,8455,19558,2016-03-01
NE10,2162,3012,5174,9938,6927,16865,2016-03-01
NE11,889,1290,2179,5122,3796,8918,2016-03-01
NE12,1814,2582,4396,10905,8832,19737,2016-03-01
NE13,501,636,1137,4479,3974,8453,2016-03-01
NE15,2011,2718,4729,9901,7322,17223,2016-03-01
NE16,998,1464,2462,8864,7457,16321,2016-03-01
NE17,250,348,598,1485,1216,2701,2016-03-01
NE18,28,32,60,383,364,747,2016-03-01
NE19,46,80,126,880,832,1712,2016-03-01
NE20,316,400,716,5034,4893,9927,2016-03-01
NE21,876,1195,2071,5509,4200,9709,2016-03-01
NE22,826,1042,1868,5964,5000,10964,2016-03-01
NE23,1783,2713,4496,13334,11008,24342,2016-03-01
NE24,1966,2819,4785,11647,9062,20709,2016-03-01
NE25,1189,1587,2776,10515,9601,20116,2016-03-01
NE26,831,1001,1832,6976,6313,13289,2016-03-01
NE27,581,893,1474,3952,3287,7239,2016-03-01
NE28,2884,4033,6917,12883,9513,22396,2016-03-01
NE29,2349,3013,5362,10009,7812,17821,2016-03-01
NE30,893,1068,1961,7788,7068,14856,2016-03-01
NE31,1274,1664,2938,5706,4280,9986,2016-03-01
NE32,1619,2103,3722,7354,5574,12928,2016-03-01
NE33,2128,2027,4155,7700,5382,13082,2016-03-01
NE34,3066,3941,7007,15236,11832,27068,2016-03-01
NE35,341,456,797,2029,1602,3631,2016-03-01
NE36,258,307,565,2492,2222,4714,2016-03-01
NE37,1333,1902,3235,5962,4499,10461,2016-03-01
NE38,1779,2463,4242,10753,8684,19437,2016-03-01
NE39,345,512,857,3023,2652,5675,2016-03-01
NE40,680,955,1635,5278,4462,9740,2016-03-01
NE41,61,66,127,827,794,1621,2016-03-01
NE42,546,819,1365,4216,3718,7934,2016-03-01
NE43,104,130,234,1790,1721,3511,2016-03-01
NE44,19,35,54,432,432,864,2016-03-01
NE45,105,150,255,1433,1367,2800,2016-03-01
NE46,564,757,1321,5515,5126,10641,2016-03-01
NE47,238,314,552,3077,2871,5948,2016-03-01
NE48,100,154,254,1785,1528,3313,2016-03-01
NE49,148,245,393,1576,1269,2845,2016-03-01
NE61,1168,1635,2803,11826,10504,22330,2016-03-01
NE62,380,604,984,3304,2639,5943,2016-03-01
NE63,1545,2185,3730,8425,6419,14844,2016-03-01
NE64,383,512,895,1817,1371,3188,2016-03-01
NE65,656,925,1581,7499,6644,14143,2016-03-01
NE66,519,785,1304,6408,5740,12148,2016-03-01
NE67,18,22,40,366,352,718,2016-03-01
NE68,56,66,122,729,648,1377,2016-03-01
NE69,10,10,20,156,139,295,2016-03-01
NE70,54,75,129,673,644,1317,2016-03-01
NE71,80,120,200,1124,1028,2152,2016-03-01
NE99,0,0,0,1,0,1,2016-03-01
NG1,884,683,1567,1878,967,2845,2016-03-01
NG2,3502,4127,7629,17784,14558,32342,2016-03-01
NG3,3529,4509,8038,13853,10516,24369,2016-03-01
NG4,2014,2750,4764,13715,11477,25192,2016-03-01
NG5,5356,7388,12744,26864,22091,48955,2016-03-01
NG6,2692,3863,6555,10310,7674,17984,2016-03-01
NG7,5005,4702,9707,9691,5203,14894,2016-03-01
NG8,4403,6078,10481,17639,13450,31089,2016-03-01
NG9,3782,4517,8299,24657,20645,45302,2016-03-01
NG10,2376,2945,5321,16500,13842,30342,2016-03-01
NG11,2041,2823,4864,11877,9418,21295,2016-03-01
NG12,1191,1556,2747,12500,11630,24130,2016-03-01
NG13,676,846,1522,7992,7395,15387,2016-03-01
NG14,581,698,1279,7353,6795,14148,2016-03-01
NG15,1762,2496,4258,14075,11888,25963,2016-03-01
NG16,2616,3515,6131,23155,19328,42483,2016-03-01
NG17,3357,4518,7875,23848,19376,43224,2016-03-01
NG18,2259,2647,4906,13755,11384,25139,2016-03-01
NG19,2383,3146,5529,17572,14331,31903,2016-03-01
NG20,1506,2031,3537,8294,6295,14589,2016-03-01
NG21,952,1234,2186,7876,6816,14692,2016-03-01
NG22,1110,1388,2498,9914,8593,18507,2016-03-01
NG23,438,499,937,7368,7045,14413,2016-03-01
NG24,2205,2745,4950,15556,12938,28494,2016-03-01
NG25,251,363,614,3315,3256,6571,2016-03-01
NG31,2289,2906,5195,15247,12274,27521,2016-03-01
NG32,360,420,780,5495,5164,10659,2016-03-01
NG33,274,358,632,3985,3689,7674,2016-03-01
NG34,1530,1767,3297,15360,13894,29254,2016-03-01
NN1,2918,2682,5600,9548,6136,15684,2016-03-01
NN2,2378,2764,5142,12753,9985,22738,2016-03-01
NN3,4536,5787,10323,25275,20740,46015,2016-03-01
NN4,2023,2662,4685,17314,15436,32750,2016-03-01
NN5,2096,2618,4714,13530,10818,24348,2016-03-01
NN6,978,1118,2096,14006,13353,27359,2016-03-01
NN7,787,1002,1789,11605,10921,22526,2016-03-01
NN8,3102,3865,6967,16803,13421,30224,2016-03-01
NN9,897,1210,2107,10215,8940,19155,2016-03-01
NN10,1463,1973,3436,14092,12230,26322,2016-03-01
NN11,1673,2237,3910,14277,12302,26579,2016-03-01
NN12,731,904,1635,9657,8900,18557,2016-03-01
NN13,608,755,1363,7432,6863,14295,2016-03-01
NN14,1285,1613,2898,17037,15488,32525,2016-03-01
NN15,1318,1736,3054,12943,11717,24660,2016-03-01
NN16,1907,2226,4133,9709,7463,17172,2016-03-01
NN17,1776,2233,4009,8847,6784,15631,2016-03-01
NN18,2429,3120,5549,10684,8285,18969,2016-03-01
NN29,352,429,781,4473,4133,8606,2016-03-01
NP1,65,81,146,197,151,348,2016-03-01
NP2,13,18,31,79,47,126,2016-03-01
NP3,16,29,45,62,46,108,2016-03-01
NP4,1794,2487,4281,15420,13099,28519,2016-03-01
NP5,5,12,17,35,32,67,2016-03-01
NP6,22,24,46,98,57,155,2016-03-01
NP7,805,1100,1905,9818,8971,18789,2016-03-01
NP8,132,197,329,2174,2057,4231,2016-03-01
NP9,42,31,73,109,42,151,2016-03-01
NP10,878,1099,1977,8390,7743,16133,2016-03-01
NP11,1687,2322,4009,12358,10139,22497,2016-03-01
NP12,1341,1984,3325,11232,9482,20714,2016-03-01
NP13,979,1450,2429,6412,4668,11080,2016-03-01
NP15,144,174,318,3224,3077,6301,2016-03-01
NP16,835,1038,1873,8958,8275,17233,2016-03-01
NP18,557,752,1309,6514,5865,12379,2016-03-01
NP19,3437,4335,7772,15555,11662,27217,2016-03-01
NP20,3261,4021,7282,15212,11817,27029,2016-03-01
NP22,1100,1587,2687,6855,5242,12097,2016-03-01
NP23,1565,2197,3762,10724,8317,19041,2016-03-01
NP24,286,410,696,1421,989,2410,2016-03-01
NP25,516,557,1073,5714,5316,11030,2016-03-01
NP26,788,952,1740,8563,7628,16191,2016-03-01
NP44,2305,3111,5416,15808,13239,29047,2016-03-01
NR1,1730,1722,3452,8059,6135,14194,2016-03-01
NR2,1552,1750,3302,7752,6510,14262,2016-03-01
NR3,2343,2644,4987,10083,7568,17651,2016-03-01
NR4,1078,1299,2377,6937,6177,13114,2016-03-01
NR5,1781,2203,3984,8799,7128,15927,2016-03-01
NR6,817,1102,1919,9224,8004,17228,2016-03-01
NR7,1169,1392,2561,11728,10504,22232,2016-03-01
NR8,542,706,1248,7735,7334,15069,2016-03-01
NR9,446,543,989,6852,6487,13339,2016-03-01
NR10,609,811,1420,8900,8257,17157,2016-03-01
NR11,540,670,1210,6963,6444,13407,2016-03-01
NR12,586,714,1300,8163,7494,15657,2016-03-01
NR13,714,819,1533,10580,9996,20576,2016-03-01
NR14,675,724,1399,9379,8814,18193,2016-03-01
NR15,405,543,948,6217,5936,12153,2016-03-01
NR16,315,455,770,4983,4639,9622,2016-03-01
NR17,531,593,1124,6093,5402,11495,2016-03-01
NR18,584,693,1277,6333,6029,12362,2016-03-01
NR19,760,984,1744,7221,6274,13495,2016-03-01
NR20,505,696,1201,7403,6728,14131,2016-03-01
NR21,491,634,1125,6068,5497,11565,2016-03-01
NR22,37,50,87,328,312,640,2016-03-01
NR23,119,159,278,1135,953,2088,2016-03-01
NR24,113,161,274,1706,1585,3291,2016-03-01
NR25,279,341,620,3254,3036,6290,2016-03-01
NR26,275,365,640,3005,2702,5707,2016-03-01
NR27,464,564,1028,4037,3593,7630,2016-03-01
NR28,615,734,1349,6258,5657,11915,2016-03-01
NR29,665,785,1450,8147,7262,15409,2016-03-01
NR30,2123,2320,4443,9015,6427,15442,2016-03-01
NR31,2514,3073,5587,16785,13765,30550,2016-03-01
NR32,1990,2215,4205,13123,11011,24134,2016-03-01
NR33,1646,1967,3613,13927,12031,25958,2016-03-01
NR34,690,883,1573,8586,7725,16311,2016-03-01
NR35,339,454,793,4169,3815,7984,2016-03-01
NW1,6952,7292,14244,16091,10450,26541,2016-03-01
NW2,10502,9380,19882,24509,15819,40328,2016-03-01
NW3,4506,5375,9881,19588,16394,35982,2016-03-01
NW4,3312,3465,6777,12765,9903,22668,2016-03-01
NW5,3236,3692,6928,8084,6318,14402,2016-03-01
NW6,7964,8067,16031,21257,16056,37313,2016-03-01
NW7,1838,2235,4073,10044,8766,18810,2016-03-01
NW8,3757,4565,8322,12343,9290,21633,2016-03-01
NW9,8246,8307,16553,24053,15682,39735,2016-03-01
NW10,15996,14742,30738,28967,18484,47451,2016-03-01
NW11,3223,3194,6417,13806,11839,25645,2016-03-01
OL1,1825,2045,3870,5458,3878,9336,2016-03-01
OL2,1900,2470,4370,14551,12529,27080,2016-03-01
OL3,503,513,1016,5902,5593,11495,2016-03-01
OL4,2689,3326,6015,13886,10681,24567,2016-03-01
OL5,511,706,1217,3835,3293,7128,2016-03-01
OL6,1956,2369,4325,8934,6576,15510,2016-03-01
OL7,1056,1465,2521,5211,3778,8989,2016-03-01
OL8,3092,3819,6911,10369,6685,17054,2016-03-01
OL9,2737,3283,6020,12227,8945,21172,2016-03-01
OL10,1714,2142,3856,8584,6985,15569,2016-03-01
OL11,2921,3595,6516,13917,10972,24889,2016-03-01
OL12,2523,3215,5738,14752,12025,26777,2016-03-01
OL13,760,1034,1794,5284,4408,9692,2016-03-01
OL14,776,1053,1829,5229,4505,9734,2016-03-01
OL15,579,706,1285,5379,4753,10132,2016-03-01
OL16,2400,2921,5321,11208,8702,19910,2016-03-01
OX1,1622,1299,2921,5960,4732,10692,2016-03-01
OX2,2831,2975,5806,13037,11923,24960,2016-03-01
OX3,3154,3883,7037,13205,10842,24047,2016-03-01
OX4,5474,5920,11394,17544,12815,30359,2016-03-01
OX5,1328,1403,2731,9153,8043,17196,2016-03-01
OX6,20,17,37,47,41,88,2016-03-01
OX7,868,1077,1945,9158,8642,17800,2016-03-01
OX8,34,36,70,139,123,262,2016-03-01
OX9,537,664,1201,5552,5231,10783,2016-03-01
OX10,1022,1247,2269,9847,9005,18852,2016-03-01
OX11,1454,1830,3284,12230,10679,22909,2016-03-01
OX12,1069,1237,2306,9841,8788,18629,2016-03-01
OX13,442,565,1007,5189,4665,9854,2016-03-01
OX14,2031,2497,4528,16490,14595,31085,2016-03-01
OX15,556,604,1160,7488,7300,14788,2016-03-01
OX16,2754,3496,6250,15693,12387,28080,2016-03-01
OX17,464,569,1033,7108,6730,13838,2016-03-01
OX18,920,1208,2128,9436,8503,17939,2016-03-01
OX20,181,220,401,1831,1786,3617,2016-03-01
OX25,333,450,783,3501,3256,6757,2016-03-01
OX26,1544,2002,3546,11525,9941,21466,2016-03-01
OX27,215,270,485,2627,2574,5201,2016-03-01
OX28,1279,1503,2782,9649,8676,18325,2016-03-01
OX29,817,904,1721,9310,8734,18044,2016-03-01
OX33,287,310,597,3113,2904,6017,2016-03-01
OX39,178,215,393,2849,2737,5586,2016-03-01
OX44,265,364,629,3307,3091,6398,2016-03-01
OX49,124,164,288,1673,1704,3377,2016-03-01
PA1,1342,1583,2925,6664,5219,11883,2016-03-01
PA2,2263,2969,5232,13011,10916,23927,2016-03-01
PA3,1890,2331,4221,6554,4696,11250,2016-03-01
PA4,1284,1767,3051,7690,6424,14114,2016-03-01
PA5,1363,1846,3209,6756,5345,12101,2016-03-01
PA6,179,238,417,2623,2628,5251,2016-03-01
PA7,192,245,437,2072,1865,3937,2016-03-01
PA8,743,995,1738,5305,4679,9984,2016-03-01
PA9,68,76,144,703,633,1336,2016-03-01
PA10,143,203,346,1455,1343,2798,2016-03-01
PA11,230,286,516,2148,2025,4173,2016-03-01
PA12,137,183,320,1242,1194,2436,2016-03-01
PA13,142,172,314,1793,1839,3632,2016-03-01
PA14,1262,1571,2833,4746,3759,8505,2016-03-01
PA15,1374,1549,2923,4398,3299,7697,2016-03-01
PA16,1919,2256,4175,8765,7620,16385,2016-03-01
PA17,80,89,169,941,817,1758,2016-03-01
PA18,66,129,195,1039,1007,2046,2016-03-01
PA19,518,701,1219,4052,3610,7662,2016-03-01
PA20,345,441,786,2070,1707,3777,2016-03-01
PA21,43,33,76,326,279,605,2016-03-01
PA22,10,5,15,136,124,260,2016-03-01
PA23,755,999,1754,4237,3847,8084,2016-03-01
PA24,24,21,45,197,154,351,2016-03-01
PA25,0,5,5,24,21,45,2016-03-01
PA26,10,6,16,57,44,101,2016-03-01
PA27,19,43,62,296,279,575,2016-03-01
PA28,395,471,866,2597,2153,4750,2016-03-01
PA29,97,104,201,900,786,1686,2016-03-01
PA30,65,85,150,514,487,1001,2016-03-01
PA31,196,255,451,1930,1700,3630,2016-03-01
PA32,47,61,108,486,437,923,2016-03-01
PA33,37,31,68,302,251,553,2016-03-01
PA34,606,743,1349,3767,3249,7016,2016-03-01
PA35,53,70,123,542,526,1068,2016-03-01
PA36,1,1,2,20,14,34,2016-03-01
PA37,120,149,269,1115,1027,2142,2016-03-01
PA38,38,35,73,373,343,716,2016-03-01
PA39,2,0,2,2,9,11,2016-03-01
PA40,1,2,3,5,4,9,2016-03-01
PA41,9,11,20,50,51,101,2016-03-01
PA42,58,90,148,410,334,744,2016-03-01
PA43,50,69,119,292,238,530,2016-03-01
PA44,7,14,21,117,94,211,2016-03-01
PA45,11,12,23,61,42,103,2016-03-01
PA46,7,9,16,74,67,141,2016-03-01
PA47,5,6,11,66,55,121,2016-03-01
PA48,17,16,33,120,123,243,2016-03-01
PA49,7,11,18,71,68,139,2016-03-01
PA60,10,21,31,81,69,150,2016-03-01
PA61,7,20,27,55,50,105,2016-03-01
PA62,2,2,4,12,9,21,2016-03-01
PA63,1,0,1,4,4,8,2016-03-01
PA64,0,3,3,35,37,72,2016-03-01
PA65,7,12,19,90,82,172,2016-03-01
PA66,6,13,19,66,65,131,2016-03-01
PA67,16,15,31,105,104,209,2016-03-01
PA68,0,0,0,6,4,10,2016-03-01
PA69,1,1,2,10,8,18,2016-03-01
PA70,4,3,7,29,24,53,2016-03-01
PA71,2,0,2,24,18,42,2016-03-01
PA72,19,17,36,181,172,353,2016-03-01
PA73,2,2,4,29,25,54,2016-03-01
PA74,0,2,2,16,14,30,2016-03-01
PA75,60,77,137,552,511,1063,2016-03-01
PA76,5,6,11,55,58,113,2016-03-01
PA77,30,44,74,246,253,499,2016-03-01
PA78,14,18,32,73,76,149,2016-03-01
PA80,5,4,9,9,2,11,2016-03-01
PA81,1,5,6,16,10,26,2016-03-01
PA82,5,4,9,15,12,27,2016-03-01
PA83,0,0,0,1,0,1,2016-03-01
PA84,0,1,1,1,0,1,2016-03-01
PA85,4,2,6,3,3,6,2016-03-01
PA86,21,35,56,88,84,172,2016-03-01
PA87,9,13,22,17,19,36,2016-03-01
PA88,2,1,3,5,1,6,2016-03-01
PE1,4212,4525,8737,14358,8988,23346,2016-03-01
PE2,2579,3356,5935,15323,12401,27724,2016-03-01
PE3,2137,2773,4910,9630,7103,16733,2016-03-01
PE4,1461,1902,3363,9707,8406,18113,2016-03-01
PE5,39,43,82,614,576,1190,2016-03-01
PE6,1130,1518,2648,14272,13174,27446,2016-03-01
PE7,1592,2024,3616,15833,13998,29831,2016-03-01
PE8,552,761,1313,6753,6258,13011,2016-03-01
PE9,1169,1445,2614,11860,11169,23029,2016-03-01
PE10,729,938,1667,8375,7625,16000,2016-03-01
PE11,1707,2070,3777,15702,13130,28832,2016-03-01
PE12,1275,1622,2897,15570,13509,29079,2016-03-01
PE13,1768,1960,3728,12191,10078,22269,2016-03-01
PE14,678,817,1495,8546,7759,16305,2016-03-01
PE15,1075,1400,2475,10698,9333,20031,2016-03-01
PE16,390,476,866,4095,3473,7568,2016-03-01
PE17,39,21,60,83,57,140,2016-03-01
PE18,39,76,115,95,75,170,2016-03-01
PE19,1668,2162,3830,16451,14763,31214,2016-03-01
PE20,496,640,1136,5493,4753,10246,2016-03-01
PE21,2300,2508,4808,13426,10815,24241,2016-03-01
PE22,529,627,1156,6856,6008,12864,2016-03-01
PE23,310,337,647,3336,3062,6398,2016-03-01
PE24,448,559,1007,4681,3833,8514,2016-03-01
PE25,1181,1408,2589,7090,5500,12590,2016-03-01
PE26,425,529,954,4465,3999,8464,2016-03-01
PE27,843,1068,1911,7411,6408,13819,2016-03-01
PE28,1466,1825,3291,18474,17461,35935,2016-03-01
PE29,1609,2097,3706,9611,8086,17697,2016-03-01
PE30,2416,2905,5321,13858,11660,25518,2016-03-01
PE31,503,629,1132,7764,7214,14978,2016-03-01
PE32,428,519,947,6299,5862,12161,2016-03-01
PE33,408,575,983,6094,5463,11557,2016-03-01
PE34,436,569,1005,5598,4988,10586,2016-03-01
PE35,1,2,3,41,35,76,2016-03-01
PE36,232,285,517,2264,2048,4312,2016-03-01
PE37,335,465,800,3815,3338,7153,2016-03-01
PE38,450,562,1012,5595,4808,10403,2016-03-01
PH1,2423,3074,5497,14211,11953,26164,2016-03-01
PH2,1509,1765,3274,12329,11212,23541,2016-03-01
PH3,235,264,499,2233,2099,4332,2016-03-01
PH4,22,48,70,329,308,637,2016-03-01
PH5,22,53,75,334,306,640,2016-03-01
PH6,81,108,189,960,951,1911,2016-03-01
PH7,397,466,863,3321,3013,6334,2016-03-01
PH8,86,98,184,794,750,1544,2016-03-01
PH9,25,46,71,374,349,723,2016-03-01
PH10,458,524,982,4002,3598,7600,2016-03-01
PH11,128,188,316,1318,1144,2462,2016-03-01
PH12,51,75,126,809,698,1507,2016-03-01
PH13,165,220,385,1552,1329,2881,2016-03-01
PH14,36,74,110,793,764,1557,2016-03-01
PH15,162,207,369,1368,1179,2547,2016-03-01
PH16,172,197,369,1470,1334,2804,2016-03-01
PH17,9,7,16,80,59,139,2016-03-01
PH18,28,39,67,323,274,597,2016-03-01
PH19,4,6,10,41,30,71,2016-03-01
PH20,71,90,161,607,525,1132,2016-03-01
PH21,87,120,207,850,754,1604,2016-03-01
PH22,194,250,444,1152,987,2139,2016-03-01
PH23,27,39,66,329,310,639,2016-03-01
PH24,24,33,57,287,257,544,2016-03-01
PH25,32,28,60,352,333,685,2016-03-01
PH26,158,158,316,1402,1256,2658,2016-03-01
PH30,0,0,0,4,1,5,2016-03-01
PH31,21,23,44,241,217,458,2016-03-01
PH32,41,42,83,287,251,538,2016-03-01
PH33,715,954,1669,4076,3288,7364,2016-03-01
PH34,34,44,78,425,390,815,2016-03-01
PH35,18,22,40,134,108,242,2016-03-01
PH36,38,71,109,500,445,945,2016-03-01
PH37,9,10,19,66,55,121,2016-03-01
PH38,12,16,28,82,72,154,2016-03-01
PH39,27,19,46,149,152,301,2016-03-01
PH40,22,16,38,125,102,227,2016-03-01
PH41,71,59,130,364,326,690,2016-03-01
PH42,1,8,9,38,28,66,2016-03-01
PH43,1,2,3,13,7,20,2016-03-01
PH44,2,2,4,5,5,10,2016-03-01
PH49,42,59,101,423,366,789,2016-03-01
PH50,45,80,125,312,240,552,2016-03-01
PL1,1996,2005,4001,6235,3941,10176,2016-03-01
PL2,2175,2632,4807,9404,7554,16958,2016-03-01
PL3,1645,2044,3689,10599,9156,19755,2016-03-01
PL4,2532,2395,4927,8270,5624,13894,2016-03-01
PL5,2710,3675,6385,13213,10666,23879,2016-03-01
PL6,1859,2461,4320,14743,12926,27669,2016-03-01
PL7,1128,1448,2576,11625,10858,22483,2016-03-01
PL8,173,158,331,2336,2294,4630,2016-03-01
PL9,963,1246,2209,10571,9775,20346,2016-03-01
PL10,147,207,354,1347,1174,2521,2016-03-01
PL11,511,690,1201,3899,3432,7331,2016-03-01
PL12,851,998,1849,8464,7689,16153,2016-03-01
PL13,364,476,840,3764,3201,6965,2016-03-01
PL14,801,1100,1901,8626,7938,16564,2016-03-01
PL15,550,749,1299,7599,6973,14572,2016-03-01
PL16,52,61,113,816,778,1594,2016-03-01
PL17,327,377,704,3987,3609,7596,2016-03-01
PL18,179,249,428,1967,1937,3904,2016-03-01
PL19,566,700,1266,6224,5899,12123,2016-03-01
PL20,427,501,928,4652,4491,9143,2016-03-01
PL21,583,765,1348,6857,6620,13477,2016-03-01
PL22,128,148,276,1336,1303,2639,2016-03-01
PL23,113,130,243,1188,1166,2354,2016-03-01
PL24,432,543,975,3642,3258,6900,2016-03-01
PL25,1095,1212,2307,8788,7855,16643,2016-03-01
PL26,1078,1208,2286,10065,8923,18988,2016-03-01
PL27,393,520,913,4502,4309,8811,2016-03-01
PL28,169,219,388,1545,1440,2985,2016-03-01
PL29,33,29,62,368,346,714,2016-03-01
PL30,235,303,538,4316,4047,8363,2016-03-01
PL31,694,828,1522,5008,4233,9241,2016-03-01
PL32,134,179,313,1544,1432,2976,2016-03-01
PL33,64,75,139,694,648,1342,2016-03-01
PL34,60,74,134,692,635,1327,2016-03-01
PL35,29,42,71,381,376,757,2016-03-01
PO1,2411,2755,5166,6670,4295,10965,2016-03-01
PO2,3143,3988,7131,12895,9774,22669,2016-03-01
PO3,1136,1357,2493,6740,5673,12413,2016-03-01
PO4,2640,3003,5643,12440,9951,22391,2016-03-01
PO5,2339,2371,4710,7522,5022,12544,2016-03-01
PO6,2467,3068,5535,13692,11462,25154,2016-03-01
PO7,1602,2026,3628,15277,13904,29181,2016-03-01
PO8,1251,1555,2806,13401,12318,25719,2016-03-01
PO9,3020,3968,6988,15620,13134,28754,2016-03-01
PO10,612,751,1363,7094,6553,13647,2016-03-01
PO11,640,728,1368,7052,6462,13514,2016-03-01
PO12,2545,3070,5615,16080,13617,29697,2016-03-01
PO13,1864,2453,4317,11671,10333,22004,2016-03-01
PO14,1181,1385,2566,12774,11866,24640,2016-03-01
PO15,822,895,1717,8450,7808,16258,2016-03-01
PO16,1260,1408,2668,12280,11040,23320,2016-03-01
PO17,196,220,416,2629,2434,5063,2016-03-01
PO18,459,490,949,5425,5250,10675,2016-03-01
PO19,1544,1730,3274,9749,9230,18979,2016-03-01
PO20,1163,1338,2501,12952,12180,25132,2016-03-01
PO21,1851,2022,3873,13728,12060,25788,2016-03-01
PO22,1126,1318,2444,10896,10070,20966,2016-03-01
PO30,1369,1629,2998,9755,8889,18644,2016-03-01
PO31,643,759,1402,5288,4868,10156,2016-03-01
PO32,370,452,822,2752,2536,5288,2016-03-01
PO33,1617,1965,3582,10511,9379,19890,2016-03-01
PO34,55,63,118,908,916,1824,2016-03-01
PO35,153,152,305,1428,1396,2824,2016-03-01
PO36,818,953,1771,5811,5265,11076,2016-03-01
PO37,451,517,968,3321,2880,6201,2016-03-01
PO38,551,710,1261,4919,4394,9313,2016-03-01
PO39,81,120,201,954,891,1845,2016-03-01
PO40,219,292,511,2076,1929,4005,2016-03-01
PO41,59,83,142,951,942,1893,2016-03-01
PR1,4793,5436,10229,19871,14488,34359,2016-03-01
PR2,4024,5019,9043,26155,22010,48165,2016-03-01
PR3,897,1218,2115,15132,14108,29240,2016-03-01
PR4,1809,2316,4125,22867,20918,43785,2016-03-01
PR5,1590,2125,3715,14628,12846,27474,2016-03-01
PR6,1293,1596,2889,12886,11465,24351,2016-03-01
PR7,1919,2537,4456,20593,18205,38798,2016-03-01
PR8,2462,2900,5362,19031,17290,36321,2016-03-01
PR9,1787,2166,3953,15193,13288,28481,2016-03-01
PR25,1305,1738,3043,10710,9410,20120,2016-03-01
PR26,483,519,1002,5136,4736,9872,2016-03-01
RG1,4989,4920,9909,13841,8345,22186,2016-03-01
RG2,3174,3584,6758,12707,9517,22224,2016-03-01
RG3,17,11,28,55,24,79,2016-03-01
RG4,1758,2092,3850,15278,14055,29333,2016-03-01
RG5,1075,1287,2362,10010,9076,19086,2016-03-01
RG6,1981,2165,4146,14070,12093,26163,2016-03-01
RG7,1072,1334,2406,12825,12034,24859,2016-03-01
RG8,758,718,1476,7789,7489,15278,2016-03-01
RG9,963,982,1945,9354,9085,18439,2016-03-01
RG10,608,635,1243,7547,7318,14865,2016-03-01
RG11,19,18,37,44,39,83,2016-03-01
RG12,2850,3683,6533,19985,16841,36826,2016-03-01
RG13,12,22,34,35,32,67,2016-03-01
RG14,1808,2157,3965,13890,11883,25773,2016-03-01
RG15,12,18,30,54,48,102,2016-03-01
RG16,18,13,31,90,76,166,2016-03-01
RG17,584,650,1234,5857,5464,11321,2016-03-01
RG18,683,831,1514,7233,6647,13880,2016-03-01
RG19,670,840,1510,6419,5807,12226,2016-03-01
RG20,639,752,1391,8001,7652,15653,2016-03-01
RG21,1893,2236,4129,9310,7213,16523,2016-03-01
RG22,2012,2600,4612,15243,13282,28525,2016-03-01
RG23,536,690,1226,4797,4221,9018,2016-03-01
RG24,1416,1913,3329,11935,10456,22391,2016-03-01
RG25,277,314,591,3514,3191,6705,2016-03-01
RG26,756,983,1739,8902,8132,17034,2016-03-01
RG27,575,633,1208,8573,8445,17018,2016-03-01
RG28,225,269,494,2179,1950,4129,2016-03-01
RG29,167,295,462,2572,2432,5004,2016-03-01
RG30,3545,4212,7757,15395,11564,26959,2016-03-01
RG31,1228,1488,2716,10993,10017,21010,2016-03-01
RG40,941,1055,1996,10965,10515,21480,2016-03-01
RG41,1014,1161,2175,11276,10949,22225,2016-03-01
RG42,1039,1177,2216,10215,9738,19953,2016-03-01
RG45,460,482,942,5538,5375,10913,2016-03-01
RH1,2227,2719,4946,17500,15600,33100,2016-03-01
RH2,896,1087,1983,9820,9357,19177,2016-03-01
RH3,127,109,236,1771,1776,3547,2016-03-01
RH4,637,766,1403,5761,5441,11202,2016-03-01
RH5,606,644,1250,6890,6404,13294,2016-03-01
RH6,1292,1423,2715,12051,10892,22943,2016-03-01
RH7,485,360,845,3679,3237,6916,2016-03-01
RH8,575,658,1233,5882,5844,11726,2016-03-01
RH9,156,205,361,2150,2119,4269,2016-03-01
RH10,3429,3807,7236,25105,21431,46536,2016-03-01
RH11,4245,5056,9301,18887,14707,33594,2016-03-01
RH12,1614,1952,3566,16911,15901,32812,2016-03-01
RH13,1248,1494,2742,14723,13824,28547,2016-03-01
RH14,426,518,944,5962,5546,11508,2016-03-01
RH15,1290,1469,2759,11465,10564,22029,2016-03-01
RH16,1468,1720,3188,12473,11610,24083,2016-03-01
RH17,620,703,1323,7414,7240,14654,2016-03-01
RH18,284,305,589,1865,1866,3731,2016-03-01
RH19,1360,1537,2897,13495,12469,25964,2016-03-01
RH20,665,755,1420,10502,10251,20753,2016-03-01
RM1,1211,1416,2627,7209,5971,13180,2016-03-01
RM2,555,640,1195,4992,4488,9480,2016-03-01
RM3,2644,3539,6183,13372,10815,24187,2016-03-01
RM4,137,128,265,1903,1822,3725,2016-03-01
RM5,1133,1431,2564,6813,5874,12687,2016-03-01
RM6,2691,3365,6056,10913,8233,19146,2016-03-01
RM7,1776,2361,4137,9537,7691,17228,2016-03-01
RM8,3920,4715,8635,11665,8159,19824,2016-03-01
RM9,3373,4382,7755,10322,6990,17312,2016-03-01
RM10,3681,4745,8426,10898,7428,18326,2016-03-01
RM11,1299,1530,2829,12306,11242,23548,2016-03-01
RM12,1683,2022,3705,12682,10831,23513,2016-03-01
RM13,1740,2115,3855,10184,8506,18690,2016-03-01
RM14,968,1025,1993,10500,9767,20267,2016-03-01
RM15,1676,2118,3794,9648,7765,17413,2016-03-01
RM16,1837,2383,4220,14729,12876,27605,2016-03-01
RM17,1777,2332,4109,9579,7067,16646,2016-03-01
RM18,1259,1727,2986,5223,4012,9235,2016-03-01
RM19,450,683,1133,2407,1748,4155,2016-03-01
RM20,397,508,905,1832,1194,3026,2016-03-01
S1,468,308,776,880,374,1254,2016-03-01
S2,3473,4118,7591,9437,5859,15296,2016-03-01
S3,1713,1366,3079,2977,1268,4245,2016-03-01
S4,1299,1303,2602,2942,1602,4544,2016-03-01
S5,4350,5857,10207,15321,10488,25809,2016-03-01
S6,3044,3725,6769,18589,15031,33620,2016-03-01
S7,1226,1123,2349,5752,4789,10541,2016-03-01
S8,2446,3069,5515,14528,12064,26592,2016-03-01
S9,2009,2452,4461,7946,4812,12758,2016-03-01
S10,2096,2067,4163,12863,11371,24234,2016-03-01
S11,1655,1735,3390,10573,9576,20149,2016-03-01
S12,1460,2252,3712,11770,8990,20760,2016-03-01
S13,1466,2023,3489,9642,7435,17077,2016-03-01
S14,759,940,1699,2080,1270,3350,2016-03-01
S17,489,545,1034,6004,5833,11837,2016-03-01
S18,714,912,1626,9637,8841,18478,2016-03-01
S19,2,3,5,22,13,35,2016-03-01
S20,1119,1678,2797,10862,9045,19907,2016-03-01
S21,764,1104,1868,7438,6132,13570,2016-03-01
S25,786,1188,1974,7556,6376,13932,2016-03-01
S26,866,1334,2200,9415,8046,17461,2016-03-01
S30,15,21,36,109,108,217,2016-03-01
S31,7,20,27,39,15,54,2016-03-01
S32,144,183,327,2327,2283,4610,2016-03-01
S33,138,174,312,1951,1822,3773,2016-03-01
S35,1393,1872,3265,15174,13253,28427,2016-03-01
S36,951,1245,2196,10170,8864,19034,2016-03-01
S40,1702,2184,3886,11858,9843,21701,2016-03-01
S41,1775,2287,4062,11786,9667,21453,2016-03-01
S42,1060,1399,2459,10316,8878,19194,2016-03-01
S43,1844,2693,4537,13529,10739,24268,2016-03-01
S44,1002,1403,2405,7404,5936,13340,2016-03-01
S45,570,794,1364,4680,3779,8459,2016-03-01
S60,1694,2395,4089,12819,10088,22907,2016-03-01
S61,1952,2635,4587,11234,8558,19792,2016-03-01
S62,1035,1412,2447,6049,4485,10534,2016-03-01
S63,2373,3034,5407,11776,8952,20728,2016-03-01
S64,1719,2194,3913,9582,7321,16903,2016-03-01
S65,2407,2881,5288,9673,6664,16337,2016-03-01
S66,1970,2862,4832,15326,12688,28014,2016-03-01
S70,2364,2935,5299,11600,8307,19907,2016-03-01
S71,2504,3282,5786,14462,11075,25537,2016-03-01
S72,1377,1816,3193,8187,6445,14632,2016-03-01
S73,1466,1939,3405,8797,6871,15668,2016-03-01
S74,872,1283,2155,5780,4519,10299,2016-03-01
S75,1603,2174,3777,15975,13690,29665,2016-03-01
S80,1628,2027,3655,9643,7468,17111,2016-03-01
S81,1412,1875,3287,13583,11890,25473,2016-03-01
SA1,3836,3934,7770,12689,8350,21039,2016-03-01
SA2,1621,1762,3383,12573,11076,23649,2016-03-01
SA3,722,828,1550,10435,9992,20427,2016-03-01
SA4,1431,1908,3339,15947,14783,30730,2016-03-01
SA5,2014,2866,4880,11146,8886,20032,2016-03-01
SA6,1547,2163,3710,11201,9435,20636,2016-03-01
SA7,537,738,1275,5315,4763,10078,2016-03-01
SA8,450,605,1055,4504,4025,8529,2016-03-01
SA9,523,711,1234,5527,4826,10353,2016-03-01
SA10,1024,1492,2516,10844,9354,20198,2016-03-01
SA11,1656,2305,3961,11934,9423,21357,2016-03-01
SA12,1677,2219,3896,10420,8635,19055,2016-03-01
SA13,961,1266,2227,6483,5112,11595,2016-03-01
SA14,1134,1511,2645,11869,10486,22355,2016-03-01
SA15,1719,2052,3771,11768,9709,21477,2016-03-01
SA16,292,403,695,3055,2641,5696,2016-03-01
SA17,339,422,761,3277,2837,6114,2016-03-01
SA18,1157,1401,2558,10458,9291,19749,2016-03-01
SA19,266,346,612,3826,3548,7374,2016-03-01
SA20,113,145,258,1323,1113,2436,2016-03-01
SA31,656,907,1563,5268,4859,10127,2016-03-01
SA32,157,200,357,3101,2962,6063,2016-03-01
SA33,311,430,741,5006,4625,9631,2016-03-01
SA34,151,176,327,2049,1817,3866,2016-03-01
SA35,16,27,43,367,330,697,2016-03-01
SA36,9,11,20,151,138,289,2016-03-01
SA37,31,36,67,576,528,1104,2016-03-01
SA38,142,160,302,1735,1618,3353,2016-03-01
SA39,63,88,151,1017,878,1895,2016-03-01
SA40,118,117,235,1098,973,2071,2016-03-01
SA41,63,51,114,820,741,1561,2016-03-01
SA42,62,72,134,798,769,1567,2016-03-01
SA43,459,554,1013,4749,4285,9034,2016-03-01
SA44,305,384,689,4442,4180,8622,2016-03-01
SA45,66,59,125,592,551,1143,2016-03-01
SA46,94,111,205,965,824,1789,2016-03-01
SA47,47,47,94,392,358,750,2016-03-01
SA48,360,329,689,3230,2992,6222,2016-03-01
SA61,730,953,1683,4619,4097,8716,2016-03-01
SA62,563,705,1268,7988,7412,15400,2016-03-01
SA63,29,30,59,490,464,954,2016-03-01
SA64,84,130,214,806,696,1502,2016-03-01
SA65,171,208,379,1530,1349,2879,2016-03-01
SA66,74,92,166,1237,1195,2432,2016-03-01
SA67,193,279,472,2775,2573,5348,2016-03-01
SA68,95,128,223,1551,1399,2950,2016-03-01
SA69,101,156,257,1447,1271,2718,2016-03-01
SA70,387,473,860,3366,3048,6414,2016-03-01
SA71,481,517,998,3859,3331,7190,2016-03-01
SA72,494,595,1089,3367,2955,6322,2016-03-01
SA73,893,1181,2074,6827,5860,12687,2016-03-01
SA99,0,1,1,0,0,0,2016-03-01
SE1,8099,8052,16151,17368,10356,27724,2016-03-01
SE2,2938,3762,6700,7644,5589,13233,2016-03-01
SE3,2616,3133,5749,10827,9141,19968,2016-03-01
SE4,3424,3779,7203,8049,6481,14530,2016-03-01
SE5,7246,7781,15027,11717,7787,19504,2016-03-01
SE6,6063,6985,13048,14705,11810,26515,2016-03-01
SE7,2547,2877,5424,6118,4301,10419,2016-03-01
SE8,4219,4414,8633,6688,4226,10914,2016-03-01
SE9,4481,5506,9987,20369,16988,37357,2016-03-01
SE10,2033,2291,4324,6795,5442,12237,2016-03-01
SE11,3038,3182,6220,6026,3626,9652,2016-03-01
SE12,2265,2718,4983,8546,7071,15617,2016-03-01
SE13,4985,5181,10166,11294,8719,20013,2016-03-01
SE14,3704,3754,7458,6355,4146,10501,2016-03-01
SE15,10812,11138,21950,15499,10691,26190,2016-03-01
SE16,5055,5758,10813,12708,8437,21145,2016-03-01
SE17,5786,5942,11728,7592,4162,11754,2016-03-01
SE18,10917,11184,22101,19920,13059,32979,2016-03-01
SE19,2670,3245,5915,8907,7288,16195,2016-03-01
SE20,2386,2853,5239,6574,5389,11963,2016-03-01
SE21,1344,1535,2879,4991,4574,9565,2016-03-01
SE22,3034,3298,6332,9064,7946,17010,2016-03-01
SE23,3304,3877,7181,10033,8460,18493,2016-03-01
SE24,1828,1940,3768,5600,4834,10434,2016-03-01
SE25,3822,4454,8276,10171,8363,18534,2016-03-01
SE26,2946,3516,6462,8307,6871,15178,2016-03-01
SE27,2469,2746,5215,6309,4913,11222,2016-03-01
SE28,3269,4299,7568,7440,5151,12591,2016-03-01
SG1,3015,3708,6723,17933,14930,32863,2016-03-01
SG2,2125,2800,4925,15124,12987,28111,2016-03-01
SG3,226,278,504,2796,2675,5471,2016-03-01
SG4,1168,1341,2509,11277,10471,21748,2016-03-01
SG5,1338,1508,2846,11957,10859,22816,2016-03-01
SG6,1720,2155,3875,11862,10439,22301,2016-03-01
SG7,520,581,1101,5036,4707,9743,2016-03-01
SG8,1340,1498,2838,15094,13660,28754,2016-03-01
SG9,235,296,531,4037,3878,7915,2016-03-01
SG10,47,52,99,805,775,1580,2016-03-01
SG11,220,214,434,3328,3082,6410,2016-03-01
SG12,1150,1275,2425,11232,10338,21570,2016-03-01
SG13,690,683,1373,6255,5975,12230,2016-03-01
SG14,822,892,1714,7306,6752,14058,2016-03-01
SG15,231,264,495,2136,1877,4013,2016-03-01
SG16,151,228,379,2306,2187,4493,2016-03-01
SG17,403,468,871,4722,4453,9175,2016-03-01
SG18,876,1129,2005,9124,8022,17146,2016-03-01
SG19,795,1081,1876,9555,8597,18152,2016-03-01
SK1,615,812,1427,3599,2661,6260,2016-03-01
SK2,1385,1753,3138,10569,9207,19776,2016-03-01
SK3,1647,2124,3771,8640,7363,16003,2016-03-01
SK4,1801,1951,3752,12936,11713,24649,2016-03-01
SK5,1963,2465,4428,8771,7136,15907,2016-03-01
SK6,1952,2365,4317,19179,17498,36677,2016-03-01
SK7,1358,1549,2907,16276,15514,31790,2016-03-01
SK8,2324,2715,5039,23051,21595,44646,2016-03-01
SK9,1354,1606,2960,15285,14573,29858,2016-03-01
SK10,1445,1654,3099,15235,14582,29817,2016-03-01
SK11,1629,1912,3541,13436,11967,25403,2016-03-01
SK12,566,583,1149,7869,7591,15460,2016-03-01
SK13,1466,1929,3395,11802,10467,22269,2016-03-01
SK14,2599,3223,5822,15121,12604,27725,2016-03-01
SK15,1434,1745,3179,9395,7958,17353,2016-03-01
SK16,1034,1304,2338,6552,5238,11790,2016-03-01
SK17,1099,1393,2492,11620,9944,21564,2016-03-01
SK22,489,616,1105,4636,4050,8686,2016-03-01
SK23,564,642,1206,6755,6113,12868,2016-03-01
SL0,394,447,841,4821,4299,9120,2016-03-01
SL1,6479,6543,13022,24750,18123,42873,2016-03-01
SL2,4227,4990,9217,19027,14746,33773,2016-03-01
SL3,2481,3330,5811,17375,14402,31777,2016-03-01
SL4,1970,2356,4326,17031,15610,32641,2016-03-01
SL5,1042,1198,2240,9973,10010,19983,2016-03-01
SL6,3479,4002,7481,31477,28601,60078,2016-03-01
SL7,805,795,1600,8540,8406,16946,2016-03-01
SL8,207,209,416,2621,2577,5198,2016-03-01
SL9,860,900,1760,9068,9103,18171,2016-03-01
SM1,2461,3001,5462,13906,11405,25311,2016-03-01
SM2,1316,1771,3087,10779,9722,20501,2016-03-01
SM3,1134,1309,2443,7833,6988,14821,2016-03-01
SM4,3049,3232,6281,13113,9915,23028,2016-03-01
SM5,2394,3021,5415,13194,11673,24867,2016-03-01
SM6,2302,2809,5111,12729,11290,24019,2016-03-01
SM7,582,614,1196,7239,7250,14489,2016-03-01
SN1,2712,2324,5036,9659,6241,15900,2016-03-01
SN2,2580,3222,5802,13615,10393,24008,2016-03-01
SN3,2790,3596,6386,18197,14941,33138,2016-03-01
SN4,983,1186,2169,10920,9869,20789,2016-03-01
SN5,1488,2068,3556,12674,11011,23685,2016-03-01
SN6,723,912,1635,8531,7790,16321,2016-03-01
SN7,454,634,1088,5269,4855,10124,2016-03-01
SN8,896,1008,1904,9367,8790,18157,2016-03-01
SN9,279,326,605,3154,3034,6188,2016-03-01
SN10,1156,1453,2609,11650,10741,22391,2016-03-01
SN11,803,1086,1889,8146,7430,15576,2016-03-01
SN12,935,1092,2027,9448,8570,18018,2016-03-01
SN13,580,722,1302,6057,5822,11879,2016-03-01
SN14,1062,1242,2304,10531,9659,20190,2016-03-01
SN15,1322,1669,2991,13252,11695,24947,2016-03-01
SN16,375,409,784,5636,5333,10969,2016-03-01
SN25,1074,1418,2492,12998,11471,24469,2016-03-01
SN26,60,54,114,744,634,1378,2016-03-01
SO1,20,24,44,56,22,78,2016-03-01
SO2,50,24,74,83,39,122,2016-03-01
SO3,22,15,37,81,51,132,2016-03-01
SO4,9,18,27,51,36,87,2016-03-01
SO5,10,12,22,38,24,62,2016-03-01
SO9,17,12,29,25,7,32,2016-03-01
SO14,2832,2251,5083,6609,3300,9909,2016-03-01
SO15,2544,2817,5361,12583,9735,22318,2016-03-01
SO16,4158,5167,9325,21487,17169,38656,2016-03-01
SO17,1330,1248,2578,4930,3451,8381,2016-03-01
SO18,1963,2309,4272,12448,10384,22832,2016-03-01
SO19,3301,4233,7534,18275,15093,33368,2016-03-01
SO20,272,308,580,3395,3133,6528,2016-03-01
SO21,559,717,1276,7797,7546,15343,2016-03-01
SO22,1389,1605,2994,9139,8396,17535,2016-03-01
SO23,1159,1220,2379,6985,6423,13408,2016-03-01
SO24,370,394,764,4549,4383,8932,2016-03-01
SO30,932,1133,2065,12321,11764,24085,2016-03-01
SO31,1498,1698,3196,17435,16512,33947,2016-03-01
SO32,537,630,1167,8279,8045,16324,2016-03-01
SO40,1339,1661,3000,15957,14581,30538,2016-03-01
SO41,948,1000,1948,12417,12530,24947,2016-03-01
SO42,127,169,296,2081,1961,4042,2016-03-01
SO43,124,137,261,1839,1765,3604,2016-03-01
SO45,1241,1644,2885,13476,12383,25859,2016-03-01
SO50,2090,2575,4665,16528,14428,30956,2016-03-01
SO51,821,970,1791,10763,10318,21081,2016-03-01
SO52,168,243,411,2721,2519,5240,2016-03-01
SO53,973,1205,2178,12487,12012,24499,2016-03-01
SP1,1027,1100,2127,7347,6815,14162,2016-03-01
SP2,1557,1770,3327,9836,8510,18346,2016-03-01
SP3,345,445,790,4615,4412,9027,2016-03-01
SP4,1469,1839,3308,11714,9790,21504,2016-03-01
SP5,594,695,1289,9106,8933,18039,2016-03-01
SP6,381,398,779,5845,5676,11521,2016-03-01
SP7,433,631,1064,5164,4965,10129,2016-03-01
SP8,416,518,934,5558,5212,10770,2016-03-01
SP9,424,809,1233,3056,2166,5222,2016-03-01
SP10,2195,2932,5127,13876,11483,25359,2016-03-01
SP11,788,1106,1894,8989,8112,17101,2016-03-01
SR1,473,385,858,1126,438,1564,2016-03-01
SR2,2254,2470,4724,9750,7240,16990,2016-03-01
SR3,2084,2788,4872,12114,9598,21712,2016-03-01
SR4,2850,3704,6554,11556,8149,19705,2016-03-01
SR5,2476,3059,5535,8947,6104,15051,2016-03-01
SR6,1271,1580,2851,10547,9041,19588,2016-03-01
SR7,1555,2176,3731,9458,7249,16707,2016-03-01
SR8,2221,3039,5260,10621,8014,18635,2016-03-01
SS0,2969,3414,6383,13223,10618,23841,2016-03-01
SS1,1865,2034,3899,8818,7359,16177,2016-03-01
SS2,2473,3049,5522,11412,9257,20669,2016-03-01
SS3,1568,1995,3563,9923,8822,18745,2016-03-01
SS4,898,1024,1922,7474,6854,14328,2016-03-01
SS5,743,796,1539,8666,7887,16553,2016-03-01
SS6,1129,1312,2441,12124,11053,23177,2016-03-01
SS7,1815,2205,4020,19379,17356,36735,2016-03-01
SS8,1958,2645,4603,14138,11583,25721,2016-03-01
SS9,2156,2481,4637,18418,16801,35219,2016-03-01
SS11,619,802,1421,6780,5920,12700,2016-03-01
SS12,604,800,1404,7009,6360,13369,2016-03-01
SS13,1558,2127,3685,7580,6014,13594,2016-03-01
SS14,1898,2569,4467,7680,5806,13486,2016-03-01
SS15,1997,2699,4696,9981,8316,18297,2016-03-01
SS16,1761,2513,4274,10346,8354,18700,2016-03-01
SS17,1382,1779,3161,12420,10814,23234,2016-03-01
SS99,0,1,1,0,0,0,2016-03-01
ST1,2253,2505,4758,9264,6152,15416,2016-03-01
ST2,2002,2672,4674,10267,7848,18115,2016-03-01
ST3,3574,4652,8226,22087,17147,39234,2016-03-01
ST4,3439,4012,7451,17501,13334,30835,2016-03-01
ST5,3933,4648,8581,26492,22090,48582,2016-03-01
ST6,3938,5229,9167,19642,14306,33948,2016-03-01
ST7,1903,2460,4363,20085,17576,37661,2016-03-01
ST8,657,817,1474,7530,6649,14179,2016-03-01
ST9,257,358,615,4926,4453,9379,2016-03-01
ST10,740,934,1674,9793,8656,18449,2016-03-01
ST11,262,336,598,3923,3488,7411,2016-03-01
ST12,118,132,250,1360,1285,2645,2016-03-01
ST13,954,1202,2156,10122,8869,18991,2016-03-01
ST14,793,985,1778,7371,6356,13727,2016-03-01
ST15,639,809,1448,7933,7313,15246,2016-03-01
ST16,1558,1814,3372,9768,8012,17780,2016-03-01
ST17,1814,2129,3943,13682,12065,25747,2016-03-01
ST18,380,398,778,6796,6251,13047,2016-03-01
ST19,441,545,986,5880,5456,11336,2016-03-01
ST20,171,221,392,2794,2526,5320,2016-03-01
ST21,127,172,299,2467,2268,4735,2016-03-01
SW1,59,56,115,313,168,481,2016-03-01
SW1,118,74,192,431,214,645,2016-03-01
SW1,50,46,96,330,183,513,2016-03-01
SW1,1080,1324,2404,3867,2617,6484,2016-03-01
SW1,2017,2300,4317,6848,5047,11895,2016-03-01
SW1,775,880,1655,2671,2170,4841,2016-03-01
SW1,719,845,1564,2714,2145,4859,2016-03-01
SW1,64,61,125,371,179,550,2016-03-01
SW2,6943,7361,14304,15321,11242,26563,2016-03-01
SW3,1941,2482,4423,8576,7331,15907,2016-03-01
SW4,4443,4566,9009,12636,9366,22002,2016-03-01
SW5,2116,1866,3982,5843,3792,9635,2016-03-01
SW6,5462,6219,11681,21062,17336,38398,2016-03-01
SW7,2717,2304,5021,8692,6020,14712,2016-03-01
SW8,5047,5330,10377,10560,6566,17126,2016-03-01
SW9,7195,7274,14469,11430,6960,18390,2016-03-01
SW10,1871,2159,4030,6456,5260,11716,2016-03-01
SW11,6168,7123,13291,22282,17919,40201,2016-03-01
SW12,2416,2529,4945,10567,8940,19507,2016-03-01
SW13,942,1154,2096,6077,5895,11972,2016-03-01
SW14,953,1067,2020,6412,6066,12478,2016-03-01
SW15,4747,5503,10250,21160,17959,39119,2016-03-01
SW16,9790,9476,19266,26407,19861,46268,2016-03-01
SW17,7947,7219,15166,20266,15365,35631,2016-03-01
SW18,4241,4954,9195,21378,18539,39917,2016-03-01
SW19,6106,6833,12939,30569,25669,56238,2016-03-01
SW20,1879,2125,4004,11844,10549,22393,2016-03-01
SY1,1388,1812,3200,8393,6760,15153,2016-03-01
SY2,772,953,1725,5961,5160,11121,2016-03-01
SY3,1300,1548,2848,11846,11071,22917,2016-03-01
SY4,722,916,1638,9338,8837,18175,2016-03-01
SY5,647,683,1330,8139,7579,15718,2016-03-01
SY6,182,203,385,2854,2682,5536,2016-03-01
SY7,304,409,713,4395,4029,8424,2016-03-01
SY8,570,725,1295,7242,6549,13791,2016-03-01
SY9,75,93,168,1099,954,2053,2016-03-01
SY10,390,487,877,6257,5701,11958,2016-03-01
SY11,1107,1359,2466,8910,7837,16747,2016-03-01
SY12,271,316,587,2998,2682,5680,2016-03-01
SY13,638,715,1353,7476,6626,14102,2016-03-01
SY14,146,164,310,2485,2437,4922,2016-03-01
SY15,121,137,258,2199,2070,4269,2016-03-01
SY16,694,843,1537,5478,4735,10213,2016-03-01
SY17,87,105,192,1496,1348,2844,2016-03-01
SY18,119,146,265,1810,1526,3336,2016-03-01
SY19,18,30,48,428,375,803,2016-03-01
SY20,236,297,533,2516,2232,4748,2016-03-01
SY21,542,722,1264,6325,5620,11945,2016-03-01
SY22,225,274,499,3492,3283,6775,2016-03-01
SY23,1268,1369,2637,8519,7359,15878,2016-03-01
SY24,153,199,352,1719,1544,3263,2016-03-01
SY25,119,188,307,1754,1532,3286,2016-03-01
TA1,1797,2142,3939,13301,12022,25323,2016-03-01
TA2,1110,1330,2440,9250,8330,17580,2016-03-01
TA3,341,383,724,6065,5816,11881,2016-03-01
TA4,549,654,1203,7521,7298,14819,2016-03-01
TA5,275,313,588,4105,3893,7998,2016-03-01
TA6,2316,2698,5014,15443,12756,28199,2016-03-01
TA7,419,477,896,6392,6055,12447,2016-03-01
TA8,569,654,1223,6446,5679,12125,2016-03-01
TA9,508,567,1075,4759,4311,9070,2016-03-01
TA10,277,286,563,3828,3763,7591,2016-03-01
TA11,241,290,531,3700,3603,7303,2016-03-01
TA12,167,235,402,2487,2353,4840,2016-03-01
TA13,115,119,234,1587,1542,3129,2016-03-01
TA14,83,121,204,1274,1126,2400,2016-03-01
TA15,18,27,45,279,276,555,2016-03-01
TA16,43,61,104,758,654,1412,2016-03-01
TA17,3,13,16,235,258,493,2016-03-01
TA18,313,411,724,4007,3591,7598,2016-03-01
TA19,308,386,694,4531,4427,8958,2016-03-01
TA20,704,782,1486,7527,6750,14277,2016-03-01
TA21,694,805,1499,6892,6316,13208,2016-03-01
TA22,61,88,149,1068,1047,2115,2016-03-01
TA23,235,319,554,2093,1865,3958,2016-03-01
TA24,672,875,1547,6737,6054,12791,2016-03-01
TD1,789,1108,1897,5846,4937,10783,2016-03-01
TD2,82,84,166,1035,1012,2047,2016-03-01
TD3,35,30,65,407,363,770,2016-03-01
TD4,82,82,164,895,798,1693,2016-03-01
TD5,336,443,779,4276,4113,8389,2016-03-01
TD6,224,288,512,3016,2929,5945,2016-03-01
TD7,306,407,713,2721,2468,5189,2016-03-01
TD8,215,295,510,2326,2071,4397,2016-03-01
TD9,753,1040,1793,6441,5385,11826,2016-03-01
TD10,34,53,87,442,397,839,2016-03-01
TD11,215,299,514,3001,2631,5632,2016-03-01
TD12,151,170,321,1633,1477,3110,2016-03-01
TD13,38,36,74,381,360,741,2016-03-01
TD14,232,363,595,2342,2029,4371,2016-03-01
TD15,761,1015,1776,6301,5396,11697,2016-03-01
TF1,1926,2367,4293,12330,10211,22541,2016-03-01
TF2,1860,2274,4134,13013,11119,24132,2016-03-01
TF3,1686,2202,3888,7313,5712,13025,2016-03-01
TF4,840,1142,1982,6099,5190,11289,2016-03-01
TF5,195,208,403,2010,1902,3912,2016-03-01
TF6,127,175,302,2203,2019,4222,2016-03-01
TF7,1208,1599,2807,5053,3903,8956,2016-03-01
TF8,93,99,192,1240,1103,2343,2016-03-01
TF9,862,1061,1923,9756,8533,18289,2016-03-01
TF10,545,604,1149,6744,6011,12755,2016-03-01
TF11,339,328,667,3813,3422,7235,2016-03-01
TF12,215,240,455,1965,1766,3731,2016-03-01
TF13,105,123,228,1423,1408,2831,2016-03-01
TN1,693,798,1491,3798,3102,6900,2016-03-01
TN2,1164,1541,2705,10140,9138,19278,2016-03-01
TN3,322,369,691,4818,4672,9490,2016-03-01
TN4,1420,1707,3127,10582,9867,20449,2016-03-01
TN5,258,333,591,3492,3525,7017,2016-03-01
TN6,844,969,1813,9971,9442,19413,2016-03-01
TN7,62,87,149,989,1009,1998,2016-03-01
TN8,451,584,1035,5066,4814,9880,2016-03-01
TN9,963,1052,2015,5870,5260,11130,2016-03-01
TN10,732,828,1560,5923,5534,11457,2016-03-01
TN11,415,488,903,5589,5327,10916,2016-03-01
TN12,1004,1215,2219,11460,10576,22036,2016-03-01
TN13,935,1085,2020,9285,9080,18365,2016-03-01
TN14,497,517,1014,6098,5769,11867,2016-03-01
TN15,709,886,1595,10212,9706,19918,2016-03-01
TN16,656,738,1394,7868,7386,15254,2016-03-01
TN17,535,660,1195,5378,5148,10526,2016-03-01
TN18,208,236,444,2512,2376,4888,2016-03-01
TN19,154,190,344,2112,1932,4044,2016-03-01
TN20,135,143,278,1544,1568,3112,2016-03-01
TN21,435,561,996,6637,6358,12995,2016-03-01
TN22,898,1094,1992,10540,10034,20574,2016-03-01
TN23,2086,2666,4752,13358,11378,24736,2016-03-01
TN24,1569,1978,3547,10964,9505,20469,2016-03-01
TN25,479,522,1001,6524,6254,12778,2016-03-01
TN26,272,351,623,4859,4534,9393,2016-03-01
TN27,336,440,776,5429,5030,10459,2016-03-01
TN28,270,386,656,3331,2970,6301,2016-03-01
TN29,502,636,1138,5303,4458,9761,2016-03-01
TN30,274,340,614,3791,3673,7464,2016-03-01
TN31,525,662,1187,5448,4879,10327,2016-03-01
TN32,180,200,380,2136,1992,4128,2016-03-01
TN33,493,507,1000,4856,4774,9630,2016-03-01
TN34,1955,2324,4279,9602,7945,17547,2016-03-01
TN35,980,1250,2230,6155,5526,11681,2016-03-01
TN36,89,95,184,958,899,1857,2016-03-01
TN37,1289,1525,2814,6519,5314,11833,2016-03-01
TN38,1775,2148,3923,9139,7646,16785,2016-03-01
TN39,963,1226,2189,9488,8934,18422,2016-03-01
TN40,751,971,1722,5799,5231,11030,2016-03-01
TQ1,1822,2086,3908,11046,9340,20386,2016-03-01
TQ2,1956,2303,4259,11749,10440,22189,2016-03-01
TQ3,1486,1702,3188,10976,9628,20604,2016-03-01
TQ4,758,957,1715,6999,6225,13224,2016-03-01
TQ5,825,1019,1844,7070,6266,13336,2016-03-01
TQ6,332,417,749,3100,2720,5820,2016-03-01
TQ7,559,698,1257,6522,6245,12767,2016-03-01
TQ8,80,75,155,761,676,1437,2016-03-01
TQ9,753,874,1627,6716,6803,13519,2016-03-01
TQ10,113,181,294,1497,1459,2956,2016-03-01
TQ11,194,235,429,1543,1487,3030,2016-03-01
TQ12,2002,2374,4376,19751,18316,38067,2016-03-01
TQ13,746,800,1546,9160,9111,18271,2016-03-01
TQ14,797,916,1713,7247,6758,14005,2016-03-01
TR1,1060,1299,2359,6954,6428,13382,2016-03-01
TR2,255,349,604,3858,3657,7515,2016-03-01
TR3,351,414,765,4909,4737,9646,2016-03-01
TR4,368,405,773,4524,4267,8791,2016-03-01
TR5,136,138,274,1479,1506,2985,2016-03-01
TR6,152,167,319,1434,1286,2720,2016-03-01
TR7,1156,1299,2455,7510,6498,14008,2016-03-01
TR8,279,323,602,3489,3103,6592,2016-03-01
TR9,301,407,708,3061,2724,5785,2016-03-01
TR10,468,533,1001,3321,2952,6273,2016-03-01
TR11,1295,1455,2750,9674,8988,18662,2016-03-01
TR12,291,308,599,3714,3318,7032,2016-03-01
TR13,685,850,1535,7390,6983,14373,2016-03-01
TR14,1254,1371,2625,8720,7391,16111,2016-03-01
TR15,912,1071,1983,6818,5892,12710,2016-03-01
TR16,506,631,1137,6033,5589,11622,2016-03-01
TR17,66,84,150,569,494,1063,2016-03-01
TR18,1176,1345,2521,6392,5488,11880,2016-03-01
TR19,399,468,867,3350,3119,6469,2016-03-01
TR20,334,370,704,3762,3534,7296,2016-03-01
TR21,77,101,178,585,480,1065,2016-03-01
TR22,6,6,12,28,20,48,2016-03-01
TR23,3,4,7,32,25,57,2016-03-01
TR24,5,7,12,46,31,77,2016-03-01
TR25,7,2,9,47,38,85,2016-03-01
TR26,545,662,1207,4021,3661,7682,2016-03-01
TR27,599,761,1360,5394,4988,10382,2016-03-01
TS1,2016,1595,3611,3037,1328,4365,2016-03-01
TS2,123,130,253,192,107,299,2016-03-01
TS3,2463,3099,5562,6608,4229,10837,2016-03-01
TS4,1385,1630,3015,4139,2834,6973,2016-03-01
TS5,2069,2615,4684,13158,10994,24152,2016-03-01
TS6,1839,2497,4336,9153,6976,16129,2016-03-01
TS7,714,988,1702,8575,7575,16150,2016-03-01
TS8,995,1338,2333,6951,6157,13108,2016-03-01
TS9,294,383,677,5321,4967,10288,2016-03-01
TS10,1875,2473,4348,11927,9757,21684,2016-03-01
TS11,392,575,967,4504,3893,8397,2016-03-01
TS12,939,1288,2227,7763,6554,14317,2016-03-01
TS13,536,687,1223,3282,2443,5725,2016-03-01
TS14,622,802,1424,6520,5740,12260,2016-03-01
TS15,362,406,768,5502,5058,10560,2016-03-01
TS16,332,405,737,3981,3671,7652,2016-03-01
TS17,1961,2517,4478,14571,12540,27111,2016-03-01
TS18,1425,1567,2992,7386,5951,13337,2016-03-01
TS19,2010,2782,4792,11142,9104,20246,2016-03-01
TS20,1035,1300,2335,6720,5437,12157,2016-03-01
TS21,376,459,835,4788,4272,9060,2016-03-01
TS22,188,239,427,3603,3232,6835,2016-03-01
TS23,1545,2097,3642,9424,7891,17315,2016-03-01
TS24,1483,1846,3329,5661,4045,9706,2016-03-01
TS25,1993,2608,4601,11809,9447,21256,2016-03-01
TS26,1187,1297,2484,8161,7179,15340,2016-03-01
TS27,437,619,1056,4381,3847,8228,2016-03-01
TS28,235,318,553,1730,1435,3165,2016-03-01
TS29,290,386,676,2050,1625,3675,2016-03-01
TS90,0,0,0,1,0,1,2016-03-01
TW1,1339,1613,2952,10096,9146,19242,2016-03-01
TW2,1619,1853,3472,11285,10222,21507,2016-03-01
TW3,7129,5313,12442,14234,8606,22840,2016-03-01
TW4,4715,3997,8712,10166,6024,16190,2016-03-01
TW5,4393,3723,8116,11411,7467,18878,2016-03-01
TW6,9,1,10,31,10,41,2016-03-01
TW7,3095,3624,6719,13789,10694,24483,2016-03-01
TW8,1820,2110,3930,6779,4989,11768,2016-03-01
TW9,1374,1610,2984,8745,7822,16567,2016-03-01
TW10,1302,1520,2822,7683,6882,14565,2016-03-01
TW11,1203,1397,2600,8787,8325,17112,2016-03-01
TW12,1250,1453,2703,8651,8198,16849,2016-03-01
TW13,3027,3653,6680,12357,9030,21387,2016-03-01
TW14,2671,3027,5698,10156,7114,17270,2016-03-01
TW15,1114,1310,2424,11198,9906,21104,2016-03-01
TW16,871,1081,1952,8049,7126,15175,2016-03-01
TW17,509,539,1048,5949,5589,11538,2016-03-01
TW18,1153,1244,2397,10157,9101,19258,2016-03-01
TW19,854,1119,1973,6696,5543,12239,2016-03-01
TW20,1364,1453,2817,8373,7274,15647,2016-03-01
UB1,9165,6501,15666,14051,7896,21947,2016-03-01
UB2,6562,4792,11354,11089,6687,17776,2016-03-01
UB3,6127,6188,12315,17429,10991,28420,2016-03-01
UB4,4351,4236,8587,14190,10223,24413,2016-03-01
UB5,4675,5607,10282,15603,10929,26532,2016-03-01
UB6,5804,5558,11362,20099,13464,33563,2016-03-01
UB7,2578,2918,5496,10368,7535,17903,2016-03-01
UB8,2517,2691,5208,11241,8598,19839,2016-03-01
UB9,648,727,1375,5741,5219,10960,2016-03-01
UB10,1801,2153,3954,12889,11202,24091,2016-03-01
UB11,2,0,2,12,4,16,2016-03-01
W1,32,13,45,45,10,55,2016-03-01
W1,59,68,127,315,178,493,2016-03-01
W1,11,3,14,12,0,12,2016-03-01
W1,208,113,321,428,179,607,2016-03-01
W1,139,111,250,458,197,655,2016-03-01
W1,219,225,444,1129,805,1934,2016-03-01
W1,814,680,1494,2213,1525,3738,2016-03-01
W1,199,154,353,841,487,1328,2016-03-01
W1,381,359,740,1165,680,1845,2016-03-01
W1,75,60,135,92,66,158,2016-03-01
W1,57,63,120,121,61,182,2016-03-01
W1,63,66,129,98,43,141,2016-03-01
W1,49,13,62,68,11,79,2016-03-01
W1,49,26,75,145,59,204,2016-03-01
W1,425,304,729,1076,570,1646,2016-03-01
W1,487,492,979,1785,1177,2962,2016-03-01
W1,89,53,142,105,49,154,2016-03-01
W1,376,403,779,1028,644,1672,2016-03-01
W1,55,21,76,135,55,190,2016-03-01
W1,51,46,97,100,46,146,2016-03-01
W2,6952,6208,13160,16425,10465,26890,2016-03-01
W3,6328,6119,12447,19870,13764,33634,2016-03-01
W4,3240,3767,7007,17004,14793,31797,2016-03-01
W5,4199,4396,8595,20155,16305,36460,2016-03-01
W6,3606,3683,7289,10825,8453,19278,2016-03-01
W7,2875,3197,6072,9697,7895,17592,2016-03-01
W8,1969,2366,4335,8201,6970,15171,2016-03-01
W9,4364,4738,9102,12238,9114,21352,2016-03-01
W10,4359,4930,9289,8894,6461,15355,2016-03-01
W11,3665,4124,7789,10304,8133,18437,2016-03-01
W12,6412,6558,12970,13866,9622,23488,2016-03-01
W13,3000,3196,6196,12471,9699,22170,2016-03-01
W14,4257,4580,8837,12581,9567,22148,2016-03-01
WA1,989,1088,2077,7774,6515,14289,2016-03-01
WA2,2402,3031,5433,12880,10283,23163,2016-03-01
WA3,1722,2383,4105,17190,15395,32585,2016-03-01
WA4,1729,2014,3743,18159,16510,34669,2016-03-01
WA5,2606,3256,5862,21319,18689,40008,2016-03-01
WA6,609,674,1283,7623,7137,14760,2016-03-01
WA7,3947,5411,9358,20004,15986,35990,2016-03-01
WA8,3332,4285,7617,20725,16892,37617,2016-03-01
WA9,3016,3905,6921,14889,11316,26205,2016-03-01
WA10,2025,2478,4503,12421,10199,22620,2016-03-01
WA11,1804,2370,4174,14534,12295,26829,2016-03-01
WA12,1138,1471,2609,7463,6101,13564,2016-03-01
WA13,345,412,757,5200,5017,10217,2016-03-01
WA14,1336,1399,2735,11069,10169,21238,2016-03-01
WA15,1692,1805,3497,16775,15485,32260,2016-03-01
WA16,800,833,1633,9637,9089,18726,2016-03-01
WC1,86,64,150,240,102,342,2016-03-01
WC1,177,221,398,410,256,666,2016-03-01
WC1,212,219,431,495,311,806,2016-03-01
WC1,936,831,1767,1780,962,2742,2016-03-01
WC1,746,716,1462,1812,1115,2927,2016-03-01
WC1,42,42,84,184,104,288,2016-03-01
WC1,44,30,74,86,46,132,2016-03-01
WC1,967,894,1861,1851,1155,3006,2016-03-01
WC2,10,10,20,82,49,131,2016-03-01
WC2,188,163,351,496,235,731,2016-03-01
WC2,66,48,114,217,106,323,2016-03-01
WC2,397,268,665,831,367,1198,2016-03-01
WC2,83,49,132,231,112,343,2016-03-01
WC2,31,20,51,105,51,156,2016-03-01
WD1,34,34,68,86,61,147,2016-03-01
WD2,84,63,147,154,80,234,2016-03-01
WD3,1532,1789,3321,16208,15618,31826,2016-03-01
WD4,352,382,734,4561,4350,8911,2016-03-01
WD5,449,488,937,4361,4092,8453,2016-03-01
WD6,2271,2733,5004,14080,11796,25876,2016-03-01
WD7,457,514,971,5216,5068,10284,2016-03-01
WD17,931,998,1929,6285,5146,11431,2016-03-01
WD18,2275,2591,4866,8490,5979,14469,2016-03-01
WD19,1472,1847,3319,10043,9128,19171,2016-03-01
WD23,1063,1273,2336,9746,9435,19181,2016-03-01
WD24,1569,1774,3343,8221,6385,14606,2016-03-01
WD25,1472,1833,3305,10234,8956,19190,2016-03-01
WF1,2367,2802,5169,10757,7533,18290,2016-03-01
WF2,2740,3648,6388,16294,13186,29480,2016-03-01
WF3,1333,1889,3222,11905,10400,22305,2016-03-01
WF4,1747,2459,4206,15498,13152,28650,2016-03-01
WF5,881,1186,2067,7425,6460,13885,2016-03-01
WF6,1133,1534,2667,7124,5566,12690,2016-03-01
WF7,985,1463,2448,6837,5540,12377,2016-03-01
WF8,1585,2118,3703,10838,8821,19659,2016-03-01
WF9,2448,3125,5573,12139,9062,21201,2016-03-01
WF10,2650,3721,6371,14234,10654,24888,2016-03-01
WF11,961,1310,2271,5460,4215,9675,2016-03-01
WF12,2071,2711,4782,10746,7919,18665,2016-03-01
WF13,1962,2572,4534,7393,4724,12117,2016-03-01
WF14,742,1040,1782,7079,6297,13376,2016-03-01
WF15,841,1097,1938,6039,5167,11206,2016-03-01
WF16,697,914,1611,3818,2691,6509,2016-03-01
WF17,2562,3460,6022,13094,9238,22332,2016-03-01
WN1,1011,1143,2154,6599,5164,11763,2016-03-01
WN2,2366,3325,5691,17232,13798,31030,2016-03-01
WN3,1322,1882,3204,10435,8424,18859,2016-03-01
WN4,1178,1538,2716,10291,8699,18990,2016-03-01
WN5,2156,2662,4818,14394,11483,25877,2016-03-01
WN6,1582,1882,3464,14453,12604,27057,2016-03-01
WN7,2567,3257,5824,15306,12020,27326,2016-03-01
WN8,3078,4021,7099,14722,11827,26549,2016-03-01
WR1,599,612,1211,2875,2223,5098,2016-03-01
WR2,1178,1362,2540,10248,8982,19230,2016-03-01
WR3,789,961,1750,7651,6905,14556,2016-03-01
WR4,1472,1905,3377,8362,7100,15462,2016-03-01
WR5,1314,1712,3026,11212,9812,21024,2016-03-01
WR6,337,369,706,5384,5099,10483,2016-03-01
WR7,125,114,239,2407,2269,4676,2016-03-01
WR8,229,250,479,3378,3229,6607,2016-03-01
WR9,1235,1528,2763,11645,10723,22368,2016-03-01
WR10,477,667,1144,7173,6692,13865,2016-03-01
WR11,1617,1957,3574,15686,13676,29362,2016-03-01
WR12,158,189,347,2330,2235,4565,2016-03-01
WR13,217,229,446,3459,3392,6851,2016-03-01
WR14,1649,1962,3611,12410,11373,23783,2016-03-01
WR15,236,268,504,2895,2587,5482,2016-03-01
WS1,2140,2668,4808,7215,4436,11651,2016-03-01
WS2,2808,3915,6723,10087,6468,16555,2016-03-01
WS3,3097,4030,7127,14824,11131,25955,2016-03-01
WS4,819,1014,1833,5790,4687,10477,2016-03-01
WS5,948,1428,2376,7549,6383,13932,2016-03-01
WS6,597,796,1393,6769,5791,12560,2016-03-01
WS7,936,1313,2249,11294,9752,21046,2016-03-01
WS8,758,955,1713,5254,4208,9462,2016-03-01
WS9,921,1186,2107,9788,8632,18420,2016-03-01
WS10,3086,4138,7224,13328,9396,22724,2016-03-01
WS11,1815,2409,4224,14690,12417,27107,2016-03-01
WS12,1181,1587,2768,12618,10773,23391,2016-03-01
WS13,1103,1326,2429,9194,8153,17347,2016-03-01
WS14,550,584,1134,6974,6545,13519,2016-03-01
WS15,1529,1960,3489,13369,11530,24899,2016-03-01
WV1,1667,1666,3333,4025,2422,6447,2016-03-01
WV2,1734,1807,3541,3883,2433,6316,2016-03-01
WV3,1747,2101,3848,9702,7936,17638,2016-03-01
WV4,1676,2203,3879,11802,9599,21401,2016-03-01
WV5,411,561,972,5991,5404,11395,2016-03-01
WV6,2414,2934,5348,15454,13149,28603,2016-03-01
WV7,321,264,585,2255,2009,4264,2016-03-01
WV8,679,993,1672,5472,4906,10378,2016-03-01
WV9,263,404,667,2613,2277,4890,2016-03-01
WV10,4049,5472,9521,15961,11983,27944,2016-03-01
WV11,1885,2442,4327,11460,8762,20222,2016-03-01
WV12,1203,1622,2825,8579,6909,15488,2016-03-01
WV13,1347,1819,3166,6332,4775,11107,2016-03-01
WV14,2853,3820,6673,13884,10459,24343,2016-03-01
WV15,254,307,561,3368,2987,6355,2016-03-01
WV16,527,642,1169,6768,6072,12840,2016-03-01
YO1,285,305,590,1232,894,2126,2016-03-01
YO2,17,20,37,38,24,62,2016-03-01
YO3,29,28,57,49,34,83,2016-03-01
YO4,7,10,17,89,76,165,2016-03-01
YO5,4,9,13,28,19,47,2016-03-01
YO6,13,25,38,90,66,156,2016-03-01
YO7,604,772,1376,7582,6838,14420,2016-03-01
YO8,1690,2382,4072,16077,13810,29887,2016-03-01
YO10,1375,1649,3024,6745,5651,12396,2016-03-01
YO11,1262,1535,2797,6935,5291,12226,2016-03-01
YO12,2049,2677,4726,13059,10899,23958,2016-03-01
YO13,215,307,522,4071,3854,7925,2016-03-01
YO14,403,560,963,4144,3588,7732,2016-03-01
YO15,720,782,1502,4693,3654,8347,2016-03-01
YO16,1094,1490,2584,8438,6745,15183,2016-03-01
YO17,762,907,1669,7958,6959,14917,2016-03-01
YO18,302,407,709,4241,3870,8111,2016-03-01
YO19,353,432,785,4885,4637,9522,2016-03-01
YO21,516,621,1137,5334,4676,10010,2016-03-01
YO22,355,475,830,3104,2703,5807,2016-03-01
YO23,733,996,1729,6872,6486,13358,2016-03-01
YO24,1559,2196,3755,9956,8779,18735,2016-03-01
YO25,1003,1334,2337,12933,11624,24557,2016-03-01
YO26,1354,1813,3167,10526,9301,19827,2016-03-01
YO30,1396,1687,3083,8550,7582,16132,2016-03-01
YO31,1398,1833,3231,8342,7203,15545,2016-03-01
YO32,955,1345,2300,10717,10068,20785,2016-03-01
YO41,238,368,606,4250,3975,8225,2016-03-01
YO42,438,601,1039,5614,5168,10782,2016-03-01
YO43,317,433,750,4806,4425,9231,2016-03-01
YO51,151,189,340,2167,2042,4209,2016-03-01
YO60,125,119,244,1960,1877,3837,2016-03-01
YO61,367,453,820,5474,5250,10724,2016-03-01
YO62,400,372,772,4643,4266,8909,2016-03-01
ZE1,435,542,977,2749,2203,4952,2016-03-01
ZE2,587,830,1417,5368,4633,10001,2016-03-01
ZE3,17,29,46,171,132,303,2016-03-01
TotalNA,3577151,4192247,7769398,20932622,17626109,38558731,2016-03-01
AA3,0,0,0,1,0,1,2018-03-01
AA78,0,0,0,0,1,1,2018-03-01
AB1,77,84,161,232,158,390,2018-03-01
AB2,25,35,60,115,63,178,2018-03-01
AB3,7,9,16,37,47,84,2018-03-01
AB4,3,4,7,32,33,65,2018-03-01
AB5,1,4,5,30,28,58,2018-03-01
AB9,31,18,49,68,12,80,2018-03-01
AB10,1459,1540,2999,7522,6002,13524,2018-03-01
AB11,1852,1970,3822,6408,4283,10691,2018-03-01
AB12,1182,1556,2738,10543,9294,19837,2018-03-01
AB13,98,115,213,1376,1356,2732,2018-03-01
AB14,226,275,501,1917,1770,3687,2018-03-01
AB15,1426,1817,3243,15463,14427,29890,2018-03-01
AB16,2223,2917,5140,8424,6268,14692,2018-03-01
AB18,0,0,0,0,1,1,2018-03-01
AB21,899,1084,1983,9129,8004,17133,2018-03-01
AB22,568,790,1358,6329,5682,12011,2018-03-01
AB23,430,469,899,4750,4261,9011,2018-03-01
AB24,3007,3132,6139,9341,5859,15200,2018-03-01
AB25,1489,1354,2843,5139,3665,8804,2018-03-01
AB28,0,0,0,1,0,1,2018-03-01
AB29,0,1,1,1,0,1,2018-03-01
AB30,212,261,473,2971,2707,5678,2018-03-01
AB31,466,530,996,6465,6098,12563,2018-03-01
AB32,440,509,949,5661,5438,11099,2018-03-01
AB33,124,174,298,2337,2103,4440,2018-03-01
AB34,165,214,379,2209,2112,4321,2018-03-01
AB35,112,120,232,1001,925,1926,2018-03-01
AB36,19,19,38,232,211,443,2018-03-01
AB37,36,52,88,539,458,997,2018-03-01
AB38,116,175,291,1731,1529,3260,2018-03-01
AB39,677,761,1438,6820,6433,13253,2018-03-01
AB41,582,869,1451,8552,7920,16472,2018-03-01
AB42,1519,1825,3344,12479,10796,23275,2018-03-01
AB43,1023,1289,2312,8260,7283,15543,2018-03-01
AB44,204,233,437,1372,1179,2551,2018-03-01
AB45,428,538,966,4112,3615,7727,2018-03-01
AB51,973,1280,2253,13934,12932,26866,2018-03-01
AB52,123,184,307,2118,1953,4071,2018-03-01
AB53,350,449,799,4871,4262,9133,2018-03-01
AB54,397,499,896,4302,3816,8118,2018-03-01
AB55,271,438,709,3451,2933,6384,2018-03-01
AB56,660,751,1411,5112,4598,9710,2018-03-01
AL1,1932,2074,4006,14010,12397,26407,2018-03-01
AL2,888,1075,1963,9567,9018,18585,2018-03-01
AL3,1145,1325,2470,11067,10496,21563,2018-03-01
AL4,994,1148,2142,10735,10430,21165,2018-03-01
AL5,1075,1175,2250,12286,12038,24324,2018-03-01
AL6,336,352,688,5113,5007,10120,2018-03-01
AL7,1990,2360,4350,12161,10819,22980,2018-03-01
AL8,570,709,1279,5046,4826,9872,2018-03-01
AL9,409,464,873,4868,4506,9374,2018-03-01
AL10,3200,2835,6035,11297,7952,19249,2018-03-01
B0,2,0,2,0,0,0,2018-03-01
B1,871,759,1630,2067,1057,3124,2018-03-01
B2,76,62,138,112,44,156,2018-03-01
B3,172,151,323,612,406,1018,2018-03-01
B4,265,150,415,272,91,363,2018-03-01
B5,1264,1332,2596,2853,1728,4581,2018-03-01
B5,0,0,0,1,1,2,2018-03-01
B6,2638,2858,5496,4536,2251,6787,2018-03-01
B7,1033,1356,2389,1730,991,2721,2018-03-01
B8,4895,5473,10368,9919,5283,15202,2018-03-01
B9,2736,3431,6167,5665,3131,8796,2018-03-01
B9,0,0,0,1,0,1,2018-03-01
B10,3186,3554,6740,6134,3141,9275,2018-03-01
B11,5314,5906,11220,11120,5886,17006,2018-03-01
B12,2754,2714,5468,4456,2254,6710,2018-03-01
B13,2949,3485,6434,12320,9448,21768,2018-03-01
B14,3240,3853,7093,13065,10809,23874,2018-03-01
B15,1545,1586,3131,4933,3724,8657,2018-03-01
B16,2747,2864,5611,6227,3704,9931,2018-03-01
B17,1694,2041,3735,8524,7108,15632,2018-03-01
B18,1973,2498,4471,3601,2193,5794,2018-03-01
B19,3058,3305,6363,4300,2179,6479,2018-03-01
B20,3760,4286,8046,10108,6883,16991,2018-03-01
B21,4440,4619,9059,7114,3971,11085,2018-03-01
B22,0,0,0,1,0,1,2018-03-01
B23,3827,4789,8616,12624,9443,22067,2018-03-01
B24,2211,2668,4879,8867,6780,15647,2018-03-01
B25,1459,1848,3307,4683,3172,7855,2018-03-01
B26,1983,2588,4571,11348,8800,20148,2018-03-01
B27,2143,2620,4763,7584,5442,13026,2018-03-01
B28,1762,2316,4078,11026,8985,20011,2018-03-01
B29,3151,3673,6824,9578,7342,16920,2018-03-01
B30,1937,2355,4292,8936,8088,17024,2018-03-01
B31,4037,5339,9376,16976,14031,31007,2018-03-01
B32,2909,4125,7034,11282,8972,20254,2018-03-01
B33,2905,3860,6765,9774,7037,16811,2018-03-01
B34,1348,1790,3138,5873,4580,10453,2018-03-01
B35,835,1153,1988,2398,1979,4377,2018-03-01
B36,2378,3342,5720,11585,9215,20800,2018-03-01
B37,2887,3627,6514,10539,8285,18824,2018-03-01
B38,1509,2045,3554,6022,5082,11104,2018-03-01
B41,1,0,1,1,0,1,2018-03-01
B42,1525,1957,3482,7816,6389,14205,2018-03-01
B43,1380,1829,3209,10627,9075,19702,2018-03-01
B44,2787,3726,6513,10768,8474,19242,2018-03-01
B45,1942,2568,4510,10633,8971,19604,2018-03-01
B46,423,479,902,5144,4712,9856,2018-03-01
B47,285,313,598,3946,3849,7795,2018-03-01
B48,179,192,371,2408,2233,4641,2018-03-01
B49,328,447,775,4170,3924,8094,2018-03-01
B50,199,218,417,2388,2262,4650,2018-03-01
B60,927,1067,1994,10400,9773,20173,2018-03-01
B61,1078,1217,2295,9313,8544,17857,2018-03-01
B62,1011,1263,2274,9079,7970,17049,2018-03-01
B63,1696,2239,3935,12785,10827,23612,2018-03-01
B64,976,1285,2261,5375,4268,9643,2018-03-01
B65,1473,2036,3509,7662,5894,13556,2018-03-01
B66,2817,3235,6052,5416,3107,8523,2018-03-01
B67,2811,3456,6267,8660,5957,14617,2018-03-01
B68,2188,2889,5077,10251,7793,18044,2018-03-01
B69,2024,2698,4722,8972,6725,15697,2018-03-01
B70,2730,3372,6102,8088,4882,12970,2018-03-01
B71,2227,2869,5096,9466,6860,16326,2018-03-01
B72,417,445,862,3902,3421,7323,2018-03-01
B73,926,1077,2003,8935,8197,17132,2018-03-01
B74,924,1101,2025,12962,12297,25259,2018-03-01
B75,1069,1429,2498,9931,9416,19347,2018-03-01
B76,926,877,1803,9087,7975,17062,2018-03-01
B77,2810,3949,6759,20006,16870,36876,2018-03-01
B78,987,1180,2167,9143,8024,17167,2018-03-01
B79,985,1271,2256,8230,6892,15122,2018-03-01
B80,259,283,542,2806,2551,5357,2018-03-01
B90,1738,2021,3759,18114,16722,34836,2018-03-01
B91,1202,1446,2648,13643,12801,26444,2018-03-01
B92,1714,2046,3760,14073,12274,26347,2018-03-01
B93,544,590,1134,7964,7873,15837,2018-03-01
B94,168,178,346,3256,3136,6392,2018-03-01
B95,188,201,389,2583,2534,5117,2018-03-01
B96,118,149,267,2220,2111,4331,2018-03-01
B97,1300,1653,2953,11997,10528,22525,2018-03-01
B98,2885,3897,6782,17384,14082,31466,2018-03-01
BA0,0,0,0,1,1,2,2018-03-01
BA1,2361,2677,5038,13931,12684,26615,2018-03-01
BA2,3937,4252,8189,23884,21550,45434,2018-03-01
BA3,1387,1403,2790,13814,12686,26500,2018-03-01
BA4,636,778,1414,7202,6537,13739,2018-03-01
BA5,718,745,1463,7043,6757,13800,2018-03-01
BA6,638,650,1288,5247,5045,10292,2018-03-01
BA7,107,148,255,1403,1399,2802,2018-03-01
BA8,127,161,288,1757,1660,3417,2018-03-01
BA9,238,329,567,3190,2948,6138,2018-03-01
BA10,141,189,330,1323,1271,2594,2018-03-01
BA11,1367,1745,3112,12302,11537,23839,2018-03-01
BA12,1181,1464,2645,11266,10268,21534,2018-03-01
BA13,746,936,1682,7685,7140,14825,2018-03-01
BA14,2258,2519,4777,18319,16689,35008,2018-03-01
BA15,492,589,1081,5110,5147,10257,2018-03-01
BA16,616,660,1276,4789,4365,9154,2018-03-01
BA20,474,549,1023,4310,3594,7904,2018-03-01
BA21,1607,2145,3752,12315,10453,22768,2018-03-01
BA22,498,481,979,7240,6816,14056,2018-03-01
BB0,0,0,0,1,0,1,2018-03-01
BB1,4298,5817,10115,21057,15091,36148,2018-03-01
BB2,3712,4585,8297,18930,14738,33668,2018-03-01
BB3,1903,2336,4239,11484,9681,21165,2018-03-01
BB4,1869,2419,4288,15127,13348,28475,2018-03-01
BB5,3593,4580,8173,20015,15940,35955,2018-03-01
BB6,648,806,1454,5419,4732,10151,2018-03-01
BB7,1141,1261,2402,12904,12152,25056,2018-03-01
BB8,1138,1404,2542,8044,6998,15042,2018-03-01
BB9,2632,3345,5977,14463,10763,25226,2018-03-01
BB10,2128,2629,4757,12649,10055,22704,2018-03-01
BB11,1586,1945,3531,7125,5483,12608,2018-03-01
BB12,1729,2056,3785,12262,10434,22696,2018-03-01
BB18,673,871,1544,6255,5466,11721,2018-03-01
BD0,0,0,0,1,0,1,2018-03-01
BD1,557,407,964,940,362,1302,2018-03-01
BD2,1806,2446,4252,9546,7542,17088,2018-03-01
BD3,3293,3855,7148,7752,4271,12023,2018-03-01
BD4,2309,3140,5449,8263,6083,14346,2018-03-01
BD5,2810,3278,6088,7062,3930,10992,2018-03-01
BD6,1759,2472,4231,9252,7519,16771,2018-03-01
BD7,3351,3449,6800,9038,5351,14389,2018-03-01
BD8,2759,3272,6031,7831,4483,12314,2018-03-01
BD9,2004,2758,4762,8028,5523,13551,2018-03-01
BD10,1393,1779,3172,8618,7522,16140,2018-03-01
BD11,376,536,912,4024,3760,7784,2018-03-01
BD12,898,1151,2049,5803,4867,10670,2018-03-01
BD13,1120,1433,2553,9437,8419,17856,2018-03-01
BD14,421,563,984,2769,2332,5101,2018-03-01
BD15,836,1194,2030,5312,4380,9692,2018-03-01
BD16,1069,1225,2294,9485,8691,18176,2018-03-01
BD17,693,839,1532,6818,6117,12935,2018-03-01
BD18,1645,2129,3774,8700,7056,15756,2018-03-01
BD19,912,1105,2017,7884,7006,14890,2018-03-01
BD20,1205,1590,2795,13777,12635,26412,2018-03-01
BD21,1815,2459,4274,7203,4959,12162,2018-03-01
BD22,1362,1843,3205,10364,9052,19416,2018-03-01
BD23,1019,1286,2305,11690,10772,22462,2018-03-01
BD24,184,219,403,2094,1919,4013,2018-03-01
BD99,0,0,0,0,1,1,2018-03-01
BH0,0,0,0,0,1,1,2018-03-01
BH1,1956,1835,3791,6917,4615,11532,2018-03-01
BH2,792,664,1456,3226,2131,5357,2018-03-01
BH2,0,0,0,1,0,1,2018-03-01
BH3,286,321,607,2166,1833,3999,2018-03-01
BH4,458,484,942,3776,3179,6955,2018-03-01
BH5,691,708,1399,3817,3049,6866,2018-03-01
BH6,981,1113,2094,8597,8318,16915,2018-03-01
BH7,615,709,1324,4325,3869,8194,2018-03-01
BH8,1870,1910,3780,9660,8148,17808,2018-03-01
BH9,1602,1732,3334,10145,9177,19322,2018-03-01
BH10,814,949,1763,7458,6851,14309,2018-03-01
BH11,1016,1319,2335,7226,6369,13595,2018-03-01
BH12,1871,2075,3946,12582,11184,23766,2018-03-01
BH13,146,193,339,3385,3205,6590,2018-03-01
BH14,947,945,1892,9436,8775,18211,2018-03-01
BH15,1578,1763,3341,12385,10983,23368,2018-03-01
BH16,589,784,1373,6013,5667,11680,2018-03-01
BH17,886,1121,2007,8518,8012,16530,2018-03-01
BH18,256,232,488,5069,4871,9940,2018-03-01
BH19,428,587,1015,4422,3962,8384,2018-03-01
BH20,988,879,1867,8618,7498,16116,2018-03-01
BH21,1037,1234,2271,16697,16572,33269,2018-03-01
BH22,655,695,1350,11347,10843,22190,2018-03-01
BH23,1854,1988,3842,20910,20210,41120,2018-03-01
BH24,714,713,1427,9856,9633,19489,2018-03-01
BH25,847,919,1766,9835,9631,19466,2018-03-01
BH31,295,328,623,5381,5409,10790,2018-03-01
BL0,628,784,1412,6602,6306,12908,2018-03-01
BL1,4101,4652,8753,21113,16361,37474,2018-03-01
BL2,2737,3344,6081,15260,12882,28142,2018-03-01
BL3,4675,5639,10314,20173,14226,34399,2018-03-01
BL4,2196,2861,5057,10674,8070,18744,2018-03-01
BL5,1062,1293,2355,10152,9225,19377,2018-03-01
BL6,1312,1504,2816,11400,10254,21654,2018-03-01
BL7,431,526,957,6233,6007,12240,2018-03-01
BL8,1446,1714,3160,13642,12366,26008,2018-03-01
BL9,3156,3847,7003,16446,13149,29595,2018-03-01
BN0,0,0,0,1,0,1,2018-03-01
BN1,6654,6441,13095,26131,21696,47827,2018-03-01
BN2,7441,7995,15436,27822,22014,49836,2018-03-01
BN3,5712,6027,11739,27665,23554,51219,2018-03-01
BN4,3,2,5,20,11,31,2018-03-01
BN5,198,246,444,3114,3112,6226,2018-03-01
BN6,684,672,1356,6948,6956,13904,2018-03-01
BN7,1158,1468,2626,6987,6749,13736,2018-03-01
BN8,512,591,1103,6399,6302,12701,2018-03-01
BN9,812,1033,1845,4595,3886,8481,2018-03-01
BN10,950,1176,2126,7039,6162,13201,2018-03-01
BN11,2061,2261,4322,11030,9307,20337,2018-03-01
BN12,807,973,1780,8248,7959,16207,2018-03-01
BN13,1216,1328,2544,10621,10055,20676,2018-03-01
BN14,1390,1629,3019,11370,10729,22099,2018-03-01
BN15,1294,1519,2813,10146,8935,19081,2018-03-01
BN16,870,972,1842,11058,11026,22084,2018-03-01
BN17,1622,2025,3647,10880,9477,20357,2018-03-01
BN18,562,513,1075,5307,5128,10435,2018-03-01
BN19,0,0,0,4,1,5,2018-03-01
BN20,832,1029,1861,7780,7609,15389,2018-03-01
BN21,1549,1686,3235,8321,7005,15326,2018-03-01
BN22,1963,2471,4434,10893,9591,20484,2018-03-01
BN23,1299,1715,3014,10201,9134,19335,2018-03-01
BN24,281,310,591,3793,3684,7477,2018-03-01
BN25,950,1212,2162,9062,8475,17537,2018-03-01
BN26,416,487,903,4727,4462,9189,2018-03-01
BN27,1144,1361,2505,11190,10576,21766,2018-03-01
BN32,1,0,1,0,0,0,2018-03-01
BN40,0,0,0,1,0,1,2018-03-01
BN41,1439,1726,3165,6807,6156,12963,2018-03-01
BN42,545,630,1175,3679,3240,6919,2018-03-01
BN43,1227,1275,2502,8502,7878,16380,2018-03-01
BN44,325,373,698,4087,4088,8175,2018-03-01
BN45,27,20,47,257,238,495,2018-03-01
BR0,0,0,0,2,0,2,2018-03-01
BR1,4127,5132,9259,19883,17684,37567,2018-03-01
BR2,2376,2712,5088,17665,16408,34073,2018-03-01
BR3,2621,3092,5713,18249,16816,35065,2018-03-01
BR4,930,874,1804,7591,7268,14859,2018-03-01
BR5,2815,3727,6542,15858,14541,30399,2018-03-01
BR6,2063,2347,4410,18054,17209,35263,2018-03-01
BR7,697,834,1531,7161,6857,14018,2018-03-01
BR8,1087,1402,2489,8446,7505,15951,2018-03-01
BS0,0,0,0,1,0,1,2018-03-01
BS1,979,884,1863,3441,2019,5460,2018-03-01
BS2,1809,1827,3636,4537,2959,7496,2018-03-01
BS3,2356,2734,5090,12589,10471,23060,2018-03-01
BS4,3027,3939,6966,16540,13413,29953,2018-03-01
BS5,4792,5296,10088,17210,12644,29854,2018-03-01
BS6,2045,2102,4147,10591,9522,20113,2018-03-01
BS7,2722,2918,5640,13604,11217,24821,2018-03-01
BS8,1427,1432,2859,8510,7325,15835,2018-03-01
BS9,1256,1305,2561,12215,11401,23616,2018-03-01
BS10,1824,2414,4238,9374,7742,17116,2018-03-01
BS11,1246,1501,2747,5960,4672,10632,2018-03-01
BS12,22,14,36,117,58,175,2018-03-01
BS13,1944,2672,4616,9348,7445,16793,2018-03-01
BS14,1269,1562,2831,10636,9454,20090,2018-03-01
BS15,1992,2419,4411,17802,15517,33319,2018-03-01
BS16,3642,4022,7664,27995,24775,52770,2018-03-01
BS17,18,18,36,108,78,186,2018-03-01
BS18,17,15,32,101,81,182,2018-03-01
BS19,5,8,13,65,52,117,2018-03-01
BS20,946,1146,2092,12579,11750,24329,2018-03-01
BS21,765,1017,1782,9145,8632,17777,2018-03-01
BS22,1385,1848,3233,14553,12941,27494,2018-03-01
BS23,2140,2564,4704,11945,9235,21180,2018-03-01
BS24,695,890,1585,8288,7783,16071,2018-03-01
BS25,186,159,345,2644,2500,5144,2018-03-01
BS26,162,155,317,2045,2015,4060,2018-03-01
BS27,204,231,435,2931,2809,5740,2018-03-01
BS28,76,83,159,1451,1419,2870,2018-03-01
BS29,87,111,198,1140,1010,2150,2018-03-01
BS30,853,1094,1947,11598,10975,22573,2018-03-01
BS31,747,886,1633,8117,7479,15596,2018-03-01
BS32,910,1001,1911,9331,8475,17806,2018-03-01
BS34,1601,1855,3456,11962,10108,22070,2018-03-01
BS35,697,828,1525,9275,8574,17849,2018-03-01
BS36,465,475,940,6576,6267,12843,2018-03-01
BS37,1440,1746,3186,15225,13741,28966,2018-03-01
BS38,0,0,0,1,0,1,2018-03-01
BS39,446,520,966,6508,6096,12604,2018-03-01
BS40,291,314,605,5458,5356,10814,2018-03-01
BS41,175,186,361,2390,2302,4692,2018-03-01
BS45,0,0,0,2,1,3,2018-03-01
BS48,697,829,1526,9405,8920,18325,2018-03-01
BS49,383,441,824,4623,4455,9078,2018-03-01
BS51,0,0,0,1,0,1,2018-03-01
BS53,0,0,0,1,0,1,2018-03-01
BS57,0,0,0,1,0,1,2018-03-01
BS67,0,0,0,0,1,1,2018-03-01
BS94,0,1,1,0,0,0,2018-03-01
BS99,1,0,1,1,0,1,2018-03-01
CA0,0,0,0,1,1,2,2018-03-01
CA1,1432,1780,3212,7440,5923,13363,2018-03-01
CA2,1936,2722,4658,12974,10412,23386,2018-03-01
CA3,469,577,1046,5181,4674,9855,2018-03-01
CA4,190,244,434,3909,3804,7713,2018-03-01
CA5,197,207,404,2932,2847,5779,2018-03-01
CA6,253,323,576,3826,3391,7217,2018-03-01
CA7,680,885,1565,8785,7980,16765,2018-03-01
CA8,277,414,691,4107,3754,7861,2018-03-01
CA9,71,110,181,852,779,1631,2018-03-01
CA10,331,434,765,5882,5505,11387,2018-03-01
CA11,789,1020,1809,8233,7294,15527,2018-03-01
CA12,306,349,655,3059,2753,5812,2018-03-01
CA13,437,610,1047,6017,5575,11592,2018-03-01
CA14,1570,2167,3737,12482,10301,22783,2018-03-01
CA15,730,981,1711,5664,4612,10276,2018-03-01
CA16,134,209,343,2529,2348,4877,2018-03-01
CA17,129,179,308,2012,1789,3801,2018-03-01
CA18,8,6,14,123,121,244,2018-03-01
CA19,29,36,65,458,422,880,2018-03-01
CA20,84,96,180,1392,1218,2610,2018-03-01
CA21,24,22,46,330,286,616,2018-03-01
CA22,416,593,1009,3220,2597,5817,2018-03-01
CA23,54,77,131,565,471,1036,2018-03-01
CA24,34,56,90,408,317,725,2018-03-01
CA25,301,387,688,1951,1581,3532,2018-03-01
CA26,149,211,360,1345,1118,2463,2018-03-01
CA27,57,67,124,655,576,1231,2018-03-01
CA28,1421,1718,3139,9711,7899,17610,2018-03-01
CB1,3566,3867,7433,16425,13897,30322,2018-03-01
CB2,1441,1500,2941,7388,6509,13897,2018-03-01
CB3,1115,1291,2406,6793,6178,12971,2018-03-01
CB4,3540,3955,7495,16510,13673,30183,2018-03-01
CB5,1024,1189,2213,5079,4236,9315,2018-03-01
CB6,1259,1561,2820,14448,13163,27611,2018-03-01
CB7,997,1141,2138,10186,9071,19257,2018-03-01
CB8,1501,1633,3134,12236,11184,23420,2018-03-01
CB9,1477,1986,3463,11409,9678,21087,2018-03-01
CB10,537,630,1167,5493,5213,10706,2018-03-01
CB11,664,749,1413,7185,6786,13971,2018-03-01
CB12,0,0,0,1,1,2,2018-03-01
CB19,0,0,0,1,0,1,2018-03-01
CB21,382,450,832,5024,4719,9743,2018-03-01
CB22,641,676,1317,7760,7065,14825,2018-03-01
CB23,954,1129,2083,10834,10172,21006,2018-03-01
CB24,980,1047,2027,10707,9793,20500,2018-03-01
CB25,392,440,832,5673,5153,10826,2018-03-01
CB52,0,0,0,1,0,1,2018-03-01
CF0,1,0,1,1,0,1,2018-03-01
CF1,92,71,163,181,69,250,2018-03-01
CF2,49,44,93,159,55,214,2018-03-01
CF3,2618,3425,6043,13311,11901,25212,2018-03-01
CF4,50,39,89,193,136,329,2018-03-01
CF5,3881,4810,8691,20823,18677,39500,2018-03-01
CF6,88,75,163,160,77,237,2018-03-01
CF7,15,9,24,80,64,144,2018-03-01
CF8,58,49,107,198,133,331,2018-03-01
CF10,1344,1113,2457,3909,2307,6216,2018-03-01
CF11,3277,3086,6363,10944,7648,18592,2018-03-01
CF14,3123,3500,6623,26067,24647,50714,2018-03-01
CF15,570,663,1233,7047,6788,13835,2018-03-01
CF16,0,0,0,0,1,1,2018-03-01
CF18,0,1,1,0,0,0,2018-03-01
CF23,2270,2852,5122,15823,14830,30653,2018-03-01
CF24,5097,4415,9512,11770,8008,19778,2018-03-01
CF31,1890,2441,4331,15939,14265,30204,2018-03-01
CF32,1420,1830,3250,10728,9008,19736,2018-03-01
CF33,762,1016,1778,5035,4245,9280,2018-03-01
CF34,1026,1346,2372,6696,5239,11935,2018-03-01
CF35,501,588,1089,6805,6209,13014,2018-03-01
CF36,534,642,1176,6156,5700,11856,2018-03-01
CF37,2223,2438,4661,12107,9693,21800,2018-03-01
CF38,757,1031,1788,8717,8047,16764,2018-03-01
CF39,1382,1993,3375,9584,7712,17296,2018-03-01
CF40,1037,1476,2513,6548,4995,11543,2018-03-01
CF41,498,712,1210,3544,2721,6265,2018-03-01
CF42,698,933,1631,4310,3317,7627,2018-03-01
CF43,684,1000,1684,3652,2612,6264,2018-03-01
CF44,1963,2839,4802,13422,10765,24187,2018-03-01
CF45,1136,1543,2679,6054,4577,10631,2018-03-01
CF46,638,871,1509,5167,4500,9667,2018-03-01
CF47,1311,1843,3154,6696,5003,11699,2018-03-01
CF48,1375,1933,3308,9002,7188,16190,2018-03-01
CF61,501,596,1097,3707,3388,7095,2018-03-01
CF62,1962,2460,4422,14471,13560,28031,2018-03-01
CF63,1421,1675,3096,6584,5733,12317,2018-03-01
CF64,1526,1773,3299,13512,12905,26417,2018-03-01
CF71,221,214,435,3836,3786,7622,2018-03-01
CF72,869,1097,1966,9844,9330,19174,2018-03-01
CF81,928,1329,2257,5108,3768,8876,2018-03-01
CF82,900,1200,2100,6912,5896,12808,2018-03-01
CF83,2675,3447,6122,17934,15632,33566,2018-03-01
CH1,2063,2439,4502,9493,7385,16878,2018-03-01
CH2,1579,1963,3542,12755,11287,24042,2018-03-01
CH3,1246,1348,2594,13817,12955,26772,2018-03-01
CH4,1597,2001,3598,12262,11179,23441,2018-03-01
CH5,2142,2672,4814,15007,12674,27681,2018-03-01
CH6,898,1206,2104,5669,4733,10402,2018-03-01
CH6,0,0,0,1,0,1,2018-03-01
CH7,1769,2278,4047,19136,17661,36797,2018-03-01
CH8,924,1214,2138,7729,6624,14353,2018-03-01
CH9,1,0,1,1,0,1,2018-03-01
CH22,0,0,0,1,1,2,2018-03-01
CH41,1769,1946,3715,4501,3182,7683,2018-03-01
CH42,2506,2947,5453,8490,6870,15360,2018-03-01
CH43,2166,2418,4584,12869,11244,24113,2018-03-01
CH44,2332,2794,5126,8243,6396,14639,2018-03-01
CH45,1707,2019,3726,10640,9441,20081,2018-03-01
CH46,1497,1870,3367,8338,7188,15526,2018-03-01
CH47,431,518,949,4102,4026,8128,2018-03-01
CH48,584,602,1186,5835,5719,11554,2018-03-01
CH49,1438,1786,3224,9998,9360,19358,2018-03-01
CH60,320,327,647,5409,5319,10728,2018-03-01
CH61,583,691,1274,6623,6447,13070,2018-03-01
CH62,1576,1876,3452,9937,8792,18729,2018-03-01
CH63,1238,1399,2637,11014,10526,21540,2018-03-01
CH64,596,675,1271,7622,7227,14849,2018-03-01
CH65,1913,2362,4275,8638,7022,15660,2018-03-01
CH66,1495,1877,3372,13027,11846,24873,2018-03-01
CM0,632,725,1357,6809,6079,12888,2018-03-01
CM1,3151,3628,6779,23504,20853,44357,2018-03-01
CM2,2493,2979,5472,22596,20339,42935,2018-03-01
CM3,1648,2002,3650,22462,21178,43640,2018-03-01
CM4,312,361,673,4422,4239,8661,2018-03-01
CM5,343,384,727,4574,4328,8902,2018-03-01
CM6,728,833,1561,11090,10574,21664,2018-03-01
CM7,2240,2864,5104,18260,15705,33965,2018-03-01
CM8,1566,2085,3651,11945,10426,22371,2018-03-01
CM9,1220,1516,2736,13510,12301,25811,2018-03-01
CM11,711,784,1495,7929,7412,15341,2018-03-01
CM12,701,724,1425,8170,7796,15966,2018-03-01
CM13,953,1093,2046,10026,9266,19292,2018-03-01
CM14,931,1128,2059,7867,7047,14914,2018-03-01
CM15,765,928,1693,9470,9108,18578,2018-03-01
CM16,771,910,1681,9225,8598,17823,2018-03-01
CM17,859,1113,1972,8756,8052,16808,2018-03-01
CM18,1714,2158,3872,8614,6826,15440,2018-03-01
CM19,1367,1616,2983,7750,6166,13916,2018-03-01
CM20,1747,2172,3919,7864,5986,13850,2018-03-01
CM21,352,421,773,4691,4285,8976,2018-03-01
CM22,453,510,963,6230,5862,12092,2018-03-01
CM23,1702,1962,3664,15663,14375,30038,2018-03-01
CM24,272,314,586,3117,2796,5913,2018-03-01
CM77,439,554,993,5982,5759,11741,2018-03-01
CO0,1,1,2,0,0,0,2018-03-01
CO1,1236,1391,2627,5419,4130,9549,2018-03-01
CO1,0,0,0,0,1,1,2018-03-01
CO2,2133,2825,4958,12955,10814,23769,2018-03-01
CO3,1343,1472,2815,11349,10329,21678,2018-03-01
CO4,2833,3448,6281,16443,13889,30332,2018-03-01
CO5,840,995,1835,11556,10756,22312,2018-03-01
CO6,821,998,1819,11467,10887,22354,2018-03-01
CO7,1175,1297,2472,13531,12379,25910,2018-03-01
CO8,58,78,136,975,924,1899,2018-03-01
CO9,834,1055,1889,10137,9181,19318,2018-03-01
CO10,1859,2257,4116,18379,16597,34976,2018-03-01
CO11,417,548,965,5162,4838,10000,2018-03-01
CO12,1038,1364,2402,8157,6727,14884,2018-03-01
CO13,386,455,841,4952,4559,9511,2018-03-01
CO14,287,360,647,2347,1950,4297,2018-03-01
CO15,2194,2681,4875,15458,12651,28109,2018-03-01
CO16,1054,1306,2360,9697,8438,18135,2018-03-01
CR0,16425,18732,35157,50926,39422,90348,2018-03-01
CR1,7,6,13,9,2,11,2018-03-01
CR2,2946,3472,6418,18309,16361,34670,2018-03-01
CR3,1262,1507,2769,11199,10651,21850,2018-03-01
CR4,8261,8248,16509,20785,14079,34864,2018-03-01
CR5,1369,1656,3025,11254,10693,21947,2018-03-01
CR6,339,406,745,4061,3838,7899,2018-03-01
CR7,6694,6697,13391,14502,10509,25011,2018-03-01
CR8,1840,2082,3922,12547,11569,24116,2018-03-01
CR9,56,45,101,71,26,97,2018-03-01
CT0,0,0,0,0,1,1,2018-03-01
CT1,2156,2428,4584,7923,6315,14238,2018-03-01
CT2,1837,1995,3832,8630,7443,16073,2018-03-01
CT3,776,978,1754,6857,6285,13142,2018-03-01
CT4,599,656,1255,6950,6801,13751,2018-03-01
CT5,1377,1533,2910,12393,11761,24154,2018-03-01
CT6,1627,1869,3496,14420,13328,27748,2018-03-01
CT7,386,492,878,4554,4152,8706,2018-03-01
CT8,426,490,916,2593,2383,4976,2018-03-01
CT9,3240,3645,6885,13704,11269,24973,2018-03-01
CT10,1295,1410,2705,9038,8447,17485,2018-03-01
CT11,2193,2370,4563,9591,8003,17594,2018-03-01
CT12,1130,1383,2513,6284,5343,11627,2018-03-01
CT13,392,419,811,3362,3070,6432,2018-03-01
CT14,1703,1956,3659,12659,11265,23924,2018-03-01
CT15,476,635,1111,5401,4822,10223,2018-03-01
CT16,1262,1394,2656,6832,5437,12269,2018-03-01
CT17,1411,1665,3076,6658,5316,11974,2018-03-01
CT18,482,527,1009,5724,5347,11071,2018-03-01
CT19,1834,2217,4051,9286,7704,16990,2018-03-01
CT20,1444,1651,3095,7721,5952,13673,2018-03-01
CT21,616,723,1339,6677,6297,12974,2018-03-01
CV0,0,0,0,1,1,2,2018-03-01
CV1,4260,3384,7644,6780,2977,9757,2018-03-01
CV2,5375,6702,12077,20263,14872,35135,2018-03-01
CV3,4280,5324,9604,23315,18546,41861,2018-03-01
CV4,2319,2646,4965,10158,8014,18172,2018-03-01
CV5,2303,2668,4971,17530,14911,32441,2018-03-01
CV6,7218,8819,16037,28304,20495,48799,2018-03-01
CV7,1122,1416,2538,11303,10200,21503,2018-03-01
CV8,1069,1172,2241,12538,11913,24451,2018-03-01
CV9,883,1095,1978,8385,7118,15503,2018-03-01
CV10,2568,3516,6084,18338,15272,33610,2018-03-01
CV11,1942,2335,4277,14447,11914,26361,2018-03-01
CV12,1448,2006,3454,11240,9429,20669,2018-03-01
CV13,260,343,603,4578,4312,8890,2018-03-01
CV17,0,0,0,1,0,1,2018-03-01
CV19,0,0,0,1,0,1,2018-03-01
CV21,2315,2852,5167,13421,10052,23473,2018-03-01
CV22,1548,1830,3378,13767,12109,25876,2018-03-01
CV23,651,778,1429,9234,8555,17789,2018-03-01
CV25,1,0,1,0,0,0,2018-03-01
CV27,0,0,0,1,0,1,2018-03-01
CV31,1966,2204,4170,10283,8180,18463,2018-03-01
CV32,1555,1719,3274,11903,10271,22174,2018-03-01
CV33,215,235,450,2809,2676,5485,2018-03-01
CV34,1374,1683,3057,11902,10671,22573,2018-03-01
CV35,642,776,1418,10562,10347,20909,2018-03-01
CV36,272,315,587,3965,3753,7718,2018-03-01
CV37,1630,1960,3590,16500,15573,32073,2018-03-01
CV47,548,656,1204,7067,6585,13652,2018-03-01
CW1,2370,2856,5226,13663,11378,25041,2018-03-01
CW2,2082,2247,4329,14664,12453,27117,2018-03-01
CW3,253,314,567,3730,3547,7277,2018-03-01
CW4,257,286,543,4082,4032,8114,2018-03-01
CW5,953,1036,1989,11678,11142,22820,2018-03-01
CW6,256,360,616,5533,5381,10914,2018-03-01
CW7,1779,2204,3983,11116,9509,20625,2018-03-01
CW8,1251,1457,2708,14936,13924,28860,2018-03-01
CW9,1278,1472,2750,13094,11729,24823,2018-03-01
CW10,479,636,1115,6063,5518,11581,2018-03-01
CW11,750,865,1615,9635,9109,18744,2018-03-01
CW12,998,1123,2121,11768,10966,22734,2018-03-01
D21,0,0,0,1,0,1,2018-03-01
DA0,1,1,2,0,0,0,2018-03-01
DA1,3670,4544,8214,20271,16682,36953,2018-03-01
DA2,993,1342,2335,8674,7841,16515,2018-03-01
DA3,564,608,1172,7035,6737,13772,2018-03-01
DA4,334,376,710,3826,3573,7399,2018-03-01
DA5,876,928,1804,8112,7630,15742,2018-03-01
DA6,553,656,1209,3748,3293,7041,2018-03-01
DA7,1665,2066,3731,13034,11589,24623,2018-03-01
DA8,2917,3677,6594,10878,8899,19777,2018-03-01
DA9,678,754,1432,5022,4333,9355,2018-03-01
DA10,442,578,1020,2497,1932,4429,2018-03-01
DA11,2556,3035,5591,13304,10307,23611,2018-03-01
DA12,3056,3565,6621,16669,13758,30427,2018-03-01
DA13,371,422,793,6155,5868,12023,2018-03-01
DA14,1116,1422,2538,7661,7099,14760,2018-03-01
DA15,1271,1520,2791,10853,9803,20656,2018-03-01
DA16,2095,2725,4820,13025,11076,24101,2018-03-01
DA17,1405,1807,3212,5997,4773,10770,2018-03-01
DA18,710,877,1587,1343,914,2257,2018-03-01
DD1,1088,941,2029,2235,1494,3729,2018-03-01
DD2,2633,3237,5870,12559,10842,23401,2018-03-01
DD3,2621,3079,5700,10984,8599,19583,2018-03-01
DD4,3189,3952,7141,12599,10140,22739,2018-03-01
DD5,991,1194,2185,12158,11590,23748,2018-03-01
DD6,432,515,947,3509,3330,6839,2018-03-01
DD7,451,627,1078,4697,4289,8986,2018-03-01
DD8,1077,1409,2486,10701,9525,20226,2018-03-01
DD9,509,679,1188,4056,3615,7671,2018-03-01
DD10,895,1173,2068,7906,6847,14753,2018-03-01
DD11,1323,1671,2994,9721,8242,17963,2018-03-01
DE0,0,0,0,1,0,1,2018-03-01
DE1,1293,1163,2456,3831,2171,6002,2018-03-01
DE2,26,19,45,73,28,101,2018-03-01
DE3,543,700,1243,6746,6160,12906,2018-03-01
DE4,1134,1468,2602,13265,11991,25256,2018-03-01
DE5,808,1130,1938,8293,7113,15406,2018-03-01
DE6,697,834,1531,10360,9638,19998,2018-03-01
DE7,2366,3119,5485,17468,14402,31870,2018-03-01
DE11,1856,2400,4256,16388,14331,30719,2018-03-01
DE12,717,875,1592,8257,7407,15664,2018-03-01
DE13,1288,1721,3009,15655,14224,29879,2018-03-01
DE14,2074,2449,4523,10035,6954,16989,2018-03-01
DE15,1209,1510,2719,8401,6915,15316,2018-03-01
DE19,0,0,0,0,1,1,2018-03-01
DE21,2889,3970,6859,19612,16403,36015,2018-03-01
DE22,2509,2984,5493,15304,12826,28130,2018-03-01
DE23,4707,5228,9935,18077,13273,31350,2018-03-01
DE24,3678,5105,8783,17576,13320,30896,2018-03-01
DE40,0,0,0,1,0,1,2018-03-01
DE44,0,0,0,0,1,1,2018-03-01
DE45,230,277,507,3379,3250,6629,2018-03-01
DE51,0,0,0,1,0,1,2018-03-01
DE55,2007,2682,4689,18453,15684,34137,2018-03-01
DE56,1271,1640,2911,15206,13938,29144,2018-03-01
DE65,653,815,1468,8974,8464,17438,2018-03-01
DE66,0,0,0,0,1,1,2018-03-01
DE72,620,838,1458,8111,7600,15711,2018-03-01
DE73,573,761,1334,7496,7009,14505,2018-03-01
DE74,441,471,912,4661,4084,8745,2018-03-01
DE75,810,1081,1891,6396,5384,11780,2018-03-01
DG1,1151,1378,2529,9908,8973,18881,2018-03-01
DG2,1284,1702,2986,7725,6836,14561,2018-03-01
DG3,156,243,399,1808,1692,3500,2018-03-01
DG4,219,336,555,1473,1101,2574,2018-03-01
DG5,219,244,463,1965,1746,3711,2018-03-01
DG6,269,289,558,1892,1795,3687,2018-03-01
DG7,417,507,924,4740,4466,9206,2018-03-01
DG8,488,690,1178,4779,4191,8970,2018-03-01
DG9,787,979,1766,5628,4887,10515,2018-03-01
DG10,178,196,374,1504,1335,2839,2018-03-01
DG11,492,592,1084,5029,4529,9558,2018-03-01
DG12,631,812,1443,4378,3692,8070,2018-03-01
DG13,136,145,281,1095,960,2055,2018-03-01
DG14,35,44,79,571,501,1072,2018-03-01
DG16,134,205,339,1431,1189,2620,2018-03-01
DH1,1983,2338,4321,13688,12129,25817,2018-03-01
DH2,1332,1962,3294,10726,8884,19610,2018-03-01
DH3,1231,1684,2915,8915,7405,16320,2018-03-01
DH4,1569,2083,3652,11661,9679,21340,2018-03-01
DH5,1032,1516,2548,6698,5188,11886,2018-03-01
DH6,1497,2163,3660,11940,9977,21917,2018-03-01
DH7,1823,2612,4435,14373,12125,26498,2018-03-01
DH8,1697,2350,4047,13504,11492,24996,2018-03-01
DH9,1924,2658,4582,11753,9065,20818,2018-03-01
DH10,0,0,0,1,0,1,2018-03-01
DH11,0,0,0,1,0,1,2018-03-01
DL1,2760,3797,6557,14932,11344,26276,2018-03-01
DL2,428,540,968,7097,6842,13939,2018-03-01
DL3,2221,2780,5001,15029,12852,27881,2018-03-01
DL4,588,755,1343,3040,2233,5273,2018-03-01
DL5,1486,2072,3558,9882,8357,18239,2018-03-01
DL6,541,638,1179,5867,5340,11207,2018-03-01
DL7,350,461,811,6032,5815,11847,2018-03-01
DL8,397,546,943,7813,7327,15140,2018-03-01
DL9,1809,1259,3068,5147,3392,8539,2018-03-01
DL10,612,822,1434,7048,6720,13768,2018-03-01
DL11,103,131,234,2177,2092,4269,2018-03-01
DL12,384,481,865,4687,4243,8930,2018-03-01
DL13,423,583,1006,5470,4641,10111,2018-03-01
DL14,1702,2319,4021,12816,10581,23397,2018-03-01
DL15,912,1307,2219,7775,6446,14221,2018-03-01
DL16,843,1167,2010,7407,6235,13642,2018-03-01
DL17,873,1317,2190,6021,4714,10735,2018-03-01
DN0,1,0,1,1,0,1,2018-03-01
DN1,1096,901,1997,2381,1051,3432,2018-03-01
DN2,1615,2064,3679,7725,5748,13473,2018-03-01
DN3,1078,1543,2621,11048,9414,20462,2018-03-01
DN4,2876,3620,6496,17934,14186,32120,2018-03-01
DN5,1886,2594,4480,13615,11464,25079,2018-03-01
DN6,1799,2414,4213,9799,7765,17564,2018-03-01
DN7,1088,1569,2657,7657,6110,13767,2018-03-01
DN8,967,1322,2289,5924,4458,10382,2018-03-01
DN9,587,739,1326,8388,7942,16330,2018-03-01
DN10,335,448,783,5203,4747,9950,2018-03-01
DN11,1392,1823,3215,9793,8262,18055,2018-03-01
DN12,1555,2087,3642,7100,5323,12423,2018-03-01
DN14,1898,2766,4664,17154,14140,31294,2018-03-01
DN15,2254,2568,4822,12058,9129,21187,2018-03-01
DN16,1585,1964,3549,10479,8680,19159,2018-03-01
DN17,1742,2222,3964,13055,10948,24003,2018-03-01
DN18,519,732,1251,4459,3684,8143,2018-03-01
DN19,191,237,428,2500,2244,4744,2018-03-01
DN20,613,792,1405,7468,6579,14047,2018-03-01
DN21,1739,2270,4009,13634,11787,25421,2018-03-01
DN22,1342,1775,3117,13288,11894,25182,2018-03-01
DN31,840,985,1825,2392,1461,3853,2018-03-01
DN32,2365,2669,5034,7767,5558,13325,2018-03-01
DN33,1243,1446,2689,6441,5353,11794,2018-03-01
DN34,1132,1426,2558,6409,5121,11530,2018-03-01
DN35,1940,2394,4334,11162,8995,20157,2018-03-01
DN36,546,690,1236,7979,7328,15307,2018-03-01
DN37,845,1100,1945,8096,7194,15290,2018-03-01
DN38,88,110,198,1165,1029,2194,2018-03-01
DN39,76,107,183,1143,977,2120,2018-03-01
DN40,674,950,1624,4603,3481,8084,2018-03-01
DN41,147,193,340,2598,2415,5013,2018-03-01
DT0,0,0,0,0,1,1,2018-03-01
DT1,819,1010,1829,7273,6722,13995,2018-03-01
DT2,676,751,1427,10562,10223,20785,2018-03-01
DT3,845,1032,1877,9372,8652,18024,2018-03-01
DT4,2101,2332,4433,12947,11088,24035,2018-03-01
DT5,707,864,1571,4317,3656,7973,2018-03-01
DT6,730,843,1573,8476,8307,16783,2018-03-01
DT7,210,238,448,2137,2064,4201,2018-03-01
DT8,161,210,371,2430,2359,4789,2018-03-01
DT9,671,804,1475,8180,8020,16200,2018-03-01
DT10,312,360,672,4805,4612,9417,2018-03-01
DT11,1102,1209,2311,12289,10923,23212,2018-03-01
DY0,0,0,0,1,0,1,2018-03-01
DY1,2053,2533,4586,10429,8058,18487,2018-03-01
DY2,2374,3081,5455,10510,7646,18156,2018-03-01
DY3,1333,1714,3047,12316,10578,22894,2018-03-01
DY4,2990,3933,6923,13051,9438,22489,2018-03-01
DY5,2175,2935,5110,13910,11068,24978,2018-03-01
DY6,792,1043,1835,10938,9872,20810,2018-03-01
DY7,197,224,421,3268,3170,6438,2018-03-01
DY8,2038,2498,4536,18523,16414,34937,2018-03-01
DY9,1338,1614,2952,10936,9563,20499,2018-03-01
DY10,1613,2024,3637,13109,11610,24719,2018-03-01
DY11,1374,1713,3087,11386,9803,21189,2018-03-01
DY12,365,443,808,5022,4615,9637,2018-03-01
DY13,784,1016,1800,8860,7895,16755,2018-03-01
DY14,225,225,450,3609,3284,6893,2018-03-01
E0,0,0,0,1,0,1,2018-03-01
E1,11141,8445,19586,17397,8667,26064,2018-03-01
E1,0,1,1,0,0,0,2018-03-01
E1,1,0,1,0,0,0,2018-03-01
E1,0,0,0,0,1,1,2018-03-01
E1,1075,1203,2278,4576,3008,7584,2018-03-01
E2,5670,5567,11237,11923,7063,18986,2018-03-01
E2,0,1,1,0,0,0,2018-03-01
E2,0,0,0,0,1,1,2018-03-01
E3,6824,6890,13714,14941,9499,24440,2018-03-01
E4,4492,5137,9629,22443,18901,41344,2018-03-01
E5,7347,7469,14816,12096,8115,20211,2018-03-01
E6,15994,12660,28654,23694,12247,35941,2018-03-01
E7,12165,8599,20764,16080,8347,24427,2018-03-01
E8,5639,6046,11685,10578,7493,18071,2018-03-01
E9,5748,6437,12185,9568,6704,16272,2018-03-01
E10,7699,6547,14246,14472,8253,22725,2018-03-01
E11,6824,6529,13353,18554,13455,32009,2018-03-01
E12,9155,6746,15901,12238,6336,18574,2018-03-01
E13,9620,7666,17286,13202,6893,20095,2018-03-01
E14,9775,10041,19816,24800,14539,39339,2018-03-01
E15,9183,8117,17300,15340,8423,23763,2018-03-01
E16,6999,7424,14423,14278,8582,22860,2018-03-01
E17,14836,13904,28740,33657,22136,55793,2018-03-01
E18,1337,1467,2804,7104,6150,13254,2018-03-01
E19,0,0,0,1,0,1,2018-03-01
E20,339,413,752,1274,770,2044,2018-03-01
EC1,17,7,24,24,6,30,2018-03-01
EC1,77,58,135,344,178,522,2018-03-01
EC1,2,0,2,1,0,1,2018-03-01
EC1,1,0,1,0,1,1,2018-03-01
EC1,96,93,189,458,272,730,2018-03-01
EC1,304,326,630,689,349,1038,2018-03-01
EC1,2,2,4,4,0,4,2018-03-01
EC1,1,0,1,0,0,0,2018-03-01
EC1,558,632,1190,1472,984,2456,2018-03-01
EC1,0,1,1,1,0,1,2018-03-01
EC1,2,0,2,0,0,0,2018-03-01
EC1,1587,1555,3142,3590,2123,5713,2018-03-01
EC1,391,396,787,1042,618,1660,2018-03-01
EC1,0,0,0,1,0,1,2018-03-01
EC2,1,2,3,7,2,9,2018-03-01
EC2,120,98,218,551,282,833,2018-03-01
EC2,0,1,1,2,0,2,2018-03-01
EC2,20,7,27,189,35,224,2018-03-01
EC2,4,3,7,28,4,32,2018-03-01
EC2,0,0,0,7,2,9,2018-03-01
EC2,1,1,2,41,13,54,2018-03-01
EC2,0,0,0,1,0,1,2018-03-01
EC2,4,6,10,103,28,131,2018-03-01
EC2,191,197,388,1432,979,2411,2018-03-01
EC3,0,1,1,4,2,6,2018-03-01
EC3,10,4,14,71,9,80,2018-03-01
EC3,5,4,9,19,8,27,2018-03-01
EC3,26,24,50,127,55,182,2018-03-01
EC3,1,0,1,1,2,3,2018-03-01
EC3,13,4,17,46,24,70,2018-03-01
EC3,5,1,6,60,17,77,2018-03-01
EC3,1,0,1,0,0,0,2018-03-01
EC4,2,1,3,5,2,7,2018-03-01
EC4,51,19,70,155,91,246,2018-03-01
EC4,0,0,0,1,0,1,2018-03-01
EC4,0,0,0,1,0,1,2018-03-01
EC4,15,13,28,138,50,188,2018-03-01
EC4,6,2,8,77,18,95,2018-03-01
EC4,0,0,0,13,5,18,2018-03-01
EC4,6,6,12,40,16,56,2018-03-01
EC4,1,0,1,0,0,0,2018-03-01
EC4,25,27,52,164,106,270,2018-03-01
EC4,0,0,0,1,0,1,2018-03-01
EC4,14,16,30,123,69,192,2018-03-01
EC8,0,1,1,0,0,0,2018-03-01
EC10,1,0,1,0,0,0,2018-03-01
EC11,0,1,1,0,0,0,2018-03-01
EC12,1,0,1,1,0,1,2018-03-01
EC14,1,2,3,4,0,4,2018-03-01
EC15,0,0,0,1,0,1,2018-03-01
EC16,1,0,1,1,0,1,2018-03-01
EC17,1,0,1,2,2,4,2018-03-01
EC19,0,1,1,1,0,1,2018-03-01
EC24,0,0,0,0,1,1,2018-03-01
EC27,0,0,0,3,1,4,2018-03-01
EC28,0,0,0,1,0,1,2018-03-01
EC31,0,0,0,0,1,1,2018-03-01
EC34,1,0,1,0,0,0,2018-03-01
EC41,0,0,0,1,0,1,2018-03-01
EC47,0,0,0,5,0,5,2018-03-01
EC77,1,0,1,0,0,0,2018-03-01
EH0,1,5,6,3,3,6,2018-03-01
EH1,572,509,1081,1496,1043,2539,2018-03-01
EH1,0,1,1,0,0,0,2018-03-01
EH2,107,94,201,451,270,721,2018-03-01
EH3,1756,1845,3601,7330,6222,13552,2018-03-01
EH3,0,0,0,1,0,1,2018-03-01
EH4,3663,4208,7871,17908,15929,33837,2018-03-01
EH5,1477,1817,3294,6418,5342,11760,2018-03-01
EH6,3173,3338,6511,11969,9454,21423,2018-03-01
EH7,2677,2940,5617,10037,7879,17916,2018-03-01
EH8,1769,1869,3638,5893,4635,10528,2018-03-01
EH9,1314,1457,2771,6465,5928,12393,2018-03-01
EH10,1848,1884,3732,13024,11530,24554,2018-03-01
EH11,3577,3748,7325,10240,7472,17712,2018-03-01
EH12,1882,2393,4275,14031,13038,27069,2018-03-01
EH13,896,1013,1909,4824,4337,9161,2018-03-01
EH14,2549,2889,5438,13115,11153,24268,2018-03-01
EH15,1340,1575,2915,6907,6136,13043,2018-03-01
EH16,2340,2714,5054,8866,7293,16159,2018-03-01
EH17,1410,1838,3248,5762,4578,10340,2018-03-01
EH18,98,146,244,860,794,1654,2018-03-01
EH19,685,870,1555,5119,4788,9907,2018-03-01
EH20,327,473,800,2317,1890,4207,2018-03-01
EH21,1510,1872,3382,7934,6968,14902,2018-03-01
EH22,1775,2338,4113,10705,9170,19875,2018-03-01
EH23,456,656,1112,3019,2655,5674,2018-03-01
EH24,71,114,185,651,598,1249,2018-03-01
EH25,162,210,372,1209,1098,2307,2018-03-01
EH26,865,1191,2056,6091,5337,11428,2018-03-01
EH27,150,155,305,1065,1028,2093,2018-03-01
EH28,151,195,346,1268,1092,2360,2018-03-01
EH29,208,261,469,1897,1740,3637,2018-03-01
EH30,484,667,1151,3643,3291,6934,2018-03-01
EH31,84,97,181,988,966,1954,2018-03-01
EH32,909,1212,2121,6911,6133,13044,2018-03-01
EH33,651,868,1519,4780,4189,8969,2018-03-01
EH34,79,88,167,1020,975,1995,2018-03-01
EH35,88,147,235,790,645,1435,2018-03-01
EH36,13,8,21,175,166,341,2018-03-01
EH37,51,88,139,652,603,1255,2018-03-01
EH38,12,16,28,169,182,351,2018-03-01
EH39,365,458,823,3589,3449,7038,2018-03-01
EH40,64,86,150,844,818,1662,2018-03-01
EH41,493,644,1137,4495,4160,8655,2018-03-01
EH42,472,605,1077,3968,3607,7575,2018-03-01
EH43,42,62,104,268,260,528,2018-03-01
EH44,115,156,271,1266,1189,2455,2018-03-01
EH45,436,537,973,4061,3832,7893,2018-03-01
EH46,126,159,285,1454,1456,2910,2018-03-01
EH47,1439,2021,3460,9056,7335,16391,2018-03-01
EH48,1689,2285,3974,13274,11456,24730,2018-03-01
EH49,620,843,1463,6244,5688,11932,2018-03-01
EH51,677,885,1562,5101,4454,9555,2018-03-01
EH52,908,1286,2194,7071,5980,13051,2018-03-01
EH53,450,618,1068,4031,3592,7623,2018-03-01
EH54,3556,4650,8206,18369,15422,33791,2018-03-01
EH55,419,529,948,2958,2471,5429,2018-03-01
EN0,0,0,0,0,1,1,2018-03-01
EN1,3424,4211,7635,15379,13254,28633,2018-03-01
EN2,1590,2064,3654,10883,9786,20669,2018-03-01
EN3,5763,7460,13223,17601,13207,30808,2018-03-01
EN4,1488,1772,3260,10025,8980,19005,2018-03-01
EN5,2506,3122,5628,14093,12733,26826,2018-03-01
EN6,1216,1405,2621,11664,10924,22588,2018-03-01
EN7,823,975,1798,8610,8156,16766,2018-03-01
EN8,2158,2663,4821,13401,11055,24456,2018-03-01
EN9,1053,1291,2344,9725,8382,18107,2018-03-01
EN10,701,859,1560,6756,6377,13133,2018-03-01
EN11,994,1107,2101,8505,7514,16019,2018-03-01
EX0,0,0,0,2,0,2,2018-03-01
EX1,1243,1451,2694,7105,6281,13386,2018-03-01
EX2,2061,2524,4585,14842,13394,28236,2018-03-01
EX3,153,146,299,1876,1901,3777,2018-03-01
EX4,3179,3681,6860,16027,13352,29379,2018-03-01
EX5,595,726,1321,8986,8707,17693,2018-03-01
EX6,375,426,801,6094,5841,11935,2018-03-01
EX7,566,713,1279,4941,4540,9481,2018-03-01
EX8,1686,2077,3763,13673,12573,26246,2018-03-01
EX9,149,224,373,2738,2695,5433,2018-03-01
EX10,543,665,1208,6640,6603,13243,2018-03-01
EX11,243,286,529,3426,3403,6829,2018-03-01
EX12,266,412,678,3743,3401,7144,2018-03-01
EX13,378,458,836,4963,4751,9714,2018-03-01
EX14,668,866,1534,8362,7783,16145,2018-03-01
EX15,677,783,1460,8772,8127,16899,2018-03-01
EX16,1245,1495,2740,12118,11119,23237,2018-03-01
EX17,691,831,1522,7616,7120,14736,2018-03-01
EX18,105,92,197,1338,1261,2599,2018-03-01
EX19,62,107,169,1573,1428,3001,2018-03-01
EX20,664,905,1569,8351,7629,15980,2018-03-01
EX21,113,103,216,1884,1773,3657,2018-03-01
EX22,313,381,694,4675,4141,8816,2018-03-01
EX23,585,678,1263,6204,5737,11941,2018-03-01
EX24,104,126,230,1506,1510,3016,2018-03-01
EX31,853,1097,1950,9871,9065,18936,2018-03-01
EX32,1338,1607,2945,8258,7170,15428,2018-03-01
EX33,340,428,768,4043,3730,7773,2018-03-01
EX34,901,1111,2012,6356,5401,11757,2018-03-01
EX35,86,81,167,692,627,1319,2018-03-01
EX36,303,346,649,3543,3262,6805,2018-03-01
EX37,77,100,177,1630,1522,3152,2018-03-01
EX38,306,375,681,3204,2930,6134,2018-03-01
EX39,1557,1884,3441,14340,13143,27483,2018-03-01
FK1,1433,1876,3309,9719,8118,17837,2018-03-01
FK1,0,0,0,0,1,1,2018-03-01
FK2,2115,2779,4894,17113,15052,32165,2018-03-01
FK3,985,1248,2233,5360,4379,9739,2018-03-01
FK4,558,831,1389,4760,4213,8973,2018-03-01
FK5,745,1019,1764,7220,6733,13953,2018-03-01
FK6,653,884,1537,4811,4083,8894,2018-03-01
FK7,1524,2150,3674,10327,9290,19617,2018-03-01
FK8,1048,1205,2253,6009,5350,11359,2018-03-01
FK9,600,750,1350,4412,4040,8452,2018-03-01
FK10,1948,2643,4591,12372,10762,23134,2018-03-01
FK11,92,125,217,1017,992,2009,2018-03-01
FK12,236,298,534,1775,1529,3304,2018-03-01
FK13,306,355,661,2179,1864,4043,2018-03-01
FK14,185,207,392,1821,1757,3578,2018-03-01
FK15,424,531,955,4120,4002,8122,2018-03-01
FK16,82,97,179,918,856,1774,2018-03-01
FK17,127,187,314,1424,1294,2718,2018-03-01
FK18,5,7,12,99,86,185,2018-03-01
FK19,17,26,43,252,212,464,2018-03-01
FK20,28,44,72,168,121,289,2018-03-01
FK21,43,50,93,394,337,731,2018-03-01
FY0,0,0,0,3,3,6,2018-03-01
FY1,3406,3492,6898,9345,5921,15266,2018-03-01
FY2,1379,1546,2925,8189,6968,15157,2018-03-01
FY3,2132,2626,4758,10223,8581,18804,2018-03-01
FY4,2657,3310,5967,14610,12105,26715,2018-03-01
FY5,1702,1953,3655,16637,14965,31602,2018-03-01
FY6,746,981,1727,11193,10546,21739,2018-03-01
FY7,1874,2083,3957,8025,6361,14386,2018-03-01
FY8,1773,2016,3789,16963,15689,32652,2018-03-01
G1,576,397,973,1469,818,2287,2018-03-01
G2,310,191,501,618,268,886,2018-03-01
G2,0,1,1,0,0,0,2018-03-01
G3,1840,1602,3442,4837,3136,7973,2018-03-01
G3,0,1,1,0,0,0,2018-03-01
G4,1302,936,2238,2585,1388,3973,2018-03-01
G5,1402,1207,2609,2996,1814,4810,2018-03-01
G6,0,4,4,5,1,6,2018-03-01
G7,1,0,1,4,4,8,2018-03-01
G8,0,0,0,2,0,2,2018-03-01
G9,0,0,0,3,0,3,2018-03-01
G10,0,2,2,0,0,0,2018-03-01
G11,1513,1626,3139,5937,5242,11179,2018-03-01
G12,1727,1608,3335,8124,7280,15404,2018-03-01
G13,2290,2588,4878,9644,8211,17855,2018-03-01
G14,1527,1713,3240,5062,4150,9212,2018-03-01
G15,1759,2005,3764,4016,3164,7180,2018-03-01
G16,2,1,3,0,0,0,2018-03-01
G17,0,0,0,0,1,1,2018-03-01
G18,0,1,1,0,1,1,2018-03-01
G19,1,0,1,0,0,0,2018-03-01
G20,3050,3279,6329,7631,5783,13414,2018-03-01
G21,3291,3552,6843,6495,4309,10804,2018-03-01
G22,1910,2173,4083,3994,2804,6798,2018-03-01
G23,559,726,1285,2127,1784,3911,2018-03-01
G24,1,0,1,0,0,0,2018-03-01
G25,0,2,2,1,0,1,2018-03-01
G26,0,0,0,2,0,2,2018-03-01
G29,0,0,0,1,0,1,2018-03-01
G30,3,0,3,1,0,1,2018-03-01
G31,2731,2916,5647,5694,3891,9585,2018-03-01
G32,2597,3264,5861,10764,8101,18865,2018-03-01
G33,3450,4152,7602,12217,10021,22238,2018-03-01
G34,1083,1283,2366,1775,1245,3020,2018-03-01
G35,1,1,2,0,0,0,2018-03-01
G36,0,2,2,2,0,2,2018-03-01
G37,0,0,0,1,1,2,2018-03-01
G38,0,0,0,1,0,1,2018-03-01
G39,0,0,0,0,1,1,2018-03-01
G40,1245,1452,2697,2958,1934,4892,2018-03-01
G41,2693,2830,5523,10682,8569,19251,2018-03-01
G42,3610,3154,6764,8009,5385,13394,2018-03-01
G43,1246,1344,2590,5280,4399,9679,2018-03-01
G44,1759,2254,4013,9392,8332,17724,2018-03-01
G45,1716,1940,3656,3305,2182,5487,2018-03-01
G46,1721,1941,3662,8533,7861,16394,2018-03-01
G47,1,1,2,3,1,4,2018-03-01
G48,2,0,2,1,1,2,2018-03-01
G49,0,0,0,4,0,4,2018-03-01
G50,2,0,2,1,1,2,2018-03-01
G51,2927,2844,5771,5762,3684,9446,2018-03-01
G52,2220,2815,5035,8000,6530,14530,2018-03-01
G53,2842,3413,6255,9499,7913,17412,2018-03-01
G54,2,0,2,2,0,2,2018-03-01
G55,0,3,3,1,2,3,2018-03-01
G56,1,1,2,1,0,1,2018-03-01
G57,0,1,1,0,0,0,2018-03-01
G58,0,0,0,1,0,1,2018-03-01
G59,0,0,0,0,1,1,2018-03-01
G60,257,304,561,1961,1833,3794,2018-03-01
G61,1066,1173,2239,11075,10947,22022,2018-03-01
G62,585,678,1263,5038,4978,10016,2018-03-01
G63,295,363,658,3791,3963,7754,2018-03-01
G64,1211,1500,2711,9788,9252,19040,2018-03-01
G65,826,1013,1839,4541,3775,8316,2018-03-01
G66,1918,2436,4354,13852,12584,26436,2018-03-01
G67,2640,3364,6004,10568,8216,18784,2018-03-01
G68,772,967,1739,6982,6505,13487,2018-03-01
G69,1762,2263,4025,11939,10606,22545,2018-03-01
G70,0,0,0,1,2,3,2018-03-01
G71,1443,1878,3321,10445,9477,19922,2018-03-01
G72,2914,3606,6520,16192,14112,30304,2018-03-01
G73,2149,2675,4824,9801,8331,18132,2018-03-01
G74,1879,2370,4249,13184,11387,24571,2018-03-01
G75,2320,3149,5469,13432,11577,25009,2018-03-01
G76,930,1114,2044,8195,8062,16257,2018-03-01
G77,852,1008,1860,9703,9820,19523,2018-03-01
G78,1475,1760,3235,7736,6842,14578,2018-03-01
G80,1,0,1,0,0,0,2018-03-01
G81,2904,3670,6574,11204,9186,20390,2018-03-01
G82,1614,2017,3631,8687,7562,16249,2018-03-01
G83,1499,2008,3507,8164,6958,15122,2018-03-01
G84,1191,1469,2660,7804,7047,14851,2018-03-01
GL0,0,0,0,0,1,1,2018-03-01
GL1,2947,3165,6112,10928,7788,18716,2018-03-01
GL1,0,0,0,0,1,1,2018-03-01
GL2,1865,2422,4287,21660,19949,41609,2018-03-01
GL3,1207,1630,2837,12247,11190,23437,2018-03-01
GL4,2323,2936,5259,17221,15285,32506,2018-03-01
GL5,1477,1600,3077,11575,10736,22311,2018-03-01
GL6,835,979,1814,10047,9755,19802,2018-03-01
GL7,1644,1932,3576,17418,16494,33912,2018-03-01
GL8,255,345,600,3440,3303,6743,2018-03-01
GL9,55,62,117,1124,1070,2194,2018-03-01
GL10,595,592,1187,5518,4905,10423,2018-03-01
GL11,593,781,1374,7239,6687,13926,2018-03-01
GL12,454,470,924,6072,5684,11756,2018-03-01
GL13,161,173,334,2514,2238,4752,2018-03-01
GL14,666,893,1559,5821,4983,10804,2018-03-01
GL15,755,906,1661,8430,7537,15967,2018-03-01
GL16,460,627,1087,5328,4899,10227,2018-03-01
GL17,402,525,927,4674,4246,8920,2018-03-01
GL18,267,352,619,3336,3019,6355,2018-03-01
GL19,223,214,437,3706,3589,7295,2018-03-01
GL20,1070,1195,2265,11067,10094,21161,2018-03-01
GL50,1228,1491,2719,7515,6257,13772,2018-03-01
GL51,2694,3394,6088,18206,15689,33895,2018-03-01
GL52,1999,2206,4205,16690,15669,32359,2018-03-01
GL53,801,811,1612,7685,7553,15238,2018-03-01
GL54,752,878,1630,9794,9472,19266,2018-03-01
GL55,160,175,335,2253,2299,4552,2018-03-01
GL56,313,371,684,3705,3636,7341,2018-03-01
GU0,0,0,0,0,1,1,2018-03-01
GU1,1835,2001,3836,11346,9858,21204,2018-03-01
GU2,2073,2188,4261,10691,8838,19529,2018-03-01
GU3,382,411,793,4808,4604,9412,2018-03-01
GU4,539,616,1155,6631,6622,13253,2018-03-01
GU5,336,425,761,4430,4511,8941,2018-03-01
GU6,562,544,1106,5822,5803,11625,2018-03-01
GU7,1055,1203,2258,8690,8330,17020,2018-03-01
GU8,589,632,1221,7114,7088,14202,2018-03-01
GU9,1087,1387,2474,11350,10797,22147,2018-03-01
GU10,659,740,1399,9623,9468,19091,2018-03-01
GU11,1680,1996,3676,8551,6605,15156,2018-03-01
GU12,1474,1856,3330,12225,10817,23042,2018-03-01
GU13,760,14,774,447,43,490,2018-03-01
GU14,2855,3360,6215,21356,18747,40103,2018-03-01
GU15,1783,1972,3755,14294,12780,27074,2018-03-01
GU16,1141,1007,2148,10079,8947,19026,2018-03-01
GU17,667,477,1144,5029,4129,9158,2018-03-01
GU18,139,190,329,3068,2984,6052,2018-03-01
GU19,226,217,443,2448,2341,4789,2018-03-01
GU20,132,134,266,1938,1959,3897,2018-03-01
GU21,2756,3253,6009,19489,16890,36379,2018-03-01
GU22,1759,2114,3873,14247,12687,26934,2018-03-01
GU23,217,223,440,2875,2836,5711,2018-03-01
GU24,854,785,1639,6937,6577,13514,2018-03-01
GU25,367,374,741,2761,2783,5544,2018-03-01
GU26,250,247,497,3063,3002,6065,2018-03-01
GU27,704,838,1542,6997,6769,13766,2018-03-01
GU28,248,268,516,2751,2677,5428,2018-03-01
GU29,311,417,728,3842,3940,7782,2018-03-01
GU30,349,410,759,3923,3823,7746,2018-03-01
GU31,395,466,861,4540,4424,8964,2018-03-01
GU32,506,610,1116,4540,4305,8845,2018-03-01
GU33,290,348,638,3364,3269,6633,2018-03-01
GU34,1095,1353,2448,12466,11778,24244,2018-03-01
GU35,995,1202,2197,9554,8449,18003,2018-03-01
GU46,405,463,868,6212,5921,12133,2018-03-01
GU47,636,757,1393,7758,7236,14994,2018-03-01
GU51,705,784,1489,9587,9105,18692,2018-03-01
GU52,415,514,929,7028,6824,13852,2018-03-01
HA0,11398,8915,20313,18415,11214,29629,2018-03-01
HA1,4331,4545,8876,14652,10767,25419,2018-03-01
HA2,5604,6193,11797,21532,16312,37844,2018-03-01
HA3,8014,7982,15996,29298,21392,50690,2018-03-01
HA4,2604,3111,5715,19657,17510,37167,2018-03-01
HA5,2397,2739,5136,18209,16834,35043,2018-03-01
HA6,1155,1472,2627,9514,8857,18371,2018-03-01
HA7,2832,3143,5975,15375,12805,28180,2018-03-01
HA8,8149,8103,16252,27180,19902,47082,2018-03-01
HA9,8970,7230,16200,19176,12223,31399,2018-03-01
HD1,2433,2134,4567,5926,3594,9520,2018-03-01
HD2,1973,2605,4578,9177,7477,16654,2018-03-01
HD3,1423,1908,3331,10554,9421,19975,2018-03-01
HD4,1650,2217,3867,9513,7766,17279,2018-03-01
HD5,1712,2283,3995,9925,8347,18272,2018-03-01
HD6,1249,1556,2805,9425,8292,17717,2018-03-01
HD7,968,1285,2253,8305,7367,15672,2018-03-01
HD8,948,1248,2196,12705,12040,24745,2018-03-01
HD9,1259,1549,2808,13307,12305,25612,2018-03-01
HG1,1633,1957,3590,12421,11183,23604,2018-03-01
HG2,1384,1604,2988,11952,11513,23465,2018-03-01
HG3,886,995,1881,10628,10292,20920,2018-03-01
HG4,923,1116,2039,9599,8856,18455,2018-03-01
HG5,622,720,1342,7234,6748,13982,2018-03-01
HP1,1229,1444,2673,9620,8714,18334,2018-03-01
HP2,2232,2874,5106,14547,12289,26836,2018-03-01
HP2,0,0,0,1,0,1,2018-03-01
HP3,1480,1838,3318,12730,11328,24058,2018-03-01
HP4,864,871,1735,9636,9417,19053,2018-03-01
HP5,1238,1455,2693,9935,9009,18944,2018-03-01
HP6,575,597,1172,5738,5556,11294,2018-03-01
HP7,393,482,875,4346,4203,8549,2018-03-01
HP8,220,248,468,2955,2998,5953,2018-03-01
HP9,627,654,1281,7201,7220,14421,2018-03-01
HP10,579,659,1238,8090,7940,16030,2018-03-01
HP11,950,1082,2032,5472,4394,9866,2018-03-01
HP12,1401,1749,3150,8079,6312,14391,2018-03-01
HP13,2451,3001,5452,15749,13230,28979,2018-03-01
HP14,601,601,1202,7334,6961,14295,2018-03-01
HP15,428,512,940,7194,6993,14187,2018-03-01
HP16,334,408,742,4919,4912,9831,2018-03-01
HP17,291,313,604,4185,4125,8310,2018-03-01
HP18,516,615,1131,7158,6953,14111,2018-03-01
HP19,1304,1722,3026,8855,7422,16277,2018-03-01
HP20,906,1053,1959,5234,4185,9419,2018-03-01
HP21,1714,2241,3955,12188,10439,22627,2018-03-01
HP22,806,808,1614,10521,10347,20868,2018-03-01
HP23,634,740,1374,7047,6831,13878,2018-03-01
HP25,0,0,0,0,1,1,2018-03-01
HP27,397,424,821,4990,4901,9891,2018-03-01
HR1,1330,1427,2757,12274,11366,23640,2018-03-01
HR2,1776,2266,4042,13742,12185,25927,2018-03-01
HR3,167,220,387,3114,2921,6035,2018-03-01
HR4,1229,1445,2674,10878,9763,20641,2018-03-01
HR5,143,161,304,1859,1666,3525,2018-03-01
HR6,811,987,1798,7867,7087,14954,2018-03-01
HR7,229,237,466,2861,2546,5407,2018-03-01
HR8,484,588,1072,5533,5146,10679,2018-03-01
HR9,643,833,1476,8543,7821,16364,2018-03-01
HS1,306,363,669,1540,1317,2857,2018-03-01
HS2,521,694,1215,5138,4418,9556,2018-03-01
HS3,58,79,137,480,351,831,2018-03-01
HS4,20,17,37,91,78,169,2018-03-01
HS5,10,15,25,94,80,174,2018-03-01
HS6,60,100,160,610,535,1145,2018-03-01
HS7,76,100,176,470,388,858,2018-03-01
HS8,95,111,206,708,575,1283,2018-03-01
HS9,81,58,139,416,390,806,2018-03-01
HU1,361,255,616,937,424,1361,2018-03-01
HU2,421,397,818,1028,423,1451,2018-03-01
HU3,3118,3091,6209,6980,3728,10708,2018-03-01
HU4,1494,1835,3329,7612,6013,13625,2018-03-01
HU5,3570,3818,7388,14415,10918,25333,2018-03-01
HU6,2796,3283,6079,8698,6119,14817,2018-03-01
HU7,3109,3885,6994,13437,10605,24042,2018-03-01
HU8,2217,2813,5030,10964,8398,19362,2018-03-01
HU9,3288,4040,7328,10706,7293,17999,2018-03-01
HU10,607,733,1340,7387,6923,14310,2018-03-01
HU11,369,455,824,5170,4532,9702,2018-03-01
HU12,912,1219,2131,10057,8818,18875,2018-03-01
HU13,671,860,1531,5388,4706,10094,2018-03-01
HU14,236,234,470,3435,3368,6803,2018-03-01
HU15,664,822,1486,9335,8799,18134,2018-03-01
HU16,585,708,1293,6009,5480,11489,2018-03-01
HU17,1622,1945,3567,16601,15190,31791,2018-03-01
HU18,351,473,824,3279,2832,6111,2018-03-01
HU19,462,525,987,2451,1672,4123,2018-03-01
HU20,23,35,58,378,369,747,2018-03-01
HU23,1,0,1,0,0,0,2018-03-01
HU30,1,0,1,0,0,0,2018-03-01
HU33,1,0,1,0,0,0,2018-03-01
HU41,1,0,1,0,0,0,2018-03-01
HU44,0,0,0,0,1,1,2018-03-01
HV15,0,0,0,0,1,1,2018-03-01
HX0,0,0,0,0,1,1,2018-03-01
HX1,1891,2442,4333,6545,4091,10636,2018-03-01
HX2,2044,2699,4743,12629,10608,23237,2018-03-01
HX3,2244,2914,5158,16009,13821,29830,2018-03-01
HX4,426,607,1033,4550,4228,8778,2018-03-01
HX5,533,715,1248,3415,2849,6264,2018-03-01
HX6,919,1157,2076,6774,5819,12593,2018-03-01
HX7,689,815,1504,4671,4569,9240,2018-03-01
IG1,10514,9041,19555,21604,12799,34403,2018-03-01
IG2,2923,3051,5974,10126,7184,17310,2018-03-01
IG3,4739,4521,9260,13221,8484,21705,2018-03-01
IG4,834,892,1726,3740,2812,6552,2018-03-01
IG5,1226,1411,2637,6331,5261,11592,2018-03-01
IG6,2129,2555,4684,10347,8213,18560,2018-03-01
IG7,1193,1505,2698,7910,7095,15005,2018-03-01
IG8,2187,2633,4820,13850,12120,25970,2018-03-01
IG9,530,605,1135,5087,4834,9921,2018-03-01
IG10,1492,1829,3321,11899,11215,23114,2018-03-01
IG11,8369,8200,16569,17430,10306,27736,2018-03-01
IP1,2484,2715,5199,13238,10256,23494,2018-03-01
IP2,1860,2357,4217,10308,7942,18250,2018-03-01
IP3,1675,2203,3878,11743,9257,21000,2018-03-01
IP4,1863,2096,3959,13240,11148,24388,2018-03-01
IP5,515,622,1137,7495,7116,14611,2018-03-01
IP6,422,520,942,6927,6365,13292,2018-03-01
IP7,475,626,1101,6415,5858,12273,2018-03-01
IP8,273,360,633,4502,4071,8573,2018-03-01
IP9,308,380,688,4595,4348,8943,2018-03-01
IP10,73,96,169,1488,1446,2934,2018-03-01
IP11,1125,1471,2596,11712,10053,21765,2018-03-01
IP12,875,911,1786,9662,9238,18900,2018-03-01
IP13,549,650,1199,7547,7281,14828,2018-03-01
IP14,1192,1466,2658,15603,14133,29736,2018-03-01
IP15,71,95,166,895,929,1824,2018-03-01
IP16,300,355,655,2513,2150,4663,2018-03-01
IP17,356,484,840,4773,4654,9427,2018-03-01
IP18,134,152,286,1418,1431,2849,2018-03-01
IP19,264,327,591,4104,3785,7889,2018-03-01
IP20,216,260,476,3265,3001,6266,2018-03-01
IP21,251,307,558,4664,4413,9077,2018-03-01
IP22,740,828,1568,8827,8116,16943,2018-03-01
IP23,202,278,480,3043,2790,5833,2018-03-01
IP24,1709,2160,3869,9268,7387,16655,2018-03-01
IP25,652,770,1422,7062,6249,13311,2018-03-01
IP26,300,350,650,3409,3171,6580,2018-03-01
IP27,894,1060,1954,6127,5409,11536,2018-03-01
IP28,1027,1275,2302,8948,8496,17444,2018-03-01
IP29,219,270,489,3779,3646,7425,2018-03-01
IP30,371,461,832,5645,5356,11001,2018-03-01
IP31,537,709,1246,8393,7903,16296,2018-03-01
IP32,743,955,1698,5497,4989,10486,2018-03-01
IP33,1057,1287,2344,8429,7448,15877,2018-03-01
IV1,175,170,345,987,914,1901,2018-03-01
IV2,2274,2887,5161,17729,16003,33732,2018-03-01
IV3,1397,1668,3065,6123,4867,10990,2018-03-01
IV3,0,0,0,0,1,1,2018-03-01
IV4,164,206,370,1849,1664,3513,2018-03-01
IV5,49,51,100,521,516,1037,2018-03-01
IV6,167,206,373,1783,1634,3417,2018-03-01
IV7,202,241,443,2315,2199,4514,2018-03-01
IV8,27,28,55,361,351,712,2018-03-01
IV9,60,59,119,477,458,935,2018-03-01
IV10,104,121,225,1073,1057,2130,2018-03-01
IV11,48,57,105,324,304,628,2018-03-01
IV12,630,763,1393,4664,4200,8864,2018-03-01
IV13,11,23,34,277,222,499,2018-03-01
IV14,69,103,172,846,775,1621,2018-03-01
IV15,334,370,704,1969,1715,3684,2018-03-01
IV16,59,70,129,716,656,1372,2018-03-01
IV17,370,464,834,2167,1809,3976,2018-03-01
IV18,298,385,683,2065,1720,3785,2018-03-01
IV19,235,285,520,1731,1531,3262,2018-03-01
IV20,148,191,339,1177,1042,2219,2018-03-01
IV21,56,52,108,450,386,836,2018-03-01
IV22,54,71,125,604,523,1127,2018-03-01
IV23,34,45,79,357,325,682,2018-03-01
IV24,45,69,114,561,529,1090,2018-03-01
IV25,90,98,188,952,933,1885,2018-03-01
IV26,106,118,224,722,676,1398,2018-03-01
IV27,156,154,310,1501,1287,2788,2018-03-01
IV28,11,22,33,190,180,370,2018-03-01
IV30,1564,2019,3583,12299,10905,23204,2018-03-01
IV31,351,440,791,2616,2267,4883,2018-03-01
IV32,196,204,400,1870,1742,3612,2018-03-01
IV33,1,0,1,1,2,3,2018-03-01
IV34,0,0,0,0,1,1,2018-03-01
IV36,707,971,1678,5958,5331,11289,2018-03-01
IV40,119,176,295,988,835,1823,2018-03-01
IV41,30,18,48,140,122,262,2018-03-01
IV42,18,17,35,200,176,376,2018-03-01
IV43,13,15,28,123,107,230,2018-03-01
IV44,10,13,23,111,100,211,2018-03-01
IV45,13,5,18,127,110,237,2018-03-01
IV46,4,4,8,34,31,65,2018-03-01
IV47,16,22,38,254,205,459,2018-03-01
IV48,1,5,6,33,32,65,2018-03-01
IV49,56,61,117,449,369,818,2018-03-01
IV51,216,300,516,2029,1794,3823,2018-03-01
IV52,22,25,47,118,137,255,2018-03-01
IV53,6,4,10,64,60,124,2018-03-01
IV54,58,81,139,573,476,1049,2018-03-01
IV55,53,48,101,536,480,1016,2018-03-01
IV56,7,9,16,154,129,283,2018-03-01
IV63,113,135,248,997,941,1938,2018-03-01
KA1,1440,1844,3284,9614,8240,17854,2018-03-01
KA2,282,405,687,2555,2301,4856,2018-03-01
KA3,1862,2474,4336,13356,11850,25206,2018-03-01
KA4,259,349,608,1935,1773,3708,2018-03-01
KA5,395,602,997,3600,2989,6589,2018-03-01
KA6,971,1285,2256,6507,5567,12074,2018-03-01
KA7,1234,1451,2685,10393,9751,20144,2018-03-01
KA8,1209,1638,2847,5524,4238,9762,2018-03-01
KA9,672,783,1455,5931,5539,11470,2018-03-01
KA10,615,775,1390,6036,5665,11701,2018-03-01
KA11,1146,1605,2751,7070,6080,13150,2018-03-01
KA12,1160,1564,2724,5601,4452,10053,2018-03-01
KA13,995,1344,2339,5590,4735,10325,2018-03-01
KA14,31,23,54,189,170,359,2018-03-01
KA15,325,420,745,2581,2287,4868,2018-03-01
KA16,181,190,371,1122,889,2011,2018-03-01
KA17,155,219,374,1535,1320,2855,2018-03-01
KA18,1073,1487,2560,7004,5558,12562,2018-03-01
KA19,350,455,805,2668,2306,4974,2018-03-01
KA20,668,864,1532,2643,2099,4742,2018-03-01
KA21,813,923,1736,3812,3212,7024,2018-03-01
KA22,672,940,1612,3464,2910,6374,2018-03-01
KA23,202,274,476,2011,1903,3914,2018-03-01
KA24,301,442,743,2038,1770,3808,2018-03-01
KA25,413,537,950,2243,1830,4073,2018-03-01
KA26,506,715,1221,3704,3104,6808,2018-03-01
KA27,235,296,531,1824,1715,3539,2018-03-01
KA28,43,70,113,439,371,810,2018-03-01
KA29,49,74,123,594,582,1176,2018-03-01
KA30,440,621,1061,4172,3734,7906,2018-03-01
KT1,1831,1956,3787,7648,6089,13737,2018-03-01
KT2,2129,2534,4663,11680,10686,22366,2018-03-01
KT3,3154,3478,6632,15687,13446,29133,2018-03-01
KT4,1570,1733,3303,11647,10684,22331,2018-03-01
KT5,1259,1390,2649,7720,6606,14326,2018-03-01
KT6,1927,2329,4256,11746,10223,21969,2018-03-01
KT7,410,452,862,4087,4068,8155,2018-03-01
KT8,1003,1093,2096,8053,7611,15664,2018-03-01
KT9,1266,1429,2695,7946,7026,14972,2018-03-01
KT10,952,887,1839,9209,9315,18524,2018-03-01
KT11,875,891,1766,7104,7298,14402,2018-03-01
KT12,1760,1935,3695,15206,14534,29740,2018-03-01
KT13,952,1100,2052,10212,9967,20179,2018-03-01
KT14,597,645,1242,5442,5244,10686,2018-03-01
KT15,1206,1289,2495,11442,10652,22094,2018-03-01
KT16,807,957,1764,7692,7142,14834,2018-03-01
KT17,1114,1122,2236,9708,8940,18648,2018-03-01
KT18,680,849,1529,6611,6530,13141,2018-03-01
KT19,2025,2320,4345,13458,12313,25771,2018-03-01
KT20,696,854,1550,8680,8400,17080,2018-03-01
KT21,440,508,948,5475,5524,10999,2018-03-01
KT22,1070,1084,2154,9960,9501,19461,2018-03-01
KT23,333,330,663,4523,4523,9046,2018-03-01
KT24,258,281,539,3948,4045,7993,2018-03-01
KW1,489,532,1021,3861,3320,7181,2018-03-01
KW2,5,3,8,30,26,56,2018-03-01
KW3,33,49,82,427,349,776,2018-03-01
KW5,10,11,21,122,113,235,2018-03-01
KW6,12,8,20,154,119,273,2018-03-01
KW7,2,5,7,44,39,83,2018-03-01
KW8,30,35,65,312,275,587,2018-03-01
KW9,66,94,160,659,570,1229,2018-03-01
KW10,76,102,178,619,543,1162,2018-03-01
KW11,2,8,10,49,39,88,2018-03-01
KW12,43,62,105,653,599,1252,2018-03-01
KW13,4,5,9,43,33,76,2018-03-01
KW14,637,751,1388,4453,3733,8186,2018-03-01
KW15,425,489,914,2900,2654,5554,2018-03-01
KW16,154,220,374,1353,1200,2553,2018-03-01
KW17,360,433,793,3544,3245,6789,2018-03-01
KY1,1388,1716,3104,8336,6793,15129,2018-03-01
KY2,1464,2061,3525,10237,8889,19126,2018-03-01
KY3,520,658,1178,3881,3542,7423,2018-03-01
KY4,1092,1551,2643,7530,6081,13611,2018-03-01
KY5,1068,1574,2642,6462,5055,11517,2018-03-01
KY6,1077,1381,2458,6298,5389,11687,2018-03-01
KY7,1490,1880,3370,9329,8115,17444,2018-03-01
KY8,1884,2469,4353,11441,9501,20942,2018-03-01
KY9,62,78,140,754,744,1498,2018-03-01
KY10,368,526,894,3357,3086,6443,2018-03-01
KY11,3066,4008,7074,21526,19008,40534,2018-03-01
KY12,1834,2208,4042,14129,12508,26637,2018-03-01
KY13,362,407,769,4525,4465,8990,2018-03-01
KY14,233,313,546,2629,2383,5012,2018-03-01
KY15,757,1001,1758,8092,7574,15666,2018-03-01
KY16,1146,1376,2522,6304,5764,12068,2018-03-01
L1,578,526,1104,1336,768,2104,2018-03-01
L2,82,45,127,223,98,321,2018-03-01
L3,1044,999,2043,3253,2030,5283,2018-03-01
L4,3874,4780,8654,9777,6482,16259,2018-03-01
L5,1442,1780,3222,3072,1757,4829,2018-03-01
L6,2694,2804,5498,5093,2832,7925,2018-03-01
L7,2422,2258,4680,3621,1872,5493,2018-03-01
L8,4220,4278,8498,6855,4015,10870,2018-03-01
L9,2285,3007,5292,8953,6779,15732,2018-03-01
L10,905,1307,2212,4995,4089,9084,2018-03-01
L11,2460,3294,5754,6888,5065,11953,2018-03-01
L12,1705,2236,3941,10744,9496,20240,2018-03-01
L13,2665,3250,5915,8138,5850,13988,2018-03-01
L14,2120,3025,5145,7528,5875,13403,2018-03-01
L15,2435,2722,5157,7151,5403,12554,2018-03-01
L16,693,864,1557,5401,4930,10331,2018-03-01
L17,1598,1677,3275,7033,5903,12936,2018-03-01
L18,1279,1563,2842,8889,8073,16962,2018-03-01
L19,1530,1811,3341,7645,6513,14158,2018-03-01
L20,3125,3707,6832,8302,5573,13875,2018-03-01
L21,1951,2573,4524,6881,5188,12069,2018-03-01
L22,961,1052,2013,4544,3760,8304,2018-03-01
L23,1598,1968,3566,11102,10163,21265,2018-03-01
L24,1273,1788,3061,4420,3200,7620,2018-03-01
L25,1968,2406,4374,11572,9831,21403,2018-03-01
L26,1037,1303,2340,5106,4471,9577,2018-03-01
L27,561,779,1340,1714,1261,2975,2018-03-01
L28,649,843,1492,1660,977,2637,2018-03-01
L29,27,24,51,194,200,394,2018-03-01
L30,1490,1984,3474,5633,4354,9987,2018-03-01
L31,1252,1532,2784,11449,10287,21736,2018-03-01
L32,1764,2336,4100,5766,4204,9970,2018-03-01
L33,1597,2093,3690,4748,3609,8357,2018-03-01
L34,636,763,1399,4448,3655,8103,2018-03-01
L35,1705,2385,4090,10572,8569,19141,2018-03-01
L36,3165,4276,7441,12160,9642,21802,2018-03-01
L37,845,953,1798,9208,9017,18225,2018-03-01
L38,90,109,199,1086,1068,2154,2018-03-01
L39,1017,1134,2151,10140,9534,19674,2018-03-01
L40,610,628,1238,7449,6848,14297,2018-03-01
L41,123,139,262,131,66,197,2018-03-01
L42,62,49,111,90,41,131,2018-03-01
L43,93,141,234,186,153,339,2018-03-01
L44,49,32,81,91,33,124,2018-03-01
L45,21,24,45,74,46,120,2018-03-01
L46,18,27,45,102,44,146,2018-03-01
L47,15,13,28,44,35,79,2018-03-01
L48,13,14,27,63,50,113,2018-03-01
L49,24,36,60,71,56,127,2018-03-01
L52,0,1,1,0,0,0,2018-03-01
L60,6,17,23,115,112,227,2018-03-01
L61,13,13,26,52,67,119,2018-03-01
L62,30,34,64,81,61,142,2018-03-01
L63,22,20,42,98,54,152,2018-03-01
L64,28,25,53,139,121,260,2018-03-01
L65,26,26,52,65,40,105,2018-03-01
L66,28,31,59,146,118,264,2018-03-01
L67,0,1,1,0,0,0,2018-03-01
L69,20,5,25,33,6,39,2018-03-01
L71,0,1,1,0,0,0,2018-03-01
LA0,0,0,0,0,1,1,2018-03-01
LA1,3256,3840,7096,14863,12414,27277,2018-03-01
LA2,640,758,1398,8538,8136,16674,2018-03-01
LA3,1400,1646,3046,8957,7693,16650,2018-03-01
LA4,1473,1734,3207,8663,7224,15887,2018-03-01
LA5,502,619,1121,6411,6126,12537,2018-03-01
LA6,325,407,732,5454,5383,10837,2018-03-01
LA7,131,155,286,2039,1979,4018,2018-03-01
LA8,209,237,446,3790,3648,7438,2018-03-01
LA9,1144,1443,2587,11421,10385,21806,2018-03-01
LA10,101,107,208,1439,1335,2774,2018-03-01
LA11,236,290,526,3993,3907,7900,2018-03-01
LA12,682,813,1495,8050,7226,15276,2018-03-01
LA13,988,1273,2261,6829,5826,12655,2018-03-01
LA14,2476,2949,5425,11879,9342,21221,2018-03-01
LA15,331,452,783,2788,2415,5203,2018-03-01
LA16,100,146,246,1354,1180,2534,2018-03-01
LA17,20,35,55,491,479,970,2018-03-01
LA18,360,470,830,2950,2394,5344,2018-03-01
LA19,19,37,56,433,385,818,2018-03-01
LA20,18,29,47,539,480,1019,2018-03-01
LA21,30,43,73,424,372,796,2018-03-01
LA22,225,243,468,1842,1696,3538,2018-03-01
LA23,428,447,875,3361,2962,6323,2018-03-01
LD0,0,0,0,1,0,1,2018-03-01
LD1,346,456,802,4490,4005,8495,2018-03-01
LD2,154,191,345,2226,1993,4219,2018-03-01
LD3,748,841,1589,7585,6941,14526,2018-03-01
LD4,18,22,40,317,308,625,2018-03-01
LD5,29,43,72,442,383,825,2018-03-01
LD6,87,120,207,1064,967,2031,2018-03-01
LD7,134,165,299,1866,1687,3553,2018-03-01
LD8,105,117,222,1828,1702,3530,2018-03-01
LE0,0,0,0,1,0,1,2018-03-01
LE1,1576,1445,3021,2648,1279,3927,2018-03-01
LE2,8692,9764,18456,35132,27768,62900,2018-03-01
LE3,7457,8729,16186,32407,24333,56740,2018-03-01
LE4,8379,10246,18625,32027,23599,55626,2018-03-01
LE5,7919,8980,16899,27707,19971,47678,2018-03-01
LE6,355,440,795,4897,4466,9363,2018-03-01
LE7,1360,1729,3089,18760,17459,36219,2018-03-01
LE8,1044,1303,2347,14654,14113,28767,2018-03-01
LE9,1781,2313,4094,22498,20239,42737,2018-03-01
LE10,1712,2135,3847,19673,17361,37034,2018-03-01
LE11,3641,3833,7474,19102,14630,33732,2018-03-01
LE12,1965,2457,4422,25197,23239,48436,2018-03-01
LE13,1093,1354,2447,9881,8564,18445,2018-03-01
LE14,414,515,929,7361,6958,14319,2018-03-01
LE15,1001,1361,2362,12777,12044,24821,2018-03-01
LE16,1228,1463,2691,13799,12981,26780,2018-03-01
LE17,552,705,1257,8939,8103,17042,2018-03-01
LE18,1380,1819,3199,11764,10168,21932,2018-03-01
LE19,433,592,1025,5723,5362,11085,2018-03-01
LE62,0,1,1,0,0,0,2018-03-01
LE65,518,640,1158,5955,5431,11386,2018-03-01
LE67,2205,2802,5007,22881,19950,42831,2018-03-01
LL1,2,1,3,14,9,23,2018-03-01
LL2,0,0,0,3,0,3,2018-03-01
LL10,0,0,0,1,0,1,2018-03-01
LL11,1840,2388,4228,13245,11110,24355,2018-03-01
LL12,1212,1368,2580,10483,9446,19929,2018-03-01
LL13,2292,2564,4856,10793,8757,19550,2018-03-01
LL14,1680,2370,4050,11014,8973,19987,2018-03-01
LL15,364,436,800,4042,3736,7778,2018-03-01
LL16,665,813,1478,5617,5108,10725,2018-03-01
LL17,175,245,420,2178,2050,4228,2018-03-01
LL18,2517,3217,5734,13808,11611,25419,2018-03-01
LL19,989,1284,2273,7067,6285,13352,2018-03-01
LL20,352,371,723,3180,2734,5914,2018-03-01
LL21,213,275,488,2598,2320,4918,2018-03-01
LL22,691,896,1587,6939,6133,13072,2018-03-01
LL23,113,148,261,1563,1347,2910,2018-03-01
LL24,63,83,146,860,735,1595,2018-03-01
LL25,21,16,37,182,166,348,2018-03-01
LL26,190,248,438,1589,1384,2973,2018-03-01
LL27,34,51,85,335,267,602,2018-03-01
LL28,505,593,1098,5082,4862,9944,2018-03-01
LL29,1176,1415,2591,6740,5887,12627,2018-03-01
LL30,1066,1310,2376,7288,6406,13694,2018-03-01
LL31,377,518,895,3661,3385,7046,2018-03-01
LL32,297,351,648,2394,2261,4655,2018-03-01
LL33,198,251,449,1391,1232,2623,2018-03-01
LL34,190,293,483,1545,1370,2915,2018-03-01
LL35,20,29,49,299,246,545,2018-03-01
LL36,149,220,369,1656,1438,3094,2018-03-01
LL37,17,21,38,242,191,433,2018-03-01
LL38,12,39,51,272,206,478,2018-03-01
LL39,11,14,25,91,75,166,2018-03-01
LL40,154,182,336,1551,1367,2918,2018-03-01
LL41,317,425,742,2125,1697,3822,2018-03-01
LL42,133,178,311,769,616,1385,2018-03-01
LL43,16,18,34,213,188,401,2018-03-01
LL44,21,40,61,380,352,732,2018-03-01
LL45,26,21,47,234,233,467,2018-03-01
LL46,56,64,120,665,621,1286,2018-03-01
LL47,9,28,37,231,198,429,2018-03-01
LL48,96,140,236,905,797,1702,2018-03-01
LL49,199,213,412,1519,1248,2767,2018-03-01
LL51,25,35,60,346,282,628,2018-03-01
LL52,85,94,179,1014,950,1964,2018-03-01
LL53,492,582,1074,6111,5553,11664,2018-03-01
LL54,407,517,924,4097,3684,7781,2018-03-01
LL55,993,1205,2198,7230,6395,13625,2018-03-01
LL56,99,87,186,822,781,1603,2018-03-01
LL57,1657,1741,3398,7479,6187,13666,2018-03-01
LL58,139,196,335,1390,1295,2685,2018-03-01
LL59,260,248,508,2049,1949,3998,2018-03-01
LL60,103,114,217,1172,1104,2276,2018-03-01
LL61,212,235,447,2303,2172,4475,2018-03-01
LL62,61,49,110,716,658,1374,2018-03-01
LL63,43,64,107,538,467,1005,2018-03-01
LL64,33,34,67,316,287,603,2018-03-01
LL65,1238,1487,2725,8275,6948,15223,2018-03-01
LL66,8,11,19,110,91,201,2018-03-01
LL67,54,78,132,499,455,954,2018-03-01
LL68,253,331,584,2293,1998,4291,2018-03-01
LL69,29,34,63,267,224,491,2018-03-01
LL70,10,13,23,120,119,239,2018-03-01
LL71,64,89,153,725,643,1368,2018-03-01
LL72,37,47,84,269,241,510,2018-03-01
LL73,2,2,4,100,96,196,2018-03-01
LL74,74,80,154,975,926,1901,2018-03-01
LL75,55,55,110,557,533,1090,2018-03-01
LL76,11,10,21,115,108,223,2018-03-01
LL77,277,370,647,2530,2337,4867,2018-03-01
LL78,10,14,24,219,205,424,2018-03-01
LN1,1188,1451,2639,9680,8368,18048,2018-03-01
LN2,2096,2509,4605,13108,11327,24435,2018-03-01
LN3,281,334,615,3875,3478,7353,2018-03-01
LN4,1224,1655,2879,15273,13638,28911,2018-03-01
LN5,1832,2006,3838,11335,9273,20608,2018-03-01
LN6,2463,3134,5597,21321,19089,40410,2018-03-01
LN7,209,262,471,2538,2352,4890,2018-03-01
LN8,531,704,1235,7077,6379,13456,2018-03-01
LN9,317,375,692,3840,3446,7286,2018-03-01
LN10,143,165,308,2494,2358,4852,2018-03-01
LN11,1027,1287,2314,10825,9986,20811,2018-03-01
LN12,564,736,1300,5011,3855,8866,2018-03-01
LN13,299,356,655,3181,2871,6052,2018-03-01
LS0,0,1,1,0,0,0,2018-03-01
LS1,262,257,519,851,489,1340,2018-03-01
LS2,911,737,1648,1351,596,1947,2018-03-01
LS3,360,322,682,530,273,803,2018-03-01
LS4,786,789,1575,2219,1477,3696,2018-03-01
LS5,608,707,1315,2344,1793,4137,2018-03-01
LS6,3194,3116,6310,8574,6303,14877,2018-03-01
LS7,3000,3553,6553,8245,6443,14688,2018-03-01
LS8,4457,4912,9369,14656,11309,25965,2018-03-01
LS9,4205,4873,9078,8865,4932,13797,2018-03-01
LS10,2809,3799,6608,10186,7081,17267,2018-03-01
LS11,3586,4180,7766,9066,5123,14189,2018-03-01
LS12,3114,3691,6805,12086,8714,20800,2018-03-01
LS13,2493,3442,5935,10826,8393,19219,2018-03-01
LS14,2636,3535,6171,10330,7936,18266,2018-03-01
LS15,1769,2291,4060,12634,10783,23417,2018-03-01
LS16,1683,2143,3826,13047,11979,25026,2018-03-01
LS17,1737,2430,4167,16989,15768,32757,2018-03-01
LS18,1194,1043,2237,8041,6842,14883,2018-03-01
LS19,792,1035,1827,7382,6811,14193,2018-03-01
LS20,491,555,1046,4833,4594,9427,2018-03-01
LS21,703,866,1569,6919,6426,13345,2018-03-01
LS22,487,545,1032,6332,6133,12465,2018-03-01
LS23,241,297,538,3425,3353,6778,2018-03-01
LS24,389,459,848,4684,4267,8951,2018-03-01
LS25,1530,2112,3642,15408,13745,29153,2018-03-01
LS26,1334,1824,3158,10977,9670,20647,2018-03-01
LS27,1812,2408,4220,12707,10491,23198,2018-03-01
LS28,1660,2381,4041,14239,12741,26980,2018-03-01
LS29,1036,1198,2234,12534,12392,24926,2018-03-01
LS70,0,0,0,1,0,1,2018-03-01
LU1,5514,5117,10631,14235,8792,23027,2018-03-01
LU2,3898,4743,8641,21484,17230,38714,2018-03-01
LU3,4840,6160,11000,21490,15917,37407,2018-03-01
LU4,4842,6112,10954,17510,11614,29124,2018-03-01
LU5,2039,2649,4688,14746,12171,26917,2018-03-01
LU6,1268,1622,2890,13329,11796,25125,2018-03-01
LU7,1954,2406,4360,23011,20775,43786,2018-03-01
M0,20,8,28,35,17,52,2018-03-01
M1,917,648,1565,2493,1204,3697,2018-03-01
M2,16,14,30,61,40,101,2018-03-01
M3,1032,861,1893,3455,1916,5371,2018-03-01
M4,955,748,1703,3192,1991,5183,2018-03-01
M4,0,0,0,1,0,1,2018-03-01
M5,1712,1777,3489,4397,2773,7170,2018-03-01
M6,3154,3214,6368,9561,6636,16197,2018-03-01
M7,3215,2828,6043,8103,5359,13462,2018-03-01
M8,4661,4223,8884,9754,5350,15104,2018-03-01
M9,3862,4796,8658,10871,7809,18680,2018-03-01
M10,90,75,165,81,28,109,2018-03-01
M11,2408,3029,5437,5436,3401,8837,2018-03-01
M12,2923,2569,5492,4564,2333,6897,2018-03-01
M13,3701,3053,6754,5671,2821,8492,2018-03-01
M14,5830,5053,10883,10269,6157,16426,2018-03-01
M15,2460,2011,4471,5094,2751,7845,2018-03-01
M16,3707,3991,7698,10910,7860,18770,2018-03-01
M17,4,5,9,14,3,17,2018-03-01
M18,2504,3001,5505,5858,3812,9670,2018-03-01
M19,3772,3887,7659,11012,7908,18920,2018-03-01
M20,3303,3533,6836,15486,13228,28714,2018-03-01
M21,2098,2371,4469,9872,8645,18517,2018-03-01
M22,3680,4433,8113,12015,9264,21279,2018-03-01
M23,2358,2942,5300,9237,7592,16829,2018-03-01
M24,3194,3954,7148,15301,12398,27699,2018-03-01
M25,1817,2179,3996,10958,9466,20424,2018-03-01
M26,1943,2467,4410,11987,10234,22221,2018-03-01
M27,2354,2879,5233,13766,11546,25312,2018-03-01
M28,1777,2206,3983,14887,13468,28355,2018-03-01
M29,962,1235,2197,8708,7706,16414,2018-03-01
M30,2679,3161,5840,11797,9071,20868,2018-03-01
M31,724,858,1582,2525,2086,4611,2018-03-01
M32,2048,2464,4512,9412,7981,17393,2018-03-01
M33,2760,3237,5997,22454,20505,42959,2018-03-01
M34,2580,3121,5701,16271,13692,29963,2018-03-01
M35,1230,1516,2746,6931,5685,12616,2018-03-01
M38,1119,1481,2600,3703,2684,6387,2018-03-01
M39,0,1,1,1,0,1,2018-03-01
M40,4094,5008,9102,11591,8210,19801,2018-03-01
M41,1881,2191,4072,15305,14133,29438,2018-03-01
M43,1375,1951,3326,7835,6264,14099,2018-03-01
M44,1082,1439,2521,6768,5610,12378,2018-03-01
M45,1237,1585,2822,7959,7069,15028,2018-03-01
M46,1077,1362,2439,7422,6039,13461,2018-03-01
M47,1,0,1,0,0,0,2018-03-01
M50,250,249,499,1247,705,1952,2018-03-01
M51,0,0,0,1,0,1,2018-03-01
M52,0,0,0,1,0,1,2018-03-01
M54,0,0,0,1,0,1,2018-03-01
M60,42,21,63,62,16,78,2018-03-01
M70,1,1,2,4,1,5,2018-03-01
M73,0,0,0,1,0,1,2018-03-01
M74,0,0,0,1,0,1,2018-03-01
M87,0,1,1,0,0,0,2018-03-01
M90,1,0,1,1,0,1,2018-03-01
ME1,1735,2153,3888,10984,9317,20301,2018-03-01
ME2,2071,2732,4803,14816,12730,27546,2018-03-01
ME3,1091,1317,2408,11309,10292,21601,2018-03-01
ME4,2694,2979,5673,9793,6897,16690,2018-03-01
ME5,2416,3297,5713,19508,16907,36415,2018-03-01
ME6,470,635,1105,3973,3522,7495,2018-03-01
ME7,3577,4594,8171,16951,13313,30264,2018-03-01
ME8,2090,2597,4687,18835,16761,35596,2018-03-01
ME9,789,902,1691,8992,8239,17231,2018-03-01
ME10,2535,3100,5635,17293,14704,31997,2018-03-01
ME11,274,333,607,1138,897,2035,2018-03-01
ME12,2158,2782,4940,13809,11207,25016,2018-03-01
ME13,1282,1595,2877,10201,9165,19366,2018-03-01
ME14,1436,1622,3058,12342,10599,22941,2018-03-01
ME15,2474,3081,5555,18434,15636,34070,2018-03-01
ME16,1407,1823,3230,11849,10111,21960,2018-03-01
ME17,688,849,1537,9916,8963,18879,2018-03-01
ME18,227,250,477,2959,2784,5743,2018-03-01
ME19,700,885,1585,9091,8737,17828,2018-03-01
ME20,776,934,1710,8129,7537,15666,2018-03-01
ME21,0,0,0,1,0,1,2018-03-01
ME22,0,0,0,1,0,1,2018-03-01
ME24,0,1,1,5,6,11,2018-03-01
ME30,0,0,0,1,0,1,2018-03-01
ME37,0,0,0,0,1,1,2018-03-01
ME38,0,0,0,1,0,1,2018-03-01
ME39,0,0,0,1,0,1,2018-03-01
ME50,0,0,0,1,0,1,2018-03-01
MK0,0,0,0,0,1,1,2018-03-01
MK1,77,55,132,301,178,479,2018-03-01
MK2,1274,1710,2984,5009,3667,8676,2018-03-01
MK3,1307,1760,3067,9055,7923,16978,2018-03-01
MK4,1018,1368,2386,8023,7526,15549,2018-03-01
MK5,835,1014,1849,5677,5228,10905,2018-03-01
MK6,3358,3959,7317,9092,6116,15208,2018-03-01
MK7,758,948,1706,5642,5071,10713,2018-03-01
MK8,686,893,1579,4640,4047,8687,2018-03-01
MK9,466,422,888,1259,663,1922,2018-03-01
MK10,748,1043,1791,6306,5815,12121,2018-03-01
MK11,488,639,1127,3080,2716,5796,2018-03-01
MK12,1085,1319,2404,4837,3637,8474,2018-03-01
MK13,1500,1825,3325,6811,5444,12255,2018-03-01
MK14,1732,2026,3758,7672,5936,13608,2018-03-01
MK15,389,456,845,2884,2638,5522,2018-03-01
MK16,735,874,1609,7340,6799,14139,2018-03-01
MK17,470,564,1034,7718,7408,15126,2018-03-01
MK18,1450,1536,2986,12842,12378,25220,2018-03-01
MK19,362,421,783,4831,4566,9397,2018-03-01
MK20,0,1,1,0,0,0,2018-03-01
MK34,1,0,1,1,0,1,2018-03-01
MK40,2638,2696,5334,11477,8433,19910,2018-03-01
MK41,2211,2611,4822,15546,13882,29428,2018-03-01
MK42,3157,4394,7551,17018,13652,30670,2018-03-01
MK43,1296,1332,2628,14473,13776,28249,2018-03-01
MK44,474,482,956,6774,6509,13283,2018-03-01
MK45,1457,1681,3138,18502,17444,35946,2018-03-01
MK46,250,307,557,3670,3554,7224,2018-03-01
ML1,3158,4034,7192,18157,14794,32951,2018-03-01
ML2,2204,2855,5059,12570,10210,22780,2018-03-01
ML3,2916,3754,6670,17494,14499,31993,2018-03-01
ML4,1465,1984,3449,6893,5475,12368,2018-03-01
ML5,2918,3753,6671,14435,11476,25911,2018-03-01
ML6,2951,3910,6861,18276,15299,33575,2018-03-01
ML7,733,1037,1770,5130,4126,9256,2018-03-01
ML8,703,956,1659,7179,6469,13648,2018-03-01
ML9,1184,1659,2843,8075,6782,14857,2018-03-01
ML10,418,462,880,4133,3912,8045,2018-03-01
ML11,1325,1921,3246,12757,11040,23797,2018-03-01
ML12,233,378,611,3545,3299,6844,2018-03-01
N0,1,0,1,1,1,2,2018-03-01
N1,10650,11603,22253,25341,18147,43488,2018-03-01
N1,75,77,152,201,118,319,2018-03-01
N1,0,1,1,0,1,1,2018-03-01
N1,0,1,1,0,0,0,2018-03-01
N1,1,0,1,0,0,0,2018-03-01
N1,0,0,0,0,1,1,2018-03-01
N1,0,0,0,0,2,2,2018-03-01
N2,2172,2337,4509,9128,8066,17194,2018-03-01
N2,0,0,0,0,1,1,2018-03-01
N3,2368,2595,4963,11735,9881,21616,2018-03-01
N4,7308,6922,14230,15319,10506,25825,2018-03-01
N5,2404,2751,5155,7650,6113,13763,2018-03-01
N6,1427,1767,3194,7179,6388,13567,2018-03-01
N7,5962,6285,12247,13143,8996,22139,2018-03-01
N8,4701,4637,9338,13069,10369,23438,2018-03-01
N9,6409,7677,14086,15496,10893,26389,2018-03-01
N10,2390,2775,5165,9452,8272,17724,2018-03-01
N11,2927,3191,6118,10695,8158,18853,2018-03-01
N12,2663,2976,5639,12383,10295,22678,2018-03-01
N13,3175,3297,6472,12229,9360,21589,2018-03-01
N14,1964,2327,4291,12085,10158,22243,2018-03-01
N15,8072,7128,15200,13306,7576,20882,2018-03-01
N16,9077,8386,17463,17759,11680,29439,2018-03-01
N17,11744,11742,23486,18527,11151,29678,2018-03-01
N18,4516,5226,9742,9578,6448,16026,2018-03-01
N19,4323,4883,9206,10022,7659,17681,2018-03-01
N20,1270,1416,2686,7891,7275,15166,2018-03-01
N21,1253,1431,2684,9216,8365,17581,2018-03-01
N22,6250,6055,12305,14347,9392,23739,2018-03-01
N41,0,0,0,0,1,1,2018-03-01
NE1,802,589,1391,1775,737,2512,2018-03-01
NE2,1514,1392,2906,5517,4082,9599,2018-03-01
NE2,0,0,0,1,0,1,2018-03-01
NE3,2852,3610,6462,17840,15374,33214,2018-03-01
NE4,4785,4212,8997,9095,4753,13848,2018-03-01
NE5,2968,4157,7125,14428,10773,25201,2018-03-01
NE6,4285,4874,9159,11883,7948,19831,2018-03-01
NE7,794,991,1785,5256,4445,9701,2018-03-01
NE8,3105,3099,6204,8172,4694,12866,2018-03-01
NE9,2202,2828,5030,11320,8818,20138,2018-03-01
NE10,2266,3052,5318,10083,7211,17294,2018-03-01
NE11,925,1252,2177,5228,3941,9169,2018-03-01
NE12,1927,2609,4536,11424,9566,20990,2018-03-01
NE13,559,681,1240,5834,5344,11178,2018-03-01
NE15,2087,2844,4931,10257,7830,18087,2018-03-01
NE16,990,1454,2444,8921,7591,16512,2018-03-01
NE17,276,343,619,1498,1245,2743,2018-03-01
NE18,24,28,52,386,368,754,2018-03-01
NE19,39,76,115,876,842,1718,2018-03-01
NE20,306,345,651,5113,5019,10132,2018-03-01
NE21,920,1290,2210,5730,4488,10218,2018-03-01
NE22,818,1037,1855,6090,5255,11345,2018-03-01
NE23,1791,2678,4469,13561,11355,24916,2018-03-01
NE24,2035,2871,4906,12448,10015,22463,2018-03-01
NE25,1200,1599,2799,10986,10056,21042,2018-03-01
NE26,849,994,1843,7038,6518,13556,2018-03-01
NE27,627,899,1526,4476,3864,8340,2018-03-01
NE28,2998,4076,7074,13467,10225,23692,2018-03-01
NE29,2429,3047,5476,10281,8151,18432,2018-03-01
NE30,914,1067,1981,7907,7254,15161,2018-03-01
NE31,1307,1684,2991,6307,4951,11258,2018-03-01
NE32,1643,2163,3806,7434,5756,13190,2018-03-01
NE33,2256,2150,4406,7909,5560,13469,2018-03-01
NE34,3146,4126,7272,15755,12535,28290,2018-03-01
NE35,353,475,828,2089,1672,3761,2018-03-01
NE36,255,309,564,2507,2326,4833,2018-03-01
NE37,1378,1916,3294,6029,4632,10661,2018-03-01
NE38,1821,2453,4274,11109,9170,20279,2018-03-01
NE39,344,493,837,3086,2677,5763,2018-03-01
NE40,683,961,1644,5345,4569,9914,2018-03-01
NE41,68,61,129,858,812,1670,2018-03-01
NE42,573,828,1401,4281,3848,8129,2018-03-01
NE43,113,141,254,1828,1761,3589,2018-03-01
NE44,21,28,49,439,445,884,2018-03-01
NE45,108,143,251,1458,1419,2877,2018-03-01
NE46,556,743,1299,5682,5275,10957,2018-03-01
NE47,225,307,532,3130,2947,6077,2018-03-01
NE48,103,150,253,1800,1559,3359,2018-03-01
NE49,153,249,402,1609,1280,2889,2018-03-01
NE61,1156,1607,2763,12212,11114,23326,2018-03-01
NE62,402,563,965,3278,2718,5996,2018-03-01
NE63,1617,2228,3845,8710,6763,15473,2018-03-01
NE64,368,513,881,1868,1447,3315,2018-03-01
NE65,639,884,1523,7758,7031,14789,2018-03-01
NE66,536,794,1330,6618,5981,12599,2018-03-01
NE67,21,22,43,370,364,734,2018-03-01
NE68,52,56,108,743,656,1399,2018-03-01
NE69,7,9,16,146,150,296,2018-03-01
NE70,51,83,134,694,664,1358,2018-03-01
NE71,83,121,204,1171,1063,2234,2018-03-01
NE99,5,0,5,7,0,7,2018-03-01
NG1,1011,832,1843,2183,1168,3351,2018-03-01
NG1,0,0,0,0,1,1,2018-03-01
NG2,3727,4246,7973,18258,15071,33329,2018-03-01
NG3,3702,4718,8420,14582,11143,25725,2018-03-01
NG4,2055,2758,4813,13939,11815,25754,2018-03-01
NG5,5539,7556,13095,27836,23044,50880,2018-03-01
NG6,2855,3958,6813,10550,7964,18514,2018-03-01
NG7,5528,5024,10552,10261,5482,15743,2018-03-01
NG8,4605,6418,11023,18499,14280,32779,2018-03-01
NG9,3951,4587,8538,25110,21239,46349,2018-03-01
NG10,2412,2963,5375,16784,14231,31015,2018-03-01
NG11,2156,2943,5099,12327,9966,22293,2018-03-01
NG12,1151,1536,2687,12852,12113,24965,2018-03-01
NG13,658,803,1461,8463,8020,16483,2018-03-01
NG14,596,702,1298,7484,6955,14439,2018-03-01
NG15,1784,2522,4306,15360,13204,28564,2018-03-01
NG16,2594,3491,6085,23641,20075,43716,2018-03-01
NG17,3492,4518,8010,24912,20604,45516,2018-03-01
NG18,2340,2676,5016,14215,11894,26109,2018-03-01
NG19,2436,3148,5584,18439,15284,33723,2018-03-01
NG20,1501,2010,3511,8771,6774,15545,2018-03-01
NG21,931,1204,2135,8342,7239,15581,2018-03-01
NG22,1104,1373,2477,10386,9169,19555,2018-03-01
NG23,410,477,887,7588,7301,14889,2018-03-01
NG24,2292,2874,5166,16320,13573,29893,2018-03-01
NG25,287,357,644,3340,3317,6657,2018-03-01
NG31,2346,2983,5329,15957,13196,29153,2018-03-01
NG32,375,403,778,5625,5294,10919,2018-03-01
NG33,279,340,619,4143,3820,7963,2018-03-01
NG34,1538,1761,3299,15749,14366,30115,2018-03-01
NG54,0,1,1,0,0,0,2018-03-01
NG66,0,1,1,0,0,0,2018-03-01
NN1,3326,3057,6383,10253,6499,16752,2018-03-01
NN2,2578,2899,5477,13394,10509,23903,2018-03-01
NN3,4774,6028,10802,26909,22137,49046,2018-03-01
NN4,2174,2776,4950,18206,16197,34403,2018-03-01
NN5,2245,2800,5045,14889,12009,26898,2018-03-01
NN6,990,1080,2070,14565,14001,28566,2018-03-01
NN7,824,991,1815,12070,11376,23446,2018-03-01
NN8,3294,4029,7323,17704,14045,31749,2018-03-01
NN9,964,1242,2206,10769,9543,20312,2018-03-01
NN10,1577,2008,3585,14998,13197,28195,2018-03-01
NN11,1752,2288,4040,14994,12887,27881,2018-03-01
NN12,759,865,1624,10078,9389,19467,2018-03-01
NN13,645,752,1397,7975,7473,15448,2018-03-01
NN14,1360,1673,3033,17777,16341,34118,2018-03-01
NN15,1433,1772,3205,14099,12888,26987,2018-03-01
NN16,2076,2465,4541,10254,7714,17968,2018-03-01
NN17,1895,2323,4218,10034,7885,17919,2018-03-01
NN18,2579,3326,5905,11962,9416,21378,2018-03-01
NN28,1,0,1,0,0,0,2018-03-01
NN29,346,420,766,4593,4262,8855,2018-03-01
NO3,0,1,1,1,0,1,2018-03-01
NP0,0,0,0,0,1,1,2018-03-01
NP1,93,101,194,265,194,459,2018-03-01
NP1,0,0,0,0,1,1,2018-03-01
NP1,0,0,0,0,1,1,2018-03-01
NP2,34,35,69,155,81,236,2018-03-01
NP2,0,0,0,1,0,1,2018-03-01
NP3,38,42,80,140,79,219,2018-03-01
NP4,1814,2489,4303,15964,13796,29760,2018-03-01
NP5,14,13,27,57,54,111,2018-03-01
NP6,35,41,76,188,103,291,2018-03-01
NP7,850,1142,1992,10167,9411,19578,2018-03-01
NP8,139,202,341,2183,2099,4282,2018-03-01
NP9,79,48,127,208,89,297,2018-03-01
NP10,890,1099,1989,9000,8382,17382,2018-03-01
NP11,1706,2289,3995,12699,10512,23211,2018-03-01
NP12,1386,1947,3333,11462,9873,21335,2018-03-01
NP13,957,1430,2387,6506,4880,11386,2018-03-01
NP15,136,166,302,3244,3135,6379,2018-03-01
NP16,891,1030,1921,9050,8461,17511,2018-03-01
NP18,564,733,1297,6688,6141,12829,2018-03-01
NP19,3727,4450,8177,16769,13021,29790,2018-03-01
NP20,3368,4206,7574,16383,12823,29206,2018-03-01
NP21,0,0,0,1,0,1,2018-03-01
NP22,1126,1573,2699,7055,5545,12600,2018-03-01
NP23,1592,2199,3791,10887,8646,19533,2018-03-01
NP24,295,418,713,1458,1038,2496,2018-03-01
NP25,514,586,1100,6048,5621,11669,2018-03-01
NP26,786,983,1769,8919,8094,17013,2018-03-01
NP34,0,0,0,0,1,1,2018-03-01
NP41,0,0,0,1,0,1,2018-03-01
NP42,1,0,1,0,0,0,2018-03-01
NP44,2412,3074,5486,16175,13836,30011,2018-03-01
NR0,0,0,0,1,1,2,2018-03-01
NR1,1850,1854,3704,8549,6585,15134,2018-03-01
NR2,1642,1862,3504,7869,6698,14567,2018-03-01
NR3,2509,2808,5317,10479,7830,18309,2018-03-01
NR4,1137,1373,2510,7256,6633,13889,2018-03-01
NR5,1887,2242,4129,8961,7339,16300,2018-03-01
NR6,913,1057,1970,9287,8241,17528,2018-03-01
NR7,1209,1413,2622,12131,10962,23093,2018-03-01
NR8,601,763,1364,8338,7959,16297,2018-03-01
NR9,453,544,997,7149,6839,13988,2018-03-01
NR10,643,773,1416,9213,8669,17882,2018-03-01
NR11,537,637,1174,7252,6849,14101,2018-03-01
NR12,633,714,1347,8485,7905,16390,2018-03-01
NR13,694,840,1534,10868,10403,21271,2018-03-01
NR14,696,719,1415,9997,9589,19586,2018-03-01
NR15,401,518,919,6291,6090,12381,2018-03-01
NR16,315,420,735,5118,4901,10019,2018-03-01
NR17,535,601,1136,6443,5853,12296,2018-03-01
NR18,615,756,1371,6885,6513,13398,2018-03-01
NR19,773,971,1744,7401,6544,13945,2018-03-01
NR20,510,690,1200,7729,7194,14923,2018-03-01
NR21,507,633,1140,6254,5708,11962,2018-03-01
NR22,37,50,87,326,301,627,2018-03-01
NR23,117,145,262,1148,1013,2161,2018-03-01
NR24,117,148,265,1747,1644,3391,2018-03-01
NR25,287,330,617,3271,3079,6350,2018-03-01
NR26,301,381,682,2983,2752,5735,2018-03-01
NR27,488,549,1037,4169,3793,7962,2018-03-01
NR28,627,753,1380,6409,5817,12226,2018-03-01
NR29,644,790,1434,8308,7485,15793,2018-03-01
NR30,2289,2413,4702,9289,6719,16008,2018-03-01
NR31,2565,3077,5642,17231,14382,31613,2018-03-01
NR32,2047,2246,4293,13525,11539,25064,2018-03-01
NR33,1718,2018,3736,14218,12448,26666,2018-03-01
NR34,695,877,1572,8680,7905,16585,2018-03-01
NR35,369,433,802,4349,3939,8288,2018-03-01
NW0,3,1,4,3,1,4,2018-03-01
NW1,7229,7765,14994,16378,10785,27163,2018-03-01
NW1,0,1,1,0,0,0,2018-03-01
NW2,11164,9952,21116,25613,16502,42115,2018-03-01
NW3,4737,5628,10365,19837,16624,36461,2018-03-01
NW4,3620,3707,7327,13335,10140,23475,2018-03-01
NW5,3429,3893,7322,8355,6578,14933,2018-03-01
NW5,0,1,1,0,0,0,2018-03-01
NW6,8521,8564,17085,22114,16730,38844,2018-03-01
NW7,1932,2374,4306,10622,9351,19973,2018-03-01
NW8,3993,4764,8757,12522,9502,22024,2018-03-01
NW9,9033,9105,18138,26436,17336,43772,2018-03-01
NW10,17056,15667,32723,30574,19530,50104,2018-03-01
NW11,3599,3440,7039,14068,12072,26140,2018-03-01
NW12,3,1,4,2,2,4,2018-03-01
NW13,0,1,1,3,1,4,2018-03-01
NW14,1,0,1,1,1,2,2018-03-01
NW15,0,0,0,2,0,2,2018-03-01
NW16,5,1,6,3,0,3,2018-03-01
NW17,0,0,0,2,1,3,2018-03-01
NW18,1,0,1,1,1,2,2018-03-01
NW19,0,1,1,1,1,2,2018-03-01
NW20,0,1,1,1,0,1,2018-03-01
NW21,1,0,1,0,0,0,2018-03-01
NW22,1,0,1,2,0,2,2018-03-01
NW24,1,0,1,0,0,0,2018-03-01
NW25,0,0,0,0,2,2,2018-03-01
NW26,1,2,3,0,0,0,2018-03-01
NW28,0,0,0,0,1,1,2018-03-01
NW44,2,0,2,0,0,0,2018-03-01
NW51,1,0,1,0,0,0,2018-03-01
NW61,0,0,0,0,1,1,2018-03-01
NW70,1,0,1,0,0,0,2018-03-01
NW77,0,1,1,0,0,0,2018-03-01
NW96,0,0,0,1,0,1,2018-03-01
NW99,2,0,2,1,0,1,2018-03-01
OL0,1,0,1,0,0,0,2018-03-01
OL1,1965,2271,4236,5901,4190,10091,2018-03-01
OL1,1,0,1,0,0,0,2018-03-01
OL2,1979,2501,4480,14707,12711,27418,2018-03-01
OL3,526,550,1076,6066,5841,11907,2018-03-01
OL4,2893,3474,6367,14308,11109,25417,2018-03-01
OL5,535,712,1247,3979,3428,7407,2018-03-01
OL6,2137,2533,4670,9182,6830,16012,2018-03-01
OL7,1121,1522,2643,5351,3930,9281,2018-03-01
OL8,3393,4151,7544,11124,7257,18381,2018-03-01
OL9,2943,3580,6523,12692,9331,22023,2018-03-01
OL10,1834,2263,4097,9235,7592,16827,2018-03-01
OL11,3018,3688,6706,14599,11557,26156,2018-03-01
OL12,2585,3321,5906,15432,12815,28247,2018-03-01
OL13,794,1046,1840,5577,4736,10313,2018-03-01
OL14,811,1094,1905,5294,4642,9936,2018-03-01
OL15,595,730,1325,5528,4941,10469,2018-03-01
OL16,2502,3001,5503,12002,9426,21428,2018-03-01
OX0,1,1,2,0,0,0,2018-03-01
OX1,1698,1398,3096,6164,4909,11073,2018-03-01
OX2,2898,3174,6072,13353,12235,25588,2018-03-01
OX3,3293,4027,7320,13439,11111,24550,2018-03-01
OX4,5810,6118,11928,17913,13372,31285,2018-03-01
OX5,1423,1484,2907,9248,8179,17427,2018-03-01
OX6,33,28,61,89,73,162,2018-03-01
OX7,835,1067,1902,9460,9029,18489,2018-03-01
OX8,48,48,96,195,160,355,2018-03-01
OX9,550,657,1207,5847,5542,11389,2018-03-01
OX10,1104,1281,2385,10250,9501,19751,2018-03-01
OX11,1564,2020,3584,14321,12667,26988,2018-03-01
OX12,1072,1312,2384,10383,9421,19804,2018-03-01
OX13,484,633,1117,5599,5216,10815,2018-03-01
OX14,2043,2519,4562,16799,14900,31699,2018-03-01
OX15,589,657,1246,8167,7944,16111,2018-03-01
OX16,2811,3606,6417,16298,12866,29164,2018-03-01
OX17,465,558,1023,7452,7143,14595,2018-03-01
OX18,911,1216,2127,9692,8827,18519,2018-03-01
OX20,195,223,418,1922,1915,3837,2018-03-01
OX23,0,0,0,1,0,1,2018-03-01
OX25,336,483,819,3975,3735,7710,2018-03-01
OX26,1692,2147,3839,12427,10809,23236,2018-03-01
OX27,220,300,520,2852,2791,5643,2018-03-01
OX28,1318,1539,2857,9894,8978,18872,2018-03-01
OX29,808,896,1704,9549,9049,18598,2018-03-01
OX33,284,281,565,3094,2958,6052,2018-03-01
OX39,167,211,378,3072,2934,6006,2018-03-01
OX44,262,343,605,3386,3189,6575,2018-03-01
OX49,122,156,278,1697,1738,3435,2018-03-01
PA0,0,0,0,1,0,1,2018-03-01
PA1,1461,1650,3111,6928,5476,12404,2018-03-01
PA2,2254,2943,5197,13211,11350,24561,2018-03-01
PA3,1925,2385,4310,6845,5151,11996,2018-03-01
PA4,1327,1794,3121,8248,7041,15289,2018-03-01
PA5,1374,1815,3189,6902,5564,12466,2018-03-01
PA6,157,225,382,2682,2646,5328,2018-03-01
PA7,192,262,454,2769,2604,5373,2018-03-01
PA8,748,984,1732,5354,4806,10160,2018-03-01
PA9,56,82,138,719,654,1373,2018-03-01
PA10,141,211,352,1446,1403,2849,2018-03-01
PA11,225,279,504,2233,2113,4346,2018-03-01
PA12,144,183,327,1273,1231,2504,2018-03-01
PA13,149,161,310,1811,1839,3650,2018-03-01
PA14,1254,1587,2841,4889,3931,8820,2018-03-01
PA15,1392,1597,2989,4525,3476,8001,2018-03-01
PA16,1944,2258,4202,8997,7930,16927,2018-03-01
PA17,76,84,160,927,832,1759,2018-03-01
PA18,67,114,181,1036,987,2023,2018-03-01
PA19,532,663,1195,4127,3669,7796,2018-03-01
PA20,331,442,773,2097,1730,3827,2018-03-01
PA21,44,33,77,339,291,630,2018-03-01
PA22,14,6,20,132,136,268,2018-03-01
PA23,758,946,1704,4326,3946,8272,2018-03-01
PA24,24,22,46,207,164,371,2018-03-01
PA25,0,5,5,22,23,45,2018-03-01
PA26,10,6,16,59,45,104,2018-03-01
PA27,14,41,55,294,283,577,2018-03-01
PA28,398,476,874,2587,2192,4779,2018-03-01
PA29,102,100,202,880,776,1656,2018-03-01
PA30,67,79,146,511,500,1011,2018-03-01
PA31,214,264,478,1997,1785,3782,2018-03-01
PA32,43,59,102,484,427,911,2018-03-01
PA33,35,30,65,309,253,562,2018-03-01
PA34,613,718,1331,3818,3314,7132,2018-03-01
PA35,43,83,126,550,525,1075,2018-03-01
PA36,1,1,2,19,14,33,2018-03-01
PA37,129,151,280,1159,1100,2259,2018-03-01
PA38,32,35,67,376,352,728,2018-03-01
PA39,3,0,3,3,7,10,2018-03-01
PA40,1,2,3,6,3,9,2018-03-01
PA41,13,15,28,57,52,109,2018-03-01
PA42,54,77,131,407,339,746,2018-03-01
PA43,51,62,113,296,251,547,2018-03-01
PA44,8,12,20,112,106,218,2018-03-01
PA45,12,9,21,58,46,104,2018-03-01
PA46,6,8,14,74,71,145,2018-03-01
PA47,4,7,11,67,58,125,2018-03-01
PA48,19,15,34,115,124,239,2018-03-01
PA49,5,11,16,72,77,149,2018-03-01
PA60,9,19,28,92,71,163,2018-03-01
PA61,7,15,22,60,52,112,2018-03-01
PA62,2,2,4,10,9,19,2018-03-01
PA63,1,0,1,3,4,7,2018-03-01
PA64,0,3,3,34,36,70,2018-03-01
PA65,12,11,23,88,81,169,2018-03-01
PA66,2,13,15,73,73,146,2018-03-01
PA67,14,13,27,100,100,200,2018-03-01
PA68,0,0,0,6,4,10,2018-03-01
PA69,1,1,2,10,6,16,2018-03-01
PA70,4,2,6,28,27,55,2018-03-01
PA71,1,1,2,24,17,41,2018-03-01
PA72,17,17,34,182,173,355,2018-03-01
PA73,3,2,5,27,24,51,2018-03-01
PA74,1,2,3,19,17,36,2018-03-01
PA75,70,86,156,588,542,1130,2018-03-01
PA76,5,7,12,59,60,119,2018-03-01
PA77,19,39,58,250,254,504,2018-03-01
PA78,11,13,24,76,68,144,2018-03-01
PA80,17,14,31,110,83,193,2018-03-01
PA81,4,6,10,21,10,31,2018-03-01
PA82,6,5,11,14,16,30,2018-03-01
PA83,0,0,0,2,1,3,2018-03-01
PA84,0,1,1,1,0,1,2018-03-01
PA85,3,4,7,3,5,8,2018-03-01
PA86,22,37,59,94,83,177,2018-03-01
PA87,28,39,67,53,44,97,2018-03-01
PA88,4,2,6,8,4,12,2018-03-01
PE1,4715,4864,9579,15488,9744,25232,2018-03-01
PE2,2820,3632,6452,17017,13951,30968,2018-03-01
PE3,2270,2912,5182,10151,7474,17625,2018-03-01
PE4,1471,1944,3415,10155,8772,18927,2018-03-01
PE5,41,37,78,645,612,1257,2018-03-01
PE6,1127,1521,2648,15001,14110,29111,2018-03-01
PE7,1612,2164,3776,16920,15060,31980,2018-03-01
PE8,587,724,1311,7096,6644,13740,2018-03-01
PE9,1197,1516,2713,12322,11635,23957,2018-03-01
PE10,754,989,1743,9157,8445,17602,2018-03-01
PE11,1799,2166,3965,16575,13714,30289,2018-03-01
PE12,1266,1607,2873,16017,14071,30088,2018-03-01
PE13,1895,2048,3943,12787,10553,23340,2018-03-01
PE14,690,821,1511,8863,8129,16992,2018-03-01
PE15,1119,1430,2549,11122,9874,20996,2018-03-01
PE16,366,486,852,4267,3620,7887,2018-03-01
PE17,63,48,111,174,126,300,2018-03-01
PE18,51,82,133,125,105,230,2018-03-01
PE19,1757,2194,3951,17348,15689,33037,2018-03-01
PE20,479,592,1071,5680,5079,10759,2018-03-01
PE21,2470,2613,5083,14251,11308,25559,2018-03-01
PE22,509,596,1105,6928,6195,13123,2018-03-01
PE23,300,345,645,3453,3170,6623,2018-03-01
PE24,481,567,1048,4792,3974,8766,2018-03-01
PE25,1300,1444,2744,7299,5758,13057,2018-03-01
PE26,409,522,931,4619,4142,8761,2018-03-01
PE27,858,1103,1961,7826,6829,14655,2018-03-01
PE28,1446,1777,3223,18941,17919,36860,2018-03-01
PE29,1690,2173,3863,10120,8544,18664,2018-03-01
PE30,2629,3027,5656,14503,12228,26731,2018-03-01
PE31,508,600,1108,7910,7377,15287,2018-03-01
PE32,428,505,933,6358,6013,12371,2018-03-01
PE33,419,572,991,6228,5682,11910,2018-03-01
PE34,440,578,1018,5665,5108,10773,2018-03-01
PE35,3,2,5,40,33,73,2018-03-01
PE36,241,281,522,2317,2162,4479,2018-03-01
PE37,351,503,854,4123,3696,7819,2018-03-01
PE38,475,569,1044,5832,5136,10968,2018-03-01
PE99,0,0,0,1,0,1,2018-03-01
PH1,2460,3129,5589,14418,12218,26636,2018-03-01
PH2,1511,1771,3282,12759,11720,24479,2018-03-01
PH3,249,275,524,2527,2400,4927,2018-03-01
PH4,26,51,77,349,342,691,2018-03-01
PH5,18,57,75,338,307,645,2018-03-01
PH6,85,104,189,990,977,1967,2018-03-01
PH7,379,474,853,3385,3079,6464,2018-03-01
PH8,91,103,194,819,757,1576,2018-03-01
PH9,21,42,63,362,347,709,2018-03-01
PH10,468,514,982,4179,3781,7960,2018-03-01
PH11,128,169,297,1373,1181,2554,2018-03-01
PH12,56,67,123,816,706,1522,2018-03-01
PH13,173,207,380,1598,1387,2985,2018-03-01
PH14,39,84,123,859,819,1678,2018-03-01
PH15,166,208,374,1382,1215,2597,2018-03-01
PH16,171,205,376,1527,1417,2944,2018-03-01
PH17,8,8,16,81,58,139,2018-03-01
PH18,27,43,70,313,263,576,2018-03-01
PH19,1,4,5,44,32,76,2018-03-01
PH20,63,83,146,613,548,1161,2018-03-01
PH21,92,109,201,828,779,1607,2018-03-01
PH22,198,241,439,1253,1096,2349,2018-03-01
PH23,27,32,59,329,323,652,2018-03-01
PH24,23,24,47,301,275,576,2018-03-01
PH25,33,36,69,368,346,714,2018-03-01
PH26,155,169,324,1452,1301,2753,2018-03-01
PH30,0,0,0,3,1,4,2018-03-01
PH31,17,26,43,239,227,466,2018-03-01
PH32,36,44,80,287,245,532,2018-03-01
PH33,695,917,1612,4190,3507,7697,2018-03-01
PH34,31,45,76,446,408,854,2018-03-01
PH35,17,20,37,138,107,245,2018-03-01
PH36,35,68,103,513,465,978,2018-03-01
PH37,6,11,17,66,54,120,2018-03-01
PH38,11,13,24,89,80,169,2018-03-01
PH39,27,17,44,158,161,319,2018-03-01
PH40,22,16,38,125,107,232,2018-03-01
PH41,72,61,133,352,323,675,2018-03-01
PH42,2,7,9,41,29,70,2018-03-01
PH43,2,2,4,10,9,19,2018-03-01
PH44,3,1,4,5,4,9,2018-03-01
PH49,43,59,102,429,373,802,2018-03-01
PH50,45,78,123,308,238,546,2018-03-01
PL0,0,1,1,0,0,0,2018-03-01
PL1,2167,2160,4327,7116,4670,11786,2018-03-01
PL2,2231,2711,4942,9998,8184,18182,2018-03-01
PL3,1674,2059,3733,10796,9336,20132,2018-03-01
PL4,2752,2558,5310,8461,5779,14240,2018-03-01
PL5,2745,3707,6452,13486,11068,24554,2018-03-01
PL6,1883,2472,4355,15193,13497,28690,2018-03-01
PL7,1088,1421,2509,11661,10950,22611,2018-03-01
PL8,173,159,332,2499,2468,4967,2018-03-01
PL9,958,1259,2217,11153,10363,21516,2018-03-01
PL10,150,207,357,1340,1209,2549,2018-03-01
PL11,528,710,1238,3927,3443,7370,2018-03-01
PL12,809,1037,1846,8502,7842,16344,2018-03-01
PL13,364,463,827,3888,3416,7304,2018-03-01
PL14,853,1138,1991,9019,8371,17390,2018-03-01
PL15,591,767,1358,8010,7402,15412,2018-03-01
PL16,44,61,105,832,791,1623,2018-03-01
PL17,351,362,713,4081,3706,7787,2018-03-01
PL18,176,250,426,2034,1957,3991,2018-03-01
PL19,574,655,1229,6322,6074,12396,2018-03-01
PL20,394,515,909,4704,4594,9298,2018-03-01
PL21,601,716,1317,6987,6826,13813,2018-03-01
PL22,120,143,263,1429,1379,2808,2018-03-01
PL23,116,144,260,1236,1215,2451,2018-03-01
PL24,441,550,991,3834,3544,7378,2018-03-01
PL25,1158,1301,2459,9303,8484,17787,2018-03-01
PL26,1142,1263,2405,10579,9448,20027,2018-03-01
PL27,380,501,881,4690,4520,9210,2018-03-01
PL28,189,198,387,1591,1533,3124,2018-03-01
PL29,33,24,57,376,355,731,2018-03-01
PL30,230,295,525,4422,4183,8605,2018-03-01
PL31,720,870,1590,5311,4561,9872,2018-03-01
PL32,138,185,323,1645,1553,3198,2018-03-01
PL33,70,70,140,757,710,1467,2018-03-01
PL34,63,82,145,693,654,1347,2018-03-01
PL35,33,41,74,394,391,785,2018-03-01
PO1,2637,2952,5589,6944,4511,11455,2018-03-01
PO2,3234,4097,7331,13185,9983,23168,2018-03-01
PO3,1194,1421,2615,7098,6007,13105,2018-03-01
PO4,2778,3158,5936,12954,10351,23305,2018-03-01
PO5,2489,2483,4972,7764,5316,13080,2018-03-01
PO6,2573,3173,5746,14233,12173,26406,2018-03-01
PO7,1673,2062,3735,16207,14890,31097,2018-03-01
PO8,1296,1559,2855,13916,13025,26941,2018-03-01
PO9,3102,4053,7155,16332,14061,30393,2018-03-01
PO10,625,757,1382,7334,6904,14238,2018-03-01
PO11,659,733,1392,7308,6696,14004,2018-03-01
PO12,2687,3188,5875,16374,14023,30397,2018-03-01
PO13,1950,2525,4475,12229,10989,23218,2018-03-01
PO14,1172,1348,2520,13028,12220,25248,2018-03-01
PO15,866,930,1796,8668,8018,16686,2018-03-01
PO16,1253,1379,2632,12330,11228,23558,2018-03-01
PO17,232,209,441,2763,2550,5313,2018-03-01
PO18,465,526,991,5777,5626,11403,2018-03-01
PO19,1634,1891,3525,10436,10013,20449,2018-03-01
PO20,1188,1370,2558,13335,12663,25998,2018-03-01
PO21,2023,2147,4170,14502,12864,27366,2018-03-01
PO22,1146,1347,2493,11727,10918,22645,2018-03-01
PO30,1462,1700,3162,10193,9387,19580,2018-03-01
PO31,656,749,1405,5364,5055,10419,2018-03-01
PO32,398,474,872,3025,2802,5827,2018-03-01
PO33,1632,1952,3584,10747,9662,20409,2018-03-01
PO34,64,67,131,898,913,1811,2018-03-01
PO35,153,131,284,1453,1421,2874,2018-03-01
PO36,830,938,1768,5969,5409,11378,2018-03-01
PO37,468,511,979,3382,2967,6349,2018-03-01
PO38,560,665,1225,4997,4500,9497,2018-03-01
PO39,88,134,222,989,920,1909,2018-03-01
PO40,230,269,499,2150,2052,4202,2018-03-01
PO41,66,71,137,960,956,1916,2018-03-01
PR0,0,0,0,1,0,1,2018-03-01
PR1,4983,5638,10621,20504,15030,35534,2018-03-01
PR2,4101,5078,9179,26764,22719,49483,2018-03-01
PR3,926,1169,2095,15761,14867,30628,2018-03-01
PR4,1824,2320,4144,24119,22379,46498,2018-03-01
PR5,1625,2127,3752,15046,13309,28355,2018-03-01
PR6,1349,1601,2950,13422,12161,25583,2018-03-01
PR7,2011,2591,4602,22540,20464,43004,2018-03-01
PR8,2584,2986,5570,19458,17738,37196,2018-03-01
PR9,1890,2206,4096,15648,13665,29313,2018-03-01
PR23,0,0,0,1,0,1,2018-03-01
PR25,1354,1774,3128,11265,10157,21422,2018-03-01
PR26,484,505,989,5205,4810,10015,2018-03-01
QF62,0,0,0,1,0,1,2018-03-01
QN21,0,0,0,1,0,1,2018-03-01
RG1,5231,5099,10330,14616,8804,23420,2018-03-01
RG2,3195,3803,6998,13548,10189,23737,2018-03-01
RG3,29,27,56,106,54,160,2018-03-01
RG4,1741,2142,3883,15452,14187,29639,2018-03-01
RG5,1084,1261,2345,10299,9464,19763,2018-03-01
RG6,2021,2238,4259,14521,12461,26982,2018-03-01
RG7,1129,1393,2522,13464,12710,26174,2018-03-01
RG8,765,696,1461,7908,7608,15516,2018-03-01
RG9,1017,994,2011,9480,9322,18802,2018-03-01
RG10,629,642,1271,7640,7321,14961,2018-03-01
RG11,33,28,61,103,71,174,2018-03-01
RG12,2975,3717,6692,21299,18337,39636,2018-03-01
RG13,29,44,73,94,77,171,2018-03-01
RG14,1919,2292,4211,14850,12642,27492,2018-03-01
RG15,19,25,44,73,62,135,2018-03-01
RG16,19,22,41,106,78,184,2018-03-01
RG17,599,635,1234,6028,5723,11751,2018-03-01
RG18,717,854,1571,7334,6763,14097,2018-03-01
RG19,696,789,1485,6559,6052,12611,2018-03-01
RG20,604,701,1305,8183,7904,16087,2018-03-01
RG21,2002,2330,4332,9779,7567,17346,2018-03-01
RG22,2033,2650,4683,15569,13575,29144,2018-03-01
RG23,525,659,1184,4926,4390,9316,2018-03-01
RG24,1544,2081,3625,12657,11192,23849,2018-03-01
RG25,275,316,591,3547,3307,6854,2018-03-01
RG26,800,958,1758,9041,8343,17384,2018-03-01
RG27,611,649,1260,9182,9149,18331,2018-03-01
RG28,223,269,492,2223,2029,4252,2018-03-01
RG29,183,272,455,2601,2553,5154,2018-03-01
RG30,3724,4463,8187,15923,12247,28170,2018-03-01
RG31,1157,1459,2616,11056,10074,21130,2018-03-01
RG33,0,0,0,0,1,1,2018-03-01
RG34,0,0,0,0,1,1,2018-03-01
RG40,1010,1106,2116,11836,11351,23187,2018-03-01
RG41,1057,1188,2245,11699,11356,23055,2018-03-01
RG42,1087,1152,2239,10636,10133,20769,2018-03-01
RG45,456,480,936,5574,5447,11021,2018-03-01
RH1,2405,2920,5325,18010,16129,34139,2018-03-01
RH2,992,1190,2182,10061,9684,19745,2018-03-01
RH3,129,112,241,1819,1794,3613,2018-03-01
RH4,689,799,1488,6029,5703,11732,2018-03-01
RH5,632,677,1309,6971,6580,13551,2018-03-01
RH6,1359,1521,2880,12721,11577,24298,2018-03-01
RH7,496,378,874,3837,3321,7158,2018-03-01
RH8,582,675,1257,6023,5978,12001,2018-03-01
RH9,180,233,413,2197,2175,4372,2018-03-01
RH10,3713,4000,7713,26255,22319,48574,2018-03-01
RH11,4455,5315,9770,19778,15356,35134,2018-03-01
RH12,1812,2087,3899,18605,17688,36293,2018-03-01
RH13,1313,1571,2884,15284,14439,29723,2018-03-01
RH14,478,563,1041,6373,6042,12415,2018-03-01
RH15,1378,1534,2912,11972,11351,23323,2018-03-01
RH16,1574,1849,3423,13497,12622,26119,2018-03-01
RH17,624,716,1340,7768,7641,15409,2018-03-01
RH18,287,308,595,1918,1955,3873,2018-03-01
RH19,1424,1617,3041,13952,12966,26918,2018-03-01
RH20,677,743,1420,10785,10656,21441,2018-03-01
RM1,1374,1613,2987,7611,6239,13850,2018-03-01
RM2,589,697,1286,5115,4605,9720,2018-03-01
RM3,2850,3872,6722,14678,11983,26661,2018-03-01
RM4,132,144,276,1981,1854,3835,2018-03-01
RM5,1185,1492,2677,6953,6044,12997,2018-03-01
RM6,2918,3648,6566,11457,8641,20098,2018-03-01
RM7,2106,2691,4797,10224,8372,18596,2018-03-01
RM8,4545,5445,9990,13376,9311,22687,2018-03-01
RM9,3695,4693,8388,11001,7384,18385,2018-03-01
RM10,4027,5030,9057,11610,7854,19464,2018-03-01
RM11,1347,1593,2940,12426,11495,23921,2018-03-01
RM12,1785,2120,3905,12859,11054,23913,2018-03-01
RM13,1949,2337,4286,10725,8900,19625,2018-03-01
RM14,1018,1079,2097,10634,9928,20562,2018-03-01
RM15,1748,2225,3973,10529,8591,19120,2018-03-01
RM16,1926,2507,4433,15444,13501,28945,2018-03-01
RM17,1864,2481,4345,10043,7354,17397,2018-03-01
RM18,1374,1840,3214,5616,4405,10021,2018-03-01
RM19,508,676,1184,2560,1851,4411,2018-03-01
RM20,460,606,1066,2349,1506,3855,2018-03-01
S1,565,398,963,1038,449,1487,2018-03-01
S2,3735,4395,8130,10006,6483,16489,2018-03-01
S3,1884,1513,3397,3241,1430,4671,2018-03-01
S4,1416,1385,2801,3177,1706,4883,2018-03-01
S5,4524,6100,10624,16115,11265,27380,2018-03-01
S6,3155,3784,6939,18879,15690,34569,2018-03-01
S6,0,0,0,0,1,1,2018-03-01
S7,1255,1175,2430,5908,4928,10836,2018-03-01
S7,0,0,0,1,0,1,2018-03-01
S8,2570,3076,5646,14794,12374,27168,2018-03-01
S8,0,0,0,1,0,1,2018-03-01
S9,2148,2558,4706,8218,5097,13315,2018-03-01
S10,2196,2178,4374,13066,11574,24640,2018-03-01
S11,1745,1799,3544,10742,9804,20546,2018-03-01
S12,1498,2280,3778,11995,9358,21353,2018-03-01
S13,1509,2078,3587,9815,7720,17535,2018-03-01
S14,791,1026,1817,2133,1377,3510,2018-03-01
S16,0,0,0,0,1,1,2018-03-01
S17,488,567,1055,6079,5947,12026,2018-03-01
S18,718,884,1602,9646,9002,18648,2018-03-01
S19,4,11,15,57,38,95,2018-03-01
S20,1136,1624,2760,10848,9191,20039,2018-03-01
S21,787,1087,1874,7525,6321,13846,2018-03-01
S22,0,1,1,0,0,0,2018-03-01
S24,0,0,0,0,1,1,2018-03-01
S25,799,1204,2003,7690,6649,14339,2018-03-01
S26,888,1285,2173,9573,8286,17859,2018-03-01
S29,0,0,0,1,0,1,2018-03-01
S30,32,30,62,159,144,303,2018-03-01
S31,23,29,52,98,39,137,2018-03-01
S32,146,178,324,2345,2324,4669,2018-03-01
S33,143,158,301,1975,1858,3833,2018-03-01
S35,1333,1853,3186,15251,13433,28684,2018-03-01
S36,953,1299,2252,10755,9453,20208,2018-03-01
S37,1,0,1,0,0,0,2018-03-01
S40,1729,2207,3936,12126,10138,22264,2018-03-01
S41,1795,2351,4146,12192,10170,22362,2018-03-01
S42,1040,1393,2433,10692,9243,19935,2018-03-01
S43,1862,2664,4526,14077,11429,25506,2018-03-01
S44,1017,1394,2411,7640,6255,13895,2018-03-01
S45,576,803,1379,4795,3971,8766,2018-03-01
S46,0,0,0,3,0,3,2018-03-01
S49,0,0,0,1,0,1,2018-03-01
S54,0,0,0,1,0,1,2018-03-01
S60,1779,2501,4280,13798,11155,24953,2018-03-01
S61,2001,2631,4632,11340,8851,20191,2018-03-01
S62,1097,1477,2574,6408,4889,11297,2018-03-01
S63,2422,3099,5521,13176,10377,23553,2018-03-01
S64,1810,2264,4074,10225,7932,18157,2018-03-01
S65,2478,2945,5423,9941,7001,16942,2018-03-01
S66,1997,2881,4878,16058,13473,29531,2018-03-01
S68,0,0,0,0,1,1,2018-03-01
S70,2525,2969,5494,12524,9116,21640,2018-03-01
S71,2552,3325,5877,15433,12122,27555,2018-03-01
S72,1352,1824,3176,8598,6723,15321,2018-03-01
S73,1514,1983,3497,9344,7375,16719,2018-03-01
S74,879,1248,2127,5948,4760,10708,2018-03-01
S75,1548,2058,3606,16407,14332,30739,2018-03-01
S80,1726,2060,3786,9919,7855,17774,2018-03-01
S81,1393,1869,3262,13921,12228,26149,2018-03-01
SA1,4296,4213,8509,13348,8800,22148,2018-03-01
SA2,1720,1819,3539,12656,11216,23872,2018-03-01
SA3,797,859,1656,10452,10164,20616,2018-03-01
SA4,1525,1924,3449,16491,15503,31994,2018-03-01
SA5,2098,2951,5049,11257,9083,20340,2018-03-01
SA6,1574,2252,3826,11337,9538,20875,2018-03-01
SA7,540,762,1302,5515,4963,10478,2018-03-01
SA8,472,606,1078,4707,4257,8964,2018-03-01
SA9,516,717,1233,5602,4964,10566,2018-03-01
SA10,1055,1484,2539,11204,9795,20999,2018-03-01
SA11,1724,2319,4043,11951,9744,21695,2018-03-01
SA12,1716,2255,3971,10639,9016,19655,2018-03-01
SA13,968,1247,2215,6622,5295,11917,2018-03-01
SA14,1183,1496,2679,12381,11166,23547,2018-03-01
SA15,1753,2115,3868,12253,10358,22611,2018-03-01
SA16,302,404,706,3112,2758,5870,2018-03-01
SA17,329,415,744,3513,3088,6601,2018-03-01
SA18,1184,1367,2551,10893,9725,20618,2018-03-01
SA19,265,343,608,3873,3626,7499,2018-03-01
SA20,116,138,254,1307,1133,2440,2018-03-01
SA31,737,955,1692,5560,5160,10720,2018-03-01
SA32,152,185,337,3129,3008,6137,2018-03-01
SA33,313,416,729,5113,4756,9869,2018-03-01
SA34,130,159,289,2075,1867,3942,2018-03-01
SA35,16,22,38,363,328,691,2018-03-01
SA36,12,8,20,139,139,278,2018-03-01
SA37,34,45,79,575,516,1091,2018-03-01
SA38,144,170,314,1773,1668,3441,2018-03-01
SA39,61,80,141,1023,916,1939,2018-03-01
SA40,126,117,243,1066,1003,2069,2018-03-01
SA41,53,55,108,846,774,1620,2018-03-01
SA42,62,68,130,834,786,1620,2018-03-01
SA43,472,551,1023,4822,4417,9239,2018-03-01
SA44,303,368,671,4513,4280,8793,2018-03-01
SA45,65,53,118,631,577,1208,2018-03-01
SA46,96,111,207,966,863,1829,2018-03-01
SA47,49,46,95,398,388,786,2018-03-01
SA48,361,343,704,3305,3027,6332,2018-03-01
SA61,764,999,1763,4667,4167,8834,2018-03-01
SA62,577,734,1311,8389,7800,16189,2018-03-01
SA63,32,30,62,501,483,984,2018-03-01
SA64,90,128,218,842,708,1550,2018-03-01
SA65,167,205,372,1575,1377,2952,2018-03-01
SA66,81,96,177,1274,1224,2498,2018-03-01
SA67,208,269,477,2783,2637,5420,2018-03-01
SA68,102,135,237,1588,1491,3079,2018-03-01
SA69,114,128,242,1468,1338,2806,2018-03-01
SA70,368,468,836,3392,3079,6471,2018-03-01
SA71,459,526,985,4010,3503,7513,2018-03-01
SA72,551,627,1178,3419,3093,6512,2018-03-01
SA73,888,1164,2052,7136,6195,13331,2018-03-01
SA99,1,1,2,0,0,0,2018-03-01
SE0,0,1,1,0,1,1,2018-03-01
SE1,8602,8655,17257,18695,11428,30123,2018-03-01
SE1,0,0,0,2,0,2,2018-03-01
SE2,3204,3893,7097,7891,5842,13733,2018-03-01
SE3,2748,3297,6045,11577,9677,21254,2018-03-01
SE4,3534,3845,7379,8403,6892,15295,2018-03-01
SE5,7492,8162,15654,12603,8476,21079,2018-03-01
SE6,6399,7199,13598,15609,12531,28140,2018-03-01
SE6,1,0,1,0,0,0,2018-03-01
SE7,2623,3093,5716,6397,4578,10975,2018-03-01
SE8,4466,4752,9218,7903,5218,13121,2018-03-01
SE9,4779,5787,10566,21104,17702,38806,2018-03-01
SE10,2497,3011,5508,8958,7019,15977,2018-03-01
SE11,3196,3336,6532,6473,3990,10463,2018-03-01
SE12,2428,2834,5262,8783,7324,16107,2018-03-01
SE13,5346,5586,10932,12456,9611,22067,2018-03-01
SE14,3918,3979,7897,6753,4558,11311,2018-03-01
SE15,11144,11380,22524,16643,11721,28364,2018-03-01
SE16,5525,6245,11770,14153,9631,23784,2018-03-01
SE17,6005,6192,12197,8224,4673,12897,2018-03-01
SE18,11405,11843,23248,21346,14161,35507,2018-03-01
SE19,2763,3331,6094,9166,7545,16711,2018-03-01
SE20,2533,2945,5478,7003,5811,12814,2018-03-01
SE21,1419,1576,2995,5026,4647,9673,2018-03-01
SE22,3128,3477,6605,9420,8207,17627,2018-03-01
SE23,3442,3952,7394,10339,8868,19207,2018-03-01
SE24,1930,2016,3946,5796,5044,10840,2018-03-01
SE25,4038,4656,8694,10756,8799,19555,2018-03-01
SE26,3112,3671,6783,8650,7309,15959,2018-03-01
SE27,2602,2860,5462,6485,5202,11687,2018-03-01
SE28,3522,4427,7949,7729,5393,13122,2018-03-01
SE29,1,3,4,2,0,2,2018-03-01
SE31,0,1,1,0,0,0,2018-03-01
SE33,0,1,1,0,0,0,2018-03-01
SE35,0,1,1,0,0,0,2018-03-01
SE37,0,1,1,0,0,0,2018-03-01
SE50,0,0,0,1,0,1,2018-03-01
SE57,0,1,1,0,0,0,2018-03-01
SE59,0,0,0,1,0,1,2018-03-01
SE60,0,0,0,2,0,2,2018-03-01
SE72,1,0,1,0,0,0,2018-03-01
SE73,0,0,0,1,0,1,2018-03-01
SE74,0,1,1,1,0,1,2018-03-01
SE75,1,0,1,0,0,0,2018-03-01
SE76,0,0,0,1,0,1,2018-03-01
SE77,1,0,1,0,0,0,2018-03-01
SE81,0,0,0,0,1,1,2018-03-01
SE85,0,0,0,1,0,1,2018-03-01
SE88,0,0,0,1,0,1,2018-03-01
SE90,0,0,0,0,1,1,2018-03-01
SE91,0,1,1,0,0,0,2018-03-01
SE99,0,0,0,0,1,1,2018-03-01
SG0,0,0,0,0,1,1,2018-03-01
SG1,3177,3735,6912,18741,15676,34417,2018-03-01
SG2,2175,2759,4934,15502,13479,28981,2018-03-01
SG3,225,282,507,2837,2738,5575,2018-03-01
SG4,1182,1378,2560,11449,10749,22198,2018-03-01
SG5,1343,1546,2889,12590,11808,24398,2018-03-01
SG6,1685,2205,3890,12185,10784,22969,2018-03-01
SG7,525,602,1127,5235,4953,10188,2018-03-01
SG8,1346,1549,2895,15651,14342,29993,2018-03-01
SG9,270,289,559,4435,4365,8800,2018-03-01
SG10,52,60,112,803,800,1603,2018-03-01
SG11,243,212,455,3537,3287,6824,2018-03-01
SG12,1193,1329,2522,11572,10694,22266,2018-03-01
SG13,692,736,1428,6602,6270,12872,2018-03-01
SG14,838,915,1753,7580,7091,14671,2018-03-01
SG15,231,260,491,2174,2013,4187,2018-03-01
SG16,165,223,388,2463,2370,4833,2018-03-01
SG17,451,517,968,5257,4921,10178,2018-03-01
SG18,933,1228,2161,10556,9554,20110,2018-03-01
SG19,815,1088,1903,9849,8959,18808,2018-03-01
SK0,0,0,0,0,1,1,2018-03-01
SK1,714,860,1574,3784,2820,6604,2018-03-01
SK2,1458,1820,3278,10630,9459,20089,2018-03-01
SK3,1756,2217,3973,8843,7570,16413,2018-03-01
SK4,1951,2060,4011,13258,12012,25270,2018-03-01
SK5,2065,2615,4680,9091,7387,16478,2018-03-01
SK6,2001,2405,4406,19499,17874,37373,2018-03-01
SK7,1415,1619,3034,16506,15755,32261,2018-03-01
SK8,2477,2781,5258,23473,22154,45627,2018-03-01
SK9,1388,1603,2991,15528,14840,30368,2018-03-01
SK10,1478,1694,3172,15621,14965,30586,2018-03-01
SK11,1708,1961,3669,13665,12197,25862,2018-03-01
SK12,586,608,1194,7974,7856,15830,2018-03-01
SK13,1514,1922,3436,11944,10748,22692,2018-03-01
SK14,2660,3371,6031,16025,13479,29504,2018-03-01
SK15,1530,1767,3297,9659,8306,17965,2018-03-01
SK16,1080,1353,2433,6639,5373,12012,2018-03-01
SK17,1185,1425,2610,11801,10236,22037,2018-03-01
SK22,543,587,1130,4700,4220,8920,2018-03-01
SK23,598,634,1232,7041,6437,13478,2018-03-01
SL0,429,478,907,4863,4373,9236,2018-03-01
SL1,6778,6950,13728,25957,19008,44965,2018-03-01
SL2,4436,5242,9678,19853,15488,35341,2018-03-01
SL3,2655,3514,6169,18254,15175,33429,2018-03-01
SL4,2076,2451,4527,17334,15968,33302,2018-03-01
SL5,1072,1259,2331,10216,10256,20472,2018-03-01
SL6,3690,4196,7886,32227,29432,61659,2018-03-01
SL7,775,829,1604,8626,8471,17097,2018-03-01
SL8,197,204,401,2682,2668,5350,2018-03-01
SL9,867,936,1803,9204,9276,18480,2018-03-01
SM1,2623,3234,5857,14279,11809,26088,2018-03-01
SM2,1429,1858,3287,10870,9912,20782,2018-03-01
SM3,1159,1361,2520,7980,7126,15106,2018-03-01
SM4,3185,3461,6646,13648,10299,23947,2018-03-01
SM5,2547,3185,5732,13711,12323,26034,2018-03-01
SM6,2389,2942,5331,13171,11674,24845,2018-03-01
SM7,618,632,1250,7353,7395,14748,2018-03-01
SN0,0,0,0,2,0,2,2018-03-01
SN1,3117,2763,5880,10940,7143,18083,2018-03-01
SN2,2786,3413,6199,14526,11056,25582,2018-03-01
SN3,2974,3796,6770,19025,15730,34755,2018-03-01
SN4,1024,1237,2261,11514,10532,22046,2018-03-01
SN5,1573,2150,3723,13436,11808,25244,2018-03-01
SN6,771,940,1711,8915,8202,17117,2018-03-01
SN7,462,641,1103,5634,5205,10839,2018-03-01
SN8,908,1038,1946,9553,9020,18573,2018-03-01
SN9,275,334,609,3222,3168,6390,2018-03-01
SN10,1201,1431,2632,11964,11147,23111,2018-03-01
SN11,843,1114,1957,8666,7968,16634,2018-03-01
SN12,998,1137,2135,10303,9390,19693,2018-03-01
SN13,612,743,1355,6291,6045,12336,2018-03-01
SN14,1101,1246,2347,10666,9854,20520,2018-03-01
SN15,1523,1740,3263,14156,12234,26390,2018-03-01
SN16,384,423,807,5862,5584,11446,2018-03-01
SN20,0,0,0,2,0,2,2018-03-01
SN24,0,1,1,0,1,1,2018-03-01
SN25,1211,1553,2764,14242,12714,26956,2018-03-01
SN26,45,38,83,774,697,1471,2018-03-01
SN27,0,0,0,1,0,1,2018-03-01
SN31,0,0,0,0,1,1,2018-03-01
SN34,0,0,0,0,1,1,2018-03-01
SN48,0,0,0,1,0,1,2018-03-01
SN66,0,1,1,0,0,0,2018-03-01
SO0,0,0,0,0,1,1,2018-03-01
SO1,57,44,101,189,92,281,2018-03-01
SO2,85,46,131,170,75,245,2018-03-01
SO3,35,24,59,160,109,269,2018-03-01
SO3,1,0,1,0,0,0,2018-03-01
SO4,33,35,68,170,133,303,2018-03-01
SO5,33,23,56,159,86,245,2018-03-01
SO6,0,0,0,2,0,2,2018-03-01
SO9,17,15,32,29,11,40,2018-03-01
SO14,3058,2467,5525,7158,3618,10776,2018-03-01
SO15,2810,2996,5806,13145,10035,23180,2018-03-01
SO16,4351,5405,9756,22268,17945,40213,2018-03-01
SO17,1414,1348,2762,5181,3570,8751,2018-03-01
SO18,2087,2408,4495,12832,10752,23584,2018-03-01
SO19,3398,4453,7851,18996,15824,34820,2018-03-01
SO20,273,317,590,3438,3171,6609,2018-03-01
SO21,581,719,1300,7974,7666,15640,2018-03-01
SO22,1444,1680,3124,9402,8727,18129,2018-03-01
SO23,1211,1325,2536,7335,6706,14041,2018-03-01
SO24,357,412,769,4736,4603,9339,2018-03-01
SO30,929,1096,2025,12611,12106,24717,2018-03-01
SO31,1535,1671,3206,18030,17395,35425,2018-03-01
SO32,570,612,1182,8545,8361,16906,2018-03-01
SO33,0,0,0,1,0,1,2018-03-01
SO40,1357,1660,3017,16067,14835,30902,2018-03-01
SO41,949,994,1943,12696,12780,25476,2018-03-01
SO42,155,176,331,2030,1965,3995,2018-03-01
SO43,130,142,272,1863,1789,3652,2018-03-01
SO45,1289,1610,2899,13498,12540,26038,2018-03-01
SO50,2230,2744,4974,17478,15549,33027,2018-03-01
SO51,840,1039,1879,11510,11211,22721,2018-03-01
SO52,179,242,421,2764,2583,5347,2018-03-01
SO53,1036,1210,2246,12537,12080,24617,2018-03-01
SP1,1082,1121,2203,7764,7179,14943,2018-03-01
SP2,1604,1810,3414,10296,9054,19350,2018-03-01
SP3,368,460,828,4781,4604,9385,2018-03-01
SP4,1598,1878,3476,13018,11176,24194,2018-03-01
SP5,587,698,1285,9255,9085,18340,2018-03-01
SP6,385,396,781,5906,5750,11656,2018-03-01
SP7,478,621,1099,5652,5502,11154,2018-03-01
SP8,441,514,955,5608,5339,10947,2018-03-01
SP9,426,886,1312,3434,2557,5991,2018-03-01
SP10,2244,2915,5159,14271,11827,26098,2018-03-01
SP11,898,1188,2086,11097,10318,21415,2018-03-01
SR1,539,425,964,1222,482,1704,2018-03-01
SR2,2376,2571,4947,10016,7560,17576,2018-03-01
SR3,2074,2831,4905,12389,9894,22283,2018-03-01
SR4,2936,3784,6720,11859,8502,20361,2018-03-01
SR5,2546,3160,5706,9403,6600,16003,2018-03-01
SR6,1335,1599,2934,10785,9317,20102,2018-03-01
SR7,1578,2193,3771,9664,7567,17231,2018-03-01
SR8,2218,3023,5241,10858,8347,19205,2018-03-01
SS0,3182,3545,6727,13777,11161,24938,2018-03-01
SS1,1997,2163,4160,9093,7682,16775,2018-03-01
SS2,2614,3156,5770,11770,9661,21431,2018-03-01
SS3,1628,1977,3605,10193,9206,19399,2018-03-01
SS4,859,1073,1932,7733,7156,14889,2018-03-01
SS5,777,743,1520,8932,8253,17185,2018-03-01
SS6,1120,1339,2459,12287,11324,23611,2018-03-01
SS7,1857,2242,4099,19671,17951,37622,2018-03-01
SS8,1960,2629,4589,14366,11858,26224,2018-03-01
SS9,2196,2529,4725,18786,17253,36039,2018-03-01
SS11,658,807,1465,7248,6431,13679,2018-03-01
SS12,654,828,1482,7223,6533,13756,2018-03-01
SS13,1643,2130,3773,7825,6254,14079,2018-03-01
SS14,2033,2727,4760,8537,6591,15128,2018-03-01
SS15,2162,2798,4960,10690,9142,19832,2018-03-01
SS16,1892,2671,4563,10755,8689,19444,2018-03-01
SS17,1395,1800,3195,12788,11346,24134,2018-03-01
SS20,0,0,0,0,1,1,2018-03-01
SS30,0,0,0,1,1,2,2018-03-01
SS31,0,0,0,1,0,1,2018-03-01
SS39,0,1,1,1,0,1,2018-03-01
SS50,0,0,0,1,0,1,2018-03-01
SS92,0,0,0,1,0,1,2018-03-01
SS95,1,0,1,0,0,0,2018-03-01
SS99,0,1,1,0,0,0,2018-03-01
ST0,0,0,0,1,0,1,2018-03-01
ST1,2423,2722,5145,9682,6404,16086,2018-03-01
ST2,2022,2755,4777,10549,8046,18595,2018-03-01
ST3,3687,4807,8494,22510,17692,40202,2018-03-01
ST4,3707,4157,7864,17810,13691,31501,2018-03-01
ST5,4202,4929,9131,27444,23013,50457,2018-03-01
ST6,4198,5509,9707,20378,15024,35402,2018-03-01
ST7,1956,2492,4448,20544,18271,38815,2018-03-01
ST8,663,834,1497,7679,6848,14527,2018-03-01
ST9,272,344,616,4922,4570,9492,2018-03-01
ST10,721,972,1693,9893,8777,18670,2018-03-01
ST11,293,326,619,3946,3584,7530,2018-03-01
ST12,128,122,250,1430,1405,2835,2018-03-01
ST13,1001,1256,2257,10310,9089,19399,2018-03-01
ST14,803,993,1796,7476,6525,14001,2018-03-01
ST15,659,841,1500,8401,7772,16173,2018-03-01
ST16,1718,1994,3712,10582,8727,19309,2018-03-01
ST17,1780,2229,4009,13876,12301,26177,2018-03-01
ST18,397,418,815,7091,6619,13710,2018-03-01
ST19,447,558,1005,5923,5522,11445,2018-03-01
ST20,180,224,404,2913,2673,5586,2018-03-01
ST21,117,162,279,2492,2354,4846,2018-03-01
SW0,1,1,2,1,3,4,2018-03-01
SW1,38,40,78,79,54,133,2018-03-01
SW1,100,84,184,396,192,588,2018-03-01
SW1,1,0,1,0,1,1,2018-03-01
SW1,0,0,0,0,1,1,2018-03-01
SW1,124,86,210,451,233,684,2018-03-01
SW1,47,57,104,360,188,548,2018-03-01
SW1,1,1,2,0,0,0,2018-03-01
SW1,0,0,0,1,2,3,2018-03-01
SW1,0,1,1,1,0,1,2018-03-01
SW1,1216,1457,2673,4057,2769,6826,2018-03-01
SW1,1,0,1,0,0,0,2018-03-01
SW1,0,0,0,0,1,1,2018-03-01
SW1,2111,2495,4606,7007,5150,12157,2018-03-01
SW1,825,963,1788,2721,2193,4914,2018-03-01
SW1,730,878,1608,2586,2084,4670,2018-03-01
SW1,67,57,124,380,182,562,2018-03-01
SW1,1,1,2,1,0,1,2018-03-01
SW2,7204,7665,14869,16071,11899,27970,2018-03-01
SW3,2046,2561,4607,8673,7431,16104,2018-03-01
SW4,4629,4759,9388,13553,9965,23518,2018-03-01
SW5,2286,1937,4223,5985,3920,9905,2018-03-01
SW6,5836,6657,12493,21935,18133,40068,2018-03-01
SW7,2889,2408,5297,8787,6056,14843,2018-03-01
SW8,5286,5548,10834,11198,7014,18212,2018-03-01
SW9,7519,7579,15098,12727,7944,20671,2018-03-01
SW10,1944,2271,4215,6568,5332,11900,2018-03-01
SW11,6543,7632,14175,23563,18826,42389,2018-03-01
SW12,2486,2673,5159,10932,9302,20234,2018-03-01
SW13,1004,1243,2247,6197,5911,12108,2018-03-01
SW14,1038,1135,2173,6520,6258,12778,2018-03-01
SW15,5071,5955,11026,22347,18874,41221,2018-03-01
SW16,10102,9917,20019,27642,20849,48491,2018-03-01
SW17,8195,7518,15713,20953,16145,37098,2018-03-01
SW18,4569,5322,9891,22710,19793,42503,2018-03-01
SW19,6496,7304,13800,31238,26319,57557,2018-03-01
SW20,1995,2281,4276,12139,10801,22940,2018-03-01
SY1,1477,1871,3348,8874,7259,16133,2018-03-01
SY2,810,996,1806,6183,5462,11645,2018-03-01
SY3,1405,1617,3022,12271,11553,23824,2018-03-01
SY4,757,915,1672,9699,9252,18951,2018-03-01
SY5,664,694,1358,8470,7907,16377,2018-03-01
SY6,192,208,400,2887,2715,5602,2018-03-01
SY7,306,405,711,4490,4144,8634,2018-03-01
SY8,547,726,1273,7307,6629,13936,2018-03-01
SY9,75,96,171,1116,968,2084,2018-03-01
SY10,428,495,923,6363,5919,12282,2018-03-01
SY11,1112,1384,2496,9255,8158,17413,2018-03-01
SY12,285,333,618,3211,2925,6136,2018-03-01
SY13,682,789,1471,7720,6902,14622,2018-03-01
SY14,171,180,351,2663,2629,5292,2018-03-01
SY15,133,146,279,2201,2063,4264,2018-03-01
SY16,790,870,1660,5571,4865,10436,2018-03-01
SY17,83,122,205,1502,1383,2885,2018-03-01
SY18,118,156,274,1837,1584,3421,2018-03-01
SY19,23,24,47,442,392,834,2018-03-01
SY20,244,312,556,2538,2295,4833,2018-03-01
SY21,558,751,1309,6428,5753,12181,2018-03-01
SY22,234,273,507,3584,3409,6993,2018-03-01
SY23,1308,1416,2724,8662,7558,16220,2018-03-01
SY24,164,210,374,1754,1565,3319,2018-03-01
SY25,124,165,289,1768,1586,3354,2018-03-01
T96,0,0,0,0,1,1,2018-03-01
TA1,1951,2232,4183,13988,12765,26753,2018-03-01
TA2,1177,1425,2602,10481,9731,20212,2018-03-01
TA3,354,369,723,6360,6149,12509,2018-03-01
TA4,524,634,1158,7821,7606,15427,2018-03-01
TA5,279,344,623,4603,4341,8944,2018-03-01
TA6,2428,2839,5267,16784,13990,30774,2018-03-01
TA7,411,460,871,6622,6338,12960,2018-03-01
TA8,590,659,1249,6579,5843,12422,2018-03-01
TA9,532,595,1127,5018,4501,9519,2018-03-01
TA10,306,270,576,4018,3954,7972,2018-03-01
TA11,239,290,529,3769,3689,7458,2018-03-01
TA12,155,217,372,2544,2428,4972,2018-03-01
TA13,100,126,226,1726,1639,3365,2018-03-01
TA14,81,115,196,1301,1163,2464,2018-03-01
TA15,20,25,45,285,264,549,2018-03-01
TA16,43,59,102,757,705,1462,2018-03-01
TA17,7,14,21,245,256,501,2018-03-01
TA18,312,402,714,4169,3785,7954,2018-03-01
TA19,318,392,710,4690,4594,9284,2018-03-01
TA20,771,811,1582,7820,7082,14902,2018-03-01
TA21,690,832,1522,7558,7010,14568,2018-03-01
TA22,55,82,137,1103,1089,2192,2018-03-01
TA23,233,290,523,2144,1961,4105,2018-03-01
TA24,659,882,1541,6941,6347,13288,2018-03-01
TD1,856,1131,1987,6197,5328,11525,2018-03-01
TD2,76,96,172,1068,1016,2084,2018-03-01
TD3,31,34,65,425,365,790,2018-03-01
TD4,89,82,171,909,836,1745,2018-03-01
TD5,343,441,784,4354,4237,8591,2018-03-01
TD6,238,300,538,3099,2991,6090,2018-03-01
TD7,308,369,677,2726,2500,5226,2018-03-01
TD8,220,288,508,2317,2134,4451,2018-03-01
TD9,772,996,1768,6562,5572,12134,2018-03-01
TD10,30,56,86,456,408,864,2018-03-01
TD11,216,323,539,3058,2694,5752,2018-03-01
TD12,135,163,298,1705,1600,3305,2018-03-01
TD13,32,36,68,389,364,753,2018-03-01
TD14,217,353,570,2374,2051,4425,2018-03-01
TD15,747,995,1742,6494,5585,12079,2018-03-01
TF1,2175,2596,4771,13480,11209,24689,2018-03-01
TF2,1958,2365,4323,13610,11739,25349,2018-03-01
TF3,1752,2347,4099,7935,6265,14200,2018-03-01
TF4,896,1217,2113,6893,5948,12841,2018-03-01
TF5,198,214,412,2043,1930,3973,2018-03-01
TF6,137,160,297,2364,2132,4496,2018-03-01
TF7,1304,1718,3022,5350,4171,9521,2018-03-01
TF8,89,99,188,1242,1129,2371,2018-03-01
TF9,879,1075,1954,9955,8736,18691,2018-03-01
TF10,602,608,1210,7128,6538,13666,2018-03-01
TF11,363,358,721,4285,3931,8216,2018-03-01
TF12,205,224,429,2050,1848,3898,2018-03-01
TF13,116,120,236,1451,1479,2930,2018-03-01
TN0,0,0,0,1,0,1,2018-03-01
TN1,775,855,1630,4007,3242,7249,2018-03-01
TN2,1213,1571,2784,10433,9592,20025,2018-03-01
TN3,331,362,693,4851,4701,9552,2018-03-01
TN3,0,0,0,1,0,1,2018-03-01
TN4,1494,1817,3311,10909,10268,21177,2018-03-01
TN5,279,339,618,3523,3549,7072,2018-03-01
TN6,806,978,1784,10275,9651,19926,2018-03-01
TN7,70,87,157,1038,1028,2066,2018-03-01
TN8,486,597,1083,5197,5001,10198,2018-03-01
TN9,1051,1146,2197,6330,5699,12029,2018-03-01
TN10,761,860,1621,5999,5634,11633,2018-03-01
TN11,413,499,912,5682,5503,11185,2018-03-01
TN12,1008,1250,2258,11752,10923,22675,2018-03-01
TN13,972,1087,2059,9559,9315,18874,2018-03-01
TN14,500,551,1051,6422,6102,12524,2018-03-01
TN15,748,909,1657,10463,10065,20528,2018-03-01
TN16,659,718,1377,7927,7583,15510,2018-03-01
TN17,552,655,1207,5491,5268,10759,2018-03-01
TN18,210,248,458,2579,2448,5027,2018-03-01
TN19,127,198,325,2189,2025,4214,2018-03-01
TN20,121,149,270,1572,1576,3148,2018-03-01
TN21,458,575,1033,6812,6529,13341,2018-03-01
TN22,966,1118,2084,11024,10686,21710,2018-03-01
TN23,2289,2841,5130,14327,12186,26513,2018-03-01
TN24,1747,2156,3903,11683,10081,21764,2018-03-01
TN25,522,535,1057,7232,6960,14192,2018-03-01
TN26,319,358,677,4987,4705,9692,2018-03-01
TN27,355,451,806,5685,5379,11064,2018-03-01
TN28,308,385,693,3456,3109,6565,2018-03-01
TN29,528,653,1181,5360,4560,9920,2018-03-01
TN30,284,346,630,3827,3750,7577,2018-03-01
TN31,553,623,1176,5649,5196,10845,2018-03-01
TN32,198,200,398,2164,2011,4175,2018-03-01
TN33,519,512,1031,4982,4898,9880,2018-03-01
TN34,2106,2460,4566,9996,8268,18264,2018-03-01
TN35,1036,1267,2303,6234,5685,11919,2018-03-01
TN36,78,99,177,1004,925,1929,2018-03-01
TN37,1315,1556,2871,6776,5527,12303,2018-03-01
TN38,1847,2197,4044,9420,8041,17461,2018-03-01
TN39,1030,1256,2286,9791,9220,19011,2018-03-01
TN40,836,1030,1866,6042,5574,11616,2018-03-01
TQ1,1941,2107,4048,11254,9579,20833,2018-03-01
TQ2,1994,2350,4344,12154,10761,22915,2018-03-01
TQ3,1489,1745,3234,11220,9975,21195,2018-03-01
TQ4,786,987,1773,7372,6635,14007,2018-03-01
TQ5,871,1002,1873,7219,6393,13612,2018-03-01
TQ6,325,418,743,3108,2783,5891,2018-03-01
TQ7,570,687,1257,6684,6486,13170,2018-03-01
TQ8,79,75,154,730,682,1412,2018-03-01
TQ9,816,930,1746,7096,7168,14264,2018-03-01
TQ10,126,162,288,1612,1567,3179,2018-03-01
TQ11,201,242,443,1578,1503,3081,2018-03-01
TQ12,2089,2487,4576,20939,19633,40572,2018-03-01
TQ13,782,830,1612,9586,9546,19132,2018-03-01
TQ14,781,919,1700,7427,6953,14380,2018-03-01
TR1,1116,1382,2498,7399,6958,14357,2018-03-01
TR2,292,372,664,4057,3949,8006,2018-03-01
TR3,370,409,779,5174,4977,10151,2018-03-01
TR4,363,435,798,4803,4636,9439,2018-03-01
TR5,147,154,301,1604,1594,3198,2018-03-01
TR6,150,168,318,1538,1392,2930,2018-03-01
TR7,1195,1328,2523,8130,7130,15260,2018-03-01
TR8,297,332,629,3846,3530,7376,2018-03-01
TR9,272,385,657,3155,2882,6037,2018-03-01
TR10,526,606,1132,3581,3217,6798,2018-03-01
TR11,1357,1514,2871,9986,9492,19478,2018-03-01
TR12,289,308,597,3796,3494,7290,2018-03-01
TR13,669,852,1521,7700,7298,14998,2018-03-01
TR14,1316,1436,2752,9229,7965,17194,2018-03-01
TR15,1014,1081,2095,7302,6385,13687,2018-03-01
TR16,514,610,1124,6218,5900,12118,2018-03-01
TR17,71,87,158,587,527,1114,2018-03-01
TR18,1204,1383,2587,6440,5636,12076,2018-03-01
TR19,405,458,863,3432,3240,6672,2018-03-01
TR20,302,338,640,3871,3669,7540,2018-03-01
TR21,82,106,188,578,470,1048,2018-03-01
TR22,9,8,17,26,20,46,2018-03-01
TR23,4,5,9,32,27,59,2018-03-01
TR24,3,6,9,49,26,75,2018-03-01
TR25,6,5,11,50,41,91,2018-03-01
TR26,579,647,1226,4083,3762,7845,2018-03-01
TR27,623,769,1392,5709,5239,10948,2018-03-01
TS1,2123,1689,3812,3158,1347,4505,2018-03-01
TS2,131,129,260,224,124,348,2018-03-01
TS2,0,0,0,1,0,1,2018-03-01
TS3,2590,3213,5803,6765,4566,11331,2018-03-01
TS4,1476,1746,3222,4618,3331,7949,2018-03-01
TS5,2066,2572,4638,13608,11442,25050,2018-03-01
TS6,1871,2480,4351,9407,7374,16781,2018-03-01
TS7,655,956,1611,8736,7817,16553,2018-03-01
TS8,960,1345,2305,7285,6548,13833,2018-03-01
TS9,273,363,636,5334,5065,10399,2018-03-01
TS10,1912,2503,4415,12413,10390,22803,2018-03-01
TS11,407,547,954,4470,3928,8398,2018-03-01
TS12,977,1256,2233,7990,6826,14816,2018-03-01
TS13,551,692,1243,3372,2534,5906,2018-03-01
TS14,588,811,1399,6767,6049,12816,2018-03-01
TS15,386,381,767,5634,5220,10854,2018-03-01
TS16,317,429,746,4050,3801,7851,2018-03-01
TS17,1964,2545,4509,15467,13511,28978,2018-03-01
TS18,1508,1636,3144,8022,6495,14517,2018-03-01
TS19,2070,2859,4929,11375,9555,20930,2018-03-01
TS20,1048,1301,2349,6705,5619,12324,2018-03-01
TS21,365,445,810,4971,4475,9446,2018-03-01
TS22,184,246,430,3784,3438,7222,2018-03-01
TS23,1594,2077,3671,9513,7964,17477,2018-03-01
TS24,1552,1906,3458,5972,4406,10378,2018-03-01
TS25,2000,2576,4576,12173,10008,22181,2018-03-01
TS26,1190,1330,2520,8513,7580,16093,2018-03-01
TS27,456,619,1075,4434,3945,8379,2018-03-01
TS28,248,311,559,1749,1481,3230,2018-03-01
TS29,296,412,708,2065,1638,3703,2018-03-01
TS90,0,0,0,1,0,1,2018-03-01
TW0,0,0,0,0,1,1,2018-03-01
TW1,1450,1701,3151,10307,9404,19711,2018-03-01
TW2,1720,1964,3684,11456,10442,21898,2018-03-01
TW2,0,0,0,1,0,1,2018-03-01
TW3,7597,5813,13410,14927,9054,23981,2018-03-01
TW4,5155,4300,9455,10529,6301,16830,2018-03-01
TW5,4622,3991,8613,11909,7758,19667,2018-03-01
TW6,10,2,12,29,12,41,2018-03-01
TW7,3321,3816,7137,14309,11257,25566,2018-03-01
TW8,2005,2307,4312,7776,5752,13528,2018-03-01
TW9,1496,1756,3252,8985,8136,17121,2018-03-01
TW10,1367,1618,2985,7820,7011,14831,2018-03-01
TW11,1278,1552,2830,9067,8544,17611,2018-03-01
TW12,1316,1530,2846,8793,8370,17163,2018-03-01
TW13,3209,3854,7063,12884,9320,22204,2018-03-01
TW14,2850,3199,6049,10596,7417,18013,2018-03-01
TW15,1158,1314,2472,11404,10040,21444,2018-03-01
TW16,949,1144,2093,8382,7466,15848,2018-03-01
TW17,503,556,1059,6002,5663,11665,2018-03-01
TW18,1190,1264,2454,10345,9289,19634,2018-03-01
TW19,973,1205,2178,7016,5764,12780,2018-03-01
TW20,1477,1526,3003,8577,7391,15968,2018-03-01
UB0,0,0,0,1,0,1,2018-03-01
UB1,9288,6712,16000,14369,8171,22540,2018-03-01
UB1,0,0,0,0,1,1,2018-03-01
UB2,6811,5083,11894,11576,6999,18575,2018-03-01
UB3,6521,6600,13121,18553,11892,30445,2018-03-01
UB4,4380,4389,8769,14432,10451,24883,2018-03-01
UB5,4875,5809,10684,16146,11465,27611,2018-03-01
UB6,5923,5778,11701,20776,13850,34626,2018-03-01
UB7,2855,3279,6134,11520,8311,19831,2018-03-01
UB8,2666,2836,5502,11619,8908,20527,2018-03-01
UB9,681,759,1440,6081,5491,11572,2018-03-01
UB10,1924,2343,4267,13660,11860,25520,2018-03-01
UB11,3,0,3,11,4,15,2018-03-01
UNKNOWNNA,1660,1383,3043,27426,19322,46748,2018-03-01
W1,41,32,73,73,41,114,2018-03-01
W1,112,34,146,114,48,162,2018-03-01
W1,64,69,133,314,176,490,2018-03-01
W1,14,5,19,18,1,19,2018-03-01
W1,209,113,322,407,160,567,2018-03-01
W1,2,0,2,3,0,3,2018-03-01
W1,169,139,308,507,232,739,2018-03-01
W1,230,228,458,1084,772,1856,2018-03-01
W1,860,734,1594,2298,1517,3815,2018-03-01
W1,210,157,367,807,475,1282,2018-03-01
W1,386,381,767,1140,668,1808,2018-03-01
W1,78,62,140,86,64,150,2018-03-01
W1,59,69,128,119,56,175,2018-03-01
W1,0,1,1,0,0,0,2018-03-01
W1,72,69,141,107,41,148,2018-03-01
W1,63,14,77,62,11,73,2018-03-01
W1,45,30,75,137,62,199,2018-03-01
W1,448,329,777,1128,600,1728,2018-03-01
W1,497,518,1015,1760,1206,2966,2018-03-01
W1,97,62,159,116,52,168,2018-03-01
W1,405,424,829,1085,696,1781,2018-03-01
W1,60,21,81,123,54,177,2018-03-01
W1,71,57,128,138,66,204,2018-03-01
W2,7249,6554,13803,16897,10817,27714,2018-03-01
W2,1,0,1,0,0,0,2018-03-01
W3,6833,6596,13429,20975,14659,35634,2018-03-01
W4,3421,4044,7465,17470,15130,32600,2018-03-01
W5,4482,4709,9191,21101,16891,37992,2018-03-01
W6,3840,3871,7711,11213,8872,20085,2018-03-01
W7,3126,3391,6517,10121,8186,18307,2018-03-01
W8,2079,2477,4556,8264,6989,15253,2018-03-01
W9,4495,4877,9372,12581,9235,21816,2018-03-01
W10,4553,5205,9758,9259,6824,16083,2018-03-01
W11,3845,4262,8107,10348,8290,18638,2018-03-01
W12,6783,6851,13634,14536,10168,24704,2018-03-01
W13,3259,3277,6536,12638,10018,22656,2018-03-01
W14,4500,4879,9379,12857,9864,22721,2018-03-01
W15,4,1,5,9,5,14,2018-03-01
W16,5,1,6,1,2,3,2018-03-01
W17,10,7,17,14,10,24,2018-03-01
W18,3,2,5,1,3,4,2018-03-01
W19,3,7,10,7,2,9,2018-03-01
W20,0,0,0,0,1,1,2018-03-01
W21,0,3,3,0,0,0,2018-03-01
W22,3,1,4,5,1,6,2018-03-01
W23,0,1,1,0,0,0,2018-03-01
W26,0,1,1,0,1,1,2018-03-01
W27,0,0,0,1,0,1,2018-03-01
W28,0,1,1,1,0,1,2018-03-01
W30,0,0,0,1,0,1,2018-03-01
W32,1,0,1,1,0,1,2018-03-01
W38,0,0,0,1,0,1,2018-03-01
W43,0,0,0,0,1,1,2018-03-01
WA1,1104,1187,2291,8308,7104,15412,2018-03-01
WA2,2547,3081,5628,13237,10682,23919,2018-03-01
WA3,1786,2345,4131,17496,15735,33231,2018-03-01
WA4,1763,2131,3894,18784,17214,35998,2018-03-01
WA5,2676,3305,5981,22491,19793,42284,2018-03-01
WA6,639,696,1335,7822,7361,15183,2018-03-01
WA7,4105,5413,9518,20770,16776,37546,2018-03-01
WA8,3422,4477,7899,21793,18051,39844,2018-03-01
WA9,3150,4090,7240,15541,12041,27582,2018-03-01
WA10,2125,2556,4681,12997,10789,23786,2018-03-01
WA11,1766,2405,4171,14721,12565,27286,2018-03-01
WA12,1209,1524,2733,8112,6750,14862,2018-03-01
WA13,357,416,773,5247,5087,10334,2018-03-01
WA14,1407,1466,2873,11514,10555,22069,2018-03-01
WA15,1750,1861,3611,16892,15683,32575,2018-03-01
WA16,830,842,1672,9696,9297,18993,2018-03-01
WC1,19,27,46,38,21,59,2018-03-01
WC1,104,101,205,308,134,442,2018-03-01
WC1,198,221,419,395,254,649,2018-03-01
WC1,249,244,493,480,307,787,2018-03-01
WC1,0,1,1,0,0,0,2018-03-01
WC1,961,892,1853,1831,964,2795,2018-03-01
WC1,0,1,1,1,0,1,2018-03-01
WC1,771,762,1533,1851,1124,2975,2018-03-01
WC1,0,0,0,1,0,1,2018-03-01
WC1,1,0,1,0,0,0,2018-03-01
WC1,53,41,94,188,104,292,2018-03-01
WC1,1,0,1,0,0,0,2018-03-01
WC1,51,37,88,90,47,137,2018-03-01
WC1,997,939,1936,1922,1172,3094,2018-03-01
WC1,0,1,1,2,0,2,2018-03-01
WC1,2,1,3,0,0,0,2018-03-01
WC2,8,3,11,20,5,25,2018-03-01
WC2,10,11,21,94,51,145,2018-03-01
WC2,187,172,359,490,248,738,2018-03-01
WC2,68,55,123,231,104,335,2018-03-01
WC2,413,299,712,826,376,1202,2018-03-01
WC2,92,56,148,247,113,360,2018-03-01
WC2,33,22,55,115,66,181,2018-03-01
WC2,0,0,0,0,1,1,2018-03-01
WC2,0,0,0,0,1,1,2018-03-01
WC4,1,0,1,0,0,0,2018-03-01
WC12,1,0,1,0,0,0,2018-03-01
WC13,0,2,2,2,0,2,2018-03-01
WC14,3,1,4,1,2,3,2018-03-01
WC18,1,0,1,0,0,0,2018-03-01
WC19,1,1,2,0,0,0,2018-03-01
WC23,0,0,0,2,0,2,2018-03-01
WC24,2,0,2,4,2,6,2018-03-01
WC28,1,0,1,0,2,2,2018-03-01
WC44,0,0,0,1,0,1,2018-03-01
WC78,1,0,1,0,0,0,2018-03-01
WD1,64,58,122,164,108,272,2018-03-01
WD2,106,75,181,243,128,371,2018-03-01
WD3,1627,1859,3486,16652,16140,32792,2018-03-01
WD4,338,383,721,4667,4440,9107,2018-03-01
WD5,487,495,982,4472,4287,8759,2018-03-01
WD6,2410,2883,5293,14730,12459,27189,2018-03-01
WD7,463,525,988,5339,5155,10494,2018-03-01
WD17,1047,1141,2188,6786,5575,12361,2018-03-01
WD18,2410,2704,5114,8993,6289,15282,2018-03-01
WD19,1530,1879,3409,10293,9323,19616,2018-03-01
WD22,0,0,0,0,1,1,2018-03-01
WD23,1140,1388,2528,10308,10069,20377,2018-03-01
WD24,1624,1884,3508,8548,6656,15204,2018-03-01
WD25,1572,1891,3463,10758,9612,20370,2018-03-01
WF0,0,0,0,1,0,1,2018-03-01
WF1,2561,2801,5362,11527,8271,19798,2018-03-01
WF2,2786,3672,6458,17144,14114,31258,2018-03-01
WF3,1352,1833,3185,12478,11100,23578,2018-03-01
WF4,1797,2385,4182,16146,14046,30192,2018-03-01
WF5,867,1138,2005,7659,6794,14453,2018-03-01
WF6,1167,1542,2709,7398,5884,13282,2018-03-01
WF7,1013,1512,2525,7370,6179,13549,2018-03-01
WF8,1640,2179,3819,11605,9725,21330,2018-03-01
WF9,2473,3246,5719,13003,9951,22954,2018-03-01
WF10,2716,3792,6508,15600,12076,27676,2018-03-01
WF11,979,1329,2308,5686,4481,10167,2018-03-01
WF12,2056,2777,4833,11195,8455,19650,2018-03-01
WF13,2106,2725,4831,7756,5066,12822,2018-03-01
WF14,720,975,1695,7325,6640,13965,2018-03-01
WF15,845,1068,1913,6123,5336,11459,2018-03-01
WF16,708,950,1658,3962,2848,6810,2018-03-01
WF17,2580,3600,6180,13735,9904,23639,2018-03-01
WF21,0,0,0,1,0,1,2018-03-01
WN0,0,0,0,1,0,1,2018-03-01
WN1,1077,1237,2314,6806,5281,12087,2018-03-01
WN2,2428,3265,5693,17664,14383,32047,2018-03-01
WN3,1383,1904,3287,10983,8957,19940,2018-03-01
WN4,1210,1502,2712,10377,8839,19216,2018-03-01
WN5,2223,2742,4965,14939,12112,27051,2018-03-01
WN6,1618,1953,3571,14863,13079,27942,2018-03-01
WN7,2650,3263,5913,15820,12513,28333,2018-03-01
WN8,3197,4012,7209,15068,12214,27282,2018-03-01
WR1,710,656,1366,3206,2448,5654,2018-03-01
WR2,1221,1404,2625,10766,9595,20361,2018-03-01
WR3,833,942,1775,8060,7257,15317,2018-03-01
WR4,1503,1992,3495,8599,7279,15878,2018-03-01
WR5,1363,1747,3110,12034,10694,22728,2018-03-01
WR6,333,357,690,5584,5357,10941,2018-03-01
WR7,99,112,211,2494,2421,4915,2018-03-01
WR8,232,231,463,3462,3310,6772,2018-03-01
WR9,1250,1489,2739,12084,11333,23417,2018-03-01
WR10,513,677,1190,7562,7205,14767,2018-03-01
WR11,1703,2078,3781,17461,15289,32750,2018-03-01
WR12,162,199,361,2431,2294,4725,2018-03-01
WR13,231,226,457,3634,3530,7164,2018-03-01
WR14,1660,1991,3651,12635,11710,24345,2018-03-01
WR15,256,270,526,2973,2704,5677,2018-03-01
WS0,0,0,0,0,1,1,2018-03-01
WS1,2330,2874,5204,7553,4662,12215,2018-03-01
WS2,3164,4301,7465,10852,6979,17831,2018-03-01
WS3,3299,4316,7615,15610,11930,27540,2018-03-01
WS4,883,1091,1974,6001,4982,10983,2018-03-01
WS5,967,1489,2456,7697,6540,14237,2018-03-01
WS6,581,804,1385,6829,5852,12681,2018-03-01
WS7,1001,1264,2265,11398,10107,21505,2018-03-01
WS8,809,994,1803,5488,4458,9946,2018-03-01
WS9,946,1191,2137,9908,8875,18783,2018-03-01
WS10,3291,4348,7639,13818,9974,23792,2018-03-01
WS11,1852,2436,4288,15222,13004,28226,2018-03-01
WS12,1225,1675,2900,13049,11355,24404,2018-03-01
WS13,1129,1320,2449,9460,8447,17907,2018-03-01
WS14,582,602,1184,7055,6618,13673,2018-03-01
WS15,1604,2009,3613,14067,12374,26441,2018-03-01
WV0,0,1,1,1,0,1,2018-03-01
WV1,1847,1817,3664,4251,2557,6808,2018-03-01
WV2,1885,2010,3895,4445,2872,7317,2018-03-01
WV3,1951,2218,4169,9934,8094,18028,2018-03-01
WV4,1742,2321,4063,12129,9955,22084,2018-03-01
WV5,423,576,999,6061,5519,11580,2018-03-01
WV6,2570,3040,5610,15817,13486,29303,2018-03-01
WV7,353,255,608,2237,2034,4271,2018-03-01
WV8,701,974,1675,5479,4986,10465,2018-03-01
WV9,285,392,677,2658,2340,4998,2018-03-01
WV10,4267,5680,9947,16735,12885,29620,2018-03-01
WV11,1952,2508,4460,11733,9197,20930,2018-03-01
WV12,1252,1683,2935,8737,7114,15851,2018-03-01
WV13,1482,1919,3401,6564,5015,11579,2018-03-01
WV14,3077,4067,7144,14606,11176,25782,2018-03-01
WV15,248,319,567,3476,3083,6559,2018-03-01
WV16,523,632,1155,6907,6244,13151,2018-03-01
YL55,0,0,0,0,1,1,2018-03-01
YO0,0,0,0,1,0,1,2018-03-01
YO1,329,351,680,1379,995,2374,2018-03-01
YO1,0,0,0,1,0,1,2018-03-01
YO2,35,41,76,95,45,140,2018-03-01
YO3,38,31,69,104,70,174,2018-03-01
YO3,0,0,0,0,1,1,2018-03-01
YO4,12,14,26,126,96,222,2018-03-01
YO5,8,9,17,41,27,68,2018-03-01
YO6,18,27,45,129,76,205,2018-03-01
YO7,615,771,1386,7939,7220,15159,2018-03-01
YO8,1765,2440,4205,17038,14832,31870,2018-03-01
YO9,2,1,3,0,2,2,2018-03-01
YO10,1466,1755,3221,7054,5965,13019,2018-03-01
YO11,1324,1576,2900,7354,5698,13052,2018-03-01
YO12,2134,2674,4808,13169,11172,24341,2018-03-01
YO13,228,292,520,4163,4035,8198,2018-03-01
YO14,383,566,949,4351,3776,8127,2018-03-01
YO15,732,807,1539,4767,3712,8479,2018-03-01
YO16,1113,1477,2590,8721,7063,15784,2018-03-01
YO17,754,930,1684,8519,7630,16149,2018-03-01
YO18,315,390,705,4492,4169,8661,2018-03-01
YO19,366,435,801,5036,4757,9793,2018-03-01
YO20,0,0,0,0,1,1,2018-03-01
YO21,532,591,1123,5399,4758,10157,2018-03-01
YO22,372,424,796,3196,2897,6093,2018-03-01
YO23,773,962,1735,7093,6765,13858,2018-03-01
YO24,1632,2206,3838,10034,8976,19010,2018-03-01
YO25,1001,1327,2328,13264,12061,25325,2018-03-01
YO26,1402,1817,3219,10680,9611,20291,2018-03-01
YO29,0,0,0,1,0,1,2018-03-01
YO30,1415,1755,3170,8791,7841,16632,2018-03-01
YO31,1495,1932,3427,8684,7623,16307,2018-03-01
YO32,976,1280,2256,10730,10206,20936,2018-03-01
YO34,1,0,1,1,1,2,2018-03-01
YO41,232,342,574,4355,4138,8493,2018-03-01
YO42,475,582,1057,5810,5520,11330,2018-03-01
YO43,326,416,742,4996,4640,9636,2018-03-01
YO45,0,0,0,0,1,1,2018-03-01
YO51,144,186,330,2275,2158,4433,2018-03-01
YO60,114,115,229,1929,1900,3829,2018-03-01
YO61,354,452,806,5702,5521,11223,2018-03-01
YO62,369,374,743,4766,4459,9225,2018-03-01
YO69,0,0,0,1,0,1,2018-03-01
ZE0,0,0,0,0,1,1,2018-03-01
ZE1,429,564,993,2752,2245,4997,2018-03-01
ZE2,601,816,1417,5503,4810,10313,2018-03-01
ZE3,21,25,46,173,144,317,2018-03-01
TotalNA,3740767,4344090,8084857,21807588,18524055,40331643,2018-03-01
AA3,0,0,0,1,0,1,2019-03-01
AA78,0,0,0,0,1,1,2019-03-01
AB1,75,80,155,212,142,354,2019-03-01
AB2,24,33,57,110,60,170,2019-03-01
AB3,7,9,16,35,43,78,2019-03-01
AB4,3,4,7,31,26,57,2019-03-01
AB5,1,4,5,20,23,43,2019-03-01
AB9,31,18,49,68,12,80,2019-03-01
AB10,1485,1533,3018,7475,6070,13545,2019-03-01
AB11,1882,1969,3851,6353,4325,10678,2019-03-01
AB12,1168,1563,2731,10507,9360,19867,2019-03-01
AB13,99,107,206,1415,1395,2810,2019-03-01
AB14,213,265,478,1925,1776,3701,2019-03-01
AB15,1419,1810,3229,15574,14607,30181,2019-03-01
AB16,2213,2918,5131,8363,6298,14661,2019-03-01
AB18,0,0,0,0,1,1,2019-03-01
AB21,912,1091,2003,9216,8155,17371,2019-03-01
AB22,568,761,1329,6312,5716,12028,2019-03-01
AB23,413,455,868,4774,4332,9106,2019-03-01
AB24,3062,3102,6164,9371,5896,15267,2019-03-01
AB25,1490,1380,2870,5093,3706,8799,2019-03-01
AB28,0,0,0,1,0,1,2019-03-01
AB29,0,1,1,0,0,0,2019-03-01
AB30,201,244,445,3031,2767,5798,2019-03-01
AB31,465,501,966,6439,6138,12577,2019-03-01
AB32,445,517,962,5685,5463,11148,2019-03-01
AB33,116,172,288,2343,2114,4457,2019-03-01
AB34,162,205,367,2238,2135,4373,2019-03-01
AB35,100,117,217,1002,912,1914,2019-03-01
AB36,19,20,39,225,216,441,2019-03-01
AB37,40,46,86,542,464,1006,2019-03-01
AB38,132,178,310,1719,1556,3275,2019-03-01
AB39,659,752,1411,6822,6458,13280,2019-03-01
AB41,589,829,1418,8551,7993,16544,2019-03-01
AB42,1525,1785,3310,12487,10911,23398,2019-03-01
AB43,1036,1267,2303,8283,7300,15583,2019-03-01
AB44,187,227,414,1367,1196,2563,2019-03-01
AB45,422,499,921,4089,3691,7780,2019-03-01
AB51,960,1235,2195,14065,13147,27212,2019-03-01
AB52,115,166,281,2106,1940,4046,2019-03-01
AB53,336,420,756,4843,4272,9115,2019-03-01
AB54,400,505,905,4279,3788,8067,2019-03-01
AB55,268,430,698,3446,2963,6409,2019-03-01
AB56,640,730,1370,5152,4672,9824,2019-03-01
AL1,1981,2147,4128,14113,12617,26730,2019-03-01
AL2,888,1068,1956,9617,9063,18680,2019-03-01
AL3,1152,1340,2492,11066,10644,21710,2019-03-01
AL4,1017,1192,2209,10752,10501,21253,2019-03-01
AL5,1102,1222,2324,12287,12076,24363,2019-03-01
AL6,369,375,744,5167,5071,10238,2019-03-01
AL7,2004,2392,4396,12203,11026,23229,2019-03-01
AL8,566,701,1267,5037,4849,9886,2019-03-01
AL9,405,478,883,4914,4538,9452,2019-03-01
AL10,3375,2935,6310,11524,8093,19617,2019-03-01
B0,2,0,2,0,0,0,2019-03-01
B1,890,787,1677,2101,1139,3240,2019-03-01
B2,78,57,135,104,46,150,2019-03-01
B3,180,162,342,647,417,1064,2019-03-01
B4,283,151,434,277,88,365,2019-03-01
B5,1278,1379,2657,2982,1793,4775,2019-03-01
B5,0,0,0,1,1,2,2019-03-01
B6,2679,2934,5613,4676,2382,7058,2019-03-01
B7,1048,1409,2457,1809,1050,2859,2019-03-01
B8,4957,5627,10584,10334,5555,15889,2019-03-01
B9,2801,3492,6293,5860,3318,9178,2019-03-01
B9,0,0,0,1,0,1,2019-03-01
B10,3199,3615,6814,6348,3282,9630,2019-03-01
B11,5378,6028,11406,11420,6178,17598,2019-03-01
B12,2807,2767,5574,4615,2367,6982,2019-03-01
B13,2940,3527,6467,12457,9598,22055,2019-03-01
B14,3216,3938,7154,13159,10909,24068,2019-03-01
B15,1547,1638,3185,5026,3789,8815,2019-03-01
B16,2757,2987,5744,6355,3875,10230,2019-03-01
B17,1762,2091,3853,8520,7173,15693,2019-03-01
B18,2013,2510,4523,3721,2322,6043,2019-03-01
B19,3136,3398,6534,4502,2335,6837,2019-03-01
B20,3785,4347,8132,10308,7081,17389,2019-03-01
B21,4622,4748,9370,7321,4118,11439,2019-03-01
B22,0,0,0,1,0,1,2019-03-01
B23,4002,4930,8932,12912,9710,22622,2019-03-01
B24,2211,2702,4913,8975,6876,15851,2019-03-01
B25,1483,1893,3376,4766,3248,8014,2019-03-01
B26,2021,2614,4635,11350,8941,20291,2019-03-01
B27,2181,2622,4803,7685,5538,13223,2019-03-01
B28,1811,2327,4138,10952,9032,19984,2019-03-01
B29,3253,3780,7033,9591,7458,17049,2019-03-01
B30,1917,2309,4226,9054,8177,17231,2019-03-01
B31,4111,5438,9549,17062,14314,31376,2019-03-01
B32,2891,4153,7044,11352,9098,20450,2019-03-01
B33,2951,3967,6918,9879,7118,16997,2019-03-01
B34,1355,1833,3188,5952,4638,10590,2019-03-01
B35,839,1169,2008,2412,2023,4435,2019-03-01
B36,2425,3341,5766,11549,9316,20865,2019-03-01
B37,2911,3674,6585,10636,8476,19112,2019-03-01
B38,1549,2071,3620,6061,5147,11208,2019-03-01
B41,1,0,1,1,0,1,2019-03-01
B42,1609,1982,3591,7915,6518,14433,2019-03-01
B43,1380,1844,3224,10696,9161,19857,2019-03-01
B44,2825,3737,6562,10816,8599,19415,2019-03-01
B45,1941,2534,4475,10660,9133,19793,2019-03-01
B46,412,473,885,5135,4713,9848,2019-03-01
B47,272,319,591,4018,3931,7949,2019-03-01
B48,191,181,372,2403,2255,4658,2019-03-01
B49,328,432,760,4227,3961,8188,2019-03-01
B50,201,216,417,2483,2370,4853,2019-03-01
B60,927,1049,1976,10446,9771,20217,2019-03-01
B61,1054,1259,2313,9413,8735,18148,2019-03-01
B62,1016,1240,2256,9130,8066,17196,2019-03-01
B63,1706,2259,3965,12797,10930,23727,2019-03-01
B64,1000,1370,2370,5486,4363,9849,2019-03-01
B65,1494,2041,3535,7659,5985,13644,2019-03-01
B66,2904,3327,6231,5694,3368,9062,2019-03-01
B67,2896,3535,6431,8828,6113,14941,2019-03-01
B68,2233,2944,5177,10313,7925,18238,2019-03-01
B69,2048,2792,4840,9096,6847,15943,2019-03-01
B70,2768,3450,6218,8324,5097,13421,2019-03-01
B71,2231,2925,5156,9567,7032,16599,2019-03-01
B72,416,443,859,3860,3415,7275,2019-03-01
B73,936,1074,2010,8945,8185,17130,2019-03-01
B74,886,1071,1957,13039,12347,25386,2019-03-01
B75,1087,1398,2485,10009,9464,19473,2019-03-01
B76,930,888,1818,9113,7978,17091,2019-03-01
B77,2790,3910,6700,20056,17026,37082,2019-03-01
B78,1011,1190,2201,9234,8121,17355,2019-03-01
B79,1013,1265,2278,8375,7058,15433,2019-03-01
B80,256,294,550,2830,2577,5407,2019-03-01
B90,1730,2004,3734,18268,16967,35235,2019-03-01
B91,1209,1449,2658,13626,12847,26473,2019-03-01
B92,1714,2040,3754,14055,12327,26382,2019-03-01
B93,542,586,1128,7995,7893,15888,2019-03-01
B94,153,178,331,3295,3147,6442,2019-03-01
B95,174,211,385,2582,2541,5123,2019-03-01
B96,110,135,245,2233,2120,4353,2019-03-01
B97,1317,1652,2969,12201,10734,22935,2019-03-01
B98,2907,3843,6750,17415,14253,31668,2019-03-01
BA0,0,0,0,1,1,2,2019-03-01
BA1,2427,2746,5173,14055,12766,26821,2019-03-01
BA2,3985,4346,8331,23947,21683,45630,2019-03-01
BA3,1403,1440,2843,13953,12892,26845,2019-03-01
BA4,649,751,1400,7208,6589,13797,2019-03-01
BA5,722,748,1470,7114,6849,13963,2019-03-01
BA6,654,648,1302,5213,5074,10287,2019-03-01
BA7,109,152,261,1402,1424,2826,2019-03-01
BA8,124,165,289,1769,1670,3439,2019-03-01
BA9,249,311,560,3198,2955,6153,2019-03-01
BA10,136,178,314,1322,1297,2619,2019-03-01
BA11,1389,1753,3142,12431,11843,24274,2019-03-01
BA12,1182,1447,2629,11325,10347,21672,2019-03-01
BA13,787,940,1727,7750,7219,14969,2019-03-01
BA14,2283,2580,4863,18431,16819,35250,2019-03-01
BA15,474,583,1057,5150,5198,10348,2019-03-01
BA16,617,666,1283,4842,4433,9275,2019-03-01
BA20,482,569,1051,4340,3619,7959,2019-03-01
BA21,1670,2158,3828,12359,10633,22992,2019-03-01
BA22,492,519,1011,7338,6883,14221,2019-03-01
BB0,0,0,0,1,0,1,2019-03-01
BB1,4429,5875,10304,21194,15442,36636,2019-03-01
BB2,3778,4675,8453,18993,14906,33899,2019-03-01
BB3,1940,2379,4319,11589,9695,21284,2019-03-01
BB4,1862,2463,4325,15133,13507,28640,2019-03-01
BB5,3679,4667,8346,19981,16125,36106,2019-03-01
BB6,681,790,1471,5405,4789,10194,2019-03-01
BB7,1118,1221,2339,13159,12448,25607,2019-03-01
BB8,1178,1406,2584,8099,7136,15235,2019-03-01
BB9,2713,3429,6142,14562,10922,25484,2019-03-01
BB10,2151,2708,4859,12694,10098,22792,2019-03-01
BB11,1607,1998,3605,7210,5616,12826,2019-03-01
BB12,1769,2078,3847,12338,10530,22868,2019-03-01
BB18,657,837,1494,6295,5550,11845,2019-03-01
BD0,0,0,0,1,0,1,2019-03-01
BD1,624,417,1041,967,384,1351,2019-03-01
BD2,1877,2439,4316,9554,7648,17202,2019-03-01
BD3,3371,3950,7321,7945,4424,12369,2019-03-01
BD4,2372,3248,5620,8326,6234,14560,2019-03-01
BD5,2889,3380,6269,7204,4051,11255,2019-03-01
BD6,1839,2545,4384,9231,7572,16803,2019-03-01
BD7,3398,3575,6973,9166,5421,14587,2019-03-01
BD8,2787,3363,6150,7982,4630,12612,2019-03-01
BD9,2061,2827,4888,8146,5695,13841,2019-03-01
BD10,1421,1823,3244,8726,7704,16430,2019-03-01
BD11,395,532,927,4052,3783,7835,2019-03-01
BD12,873,1173,2046,5839,4939,10778,2019-03-01
BD13,1148,1435,2583,9499,8580,18079,2019-03-01
BD14,396,582,978,2804,2376,5180,2019-03-01
BD15,852,1192,2044,5360,4482,9842,2019-03-01
BD16,1080,1253,2333,9443,8667,18110,2019-03-01
BD17,703,825,1528,6805,6180,12985,2019-03-01
BD18,1692,2184,3876,8659,7084,15743,2019-03-01
BD19,942,1152,2094,7916,7058,14974,2019-03-01
BD20,1252,1591,2843,13859,12830,26689,2019-03-01
BD21,1872,2536,4408,7198,5031,12229,2019-03-01
BD22,1439,1877,3316,10412,9166,19578,2019-03-01
BD23,1027,1272,2299,11771,10844,22615,2019-03-01
BD24,189,219,408,2100,1960,4060,2019-03-01
BD99,0,0,0,0,1,1,2019-03-01
BH0,0,0,0,0,1,1,2019-03-01
BH1,2014,1907,3921,7104,4664,11768,2019-03-01
BH2,829,692,1521,3308,2169,5477,2019-03-01
BH2,0,0,0,1,0,1,2019-03-01
BH3,291,328,619,2183,1857,4040,2019-03-01
BH4,467,514,981,3796,3149,6945,2019-03-01
BH5,722,709,1431,3861,3057,6918,2019-03-01
BH6,999,1092,2091,8623,8407,17030,2019-03-01
BH7,632,715,1347,4306,3920,8226,2019-03-01
BH8,1918,1969,3887,9678,8164,17842,2019-03-01
BH9,1643,1783,3426,10220,9289,19509,2019-03-01
BH10,822,963,1785,7438,6814,14252,2019-03-01
BH11,1055,1303,2358,7187,6419,13606,2019-03-01
BH12,1858,2101,3959,12626,11241,23867,2019-03-01
BH13,149,199,348,3431,3231,6662,2019-03-01
BH14,963,947,1910,9517,8860,18377,2019-03-01
BH15,1611,1778,3389,12516,11156,23672,2019-03-01
BH16,566,770,1336,6070,5797,11867,2019-03-01
BH17,880,1124,2004,8521,8033,16554,2019-03-01
BH18,257,225,482,5061,4865,9926,2019-03-01
BH19,439,579,1018,4418,3964,8382,2019-03-01
BH20,997,820,1817,8584,7519,16103,2019-03-01
BH21,1031,1194,2225,16631,16587,33218,2019-03-01
BH22,654,684,1338,11426,10901,22327,2019-03-01
BH23,1906,2003,3909,21045,20482,41527,2019-03-01
BH24,714,707,1421,9928,9745,19673,2019-03-01
BH25,841,937,1778,9875,9688,19563,2019-03-01
BH31,290,320,610,5385,5413,10798,2019-03-01
BL0,647,784,1431,6566,6340,12906,2019-03-01
BL1,4149,4793,8942,21367,16605,37972,2019-03-01
BL2,2780,3397,6177,15252,13029,28281,2019-03-01
BL3,4783,5802,10585,20526,14461,34987,2019-03-01
BL4,2274,2949,5223,10761,8215,18976,2019-03-01
BL5,1077,1257,2334,10193,9307,19500,2019-03-01
BL6,1341,1515,2856,11379,10359,21738,2019-03-01
BL7,430,505,935,6246,6006,12252,2019-03-01
BL8,1470,1731,3201,13580,12405,25985,2019-03-01
BL9,3283,4018,7301,16563,13250,29813,2019-03-01
BN1,6815,6487,13302,26209,21849,48058,2019-03-01
BN2,7697,8207,15904,27791,22161,49952,2019-03-01
BN3,5939,6189,12128,27835,23811,51646,2019-03-01
BN4,3,2,5,18,10,28,2019-03-01
BN5,209,243,452,3194,3185,6379,2019-03-01
BN6,661,701,1362,7036,7049,14085,2019-03-01
BN7,1200,1492,2692,6963,6782,13745,2019-03-01
BN8,529,575,1104,6445,6363,12808,2019-03-01
BN9,824,1081,1905,4612,3903,8515,2019-03-01
BN10,1004,1182,2186,7050,6221,13271,2019-03-01
BN11,2080,2299,4379,11055,9474,20529,2019-03-01
BN12,827,979,1806,8357,8059,16416,2019-03-01
BN13,1217,1369,2586,10787,10258,21045,2019-03-01
BN14,1454,1653,3107,11350,10771,22121,2019-03-01
BN15,1344,1539,2883,10151,8984,19135,2019-03-01
BN16,891,1007,1898,11181,11203,22384,2019-03-01
BN17,1640,2047,3687,11024,9687,20711,2019-03-01
BN18,561,526,1087,5352,5124,10476,2019-03-01
BN19,0,0,0,2,0,2,2019-03-01
BN20,840,1060,1900,7870,7701,15571,2019-03-01
BN21,1601,1737,3338,8375,7050,15425,2019-03-01
BN22,1995,2463,4458,10946,9742,20688,2019-03-01
BN23,1305,1725,3030,10266,9150,19416,2019-03-01
BN24,287,310,597,3916,3821,7737,2019-03-01
BN25,938,1195,2133,9080,8531,17611,2019-03-01
BN26,428,518,946,4796,4538,9334,2019-03-01
BN27,1154,1342,2496,11332,10814,22146,2019-03-01
BN32,1,0,1,0,0,0,2019-03-01
BN40,0,0,0,1,0,1,2019-03-01
BN41,1483,1719,3202,6822,6255,13077,2019-03-01
BN42,539,657,1196,3680,3255,6935,2019-03-01
BN43,1230,1284,2514,8526,7920,16446,2019-03-01
BN44,319,374,693,4050,4091,8141,2019-03-01
BN45,24,20,44,258,250,508,2019-03-01
BR0,0,0,0,2,0,2,2019-03-01
BR1,4331,5229,9560,20096,17945,38041,2019-03-01
BR2,2495,2790,5285,17669,16503,34172,2019-03-01
BR3,2698,3185,5883,18320,16874,35194,2019-03-01
BR4,969,841,1810,7602,7320,14922,2019-03-01
BR5,2885,3742,6627,15925,14651,30576,2019-03-01
BR6,2076,2397,4473,18015,17219,35234,2019-03-01
BR7,684,850,1534,7181,6918,14099,2019-03-01
BR8,1086,1399,2485,8459,7581,16040,2019-03-01
BS0,0,0,0,1,0,1,2019-03-01
BS1,1060,940,2000,3565,2139,5704,2019-03-01
BS2,1849,1886,3735,4722,3066,7788,2019-03-01
BS3,2448,2784,5232,12768,10671,23439,2019-03-01
BS4,3155,4007,7162,16693,13643,30336,2019-03-01
BS5,4969,5394,10363,17402,12908,30310,2019-03-01
BS6,2081,2147,4228,10668,9581,20249,2019-03-01
BS7,2778,2972,5750,13718,11300,25018,2019-03-01
BS8,1485,1477,2962,8520,7362,15882,2019-03-01
BS9,1301,1351,2652,12159,11394,23553,2019-03-01
BS10,1878,2484,4362,9466,7853,17319,2019-03-01
BS11,1274,1532,2806,5977,4747,10724,2019-03-01
BS12,19,14,33,112,54,166,2019-03-01
BS13,2017,2745,4762,9415,7558,16973,2019-03-01
BS14,1298,1559,2857,10680,9510,20190,2019-03-01
BS15,2043,2420,4463,17787,15721,33508,2019-03-01
BS16,3747,4241,7988,28494,25348,53842,2019-03-01
BS17,17,17,34,100,69,169,2019-03-01
BS18,16,14,30,86,73,159,2019-03-01
BS19,5,7,12,54,44,98,2019-03-01
BS20,955,1165,2120,12607,11843,24450,2019-03-01
BS21,765,1007,1772,9132,8696,17828,2019-03-01
BS22,1428,1876,3304,14604,13042,27646,2019-03-01
BS23,2218,2553,4771,11945,9302,21247,2019-03-01
BS24,701,922,1623,8545,8022,16567,2019-03-01
BS25,194,164,358,2641,2495,5136,2019-03-01
BS26,158,153,311,2048,2020,4068,2019-03-01
BS27,208,235,443,2916,2849,5765,2019-03-01
BS28,72,69,141,1471,1411,2882,2019-03-01
BS29,83,105,188,1133,1021,2154,2019-03-01
BS30,884,1086,1970,11584,11019,22603,2019-03-01
BS31,743,925,1668,8233,7667,15900,2019-03-01
BS32,975,1037,2012,9350,8526,17876,2019-03-01
BS34,1686,1929,3615,12128,10292,22420,2019-03-01
BS35,712,814,1526,9379,8722,18101,2019-03-01
BS36,491,487,978,6605,6309,12914,2019-03-01
BS37,1435,1776,3211,15251,13880,29131,2019-03-01
BS38,0,0,0,1,0,1,2019-03-01
BS39,455,524,979,6621,6188,12809,2019-03-01
BS40,299,330,629,5480,5372,10852,2019-03-01
BS41,176,187,363,2395,2320,4715,2019-03-01
BS45,0,0,0,2,1,3,2019-03-01
BS48,727,886,1613,9312,8953,18265,2019-03-01
BS49,387,429,816,4667,4536,9203,2019-03-01
BS51,0,0,0,1,0,1,2019-03-01
BS53,0,0,0,1,0,1,2019-03-01
BS57,0,0,0,1,0,1,2019-03-01
BS67,0,0,0,0,1,1,2019-03-01
BS94,0,1,1,0,0,0,2019-03-01
BS99,1,0,1,0,0,0,2019-03-01
CA0,0,0,0,1,1,2,2019-03-01
CA1,1504,1801,3305,7475,6005,13480,2019-03-01
CA2,1982,2787,4769,12988,10583,23571,2019-03-01
CA3,472,580,1052,5214,4737,9951,2019-03-01
CA4,186,267,453,3918,3803,7721,2019-03-01
CA5,182,203,385,2942,2877,5819,2019-03-01
CA6,262,317,579,3838,3390,7228,2019-03-01
CA7,687,913,1600,8798,8005,16803,2019-03-01
CA8,274,416,690,4121,3800,7921,2019-03-01
CA9,64,103,167,853,761,1614,2019-03-01
CA10,341,429,770,5895,5564,11459,2019-03-01
CA11,809,1042,1851,8285,7439,15724,2019-03-01
CA12,317,344,661,3062,2760,5822,2019-03-01
CA13,461,611,1072,6013,5607,11620,2019-03-01
CA14,1568,2163,3731,12515,10411,22926,2019-03-01
CA15,725,975,1700,5651,4654,10305,2019-03-01
CA16,141,183,324,2545,2385,4930,2019-03-01
CA17,130,176,306,2022,1803,3825,2019-03-01
CA18,9,5,14,118,115,233,2019-03-01
CA19,26,32,58,448,429,877,2019-03-01
CA20,85,99,184,1363,1216,2579,2019-03-01
CA21,25,22,47,329,281,610,2019-03-01
CA22,429,581,1010,3201,2625,5826,2019-03-01
CA23,54,71,125,556,471,1027,2019-03-01
CA24,30,57,87,402,317,719,2019-03-01
CA25,292,412,704,1940,1585,3525,2019-03-01
CA26,139,206,345,1313,1132,2445,2019-03-01
CA27,48,65,113,675,584,1259,2019-03-01
CA28,1380,1758,3138,9734,7947,17681,2019-03-01
CB1,3733,3995,7728,16349,13896,30245,2019-03-01
CB2,1526,1609,3135,7489,6629,14118,2019-03-01
CB3,1127,1307,2434,6630,5969,12599,2019-03-01
CB4,3653,4044,7697,16341,13473,29814,2019-03-01
CB5,1077,1203,2280,4973,4123,9096,2019-03-01
CB6,1303,1586,2889,14511,13305,27816,2019-03-01
CB7,1034,1168,2202,10250,9284,19534,2019-03-01
CB8,1508,1600,3108,12414,11282,23696,2019-03-01
CB9,1528,2031,3559,11431,9772,21203,2019-03-01
CB10,547,639,1186,5571,5331,10902,2019-03-01
CB11,662,766,1428,7283,6823,14106,2019-03-01
CB12,0,0,0,1,1,2,2019-03-01
CB19,0,0,0,1,0,1,2019-03-01
CB21,424,465,889,5199,4918,10117,2019-03-01
CB22,682,682,1364,8036,7376,15412,2019-03-01
CB23,1008,1188,2196,11173,10494,21667,2019-03-01
CB24,1012,1097,2109,11191,10244,21435,2019-03-01
CB25,432,494,926,5919,5438,11357,2019-03-01
CF0,1,0,1,1,0,1,2019-03-01
CF1,89,70,159,162,62,224,2019-03-01
CF2,48,43,91,145,49,194,2019-03-01
CF3,2655,3470,6125,13531,12241,25772,2019-03-01
CF4,50,38,88,174,125,299,2019-03-01
CF5,3912,4819,8731,21020,19017,40037,2019-03-01
CF6,87,73,160,147,70,217,2019-03-01
CF7,13,8,21,77,54,131,2019-03-01
CF8,56,46,102,169,120,289,2019-03-01
CF9,0,0,0,1,0,1,2019-03-01
CF10,1382,1203,2585,4028,2387,6415,2019-03-01
CF11,3365,3196,6561,11111,7884,18995,2019-03-01
CF14,3197,3529,6726,26283,24817,51100,2019-03-01
CF15,564,675,1239,7061,6937,13998,2019-03-01
CF16,0,0,0,0,1,1,2019-03-01
CF18,0,1,1,0,0,0,2019-03-01
CF23,2339,2894,5233,15822,14928,30750,2019-03-01
CF24,5184,4552,9736,11985,8181,20166,2019-03-01
CF31,1934,2401,4335,15997,14516,30513,2019-03-01
CF32,1439,1814,3253,10830,9218,20048,2019-03-01
CF33,745,1003,1748,5015,4273,9288,2019-03-01
CF34,1032,1380,2412,6669,5325,11994,2019-03-01
CF35,479,605,1084,6964,6459,13423,2019-03-01
CF36,531,639,1170,6171,5727,11898,2019-03-01
CF37,2234,2476,4710,12247,9855,22102,2019-03-01
CF38,728,1008,1736,8756,8142,16898,2019-03-01
CF39,1382,1970,3352,9682,7900,17582,2019-03-01
CF40,1027,1459,2486,6572,5093,11665,2019-03-01
CF41,516,709,1225,3540,2722,6262,2019-03-01
CF42,698,951,1649,4329,3383,7712,2019-03-01
CF43,689,1008,1697,3699,2659,6358,2019-03-01
CF44,1958,2778,4736,13524,11002,24526,2019-03-01
CF45,1142,1527,2669,6126,4661,10787,2019-03-01
CF46,626,860,1486,5205,4534,9739,2019-03-01
CF47,1318,1863,3181,6729,5085,11814,2019-03-01
CF48,1386,1899,3285,9009,7333,16342,2019-03-01
CF61,488,581,1069,3709,3423,7132,2019-03-01
CF62,1926,2389,4315,14728,13918,28646,2019-03-01
CF63,1404,1712,3116,6673,5828,12501,2019-03-01
CF64,1539,1736,3275,13589,13081,26670,2019-03-01
CF71,229,219,448,3897,3824,7721,2019-03-01
CF72,823,1048,1871,10011,9524,19535,2019-03-01
CF81,964,1332,2296,5154,3845,8999,2019-03-01
CF82,912,1164,2076,6953,5995,12948,2019-03-01
CF83,2691,3449,6140,18011,15895,33906,2019-03-01
CH1,2144,2425,4569,9525,7451,16976,2019-03-01
CH2,1610,1971,3581,12717,11344,24061,2019-03-01
CH3,1242,1361,2603,13965,13144,27109,2019-03-01
CH4,1593,2058,3651,12333,11284,23617,2019-03-01
CH5,2150,2706,4856,15079,12806,27885,2019-03-01
CH6,914,1216,2130,5775,4839,10614,2019-03-01
CH6,0,0,0,1,0,1,2019-03-01
CH7,1760,2310,4070,19157,17834,36991,2019-03-01
CH8,911,1210,2121,7723,6710,14433,2019-03-01
CH9,1,0,1,1,0,1,2019-03-01
CH14,0,0,0,1,0,1,2019-03-01
CH22,0,0,0,0,1,1,2019-03-01
CH24,0,0,0,1,0,1,2019-03-01
CH41,1802,2019,3821,4576,3258,7834,2019-03-01
CH42,2561,2987,5548,8629,7028,15657,2019-03-01
CH43,2168,2435,4603,12886,11349,24235,2019-03-01
CH44,2352,2806,5158,8262,6492,14754,2019-03-01
CH45,1731,1992,3723,10650,9516,20166,2019-03-01
CH46,1505,1824,3329,8358,7312,15670,2019-03-01
CH47,434,526,960,4118,4025,8143,2019-03-01
CH48,599,601,1200,5823,5772,11595,2019-03-01
CH49,1434,1769,3203,10162,9545,19707,2019-03-01
CH60,314,343,657,5416,5372,10788,2019-03-01
CH61,588,690,1278,6619,6474,13093,2019-03-01
CH62,1586,1907,3493,10044,9036,19080,2019-03-01
CH63,1221,1371,2592,10987,10579,21566,2019-03-01
CH64,589,691,1280,7607,7268,14875,2019-03-01
CH65,1962,2365,4327,8795,7265,16060,2019-03-01
CH66,1503,1845,3348,13106,11961,25067,2019-03-01
CM0,618,736,1354,6852,6125,12977,2019-03-01
CM1,3230,3753,6983,23803,21204,45007,2019-03-01
CM2,2527,2989,5516,22767,20486,43253,2019-03-01
CM3,1657,1961,3618,22509,21281,43790,2019-03-01
CM4,333,371,704,4395,4262,8657,2019-03-01
CM5,331,382,713,4570,4367,8937,2019-03-01
CM6,757,865,1622,11375,10858,22233,2019-03-01
CM7,2240,2854,5094,18308,15853,34161,2019-03-01
CM8,1562,2057,3619,11982,10587,22569,2019-03-01
CM9,1231,1497,2728,13615,12443,26058,2019-03-01
CM11,679,798,1477,7972,7460,15432,2019-03-01
CM12,700,704,1404,8186,7837,16023,2019-03-01
CM13,983,1076,2059,10123,9351,19474,2019-03-01
CM14,954,1165,2119,7895,7105,15000,2019-03-01
CM15,750,918,1668,9528,9185,18713,2019-03-01
CM16,801,932,1733,9276,8686,17962,2019-03-01
CM17,907,1166,2073,8864,8217,17081,2019-03-01
CM18,1760,2202,3962,8686,6971,15657,2019-03-01
CM19,1397,1643,3040,7799,6221,14020,2019-03-01
CM20,1846,2241,4087,8024,6122,14146,2019-03-01
CM21,366,414,780,4685,4293,8978,2019-03-01
CM22,477,509,986,6375,5997,12372,2019-03-01
CM23,1736,2004,3740,15678,14485,30163,2019-03-01
CM24,284,330,614,3144,2863,6007,2019-03-01
CM77,460,562,1022,6022,5759,11781,2019-03-01
CO0,1,1,2,0,0,0,2019-03-01
CO1,1298,1434,2732,5484,4226,9710,2019-03-01
CO1,0,0,0,0,1,1,2019-03-01
CO2,2227,2842,5069,13029,10961,23990,2019-03-01
CO3,1388,1525,2913,11549,10624,22173,2019-03-01
CO4,2918,3487,6405,16793,14224,31017,2019-03-01
CO5,856,1009,1865,11623,10849,22472,2019-03-01
CO6,828,1000,1828,11462,11038,22500,2019-03-01
CO7,1190,1339,2529,13668,12549,26217,2019-03-01
CO8,60,86,146,985,940,1925,2019-03-01
CO9,869,1061,1930,10192,9283,19475,2019-03-01
CO10,1836,2236,4072,18513,16824,35337,2019-03-01
CO11,409,541,950,5224,4921,10145,2019-03-01
CO12,1072,1351,2423,8182,6805,14987,2019-03-01
CO13,402,478,880,4978,4650,9628,2019-03-01
CO14,285,374,659,2367,1956,4323,2019-03-01
CO15,2225,2717,4942,15481,12794,28275,2019-03-01
CO16,1088,1282,2370,9731,8592,18323,2019-03-01
CR0,16992,19210,36202,51447,40187,91634,2019-03-01
CR1,7,6,13,9,2,11,2019-03-01
CR2,3002,3528,6530,18255,16373,34628,2019-03-01
CR3,1272,1520,2792,11250,10768,22018,2019-03-01
CR4,8439,8388,16827,21084,14414,35498,2019-03-01
CR5,1368,1688,3056,11407,10879,22286,2019-03-01
CR6,332,392,724,4045,3859,7904,2019-03-01
CR7,6851,6837,13688,14628,10642,25270,2019-03-01
CR8,1866,2162,4028,12575,11577,24152,2019-03-01
CR9,56,43,99,67,22,89,2019-03-01
CT0,0,0,0,0,1,1,2019-03-01
CT1,2206,2520,4726,8041,6446,14487,2019-03-01
CT2,1847,2000,3847,8661,7489,16150,2019-03-01
CT3,806,975,1781,7138,6622,13760,2019-03-01
CT4,619,667,1286,6944,6857,13801,2019-03-01
CT5,1404,1554,2958,12441,11879,24320,2019-03-01
CT6,1659,1863,3522,14512,13484,27996,2019-03-01
CT7,381,472,853,4576,4187,8763,2019-03-01
CT8,422,476,898,2666,2440,5106,2019-03-01
CT9,3295,3666,6961,13875,11520,25395,2019-03-01
CT10,1304,1404,2708,9102,8570,17672,2019-03-01
CT11,2250,2415,4665,9597,8113,17710,2019-03-01
CT12,1155,1384,2539,6333,5431,11764,2019-03-01
CT13,392,418,810,3384,3104,6488,2019-03-01
CT14,1693,1985,3678,12745,11344,24089,2019-03-01
CT15,480,627,1107,5372,4853,10225,2019-03-01
CT16,1281,1411,2692,6845,5497,12342,2019-03-01
CT17,1510,1727,3237,6695,5353,12048,2019-03-01
CT18,492,534,1026,5782,5430,11212,2019-03-01
CT19,1894,2212,4106,9270,7765,17035,2019-03-01
CT20,1512,1692,3204,7852,6145,13997,2019-03-01
CT21,605,730,1335,6723,6342,13065,2019-03-01
CV0,0,0,0,0,1,1,2019-03-01
CV1,4464,3512,7976,6894,3003,9897,2019-03-01
CV2,5536,6900,12436,20482,15156,35638,2019-03-01
CV3,4385,5447,9832,23644,18789,42433,2019-03-01
CV4,2348,2715,5063,10258,8080,18338,2019-03-01
CV5,2345,2733,5078,17527,14965,32492,2019-03-01
CV6,7607,9121,16728,28918,20926,49844,2019-03-01
CV7,1120,1418,2538,11407,10392,21799,2019-03-01
CV8,1082,1179,2261,12536,11874,24410,2019-03-01
CV9,897,1124,2021,8446,7237,15683,2019-03-01
CV10,2600,3615,6215,18613,15608,34221,2019-03-01
CV11,2003,2394,4397,14578,11990,26568,2019-03-01
CV12,1483,1982,3465,11220,9481,20701,2019-03-01
CV13,257,325,582,4629,4365,8994,2019-03-01
CV18,0,0,0,0,1,1,2019-03-01
CV19,0,0,0,1,0,1,2019-03-01
CV21,2392,2898,5290,13649,10232,23881,2019-03-01
CV22,1571,1871,3442,13963,12373,26336,2019-03-01
CV23,677,796,1473,9520,8770,18290,2019-03-01
CV27,0,0,0,1,0,1,2019-03-01
CV31,2041,2267,4308,10552,8349,18901,2019-03-01
CV32,1597,1761,3358,11954,10324,22278,2019-03-01
CV33,218,236,454,2906,2762,5668,2019-03-01
CV34,1419,1706,3125,12086,10961,23047,2019-03-01
CV35,645,788,1433,10677,10486,21163,2019-03-01
CV36,268,326,594,3977,3796,7773,2019-03-01
CV37,1686,2040,3726,16730,15814,32544,2019-03-01
CV47,553,691,1244,7308,6835,14143,2019-03-01
CW1,2455,2925,5380,13878,11544,25422,2019-03-01
CW2,2135,2292,4427,14794,12628,27422,2019-03-01
CW3,266,326,592,3758,3589,7347,2019-03-01
CW4,249,282,531,4156,4145,8301,2019-03-01
CW5,967,1036,2003,11855,11311,23166,2019-03-01
CW6,269,352,621,5569,5482,11051,2019-03-01
CW7,1784,2279,4063,11339,9750,21089,2019-03-01
CW8,1279,1486,2765,15172,14271,29443,2019-03-01
CW9,1330,1463,2793,13182,11881,25063,2019-03-01
CW10,482,602,1084,6097,5609,11706,2019-03-01
CW11,765,856,1621,9930,9511,19441,2019-03-01
CW12,1035,1152,2187,11932,11140,23072,2019-03-01
D21,0,0,0,1,0,1,2019-03-01
DA0,1,1,2,0,0,0,2019-03-01
DA1,3742,4685,8427,20820,17179,37999,2019-03-01
DA2,1023,1370,2393,8672,7920,16592,2019-03-01
DA3,538,577,1115,7005,6751,13756,2019-03-01
DA4,326,371,697,3807,3566,7373,2019-03-01
DA5,883,912,1795,8084,7674,15758,2019-03-01
DA6,558,670,1228,3795,3316,7111,2019-03-01
DA7,1700,2014,3714,13002,11685,24687,2019-03-01
DA8,2994,3792,6786,11013,9067,20080,2019-03-01
DA9,708,818,1526,5159,4494,9653,2019-03-01
DA10,447,610,1057,2756,2211,4967,2019-03-01
DA11,2654,3090,5744,13479,10472,23951,2019-03-01
DA12,3143,3673,6816,16780,13931,30711,2019-03-01
DA13,361,422,783,6135,5866,12001,2019-03-01
DA14,1136,1445,2581,7684,7188,14872,2019-03-01
DA15,1288,1545,2833,10846,9861,20707,2019-03-01
DA16,2187,2771,4958,13112,11214,24326,2019-03-01
DA17,1498,1881,3379,6030,4839,10869,2019-03-01
DA18,748,906,1654,1341,921,2262,2019-03-01
DD1,1090,968,2058,2255,1516,3771,2019-03-01
DD2,2649,3238,5887,12640,11044,23684,2019-03-01
DD3,2648,3068,5716,11014,8656,19670,2019-03-01
DD4,3231,3963,7194,12578,10268,22846,2019-03-01
DD5,993,1204,2197,12196,11715,23911,2019-03-01
DD6,432,522,954,3495,3355,6850,2019-03-01
DD7,464,604,1068,4722,4347,9069,2019-03-01
DD8,1078,1414,2492,10726,9568,20294,2019-03-01
DD9,503,660,1163,4028,3629,7657,2019-03-01
DD10,895,1163,2058,7901,6888,14789,2019-03-01
DD11,1335,1686,3021,9777,8339,18116,2019-03-01
DE0,0,0,0,1,0,1,2019-03-01
DE1,1354,1233,2587,3967,2239,6206,2019-03-01
DE2,24,18,42,69,28,97,2019-03-01
DE3,547,712,1259,6705,6230,12935,2019-03-01
DE4,1173,1485,2658,13282,12113,25395,2019-03-01
DE5,839,1146,1985,8233,7214,15447,2019-03-01
DE6,699,854,1553,10371,9703,20074,2019-03-01
DE7,2369,3129,5498,17572,14603,32175,2019-03-01
DE11,1857,2410,4267,16563,14553,31116,2019-03-01
DE12,686,857,1543,8448,7588,16036,2019-03-01
DE13,1329,1756,3085,15882,14528,30410,2019-03-01
DE14,2215,2582,4797,10320,7218,17538,2019-03-01
DE15,1247,1508,2755,8427,6981,15408,2019-03-01
DE19,0,0,0,0,1,1,2019-03-01
DE21,2938,3943,6881,19625,16575,36200,2019-03-01
DE22,2593,3054,5647,15516,13100,28616,2019-03-01
DE23,4870,5401,10271,18463,13574,32037,2019-03-01
DE24,3749,5160,8909,17824,13628,31452,2019-03-01
DE40,0,0,0,1,0,1,2019-03-01
DE44,0,0,0,0,1,1,2019-03-01
DE45,220,261,481,3345,3245,6590,2019-03-01
DE51,0,0,0,1,0,1,2019-03-01
DE55,2045,2701,4746,18719,16046,34765,2019-03-01
DE56,1297,1620,2917,15200,13999,29199,2019-03-01
DE65,659,808,1467,9157,8623,17780,2019-03-01
DE66,0,0,0,0,1,1,2019-03-01
DE72,592,821,1413,8164,7653,15817,2019-03-01
DE73,567,787,1354,7640,7204,14844,2019-03-01
DE74,434,492,926,4728,4113,8841,2019-03-01
DE75,866,1061,1927,6435,5512,11947,2019-03-01
DG1,1174,1386,2560,9928,9013,18941,2019-03-01
DG2,1325,1708,3033,7738,6851,14589,2019-03-01
DG3,173,241,414,1808,1691,3499,2019-03-01
DG4,207,325,532,1473,1104,2577,2019-03-01
DG5,213,240,453,1970,1765,3735,2019-03-01
DG6,267,287,554,1893,1805,3698,2019-03-01
DG7,430,511,941,4698,4478,9176,2019-03-01
DG8,479,668,1147,4765,4255,9020,2019-03-01
DG9,787,933,1720,5595,4896,10491,2019-03-01
DG10,168,194,362,1499,1328,2827,2019-03-01
DG11,477,595,1072,5074,4566,9640,2019-03-01
DG12,637,806,1443,4373,3718,8091,2019-03-01
DG13,126,147,273,1082,953,2035,2019-03-01
DG14,34,38,72,564,506,1070,2019-03-01
DG16,146,207,353,1399,1200,2599,2019-03-01
DH1,2035,2360,4395,13649,12165,25814,2019-03-01
DH2,1359,1979,3338,10732,8955,19687,2019-03-01
DH3,1240,1685,2925,8954,7527,16481,2019-03-01
DH4,1605,2095,3700,11782,9927,21709,2019-03-01
DH5,1030,1523,2553,6782,5319,12101,2019-03-01
DH6,1517,2171,3688,11996,10155,22151,2019-03-01
DH7,1835,2630,4465,14392,12387,26779,2019-03-01
DH8,1725,2339,4064,13595,11696,25291,2019-03-01
DH9,1964,2674,4638,11803,9243,21046,2019-03-01
DH10,0,0,0,1,0,1,2019-03-01
DH11,0,0,0,1,0,1,2019-03-01
DL1,2863,3889,6752,15033,11540,26573,2019-03-01
DL2,449,564,1013,7144,6939,14083,2019-03-01
DL3,2301,2786,5087,14928,12921,27849,2019-03-01
DL4,572,763,1335,3063,2289,5352,2019-03-01
DL5,1509,2007,3516,9910,8435,18345,2019-03-01
DL6,523,650,1173,5847,5387,11234,2019-03-01
DL7,353,468,821,6030,5832,11862,2019-03-01
DL8,406,543,949,7818,7364,15182,2019-03-01
DL9,1773,1272,3045,5188,3497,8685,2019-03-01
DL10,624,798,1422,7068,6742,13810,2019-03-01
DL11,107,125,232,2175,2073,4248,2019-03-01
DL12,372,475,847,4730,4291,9021,2019-03-01
DL13,422,561,983,5471,4704,10175,2019-03-01
DL14,1709,2323,4032,12821,10746,23567,2019-03-01
DL15,908,1285,2193,7754,6518,14272,2019-03-01
DL16,856,1159,2015,7600,6436,14036,2019-03-01
DL17,893,1279,2172,6034,4742,10776,2019-03-01
DN0,1,0,1,1,0,1,2019-03-01
DN1,1140,945,2085,2510,1048,3558,2019-03-01
DN2,1686,2111,3797,7833,5855,13688,2019-03-01
DN3,1115,1550,2665,11026,9506,20532,2019-03-01
DN4,3021,3709,6730,18235,14458,32693,2019-03-01
DN5,1903,2607,4510,13689,11603,25292,2019-03-01
DN6,1846,2438,4284,9928,7903,17831,2019-03-01
DN7,1088,1570,2658,7667,6197,13864,2019-03-01
DN8,946,1308,2254,6040,4590,10630,2019-03-01
DN9,602,725,1327,8497,8113,16610,2019-03-01
DN10,348,437,785,5179,4771,9950,2019-03-01
DN11,1397,1829,3226,9932,8475,18407,2019-03-01
DN12,1581,2093,3674,7196,5443,12639,2019-03-01
DN14,1987,2753,4740,17285,14335,31620,2019-03-01
DN15,2382,2591,4973,12107,9226,21333,2019-03-01
DN16,1608,1978,3586,10472,8781,19253,2019-03-01
DN17,1705,2219,3924,13101,11134,24235,2019-03-01
DN18,521,732,1253,4513,3778,8291,2019-03-01
DN19,176,226,402,2543,2281,4824,2019-03-01
DN20,601,766,1367,7492,6654,14146,2019-03-01
DN21,1737,2309,4046,13741,11899,25640,2019-03-01
DN22,1356,1748,3104,13367,12068,25435,2019-03-01
DN31,835,1004,1839,2406,1486,3892,2019-03-01
DN32,2423,2705,5128,7742,5576,13318,2019-03-01
DN33,1273,1450,2723,6487,5444,11931,2019-03-01
DN34,1169,1443,2612,6434,5176,11610,2019-03-01
DN35,1941,2362,4303,11110,9067,20177,2019-03-01
DN36,540,682,1222,8072,7424,15496,2019-03-01
DN37,873,1124,1997,8026,7209,15235,2019-03-01
DN38,85,110,195,1170,1039,2209,2019-03-01
DN39,82,107,189,1169,992,2161,2019-03-01
DN40,673,937,1610,4646,3534,8180,2019-03-01
DN41,145,206,351,2578,2425,5003,2019-03-01
DT0,0,0,0,0,1,1,2019-03-01
DT1,837,1018,1855,7400,6895,14295,2019-03-01
DT2,678,729,1407,10526,10324,20850,2019-03-01
DT3,866,1000,1866,9464,8785,18249,2019-03-01
DT4,2124,2335,4459,12989,11217,24206,2019-03-01
DT5,714,840,1554,4344,3735,8079,2019-03-01
DT6,729,849,1578,8582,8422,17004,2019-03-01
DT7,213,229,442,2170,2087,4257,2019-03-01
DT8,158,193,351,2416,2372,4788,2019-03-01
DT9,674,814,1488,8244,8117,16361,2019-03-01
DT10,296,358,654,4829,4602,9431,2019-03-01
DT11,1078,1232,2310,12249,10989,23238,2019-03-01
DY1,2092,2618,4710,10712,8318,19030,2019-03-01
DY2,2434,3161,5595,10670,7824,18494,2019-03-01
DY3,1308,1701,3009,12380,10725,23105,2019-03-01
DY4,3030,4055,7085,13293,9717,23010,2019-03-01
DY5,2219,2982,5201,13870,11158,25028,2019-03-01
DY6,800,1037,1837,10952,9951,20903,2019-03-01
DY7,188,212,400,3278,3188,6466,2019-03-01
DY8,2017,2492,4509,18487,16518,35005,2019-03-01
DY9,1370,1650,3020,11029,9690,20719,2019-03-01
DY10,1643,2052,3695,13143,11690,24833,2019-03-01
DY11,1369,1730,3099,11524,9955,21479,2019-03-01
DY12,363,442,805,5049,4648,9697,2019-03-01
DY13,795,1013,1808,8850,8014,16864,2019-03-01
DY14,218,208,426,3652,3349,7001,2019-03-01
E0,0,0,0,1,0,1,2019-03-01
E1,11421,8703,20124,17821,9093,26914,2019-03-01
E1,0,1,1,0,0,0,2019-03-01
E1,1,0,1,0,0,0,2019-03-01
E1,0,0,0,0,1,1,2019-03-01
E1,1106,1247,2353,4702,3053,7755,2019-03-01
E2,5788,5741,11529,12140,7399,19539,2019-03-01
E2,0,1,1,0,0,0,2019-03-01
E2,0,0,0,0,1,1,2019-03-01
E3,7014,7150,14164,15622,10120,25742,2019-03-01
E4,4616,5248,9864,22764,19133,41897,2019-03-01
E5,7458,7614,15072,12305,8335,20640,2019-03-01
E6,16706,13190,29896,24107,12578,36685,2019-03-01
E7,12448,8890,21338,16442,8523,24965,2019-03-01
E8,5715,6152,11867,10845,7726,18571,2019-03-01
E9,5807,6485,12292,9732,6998,16730,2019-03-01
E10,7954,6708,14662,14829,8498,23327,2019-03-01
E11,6981,6674,13655,18875,13680,32555,2019-03-01
E12,9429,6934,16363,12524,6549,19073,2019-03-01
E13,9992,7902,17894,13645,7212,20857,2019-03-01
E14,10054,10471,20525,25812,15254,41066,2019-03-01
E15,9436,8418,17854,15769,8831,24600,2019-03-01
E16,7385,7794,15179,15196,9168,24364,2019-03-01
E17,15321,14371,29692,34275,22748,57023,2019-03-01
E18,1390,1503,2893,7216,6240,13456,2019-03-01
E19,0,0,0,1,0,1,2019-03-01
E20,379,489,868,1496,922,2418,2019-03-01
EC1,16,7,23,21,6,27,2019-03-01
EC1,75,62,137,342,188,530,2019-03-01
EC1,2,0,2,1,0,1,2019-03-01
EC1,1,0,1,0,1,1,2019-03-01
EC1,107,98,205,451,258,709,2019-03-01
EC1,307,341,648,710,374,1084,2019-03-01
EC1,2,2,4,4,0,4,2019-03-01
EC1,1,0,1,0,0,0,2019-03-01
EC1,576,648,1224,1486,998,2484,2019-03-01
EC1,0,1,1,1,0,1,2019-03-01
EC1,2,1,3,0,0,0,2019-03-01
EC1,1628,1595,3223,3678,2211,5889,2019-03-01
EC1,400,406,806,1053,626,1679,2019-03-01
EC1,0,0,0,1,0,1,2019-03-01
EC2,1,1,2,6,2,8,2019-03-01
EC2,127,107,234,555,289,844,2019-03-01
EC2,0,1,1,2,0,2,2019-03-01
EC2,21,8,29,175,33,208,2019-03-01
EC2,4,3,7,30,5,35,2019-03-01
EC2,0,0,0,6,2,8,2019-03-01
EC2,1,1,2,39,15,54,2019-03-01
EC2,0,0,0,1,0,1,2019-03-01
EC2,4,5,9,97,26,123,2019-03-01
EC2,195,197,392,1444,985,2429,2019-03-01
EC3,0,1,1,1,0,1,2019-03-01
EC3,8,4,12,71,10,81,2019-03-01
EC3,5,4,9,19,8,27,2019-03-01
EC3,29,29,58,132,57,189,2019-03-01
EC3,1,0,1,1,1,2,2019-03-01
EC3,18,12,30,57,30,87,2019-03-01
EC3,4,1,5,60,20,80,2019-03-01
EC3,1,0,1,0,0,0,2019-03-01
EC4,2,1,3,4,2,6,2019-03-01
EC4,47,21,68,145,92,237,2019-03-01
EC4,0,0,0,1,0,1,2019-03-01
EC4,0,0,0,1,0,1,2019-03-01
EC4,16,14,30,133,50,183,2019-03-01
EC4,6,1,7,71,18,89,2019-03-01
EC4,0,0,0,10,4,14,2019-03-01
EC4,6,5,11,40,15,55,2019-03-01
EC4,1,0,1,0,0,0,2019-03-01
EC4,29,27,56,171,106,277,2019-03-01
EC4,0,0,0,1,0,1,2019-03-01
EC4,14,16,30,123,70,193,2019-03-01
EC8,0,1,1,0,0,0,2019-03-01
EC10,1,0,1,0,0,0,2019-03-01
EC11,0,1,1,0,0,0,2019-03-01
EC12,0,0,0,1,0,1,2019-03-01
EC14,1,2,3,4,0,4,2019-03-01
EC15,0,0,0,1,0,1,2019-03-01
EC16,1,0,1,1,0,1,2019-03-01
EC17,1,0,1,2,2,4,2019-03-01
EC19,0,1,1,1,0,1,2019-03-01
EC24,0,0,0,0,1,1,2019-03-01
EC27,0,0,0,3,1,4,2019-03-01
EC28,0,0,0,1,0,1,2019-03-01
EC31,0,0,0,0,1,1,2019-03-01
EC34,1,0,1,0,0,0,2019-03-01
EC41,0,0,0,1,0,1,2019-03-01
EC47,0,0,0,4,0,4,2019-03-01
EC77,1,0,1,0,0,0,2019-03-01
EH0,1,5,6,1,3,4,2019-03-01
EH1,584,521,1105,1474,1030,2504,2019-03-01
EH1,0,1,1,0,0,0,2019-03-01
EH2,109,100,209,431,262,693,2019-03-01
EH3,1789,1892,3681,7392,6273,13665,2019-03-01
EH3,0,0,0,1,0,1,2019-03-01
EH4,3740,4259,7999,17962,16003,33965,2019-03-01
EH5,1533,1889,3422,6476,5361,11837,2019-03-01
EH6,3289,3447,6736,12135,9590,21725,2019-03-01
EH7,2732,2990,5722,10236,8025,18261,2019-03-01
EH8,1817,1912,3729,5840,4664,10504,2019-03-01
EH9,1355,1484,2839,6393,5938,12331,2019-03-01
EH10,1941,1899,3840,13035,11601,24636,2019-03-01
EH11,3663,3800,7463,10252,7562,17814,2019-03-01
EH12,1923,2411,4334,14121,13167,27288,2019-03-01
EH13,915,1040,1955,4820,4309,9129,2019-03-01
EH14,2644,2932,5576,13244,11236,24480,2019-03-01
EH15,1344,1598,2942,7002,6270,13272,2019-03-01
EH16,2428,2844,5272,9083,7512,16595,2019-03-01
EH17,1404,1842,3246,5904,4737,10641,2019-03-01
EH18,102,149,251,842,810,1652,2019-03-01
EH19,699,885,1584,5197,4840,10037,2019-03-01
EH20,349,482,831,2336,1936,4272,2019-03-01
EH21,1545,1873,3418,8105,7217,15322,2019-03-01
EH22,1789,2347,4136,10846,9470,20316,2019-03-01
EH23,481,638,1119,3171,2802,5973,2019-03-01
EH24,74,131,205,702,661,1363,2019-03-01
EH25,166,223,389,1223,1130,2353,2019-03-01
EH26,888,1190,2078,6073,5356,11429,2019-03-01
EH27,149,157,306,1084,1035,2119,2019-03-01
EH28,146,204,350,1285,1141,2426,2019-03-01
EH29,203,274,477,1941,1792,3733,2019-03-01
EH30,458,648,1106,3769,3416,7185,2019-03-01
EH31,87,93,180,996,973,1969,2019-03-01
EH32,927,1220,2147,6916,6175,13091,2019-03-01
EH33,663,872,1535,4784,4223,9007,2019-03-01
EH34,70,84,154,1027,984,2011,2019-03-01
EH35,81,150,231,807,663,1470,2019-03-01
EH36,11,8,19,169,164,333,2019-03-01
EH37,52,86,138,643,612,1255,2019-03-01
EH38,16,14,30,170,180,350,2019-03-01
EH39,365,472,837,3673,3575,7248,2019-03-01
EH40,63,84,147,853,821,1674,2019-03-01
EH41,495,638,1133,4636,4344,8980,2019-03-01
EH42,484,600,1084,4101,3800,7901,2019-03-01
EH43,45,64,109,275,258,533,2019-03-01
EH44,120,161,281,1267,1184,2451,2019-03-01
EH45,443,556,999,4082,3872,7954,2019-03-01
EH46,119,140,259,1483,1493,2976,2019-03-01
EH47,1459,2040,3499,9131,7516,16647,2019-03-01
EH48,1732,2314,4046,13373,11660,25033,2019-03-01
EH49,639,837,1476,6145,5710,11855,2019-03-01
EH51,710,872,1582,5146,4544,9690,2019-03-01
EH52,939,1315,2254,7204,6119,13323,2019-03-01
EH53,468,589,1057,4086,3670,7756,2019-03-01
EH54,3652,4705,8357,18402,15586,33988,2019-03-01
EH55,416,523,939,2977,2532,5509,2019-03-01
EN0,0,0,0,0,1,1,2019-03-01
EN1,3549,4303,7852,15494,13415,28909,2019-03-01
EN2,1647,2096,3743,10913,9876,20789,2019-03-01
EN3,5901,7646,13547,17738,13376,31114,2019-03-01
EN4,1588,1793,3381,9964,9035,18999,2019-03-01
EN5,2561,3170,5731,14296,12834,27130,2019-03-01
EN6,1275,1430,2705,11678,10992,22670,2019-03-01
EN7,840,976,1816,8620,8206,16826,2019-03-01
EN8,2232,2674,4906,13613,11263,24876,2019-03-01
EN9,1084,1287,2371,9748,8524,18272,2019-03-01
EN10,724,839,1563,6774,6398,13172,2019-03-01
EN11,1018,1116,2134,8542,7541,16083,2019-03-01
EX0,0,0,0,2,0,2,2019-03-01
EX1,1267,1485,2752,7333,6555,13888,2019-03-01
EX2,2123,2610,4733,14979,13533,28512,2019-03-01
EX3,152,145,297,1891,1931,3822,2019-03-01
EX4,3263,3809,7072,16154,13476,29630,2019-03-01
EX5,605,794,1399,9265,9003,18268,2019-03-01
EX6,403,438,841,6098,5889,11987,2019-03-01
EX7,612,729,1341,5069,4650,9719,2019-03-01
EX8,1738,2065,3803,13693,12650,26343,2019-03-01
EX9,166,226,392,2759,2732,5491,2019-03-01
EX10,526,678,1204,6636,6624,13260,2019-03-01
EX11,264,285,549,3501,3513,7014,2019-03-01
EX12,274,400,674,3704,3498,7202,2019-03-01
EX13,376,473,849,5022,4816,9838,2019-03-01
EX14,679,850,1529,8416,7834,16250,2019-03-01
EX15,726,812,1538,8845,8298,17143,2019-03-01
EX16,1270,1524,2794,12254,11261,23515,2019-03-01
EX17,701,825,1526,7602,7185,14787,2019-03-01
EX18,108,96,204,1335,1264,2599,2019-03-01
EX19,61,105,166,1575,1450,3025,2019-03-01
EX20,698,912,1610,8393,7767,16160,2019-03-01
EX21,108,105,213,1885,1797,3682,2019-03-01
EX22,311,375,686,4696,4226,8922,2019-03-01
EX23,582,667,1249,6213,5819,12032,2019-03-01
EX24,100,128,228,1510,1509,3019,2019-03-01
EX31,895,1124,2019,10070,9361,19431,2019-03-01
EX32,1362,1602,2964,8256,7239,15495,2019-03-01
EX33,350,423,773,3999,3761,7760,2019-03-01
EX34,915,1098,2013,6325,5412,11737,2019-03-01
EX35,87,75,162,697,627,1324,2019-03-01
EX36,320,355,675,3597,3289,6886,2019-03-01
EX37,82,100,182,1648,1528,3176,2019-03-01
EX38,322,366,688,3196,2962,6158,2019-03-01
EX39,1539,1885,3424,14446,13293,27739,2019-03-01
FK1,1450,1898,3348,9761,8224,17985,2019-03-01
FK1,0,0,0,0,1,1,2019-03-01
FK2,2190,2773,4963,17335,15367,32702,2019-03-01
FK3,995,1255,2250,5328,4424,9752,2019-03-01
FK4,559,819,1378,4775,4278,9053,2019-03-01
FK5,738,1028,1766,7301,6806,14107,2019-03-01
FK6,672,861,1533,4858,4169,9027,2019-03-01
FK7,1546,2155,3701,10326,9355,19681,2019-03-01
FK8,1080,1200,2280,6129,5463,11592,2019-03-01
FK9,592,778,1370,4405,4077,8482,2019-03-01
FK10,1978,2617,4595,12455,10896,23351,2019-03-01
FK11,91,134,225,1030,1015,2045,2019-03-01
FK12,241,292,533,1769,1568,3337,2019-03-01
FK13,304,363,667,2169,1853,4022,2019-03-01
FK14,192,191,383,1822,1778,3600,2019-03-01
FK15,429,518,947,4117,4005,8122,2019-03-01
FK16,80,98,178,911,870,1781,2019-03-01
FK17,137,185,322,1386,1283,2669,2019-03-01
FK18,5,7,12,99,78,177,2019-03-01
FK19,23,26,49,260,210,470,2019-03-01
FK20,27,45,72,169,125,294,2019-03-01
FK21,45,51,96,401,345,746,2019-03-01
FY0,0,0,0,3,3,6,2019-03-01
FY1,3504,3626,7130,9342,5924,15266,2019-03-01
FY2,1402,1583,2985,8172,6967,15139,2019-03-01
FY3,2182,2678,4860,10162,8618,18780,2019-03-01
FY4,2694,3328,6022,14707,12205,26912,2019-03-01
FY5,1695,1934,3629,16649,15102,31751,2019-03-01
FY6,768,957,1725,11256,10597,21853,2019-03-01
FY7,1898,2100,3998,8005,6375,14380,2019-03-01
FY8,1794,2007,3801,16974,15752,32726,2019-03-01
G1,584,411,995,1529,823,2352,2019-03-01
G2,323,210,533,603,265,868,2019-03-01
G2,0,1,1,0,0,0,2019-03-01
G3,1912,1668,3580,4934,3220,8154,2019-03-01
G4,1324,954,2278,2632,1433,4065,2019-03-01
G5,1404,1236,2640,3102,1924,5026,2019-03-01
G6,0,4,4,5,0,5,2019-03-01
G7,1,0,1,4,3,7,2019-03-01
G8,0,0,0,2,0,2,2019-03-01
G9,0,0,0,3,0,3,2019-03-01
G10,0,2,2,0,0,0,2019-03-01
G11,1561,1652,3213,5983,5296,11279,2019-03-01
G12,1741,1641,3382,8215,7295,15510,2019-03-01
G13,2306,2615,4921,9706,8371,18077,2019-03-01
G14,1547,1750,3297,5106,4198,9304,2019-03-01
G15,1794,2037,3831,4035,3193,7228,2019-03-01
G16,2,1,3,0,0,0,2019-03-01
G17,0,0,0,0,1,1,2019-03-01
G18,0,1,1,0,1,1,2019-03-01
G19,1,0,1,0,0,0,2019-03-01
G20,3103,3304,6407,7726,5899,13625,2019-03-01
G21,3329,3605,6934,6561,4370,10931,2019-03-01
G22,1943,2234,4177,4051,2851,6902,2019-03-01
G23,552,728,1280,2122,1763,3885,2019-03-01
G24,1,0,1,0,0,0,2019-03-01
G25,0,2,2,1,0,1,2019-03-01
G26,0,0,0,2,0,2,2019-03-01
G29,0,0,0,1,0,1,2019-03-01
G30,3,0,3,1,0,1,2019-03-01
G31,2803,2962,5765,5792,4010,9802,2019-03-01
G32,2642,3301,5943,10783,8293,19076,2019-03-01
G33,3504,4208,7712,12463,10345,22808,2019-03-01
G34,1088,1298,2386,1755,1226,2981,2019-03-01
G35,1,1,2,0,0,0,2019-03-01
G36,0,2,2,2,0,2,2019-03-01
G37,0,0,0,0,1,1,2019-03-01
G38,0,0,0,1,0,1,2019-03-01
G39,0,0,0,0,1,1,2019-03-01
G40,1252,1495,2747,3047,1970,5017,2019-03-01
G41,2700,2859,5559,10740,8700,19440,2019-03-01
G42,3728,3201,6929,8110,5532,13642,2019-03-01
G43,1276,1370,2646,5331,4553,9884,2019-03-01
G44,1809,2242,4051,9345,8341,17686,2019-03-01
G45,1726,1970,3696,3326,2246,5572,2019-03-01
G46,1689,1923,3612,8586,7898,16484,2019-03-01
G47,1,1,2,3,1,4,2019-03-01
G48,2,0,2,1,1,2,2019-03-01
G49,0,0,0,3,0,3,2019-03-01
G50,2,0,2,1,1,2,2019-03-01
G51,2934,2919,5853,5845,3749,9594,2019-03-01
G52,2228,2830,5058,7991,6628,14619,2019-03-01
G53,2844,3422,6266,9648,8174,17822,2019-03-01
G54,2,0,2,2,0,2,2019-03-01
G55,0,3,3,1,1,2,2019-03-01
G56,1,1,2,1,0,1,2019-03-01
G57,0,1,1,0,0,0,2019-03-01
G58,0,0,0,1,0,1,2019-03-01
G60,258,302,560,1956,1852,3808,2019-03-01
G61,1070,1141,2211,11133,11071,22204,2019-03-01
G62,594,663,1257,5009,4994,10003,2019-03-01
G63,306,352,658,3831,3996,7827,2019-03-01
G64,1164,1468,2632,9753,9273,19026,2019-03-01
G65,805,1007,1812,4608,3868,8476,2019-03-01
G66,1908,2413,4321,13899,12773,26672,2019-03-01
G67,2667,3312,5979,10526,8282,18808,2019-03-01
G68,801,919,1720,7027,6642,13669,2019-03-01
G69,1765,2237,4002,12195,10932,23127,2019-03-01
G70,0,0,0,1,2,3,2019-03-01
G71,1480,1871,3351,10626,9754,20380,2019-03-01
G72,2929,3584,6513,16503,14477,30980,2019-03-01
G73,2198,2683,4881,9857,8441,18298,2019-03-01
G74,1892,2324,4216,13265,11580,24845,2019-03-01
G75,2345,3123,5468,13494,11816,25310,2019-03-01
G76,928,1120,2048,8147,8090,16237,2019-03-01
G77,864,1024,1888,9827,9976,19803,2019-03-01
G78,1426,1748,3174,7759,6901,14660,2019-03-01
G80,1,0,1,0,0,0,2019-03-01
G81,2929,3669,6598,11211,9266,20477,2019-03-01
G82,1588,2011,3599,8689,7659,16348,2019-03-01
G83,1495,1975,3470,8163,7041,15204,2019-03-01
G84,1177,1457,2634,7808,7142,14950,2019-03-01
GL0,0,0,0,0,1,1,2019-03-01
GL1,3057,3239,6296,11046,7871,18917,2019-03-01
GL1,0,0,0,0,1,1,2019-03-01
GL2,1976,2475,4451,21922,20445,42367,2019-03-01
GL3,1228,1605,2833,12452,11449,23901,2019-03-01
GL4,2349,2973,5322,17288,15397,32685,2019-03-01
GL5,1517,1633,3150,11559,10771,22330,2019-03-01
GL6,831,949,1780,10101,9878,19979,2019-03-01
GL7,1662,1947,3609,17531,16673,34204,2019-03-01
GL8,259,350,609,3493,3415,6908,2019-03-01
GL9,47,58,105,1125,1076,2201,2019-03-01
GL10,595,587,1182,5570,5019,10589,2019-03-01
GL11,602,791,1393,7277,6775,14052,2019-03-01
GL12,466,473,939,6118,5735,11853,2019-03-01
GL13,150,169,319,2519,2252,4771,2019-03-01
GL14,674,858,1532,5816,5051,10867,2019-03-01
GL15,745,899,1644,8442,7662,16104,2019-03-01
GL16,446,621,1067,5378,4964,10342,2019-03-01
GL17,370,506,876,4693,4320,9013,2019-03-01
GL18,270,346,616,3362,3060,6422,2019-03-01
GL19,224,201,425,3693,3564,7257,2019-03-01
GL20,1065,1208,2273,11220,10239,21459,2019-03-01
GL50,1241,1517,2758,7623,6392,14015,2019-03-01
GL51,2742,3399,6141,18314,15749,34063,2019-03-01
GL52,2031,2296,4327,17087,16115,33202,2019-03-01
GL53,773,819,1592,7757,7605,15362,2019-03-01
GL54,787,849,1636,9855,9592,19447,2019-03-01
GL55,177,175,352,2324,2353,4677,2019-03-01
GL56,332,382,714,3787,3745,7532,2019-03-01
GU0,0,0,0,0,1,1,2019-03-01
GU1,1931,2081,4012,11414,9986,21400,2019-03-01
GU2,2142,2260,4402,10548,8791,19339,2019-03-01
GU3,375,418,793,4777,4632,9409,2019-03-01
GU4,561,598,1159,6631,6590,13221,2019-03-01
GU5,329,434,763,4419,4542,8961,2019-03-01
GU6,559,547,1106,5884,5901,11785,2019-03-01
GU7,1095,1220,2315,8745,8398,17143,2019-03-01
GU8,587,622,1209,7184,7133,14317,2019-03-01
GU9,1119,1398,2517,11397,10924,22321,2019-03-01
GU10,649,727,1376,9700,9560,19260,2019-03-01
GU11,1759,1993,3752,8557,6641,15198,2019-03-01
GU12,1524,1903,3427,12298,10907,23205,2019-03-01
GU13,747,14,761,404,35,439,2019-03-01
GU14,2927,3463,6390,21391,18836,40227,2019-03-01
GU15,1803,1970,3773,14280,12819,27099,2019-03-01
GU16,1074,961,2035,9942,8992,18934,2019-03-01
GU17,614,466,1080,5077,4106,9183,2019-03-01
GU18,150,164,314,3020,2982,6002,2019-03-01
GU19,226,217,443,2455,2358,4813,2019-03-01
GU20,122,130,252,1947,1956,3903,2019-03-01
GU21,2853,3220,6073,19392,16958,36350,2019-03-01
GU22,1834,2147,3981,14337,12762,27099,2019-03-01
GU23,233,236,469,2880,2820,5700,2019-03-01
GU24,821,762,1583,7117,6791,13908,2019-03-01
GU25,361,384,745,2823,2833,5656,2019-03-01
GU26,257,248,505,3078,3018,6096,2019-03-01
GU27,691,853,1544,6953,6753,13706,2019-03-01
GU28,256,271,527,2731,2670,5401,2019-03-01
GU29,309,422,731,3845,3953,7798,2019-03-01
GU30,358,415,773,3984,3879,7863,2019-03-01
GU31,401,460,861,4567,4427,8994,2019-03-01
GU32,520,629,1149,4581,4407,8988,2019-03-01
GU33,291,350,641,3360,3283,6643,2019-03-01
GU34,1098,1343,2441,12675,12068,24743,2019-03-01
GU35,1010,1176,2186,9621,8591,18212,2019-03-01
GU46,389,453,842,6191,5910,12101,2019-03-01
GU47,630,775,1405,7769,7273,15042,2019-03-01
GU51,746,791,1537,9728,9205,18933,2019-03-01
GU52,421,514,935,7116,7016,14132,2019-03-01
HA0,12074,9694,21768,18606,11383,29989,2019-03-01
HA1,4549,4741,9290,14962,10970,25932,2019-03-01
HA2,5735,6387,12122,21769,16556,38325,2019-03-01
HA3,8385,8258,16643,29691,21598,51289,2019-03-01
HA4,2696,3213,5909,19747,17676,37423,2019-03-01
HA5,2509,2800,5309,18209,16853,35062,2019-03-01
HA6,1178,1521,2699,9487,8871,18358,2019-03-01
HA7,2985,3270,6255,15460,12942,28402,2019-03-01
HA8,8547,8319,16866,27467,20199,47666,2019-03-01
HA9,9558,7816,17374,19456,12413,31869,2019-03-01
HD1,2470,2225,4695,6031,3668,9699,2019-03-01
HD2,2000,2643,4643,9223,7556,16779,2019-03-01
HD3,1431,1934,3365,10668,9591,20259,2019-03-01
HD4,1710,2264,3974,9532,7855,17387,2019-03-01
HD5,1716,2303,4019,9895,8374,18269,2019-03-01
HD6,1267,1530,2797,9465,8405,17870,2019-03-01
HD7,982,1292,2274,8338,7494,15832,2019-03-01
HD8,945,1265,2210,12753,12088,24841,2019-03-01
HD9,1284,1580,2864,13457,12479,25936,2019-03-01
HG1,1668,1952,3620,12405,11260,23665,2019-03-01
HG2,1387,1595,2982,11952,11561,23513,2019-03-01
HG3,881,969,1850,10780,10426,21206,2019-03-01
HG4,890,1158,2048,9610,8928,18538,2019-03-01
HG5,614,738,1352,7197,6778,13975,2019-03-01
HP1,1237,1458,2695,9630,8756,18386,2019-03-01
HP2,2322,2923,5245,14762,12512,27274,2019-03-01
HP2,0,0,0,1,0,1,2019-03-01
HP3,1563,1843,3406,12802,11497,24299,2019-03-01
HP4,885,863,1748,9643,9482,19125,2019-03-01
HP5,1266,1470,2736,10033,9121,19154,2019-03-01
HP6,620,629,1249,5743,5602,11345,2019-03-01
HP7,410,476,886,4343,4192,8535,2019-03-01
HP8,226,245,471,2969,3037,6006,2019-03-01
HP9,627,688,1315,7161,7217,14378,2019-03-01
HP10,576,675,1251,8023,7919,15942,2019-03-01
HP11,988,1084,2072,5613,4561,10174,2019-03-01
HP12,1440,1789,3229,8164,6363,14527,2019-03-01
HP13,2506,3033,5539,15962,13401,29363,2019-03-01
HP14,597,616,1213,7349,7032,14381,2019-03-01
HP15,422,530,952,7174,6988,14162,2019-03-01
HP16,325,374,699,4923,4910,9833,2019-03-01
HP17,315,320,635,4258,4157,8415,2019-03-01
HP18,523,664,1187,7523,7221,14744,2019-03-01
HP19,1330,1768,3098,8996,7582,16578,2019-03-01
HP20,950,1105,2055,5346,4293,9639,2019-03-01
HP21,1790,2285,4075,12232,10484,22716,2019-03-01
HP22,826,841,1667,10891,10755,21646,2019-03-01
HP23,636,729,1365,7086,6850,13936,2019-03-01
HP25,0,0,0,0,1,1,2019-03-01
HP27,396,414,810,5073,4941,10014,2019-03-01
HR1,1313,1452,2765,12360,11444,23804,2019-03-01
HR2,1742,2297,4039,13801,12173,25974,2019-03-01
HR3,176,224,400,3138,3021,6159,2019-03-01
HR4,1265,1449,2714,10899,9944,20843,2019-03-01
HR5,144,166,310,1860,1664,3524,2019-03-01
HR6,804,994,1798,7910,7215,15125,2019-03-01
HR7,209,246,455,2879,2565,5444,2019-03-01
HR8,468,586,1054,5540,5221,10761,2019-03-01
HR9,650,829,1479,8530,7872,16402,2019-03-01
HS1,308,354,662,1538,1331,2869,2019-03-01
HS2,520,674,1194,5159,4497,9656,2019-03-01
HS3,52,70,122,490,364,854,2019-03-01
HS4,18,16,34,97,77,174,2019-03-01
HS5,9,16,25,97,82,179,2019-03-01
HS6,57,90,147,621,545,1166,2019-03-01
HS7,74,101,175,478,394,872,2019-03-01
HS8,85,108,193,706,581,1287,2019-03-01
HS9,78,56,134,431,399,830,2019-03-01
HU1,356,262,618,986,442,1428,2019-03-01
HU2,439,401,840,1014,418,1432,2019-03-01
HU3,3234,3170,6404,7175,3918,11093,2019-03-01
HU4,1481,1837,3318,7674,6072,13746,2019-03-01
HU5,3681,3871,7552,14412,10963,25375,2019-03-01
HU6,2839,3366,6205,8723,6182,14905,2019-03-01
HU7,3118,3878,6996,13675,10912,24587,2019-03-01
HU8,2228,2808,5036,11025,8539,19564,2019-03-01
HU9,3294,4139,7433,10748,7437,18185,2019-03-01
HU10,600,723,1323,7499,7089,14588,2019-03-01
HU11,364,449,813,5138,4547,9685,2019-03-01
HU12,905,1189,2094,10004,8877,18881,2019-03-01
HU13,668,849,1517,5474,4807,10281,2019-03-01
HU14,238,246,484,3447,3397,6844,2019-03-01
HU15,650,829,1479,9367,8875,18242,2019-03-01
HU16,583,704,1287,6020,5562,11582,2019-03-01
HU17,1624,1896,3520,16631,15348,31979,2019-03-01
HU18,360,486,846,3288,2850,6138,2019-03-01
HU19,470,538,1008,2467,1671,4138,2019-03-01
HU20,25,29,54,373,370,743,2019-03-01
HU23,1,0,1,0,0,0,2019-03-01
HU30,1,0,1,0,0,0,2019-03-01
HU33,1,0,1,0,0,0,2019-03-01
HU41,1,0,1,0,0,0,2019-03-01
HU44,0,0,0,0,1,1,2019-03-01
HV15,0,0,0,0,1,1,2019-03-01
HX0,0,0,0,0,1,1,2019-03-01
HX1,1981,2493,4474,6624,4199,10823,2019-03-01
HX2,2083,2780,4863,12582,10636,23218,2019-03-01
HX3,2275,2957,5232,16061,13955,30016,2019-03-01
HX4,432,617,1049,4551,4263,8814,2019-03-01
HX5,540,724,1264,3413,2858,6271,2019-03-01
HX6,946,1185,2131,6840,5845,12685,2019-03-01
HX7,715,819,1534,4644,4591,9235,2019-03-01
IG1,10921,9390,20311,21909,13031,34940,2019-03-01
IG2,3016,3153,6169,10291,7322,17613,2019-03-01
IG3,4971,4728,9699,13354,8589,21943,2019-03-01
IG4,889,923,1812,3734,2866,6600,2019-03-01
IG5,1271,1469,2740,6419,5309,11728,2019-03-01
IG6,2240,2670,4910,10541,8315,18856,2019-03-01
IG7,1277,1565,2842,8050,7236,15286,2019-03-01
IG8,2268,2715,4983,13918,12262,26180,2019-03-01
IG9,527,597,1124,5122,4885,10007,2019-03-01
IG10,1507,1846,3353,11977,11285,23262,2019-03-01
IG11,8700,8488,17188,17814,10672,28486,2019-03-01
IP1,2645,2742,5387,13326,10403,23729,2019-03-01
IP2,1918,2382,4300,10292,7981,18273,2019-03-01
IP3,1719,2221,3940,11862,9426,21288,2019-03-01
IP4,1903,2160,4063,13322,11230,24552,2019-03-01
IP5,536,628,1164,7514,7119,14633,2019-03-01
IP6,431,522,953,7018,6525,13543,2019-03-01
IP7,483,630,1113,6442,5922,12364,2019-03-01
IP8,264,356,620,4501,4047,8548,2019-03-01
IP9,296,358,654,4645,4405,9050,2019-03-01
IP10,67,98,165,1498,1448,2946,2019-03-01
IP11,1130,1469,2599,11875,10169,22044,2019-03-01
IP12,871,910,1781,9765,9303,19068,2019-03-01
IP13,551,631,1182,7671,7443,15114,2019-03-01
IP14,1231,1512,2743,15846,14368,30214,2019-03-01
IP15,75,94,169,889,923,1812,2019-03-01
IP16,316,345,661,2483,2184,4667,2019-03-01
IP17,376,485,861,4768,4701,9469,2019-03-01
IP18,130,146,276,1403,1427,2830,2019-03-01
IP19,264,339,603,4099,3811,7910,2019-03-01
IP20,243,271,514,3262,3032,6294,2019-03-01
IP21,243,299,542,4667,4402,9069,2019-03-01
IP22,796,858,1654,8787,8122,16909,2019-03-01
IP23,216,275,491,3050,2787,5837,2019-03-01
IP24,1756,2198,3954,9360,7498,16858,2019-03-01
IP25,654,792,1446,7162,6398,13560,2019-03-01
IP26,289,367,656,3433,3195,6628,2019-03-01
IP27,902,1091,1993,6219,5501,11720,2019-03-01
IP28,1051,1286,2337,9060,8691,17751,2019-03-01
IP29,208,261,469,3789,3660,7449,2019-03-01
IP30,347,468,815,5702,5447,11149,2019-03-01
IP31,529,701,1230,8409,7946,16355,2019-03-01
IP32,756,969,1725,5600,5110,10710,2019-03-01
IP33,1096,1292,2388,8386,7487,15873,2019-03-01
IV1,185,174,359,1031,933,1964,2019-03-01
IV2,2308,2872,5180,17912,16240,34152,2019-03-01
IV3,1437,1672,3109,6090,4902,10992,2019-03-01
IV3,0,0,0,0,1,1,2019-03-01
IV4,174,202,376,1841,1676,3517,2019-03-01
IV5,51,54,105,532,524,1056,2019-03-01
IV6,159,205,364,1808,1677,3485,2019-03-01
IV7,193,241,434,2357,2243,4600,2019-03-01
IV8,32,32,64,360,368,728,2019-03-01
IV9,61,61,122,473,461,934,2019-03-01
IV10,102,119,221,1090,1064,2154,2019-03-01
IV11,45,55,100,330,304,634,2019-03-01
IV12,602,783,1385,4701,4239,8940,2019-03-01
IV13,12,21,33,274,227,501,2019-03-01
IV14,72,106,178,851,784,1635,2019-03-01
IV15,332,374,706,1978,1738,3716,2019-03-01
IV16,64,73,137,713,663,1376,2019-03-01
IV17,365,475,840,2155,1836,3991,2019-03-01
IV18,301,380,681,2072,1722,3794,2019-03-01
IV19,237,283,520,1727,1533,3260,2019-03-01
IV20,141,182,323,1170,1043,2213,2019-03-01
IV21,54,52,106,452,388,840,2019-03-01
IV22,51,72,123,619,538,1157,2019-03-01
IV23,34,45,79,361,324,685,2019-03-01
IV24,36,65,101,565,524,1089,2019-03-01
IV25,88,101,189,952,933,1885,2019-03-01
IV26,110,124,234,718,675,1393,2019-03-01
IV27,153,155,308,1477,1269,2746,2019-03-01
IV28,12,20,32,193,188,381,2019-03-01
IV30,1587,2004,3591,12425,11068,23493,2019-03-01
IV31,346,440,786,2586,2274,4860,2019-03-01
IV32,199,195,394,1848,1750,3598,2019-03-01
IV33,1,0,1,1,1,2,2019-03-01
IV34,0,0,0,0,1,1,2019-03-01
IV36,715,975,1690,5960,5349,11309,2019-03-01
IV40,123,184,307,991,857,1848,2019-03-01
IV41,33,22,55,143,120,263,2019-03-01
IV42,17,18,35,197,176,373,2019-03-01
IV43,13,15,28,120,104,224,2019-03-01
IV44,11,14,25,114,99,213,2019-03-01
IV45,11,5,16,123,105,228,2019-03-01
IV46,4,5,9,36,30,66,2019-03-01
IV47,13,25,38,258,210,468,2019-03-01
IV48,0,4,4,36,32,68,2019-03-01
IV49,62,64,126,446,378,824,2019-03-01
IV51,223,292,515,2047,1800,3847,2019-03-01
IV52,20,25,45,121,134,255,2019-03-01
IV53,5,4,9,66,60,126,2019-03-01
IV54,52,77,129,574,470,1044,2019-03-01
IV55,45,55,100,534,494,1028,2019-03-01
IV56,9,8,17,156,125,281,2019-03-01
IV62,0,0,0,1,0,1,2019-03-01
IV63,122,134,256,1020,942,1962,2019-03-01
KA1,1424,1841,3265,9726,8389,18115,2019-03-01
KA2,282,397,679,2540,2312,4852,2019-03-01
KA3,1873,2454,4327,13415,12103,25518,2019-03-01
KA4,258,331,589,1919,1777,3696,2019-03-01
KA5,385,601,986,3587,3005,6592,2019-03-01
KA6,955,1273,2228,6519,5604,12123,2019-03-01
KA7,1226,1427,2653,10427,9909,20336,2019-03-01
KA8,1228,1646,2874,5549,4303,9852,2019-03-01
KA9,655,778,1433,5941,5553,11494,2019-03-01
KA10,631,768,1399,6034,5765,11799,2019-03-01
KA11,1133,1532,2665,7110,6214,13324,2019-03-01
KA12,1153,1559,2712,5590,4500,10090,2019-03-01
KA13,1010,1302,2312,5594,4822,10416,2019-03-01
KA14,30,26,56,188,169,357,2019-03-01
KA15,306,411,717,2593,2283,4876,2019-03-01
KA16,181,190,371,1133,886,2019,2019-03-01
KA17,156,206,362,1524,1323,2847,2019-03-01
KA18,1044,1446,2490,7045,5667,12712,2019-03-01
KA19,363,470,833,2667,2325,4992,2019-03-01
KA20,674,872,1546,2651,2143,4794,2019-03-01
KA21,838,950,1788,3811,3245,7056,2019-03-01
KA22,669,961,1630,3465,2939,6404,2019-03-01
KA23,223,261,484,2019,1936,3955,2019-03-01
KA24,300,442,742,2021,1792,3813,2019-03-01
KA25,411,548,959,2257,1872,4129,2019-03-01
KA26,516,698,1214,3690,3140,6830,2019-03-01
KA27,226,313,539,1834,1722,3556,2019-03-01
KA28,46,71,117,429,364,793,2019-03-01
KA29,58,72,130,595,572,1167,2019-03-01
KA30,441,633,1074,4179,3728,7907,2019-03-01
KT1,1878,2019,3897,7660,6170,13830,2019-03-01
KT2,2239,2633,4872,11873,10803,22676,2019-03-01
KT3,3238,3581,6819,15775,13563,29338,2019-03-01
KT4,1549,1723,3272,11738,10786,22524,2019-03-01
KT5,1319,1433,2752,7730,6687,14417,2019-03-01
KT6,1961,2360,4321,11874,10331,22205,2019-03-01
KT7,417,483,900,4093,4137,8230,2019-03-01
KT8,1016,1149,2165,8012,7624,15636,2019-03-01
KT9,1303,1455,2758,7967,7047,15014,2019-03-01
KT10,936,896,1832,9289,9328,18617,2019-03-01
KT11,905,914,1819,7113,7289,14402,2019-03-01
KT12,1795,1951,3746,15246,14718,29964,2019-03-01
KT13,954,1112,2066,10263,10005,20268,2019-03-01
KT14,614,647,1261,5417,5298,10715,2019-03-01
KT15,1209,1335,2544,11509,10742,22251,2019-03-01
KT16,802,978,1780,7803,7284,15087,2019-03-01
KT17,1129,1131,2260,9852,9052,18904,2019-03-01
KT18,711,851,1562,6552,6500,13052,2019-03-01
KT19,2067,2312,4379,13547,12547,26094,2019-03-01
KT20,695,840,1535,8690,8496,17186,2019-03-01
KT21,431,505,936,5481,5540,11021,2019-03-01
KT22,1081,1104,2185,10064,9599,19663,2019-03-01
KT23,358,344,702,4508,4528,9036,2019-03-01
KT24,267,267,534,3950,4050,8000,2019-03-01
KW1,459,527,986,3865,3332,7197,2019-03-01
KW2,5,3,8,33,27,60,2019-03-01
KW3,34,48,82,413,353,766,2019-03-01
KW5,10,12,22,126,112,238,2019-03-01
KW6,14,8,22,151,117,268,2019-03-01
KW7,2,4,6,44,38,82,2019-03-01
KW8,28,36,64,317,271,588,2019-03-01
KW9,67,94,161,653,577,1230,2019-03-01
KW10,76,92,168,612,543,1155,2019-03-01
KW11,5,10,15,49,38,87,2019-03-01
KW12,48,66,114,637,592,1229,2019-03-01
KW13,3,4,7,41,33,74,2019-03-01
KW14,616,738,1354,4436,3739,8175,2019-03-01
KW15,414,498,912,2917,2674,5591,2019-03-01
KW16,150,226,376,1355,1231,2586,2019-03-01
KW17,363,431,794,3557,3255,6812,2019-03-01
KY1,1378,1753,3131,8472,6910,15382,2019-03-01
KY2,1511,2060,3571,10269,9040,19309,2019-03-01
KY3,523,654,1177,3894,3570,7464,2019-03-01
KY4,1107,1570,2677,7580,6217,13797,2019-03-01
KY5,1087,1573,2660,6505,5178,11683,2019-03-01
KY6,1056,1362,2418,6310,5393,11703,2019-03-01
KY7,1498,1858,3356,9300,8140,17440,2019-03-01
KY8,1893,2449,4342,11520,9711,21231,2019-03-01
KY9,66,78,144,734,752,1486,2019-03-01
KY10,375,514,889,3349,3100,6449,2019-03-01
KY11,3203,3992,7195,21628,19288,40916,2019-03-01
KY12,1858,2220,4078,14223,12656,26879,2019-03-01
KY13,368,399,767,4622,4564,9186,2019-03-01
KY14,230,304,534,2636,2397,5033,2019-03-01
KY15,775,992,1767,8130,7615,15745,2019-03-01
KY16,1142,1360,2502,6318,5788,12106,2019-03-01
L1,636,563,1199,1426,823,2249,2019-03-01
L2,82,50,132,247,116,363,2019-03-01
L3,1106,1024,2130,3343,2124,5467,2019-03-01
L4,3969,4883,8852,9787,6637,16424,2019-03-01
L5,1469,1811,3280,3165,1862,5027,2019-03-01
L6,2792,2882,5674,5221,2878,8099,2019-03-01
L7,2529,2327,4856,3792,1933,5725,2019-03-01
L8,4400,4459,8859,7071,4208,11279,2019-03-01
L9,2324,3070,5394,9136,6915,16051,2019-03-01
L10,904,1292,2196,5046,4140,9186,2019-03-01
L11,2505,3393,5898,7187,5324,12511,2019-03-01
L12,1686,2188,3874,10771,9630,20401,2019-03-01
L13,2722,3275,5997,8195,5889,14084,2019-03-01
L14,2144,3062,5206,7655,6117,13772,2019-03-01
L15,2509,2718,5227,7147,5417,12564,2019-03-01
L16,698,855,1553,5399,4934,10333,2019-03-01
L17,1614,1715,3329,7112,6004,13116,2019-03-01
L18,1290,1571,2861,8908,8154,17062,2019-03-01
L19,1532,1833,3365,7712,6599,14311,2019-03-01
L20,3188,3770,6958,8351,5727,14078,2019-03-01
L21,1990,2588,4578,6869,5240,12109,2019-03-01
L22,947,1085,2032,4524,3765,8289,2019-03-01
L23,1597,1952,3549,11113,10215,21328,2019-03-01
L24,1317,1822,3139,4552,3346,7898,2019-03-01
L25,2025,2400,4425,11681,10027,21708,2019-03-01
L26,1057,1320,2377,5193,4560,9753,2019-03-01
L27,536,784,1320,1727,1283,3010,2019-03-01
L28,654,840,1494,1661,1017,2678,2019-03-01
L29,21,24,45,206,203,409,2019-03-01
L30,1519,1986,3505,5701,4432,10133,2019-03-01
L31,1269,1477,2746,11504,10454,21958,2019-03-01
L32,1765,2312,4077,5785,4293,10078,2019-03-01
L33,1591,2109,3700,4933,3772,8705,2019-03-01
L34,624,761,1385,4492,3726,8218,2019-03-01
L35,1712,2370,4082,10603,8655,19258,2019-03-01
L36,3141,4282,7423,12290,9910,22200,2019-03-01
L37,838,938,1776,9191,8987,18178,2019-03-01
L38,83,105,188,1084,1067,2151,2019-03-01
L39,1038,1176,2214,10103,9532,19635,2019-03-01
L40,592,616,1208,7541,6949,14490,2019-03-01
L41,116,133,249,116,55,171,2019-03-01
L42,61,47,108,83,34,117,2019-03-01
L43,91,133,224,163,138,301,2019-03-01
L44,48,31,79,82,27,109,2019-03-01
L45,20,24,44,67,42,109,2019-03-01
L46,18,26,44,88,39,127,2019-03-01
L47,15,13,28,43,31,74,2019-03-01
L48,13,14,27,55,44,99,2019-03-01
L49,24,34,58,63,54,117,2019-03-01
L52,0,1,1,0,0,0,2019-03-01
L60,6,17,23,103,104,207,2019-03-01
L61,13,12,25,48,56,104,2019-03-01
L62,30,30,60,69,51,120,2019-03-01
L63,21,19,40,89,51,140,2019-03-01
L64,28,25,53,124,111,235,2019-03-01
L65,26,27,53,62,35,97,2019-03-01
L66,27,29,56,130,112,242,2019-03-01
L67,0,1,1,0,0,0,2019-03-01
L69,19,5,24,30,6,36,2019-03-01
L71,0,1,1,0,0,0,2019-03-01
LA0,0,0,0,0,1,1,2019-03-01
LA1,3349,3899,7248,15009,12597,27606,2019-03-01
LA2,636,740,1376,8534,8194,16728,2019-03-01
LA3,1400,1636,3036,9029,7845,16874,2019-03-01
LA4,1451,1737,3188,8699,7288,15987,2019-03-01
LA5,528,620,1148,6394,6141,12535,2019-03-01
LA6,308,395,703,5503,5453,10956,2019-03-01
LA7,126,146,272,2047,1985,4032,2019-03-01
LA8,200,235,435,3811,3667,7478,2019-03-01
LA9,1172,1461,2633,11536,10513,22049,2019-03-01
LA10,106,99,205,1414,1343,2757,2019-03-01
LA11,237,303,540,4037,3942,7979,2019-03-01
LA12,678,828,1506,7989,7261,15250,2019-03-01
LA13,1011,1253,2264,6768,5881,12649,2019-03-01
LA14,2522,2967,5489,11790,9386,21176,2019-03-01
LA15,339,450,789,2772,2433,5205,2019-03-01
LA16,96,138,234,1360,1190,2550,2019-03-01
LA17,17,36,53,493,469,962,2019-03-01
LA18,366,477,843,2932,2374,5306,2019-03-01
LA19,18,39,57,433,394,827,2019-03-01
LA20,16,34,50,523,481,1004,2019-03-01
LA21,32,47,79,407,368,775,2019-03-01
LA22,227,243,470,1841,1685,3526,2019-03-01
LA23,435,445,880,3326,2975,6301,2019-03-01
LD0,0,0,0,1,0,1,2019-03-01
LD1,359,445,804,4492,4053,8545,2019-03-01
LD2,159,183,342,2211,2008,4219,2019-03-01
LD3,746,808,1554,7584,6956,14540,2019-03-01
LD4,19,22,41,308,307,615,2019-03-01
LD5,27,46,73,445,389,834,2019-03-01
LD6,72,119,191,1089,963,2052,2019-03-01
LD7,137,169,306,1865,1686,3551,2019-03-01
LD8,101,125,226,1828,1727,3555,2019-03-01
LE0,0,0,0,1,0,1,2019-03-01
LE1,1728,1567,3295,2723,1338,4061,2019-03-01
LE2,9061,10030,19091,35411,27996,63407,2019-03-01
LE3,7813,9077,16890,32827,24634,57461,2019-03-01
LE4,8890,10820,19710,32335,23865,56200,2019-03-01
LE5,8401,9558,17959,28172,20411,48583,2019-03-01
LE6,353,438,791,4886,4461,9347,2019-03-01
LE7,1369,1728,3097,19035,17755,36790,2019-03-01
LE8,1008,1334,2342,14869,14324,29193,2019-03-01
LE9,1781,2288,4069,22653,20619,43272,2019-03-01
LE10,1748,2153,3901,19787,17540,37327,2019-03-01
LE11,3786,3910,7696,19360,14883,34243,2019-03-01
LE12,2029,2489,4518,25556,23858,49414,2019-03-01
LE13,1088,1386,2474,9887,8618,18505,2019-03-01
LE14,388,502,890,7423,7040,14463,2019-03-01
LE15,1002,1340,2342,12910,12231,25141,2019-03-01
LE16,1236,1435,2671,13942,13205,27147,2019-03-01
LE17,542,715,1257,8999,8244,17243,2019-03-01
LE18,1384,1827,3211,11734,10215,21949,2019-03-01
LE19,446,611,1057,5814,5479,11293,2019-03-01
LE62,0,1,1,0,0,0,2019-03-01
LE65,511,622,1133,6153,5655,11808,2019-03-01
LE67,2206,2840,5046,23377,20451,43828,2019-03-01
LL1,2,1,3,9,6,15,2019-03-01
LL2,0,0,0,3,0,3,2019-03-01
LL10,0,0,0,1,0,1,2019-03-01
LL11,1881,2391,4272,13305,11248,24553,2019-03-01
LL12,1206,1378,2584,10482,9499,19981,2019-03-01
LL13,2276,2621,4897,10871,8865,19736,2019-03-01
LL14,1695,2400,4095,11058,9042,20100,2019-03-01
LL15,363,435,798,4024,3766,7790,2019-03-01
LL16,651,801,1452,5653,5144,10797,2019-03-01
LL17,181,231,412,2176,2050,4226,2019-03-01
LL18,2519,3259,5778,13858,11785,25643,2019-03-01
LL19,963,1275,2238,7097,6357,13454,2019-03-01
LL20,352,373,725,3182,2738,5920,2019-03-01
LL21,197,249,446,2603,2347,4950,2019-03-01
LL22,676,877,1553,6985,6146,13131,2019-03-01
LL23,123,132,255,1572,1357,2929,2019-03-01
LL24,54,74,128,866,721,1587,2019-03-01
LL25,19,15,34,185,167,352,2019-03-01
LL26,172,243,415,1616,1400,3016,2019-03-01
LL27,30,49,79,328,274,602,2019-03-01
LL28,509,626,1135,5087,4898,9985,2019-03-01
LL29,1193,1420,2613,6793,5955,12748,2019-03-01
LL30,1095,1357,2452,7305,6514,13819,2019-03-01
LL31,386,498,884,3610,3421,7031,2019-03-01
LL32,297,353,650,2440,2289,4729,2019-03-01
LL33,192,237,429,1365,1241,2606,2019-03-01
LL34,180,284,464,1569,1422,2991,2019-03-01
LL35,20,30,50,294,249,543,2019-03-01
LL36,148,218,366,1662,1448,3110,2019-03-01
LL37,18,21,39,246,193,439,2019-03-01
LL38,13,37,50,270,209,479,2019-03-01
LL39,8,15,23,87,74,161,2019-03-01
LL40,162,201,363,1564,1369,2933,2019-03-01
LL41,308,419,727,2130,1713,3843,2019-03-01
LL42,135,174,309,778,631,1409,2019-03-01
LL43,14,16,30,212,187,399,2019-03-01
LL44,22,37,59,372,365,737,2019-03-01
LL45,27,19,46,242,234,476,2019-03-01
LL46,54,63,117,662,606,1268,2019-03-01
LL47,14,31,45,228,194,422,2019-03-01
LL48,92,129,221,907,799,1706,2019-03-01
LL49,216,224,440,1482,1254,2736,2019-03-01
LL51,27,32,59,342,282,624,2019-03-01
LL52,75,94,169,1016,945,1961,2019-03-01
LL53,489,595,1084,6110,5587,11697,2019-03-01
LL54,421,510,931,4123,3722,7845,2019-03-01
LL55,968,1207,2175,7267,6474,13741,2019-03-01
LL56,107,87,194,815,778,1593,2019-03-01
LL57,1702,1794,3496,7556,6317,13873,2019-03-01
LL58,142,194,336,1394,1281,2675,2019-03-01
LL59,250,263,513,2054,1949,4003,2019-03-01
LL60,103,111,214,1186,1108,2294,2019-03-01
LL61,221,227,448,2304,2203,4507,2019-03-01
LL62,67,51,118,711,651,1362,2019-03-01
LL63,48,60,108,516,459,975,2019-03-01
LL64,35,32,67,319,284,603,2019-03-01
LL65,1236,1505,2741,8281,7054,15335,2019-03-01
LL66,8,11,19,113,94,207,2019-03-01
LL67,51,76,127,491,457,948,2019-03-01
LL68,247,332,579,2281,1975,4256,2019-03-01
LL69,26,32,58,274,228,502,2019-03-01
LL70,11,13,24,113,117,230,2019-03-01
LL71,68,80,148,720,638,1358,2019-03-01
LL72,38,49,87,272,243,515,2019-03-01
LL73,1,2,3,94,89,183,2019-03-01
LL74,74,74,148,964,935,1899,2019-03-01
LL75,55,53,108,555,528,1083,2019-03-01
LL76,11,10,21,121,110,231,2019-03-01
LL77,283,370,653,2522,2365,4887,2019-03-01
LL78,11,15,26,211,203,414,2019-03-01
LN1,1219,1413,2632,9753,8478,18231,2019-03-01
LN2,2135,2557,4692,13183,11444,24627,2019-03-01
LN3,276,335,611,3839,3540,7379,2019-03-01
LN4,1227,1633,2860,15277,13883,29160,2019-03-01
LN5,1904,2063,3967,11307,9333,20640,2019-03-01
LN6,2510,3122,5632,21537,19342,40879,2019-03-01
LN7,206,258,464,2568,2370,4938,2019-03-01
LN8,530,709,1239,7093,6428,13521,2019-03-01
LN9,321,369,690,3843,3484,7327,2019-03-01
LN10,141,166,307,2503,2371,4874,2019-03-01
LN11,1031,1315,2346,10913,10105,21018,2019-03-01
LN12,572,728,1300,5005,3922,8927,2019-03-01
LN13,302,359,661,3214,2874,6088,2019-03-01
LS0,0,1,1,0,0,0,2019-03-01
LS1,269,278,547,865,515,1380,2019-03-01
LS2,928,781,1709,1394,641,2035,2019-03-01
LS3,363,325,688,530,285,815,2019-03-01
LS4,801,812,1613,2242,1531,3773,2019-03-01
LS5,620,725,1345,2372,1833,4205,2019-03-01
LS6,3312,3151,6463,8648,6418,15066,2019-03-01
LS7,3063,3616,6679,8455,6623,15078,2019-03-01
LS8,4567,4979,9546,14876,11554,26430,2019-03-01
LS9,4350,5122,9472,9087,5067,14154,2019-03-01
LS10,2862,3938,6800,10320,7260,17580,2019-03-01
LS11,3775,4309,8084,9197,5308,14505,2019-03-01
LS12,3185,3849,7034,12237,8827,21064,2019-03-01
LS13,2555,3428,5983,10831,8557,19388,2019-03-01
LS14,2669,3583,6252,10489,8173,18662,2019-03-01
LS15,1822,2238,4060,12652,10864,23516,2019-03-01
LS16,1708,2116,3824,12974,12085,25059,2019-03-01
LS17,1753,2390,4143,16941,15805,32746,2019-03-01
LS18,1209,1053,2262,8121,6997,15118,2019-03-01
LS19,798,1026,1824,7427,6844,14271,2019-03-01
LS20,503,555,1058,4843,4618,9461,2019-03-01
LS21,716,871,1587,6954,6502,13456,2019-03-01
LS22,482,543,1025,6464,6255,12719,2019-03-01
LS23,267,294,561,3411,3412,6823,2019-03-01
LS24,379,464,843,4746,4390,9136,2019-03-01
LS25,1517,2123,3640,15563,14000,29563,2019-03-01
LS26,1325,1826,3151,11024,9750,20774,2019-03-01
LS27,1828,2439,4267,12871,10719,23590,2019-03-01
LS28,1724,2406,4130,14214,12861,27075,2019-03-01
LS29,1075,1195,2270,12563,12508,25071,2019-03-01
LS70,0,0,0,1,0,1,2019-03-01
LU1,5798,5338,11136,14732,9143,23875,2019-03-01
LU2,3981,4780,8761,21725,17384,39109,2019-03-01
LU3,4983,6284,11267,21701,16078,37779,2019-03-01
LU4,4974,6221,11195,17770,11907,29677,2019-03-01
LU5,2070,2661,4731,14959,12378,27337,2019-03-01
LU6,1276,1634,2910,13495,11832,25327,2019-03-01
LU7,1978,2426,4404,23053,20992,44045,2019-03-01
M0,19,8,27,29,15,44,2019-03-01
M1,999,714,1713,2536,1243,3779,2019-03-01
M2,18,13,31,55,32,87,2019-03-01
M3,1090,916,2006,3672,2094,5766,2019-03-01
M4,1019,787,1806,3445,2173,5618,2019-03-01
M4,0,0,0,1,0,1,2019-03-01
M5,1805,1866,3671,4611,2952,7563,2019-03-01
M6,3246,3266,6512,9710,6767,16477,2019-03-01
M7,3296,2866,6162,8271,5532,13803,2019-03-01
M8,4730,4287,9017,10014,5591,15605,2019-03-01
M9,3976,4936,8912,11167,8086,19253,2019-03-01
M10,87,69,156,73,24,97,2019-03-01
M11,2491,3151,5642,5639,3663,9302,2019-03-01
M12,2957,2613,5570,4725,2499,7224,2019-03-01
M13,3757,3065,6822,5851,2968,8819,2019-03-01
M14,5980,5182,11162,10533,6367,16900,2019-03-01
M15,2542,2048,4590,5315,2907,8222,2019-03-01
M16,3759,4070,7829,11155,8200,19355,2019-03-01
M17,3,5,8,16,4,20,2019-03-01
M18,2562,3044,5606,6041,4001,10042,2019-03-01
M19,3836,3946,7782,11245,8164,19409,2019-03-01
M20,3322,3557,6879,15619,13538,29157,2019-03-01
M21,2141,2412,4553,9950,8745,18695,2019-03-01
M22,3670,4527,8197,12222,9455,21677,2019-03-01
M23,2454,3002,5456,9439,7768,17207,2019-03-01
M24,3268,3963,7231,15547,12695,28242,2019-03-01
M25,1885,2176,4061,11025,9535,20560,2019-03-01
M26,2025,2535,4560,12101,10372,22473,2019-03-01
M27,2354,2871,5225,13904,11798,25702,2019-03-01
M28,1812,2165,3977,15143,13841,28984,2019-03-01
M29,969,1217,2186,8742,7825,16567,2019-03-01
M30,2708,3168,5876,12008,9263,21271,2019-03-01
M31,716,883,1599,2523,2115,4638,2019-03-01
M32,2054,2484,4538,9517,8186,17703,2019-03-01
M33,2822,3274,6096,22524,20631,43155,2019-03-01
M34,2549,3082,5631,16369,13904,30273,2019-03-01
M35,1265,1533,2798,6954,5758,12712,2019-03-01
M38,1129,1509,2638,3744,2744,6488,2019-03-01
M39,0,1,1,1,0,1,2019-03-01
M40,4258,5074,9332,11878,8429,20307,2019-03-01
M41,1866,2165,4031,15335,14244,29579,2019-03-01
M43,1403,1987,3390,7856,6334,14190,2019-03-01
M44,1062,1419,2481,6803,5689,12492,2019-03-01
M45,1239,1616,2855,7999,7078,15077,2019-03-01
M46,1117,1389,2506,7550,6201,13751,2019-03-01
M47,1,0,1,0,0,0,2019-03-01
M50,273,280,553,1342,795,2137,2019-03-01
M51,0,0,0,1,0,1,2019-03-01
M52,0,0,0,1,0,1,2019-03-01
M54,0,0,0,1,0,1,2019-03-01
M60,39,18,57,63,15,78,2019-03-01
M61,0,0,0,0,1,1,2019-03-01
M70,1,1,2,4,1,5,2019-03-01
M73,0,0,0,1,0,1,2019-03-01
M74,0,0,0,2,0,2,2019-03-01
M87,0,1,1,0,0,0,2019-03-01
M90,1,0,1,1,0,1,2019-03-01
ME1,1741,2200,3941,11103,9472,20575,2019-03-01
ME2,2173,2817,4990,15003,12946,27949,2019-03-01
ME3,1041,1309,2350,11468,10436,21904,2019-03-01
ME4,2748,3051,5799,9959,7136,17095,2019-03-01
ME5,2414,3235,5649,19575,17057,36632,2019-03-01
ME6,479,646,1125,4005,3598,7603,2019-03-01
ME7,3699,4660,8359,17127,13490,30617,2019-03-01
ME8,2099,2565,4664,18902,16876,35778,2019-03-01
ME9,798,901,1699,9085,8341,17426,2019-03-01
ME10,2621,3170,5791,17478,14944,32422,2019-03-01
ME11,272,338,610,1200,955,2155,2019-03-01
ME12,2134,2819,4953,13962,11416,25378,2019-03-01
ME13,1288,1596,2884,10280,9294,19574,2019-03-01
ME14,1453,1625,3078,12393,10708,23101,2019-03-01
ME15,2552,3138,5690,18637,15788,34425,2019-03-01
ME16,1464,1875,3339,11950,10351,22301,2019-03-01
ME17,746,871,1617,10233,9360,19593,2019-03-01
ME18,216,245,461,2952,2785,5737,2019-03-01
ME19,713,905,1618,9310,9054,18364,2019-03-01
ME20,783,931,1714,8173,7650,15823,2019-03-01
ME21,0,0,0,1,0,1,2019-03-01
ME22,0,0,0,1,0,1,2019-03-01
ME24,0,1,1,4,5,9,2019-03-01
ME30,0,0,0,1,0,1,2019-03-01
ME37,0,0,0,0,1,1,2019-03-01
ME38,0,0,0,1,0,1,2019-03-01
ME39,0,0,0,1,0,1,2019-03-01
ME50,0,0,0,1,0,1,2019-03-01
MK0,0,0,0,0,1,1,2019-03-01
MK1,74,60,134,310,177,487,2019-03-01
MK2,1334,1764,3098,5097,3768,8865,2019-03-01
MK3,1326,1800,3126,9198,8101,17299,2019-03-01
MK4,1062,1416,2478,8099,7629,15728,2019-03-01
MK5,864,1024,1888,5676,5232,10908,2019-03-01
MK6,3440,4074,7514,9165,6185,15350,2019-03-01
MK7,775,941,1716,5683,5134,10817,2019-03-01
MK8,706,926,1632,4812,4262,9074,2019-03-01
MK9,485,425,910,1294,692,1986,2019-03-01
MK10,828,1142,1970,6715,6137,12852,2019-03-01
MK11,498,658,1156,3239,2875,6114,2019-03-01
MK12,1114,1360,2474,4850,3669,8519,2019-03-01
MK13,1526,1832,3358,6809,5431,12240,2019-03-01
MK14,1765,2083,3848,7693,5960,13653,2019-03-01
MK15,389,439,828,2876,2670,5546,2019-03-01
MK16,731,857,1588,7371,6884,14255,2019-03-01
MK17,495,558,1053,7703,7531,15234,2019-03-01
MK18,1478,1535,3013,12953,12463,25416,2019-03-01
MK19,376,425,801,4895,4646,9541,2019-03-01
MK20,0,1,1,0,0,0,2019-03-01
MK34,1,0,1,1,0,1,2019-03-01
MK40,2769,2795,5564,11825,8828,20653,2019-03-01
MK41,2227,2628,4855,15633,14059,29692,2019-03-01
MK42,3272,4546,7818,17325,13909,31234,2019-03-01
MK43,1367,1371,2738,15026,14423,29449,2019-03-01
MK44,461,489,950,6834,6588,13422,2019-03-01
MK45,1464,1641,3105,18744,17697,36441,2019-03-01
MK46,248,309,557,3674,3550,7224,2019-03-01
ML1,3199,4133,7332,18500,15228,33728,2019-03-01
ML2,2247,2864,5111,12552,10329,22881,2019-03-01
ML3,2935,3760,6695,17694,14770,32464,2019-03-01
ML4,1495,1987,3482,6874,5528,12402,2019-03-01
ML5,2946,3790,6736,14483,11645,26128,2019-03-01
ML6,2968,3927,6895,18328,15450,33778,2019-03-01
ML7,739,1032,1771,5105,4184,9289,2019-03-01
ML8,681,963,1644,7209,6569,13778,2019-03-01
ML9,1180,1690,2870,8113,6916,15029,2019-03-01
ML10,409,460,869,4246,4042,8288,2019-03-01
ML11,1329,1899,3228,12720,11152,23872,2019-03-01
ML12,228,384,612,3611,3314,6925,2019-03-01
N0,1,0,1,1,1,2,2019-03-01
N1,10835,11891,22726,25789,18555,44344,2019-03-01
N1,73,106,179,242,148,390,2019-03-01
N1,0,1,1,0,1,1,2019-03-01
N1,0,1,1,0,0,0,2019-03-01
N1,1,0,1,0,0,0,2019-03-01
N1,0,0,0,0,1,1,2019-03-01
N2,2215,2441,4656,9166,8111,17277,2019-03-01
N2,0,0,0,0,1,1,2019-03-01
N3,2420,2656,5076,11767,9974,21741,2019-03-01
N4,7457,7066,14523,15650,10837,26487,2019-03-01
N5,2463,2822,5285,7717,6206,13923,2019-03-01
N6,1470,1776,3246,7176,6402,13578,2019-03-01
N7,6077,6432,12509,13400,9188,22588,2019-03-01
N8,4794,4767,9561,13335,10570,23905,2019-03-01
N9,6708,7937,14645,15686,11111,26797,2019-03-01
N10,2491,2896,5387,9466,8339,17805,2019-03-01
N11,3040,3295,6335,10802,8284,19086,2019-03-01
N12,2707,3070,5777,12510,10403,22913,2019-03-01
N13,3277,3347,6624,12284,9453,21737,2019-03-01
N14,2057,2409,4466,12197,10272,22469,2019-03-01
N15,8226,7344,15570,13614,7821,21435,2019-03-01
N16,9284,8620,17904,17932,11906,29838,2019-03-01
N17,12147,12036,24183,18909,11495,30404,2019-03-01
N18,4718,5421,10139,9830,6517,16347,2019-03-01
N19,4368,4974,9342,10101,7760,17861,2019-03-01
N20,1326,1477,2803,7964,7349,15313,2019-03-01
N21,1276,1446,2722,9203,8389,17592,2019-03-01
N22,6403,6227,12630,14709,9668,24377,2019-03-01
N41,0,0,0,0,1,1,2019-03-01
NE1,826,619,1445,1796,771,2567,2019-03-01
NE2,1546,1406,2952,5594,4122,9716,2019-03-01
NE2,0,0,0,1,0,1,2019-03-01
NE3,2927,3691,6618,17876,15429,33305,2019-03-01
NE4,4975,4308,9283,9231,4874,14105,2019-03-01
NE5,3028,4214,7242,14501,10963,25464,2019-03-01
NE6,4417,5040,9457,12006,8140,20146,2019-03-01
NE7,835,1024,1859,5259,4441,9700,2019-03-01
NE8,3151,3175,6326,8285,4806,13091,2019-03-01
NE9,2197,2879,5076,11301,8862,20163,2019-03-01
NE10,2303,3110,5413,10066,7243,17309,2019-03-01
NE11,934,1276,2210,5212,3991,9203,2019-03-01
NE12,1974,2625,4599,11544,9723,21267,2019-03-01
NE13,590,709,1299,6115,5718,11833,2019-03-01
NE15,2135,2869,5004,10298,7965,18263,2019-03-01
NE16,998,1439,2437,8922,7664,16586,2019-03-01
NE17,265,346,611,1496,1236,2732,2019-03-01
NE18,28,29,57,394,378,772,2019-03-01
NE19,36,76,112,881,848,1729,2019-03-01
NE20,317,346,663,5111,5005,10116,2019-03-01
NE21,943,1305,2248,5760,4542,10302,2019-03-01
NE22,828,1036,1864,6138,5285,11423,2019-03-01
NE23,1841,2649,4490,13531,11477,25008,2019-03-01
NE24,2077,2907,4984,12657,10277,22934,2019-03-01
NE25,1183,1574,2757,11048,10169,21217,2019-03-01
NE26,862,983,1845,7007,6490,13497,2019-03-01
NE27,622,908,1530,4704,4125,8829,2019-03-01
NE28,3079,4159,7238,13532,10407,23939,2019-03-01
NE29,2495,3110,5605,10297,8267,18564,2019-03-01
NE30,905,1065,1970,7910,7304,15214,2019-03-01
NE31,1329,1698,3027,6484,5159,11643,2019-03-01
NE32,1639,2169,3808,7445,5781,13226,2019-03-01
NE33,2253,2181,4434,8005,5642,13647,2019-03-01
NE34,3208,4167,7375,15753,12703,28456,2019-03-01
NE35,357,478,835,2094,1698,3792,2019-03-01
NE36,249,306,555,2498,2338,4836,2019-03-01
NE37,1373,1936,3309,6020,4646,10666,2019-03-01
NE38,1794,2451,4245,11028,9198,20226,2019-03-01
NE39,335,498,833,3067,2678,5745,2019-03-01
NE40,683,958,1641,5358,4651,10009,2019-03-01
NE41,73,72,145,887,825,1712,2019-03-01
NE42,548,815,1363,4318,3867,8185,2019-03-01
NE43,112,134,246,1830,1765,3595,2019-03-01
NE44,23,30,53,435,437,872,2019-03-01
NE45,112,143,255,1443,1411,2854,2019-03-01
NE46,571,749,1320,5629,5339,10968,2019-03-01
NE47,236,297,533,3121,2960,6081,2019-03-01
NE48,97,163,260,1792,1553,3345,2019-03-01
NE49,147,256,403,1594,1268,2862,2019-03-01
NE61,1150,1564,2714,12498,11478,23976,2019-03-01
NE62,406,575,981,3266,2737,6003,2019-03-01
NE63,1661,2237,3898,8743,6868,15611,2019-03-01
NE64,348,505,853,1889,1461,3350,2019-03-01
NE65,640,894,1534,7847,7156,15003,2019-03-01
NE66,560,788,1348,6616,6057,12673,2019-03-01
NE67,21,19,40,370,365,735,2019-03-01
NE68,53,59,112,723,659,1382,2019-03-01
NE69,7,9,16,143,147,290,2019-03-01
NE70,59,80,139,695,675,1370,2019-03-01
NE71,85,120,205,1173,1077,2250,2019-03-01
NE99,4,0,4,7,0,7,2019-03-01
NG1,1069,922,1991,2220,1190,3410,2019-03-01
NG1,0,0,0,0,1,1,2019-03-01
NG2,3785,4301,8086,18416,15229,33645,2019-03-01
NG3,3785,4810,8595,14809,11350,26159,2019-03-01
NG4,2021,2760,4781,13988,11958,25946,2019-03-01
NG5,5580,7608,13188,27957,23399,51356,2019-03-01
NG6,2903,4019,6922,10612,8118,18730,2019-03-01
NG7,5675,5237,10912,10474,5631,16105,2019-03-01
NG8,4809,6557,11366,18828,14733,33561,2019-03-01
NG9,4000,4611,8611,25224,21466,46690,2019-03-01
NG10,2452,2999,5451,16755,14316,31071,2019-03-01
NG11,2244,2975,5219,12320,10054,22374,2019-03-01
NG12,1176,1497,2673,13047,12400,25447,2019-03-01
NG13,639,778,1417,8506,8108,16614,2019-03-01
NG14,577,720,1297,7478,7072,14550,2019-03-01
NG15,1796,2503,4299,15587,13437,29024,2019-03-01
NG16,2630,3469,6099,23647,20322,43969,2019-03-01
NG17,3637,4581,8218,24974,20880,45854,2019-03-01
NG18,2436,2710,5146,14293,12030,26323,2019-03-01
NG19,2508,3147,5655,18567,15539,34106,2019-03-01
NG20,1502,2050,3552,8914,6934,15848,2019-03-01
NG21,951,1225,2176,8445,7405,15850,2019-03-01
NG22,1125,1391,2516,10492,9314,19806,2019-03-01
NG23,420,462,882,7578,7346,14924,2019-03-01
NG24,2304,2992,5296,16463,13785,30248,2019-03-01
NG25,279,360,639,3380,3326,6706,2019-03-01
NG31,2394,3023,5417,16105,13405,29510,2019-03-01
NG32,379,404,783,5612,5303,10915,2019-03-01
NG33,281,346,627,4107,3852,7959,2019-03-01
NG34,1535,1755,3290,15923,14667,30590,2019-03-01
NG54,0,1,1,0,0,0,2019-03-01
NN1,3565,3228,6793,10438,6544,16982,2019-03-01
NN2,2766,2971,5737,13689,10785,24474,2019-03-01
NN3,4930,6163,11093,27185,22492,49677,2019-03-01
NN4,2293,2857,5150,18386,16362,34748,2019-03-01
NN5,2311,2838,5149,15060,12283,27343,2019-03-01
NN6,960,1104,2064,14833,14237,29070,2019-03-01
NN7,796,963,1759,12208,11515,23723,2019-03-01
NN8,3470,4078,7548,17929,14308,32237,2019-03-01
NN9,955,1253,2208,10900,9738,20638,2019-03-01
NN10,1563,2002,3565,15070,13390,28460,2019-03-01
NN11,1805,2316,4121,15231,13114,28345,2019-03-01
NN12,752,876,1628,10223,9514,19737,2019-03-01
NN13,636,768,1404,8213,7711,15924,2019-03-01
NN14,1315,1682,2997,17895,16538,34433,2019-03-01
NN15,1418,1820,3238,14499,13209,27708,2019-03-01
NN16,2130,2524,4654,10369,7754,18123,2019-03-01
NN17,1950,2387,4337,10479,8328,18807,2019-03-01
NN18,2672,3366,6038,12380,9756,22136,2019-03-01
NN28,1,0,1,0,0,0,2019-03-01
NN29,357,409,766,4615,4297,8912,2019-03-01
NO3,0,1,1,0,0,0,2019-03-01
NP0,0,0,0,0,1,1,2019-03-01
NP1,89,97,186,231,169,400,2019-03-01
NP1,0,0,0,0,1,1,2019-03-01
NP2,33,30,63,138,74,212,2019-03-01
NP2,0,0,0,1,0,1,2019-03-01
NP3,36,41,77,121,73,194,2019-03-01
NP4,1799,2492,4291,16065,13950,30015,2019-03-01
NP5,12,13,25,49,46,95,2019-03-01
NP6,33,37,70,165,92,257,2019-03-01
NP7,850,1130,1980,10237,9549,19786,2019-03-01
NP8,142,200,342,2184,2114,4298,2019-03-01
NP9,76,44,120,179,78,257,2019-03-01
NP10,907,1154,2061,9208,8567,17775,2019-03-01
NP11,1703,2288,3991,12761,10646,23407,2019-03-01
NP12,1415,1947,3362,11498,9957,21455,2019-03-01
NP13,950,1404,2354,6512,4967,11479,2019-03-01
NP15,134,162,296,3232,3130,6362,2019-03-01
NP16,864,1048,1912,9069,8407,17476,2019-03-01
NP18,553,707,1260,6673,6187,12860,2019-03-01
NP19,3864,4553,8417,17187,13508,30695,2019-03-01
NP20,3481,4273,7754,16491,13023,29514,2019-03-01
NP21,0,0,0,1,0,1,2019-03-01
NP22,1138,1588,2726,7081,5637,12718,2019-03-01
NP23,1556,2181,3737,10977,8804,19781,2019-03-01
NP24,295,389,684,1471,1059,2530,2019-03-01
NP25,508,565,1073,6120,5710,11830,2019-03-01
NP26,773,974,1747,8931,8153,17084,2019-03-01
NP41,0,0,0,1,0,1,2019-03-01
NP42,1,0,1,0,0,0,2019-03-01
NP44,2442,3116,5558,16460,14216,30676,2019-03-01
NR0,0,0,0,1,1,2,2019-03-01
NR1,1899,1956,3855,8682,6686,15368,2019-03-01
NR2,1676,1921,3597,7867,6790,14657,2019-03-01
NR3,2591,2854,5445,10516,7913,18429,2019-03-01
NR4,1148,1377,2525,7330,6705,14035,2019-03-01
NR5,1965,2329,4294,9023,7485,16508,2019-03-01
NR6,906,1118,2024,9251,8243,17494,2019-03-01
NR7,1231,1449,2680,12335,11170,23505,2019-03-01
NR8,614,769,1383,8418,8092,16510,2019-03-01
NR9,453,560,1013,7215,6964,14179,2019-03-01
NR10,676,788,1464,9194,8729,17923,2019-03-01
NR11,553,656,1209,7332,6949,14281,2019-03-01
NR12,615,715,1330,8541,7969,16510,2019-03-01
NR13,743,844,1587,10959,10485,21444,2019-03-01
NR14,717,745,1462,10210,9861,20071,2019-03-01
NR15,422,522,944,6322,6170,12492,2019-03-01
NR16,325,412,737,5163,4954,10117,2019-03-01
NR17,546,611,1157,6513,5910,12423,2019-03-01
NR18,624,767,1391,7153,6787,13940,2019-03-01
NR19,792,976,1768,7366,6583,13949,2019-03-01
NR20,561,657,1218,7721,7283,15004,2019-03-01
NR21,531,646,1177,6269,5711,11980,2019-03-01
NR22,38,48,86,323,314,637,2019-03-01
NR23,113,139,252,1146,1024,2170,2019-03-01
NR24,114,156,270,1744,1657,3401,2019-03-01
NR25,300,328,628,3293,3109,6402,2019-03-01
NR26,293,379,672,2967,2770,5737,2019-03-01
NR27,504,563,1067,4172,3820,7992,2019-03-01
NR28,634,751,1385,6457,5886,12343,2019-03-01
NR29,637,806,1443,8302,7554,15856,2019-03-01
NR30,2343,2445,4788,9299,6782,16081,2019-03-01
NR31,2590,3080,5670,17288,14572,31860,2019-03-01
NR32,2140,2301,4441,13660,11691,25351,2019-03-01
NR33,1732,2006,3738,14132,12553,26685,2019-03-01
NR34,717,894,1611,8729,7963,16692,2019-03-01
NR35,354,426,780,4310,3947,8257,2019-03-01
NW0,3,1,4,3,1,4,2019-03-01
NW1,7301,7946,15247,16454,10915,27369,2019-03-01
NW1,0,1,1,0,0,0,2019-03-01
NW2,11486,10156,21642,25871,16775,42646,2019-03-01
NW3,4860,5739,10599,19831,16672,36503,2019-03-01
NW4,3779,3784,7563,13491,10258,23749,2019-03-01
NW5,3453,3974,7427,8383,6679,15062,2019-03-01
NW5,0,1,1,0,0,0,2019-03-01
NW6,8749,8784,17533,22269,17026,39295,2019-03-01
NW7,1991,2423,4414,10810,9557,20367,2019-03-01
NW8,4052,4813,8865,12546,9573,22119,2019-03-01
NW9,9446,9536,18982,27202,17917,45119,2019-03-01
NW10,17461,15993,33454,30997,19942,50939,2019-03-01
NW11,3673,3463,7136,14074,12176,26250,2019-03-01
NW12,3,1,4,2,2,4,2019-03-01
NW13,0,1,1,3,1,4,2019-03-01
NW14,1,0,1,1,0,1,2019-03-01
NW15,0,0,0,2,0,2,2019-03-01
NW16,4,1,5,3,0,3,2019-03-01
NW17,0,0,0,2,1,3,2019-03-01
NW18,1,0,1,1,1,2,2019-03-01
NW19,0,1,1,1,1,2,2019-03-01
NW20,0,1,1,1,0,1,2019-03-01
NW21,1,0,1,0,0,0,2019-03-01
NW22,1,0,1,2,0,2,2019-03-01
NW24,1,0,1,0,0,0,2019-03-01
NW25,0,0,0,0,2,2,2019-03-01
NW26,1,1,2,0,0,0,2019-03-01
NW28,0,0,0,0,1,1,2019-03-01
NW44,2,0,2,0,0,0,2019-03-01
NW51,1,0,1,0,0,0,2019-03-01
NW70,1,0,1,0,0,0,2019-03-01
NW77,0,1,1,0,0,0,2019-03-01
NW96,0,0,0,1,0,1,2019-03-01
NW99,2,0,2,1,0,1,2019-03-01
OL0,1,0,1,0,0,0,2019-03-01
OL1,2007,2393,4400,5971,4302,10273,2019-03-01
OL1,1,0,1,0,0,0,2019-03-01
OL2,1979,2522,4501,14698,12774,27472,2019-03-01
OL3,532,548,1080,6099,5850,11949,2019-03-01
OL4,2908,3495,6403,14473,11296,25769,2019-03-01
OL5,521,680,1201,4012,3470,7482,2019-03-01
OL6,2170,2585,4755,9266,6933,16199,2019-03-01
OL7,1145,1538,2683,5384,3989,9373,2019-03-01
OL8,3511,4307,7818,11447,7627,19074,2019-03-01
OL9,3002,3580,6582,12848,9493,22341,2019-03-01
OL10,1906,2314,4220,9289,7711,17000,2019-03-01
OL11,3098,3818,6916,14704,11704,26408,2019-03-01
OL12,2662,3415,6077,15498,12949,28447,2019-03-01
OL13,812,1071,1883,5636,4794,10430,2019-03-01
OL14,823,1099,1922,5283,4692,9975,2019-03-01
OL15,615,719,1334,5534,4947,10481,2019-03-01
OL16,2581,3101,5682,12176,9588,21764,2019-03-01
OX0,1,1,2,0,0,0,2019-03-01
OX1,1740,1408,3148,6144,4864,11008,2019-03-01
OX2,3040,3253,6293,13459,12286,25745,2019-03-01
OX3,3403,4208,7611,13585,11261,24846,2019-03-01
OX4,5987,6186,12173,17957,13558,31515,2019-03-01
OX5,1432,1480,2912,9289,8235,17524,2019-03-01
OX6,33,27,60,75,67,142,2019-03-01
OX7,838,1085,1923,9547,9173,18720,2019-03-01
OX8,48,47,95,170,140,310,2019-03-01
OX9,577,667,1244,5908,5637,11545,2019-03-01
OX10,1127,1331,2458,10280,9597,19877,2019-03-01
OX11,1616,2100,3716,14824,13125,27949,2019-03-01
OX12,1080,1327,2407,10491,9583,20074,2019-03-01
OX13,502,650,1152,5801,5421,11222,2019-03-01
OX14,2134,2532,4666,16850,15048,31898,2019-03-01
OX15,591,659,1250,8366,8152,16518,2019-03-01
OX16,2915,3656,6571,16608,13163,29771,2019-03-01
OX17,481,561,1042,7488,7239,14727,2019-03-01
OX18,935,1216,2151,9748,8907,18655,2019-03-01
OX20,196,234,430,1936,1953,3889,2019-03-01
OX23,0,0,0,1,0,1,2019-03-01
OX25,342,500,842,4109,3918,8027,2019-03-01
OX26,1801,2235,4036,12702,11027,23729,2019-03-01
OX27,222,305,527,2861,2855,5716,2019-03-01
OX28,1294,1554,2848,9857,9059,18916,2019-03-01
OX29,820,925,1745,9629,9210,18839,2019-03-01
OX33,288,294,582,3120,2988,6108,2019-03-01
OX39,169,214,383,3133,2997,6130,2019-03-01
OX44,242,346,588,3361,3209,6570,2019-03-01
OX49,119,149,268,1694,1730,3424,2019-03-01
PA0,0,0,0,1,0,1,2019-03-01
PA1,1486,1659,3145,6968,5530,12498,2019-03-01
PA2,2304,2955,5259,13191,11464,24655,2019-03-01
PA3,1973,2426,4399,6824,5243,12067,2019-03-01
PA4,1386,1780,3166,8400,7303,15703,2019-03-01
PA5,1372,1826,3198,7013,5721,12734,2019-03-01
PA6,163,211,374,2669,2649,5318,2019-03-01
PA7,211,273,484,2968,2812,5780,2019-03-01
PA8,747,968,1715,5310,4823,10133,2019-03-01
PA9,58,81,139,722,676,1398,2019-03-01
PA10,136,205,341,1455,1403,2858,2019-03-01
PA11,218,260,478,2277,2167,4444,2019-03-01
PA12,145,190,335,1272,1232,2504,2019-03-01
PA13,150,161,311,1796,1834,3630,2019-03-01
PA14,1253,1552,2805,4833,3995,8828,2019-03-01
PA15,1395,1621,3016,4502,3543,8045,2019-03-01
PA16,1949,2249,4198,9012,8002,17014,2019-03-01
PA17,78,90,168,898,822,1720,2019-03-01
PA18,74,107,181,1026,996,2022,2019-03-01
PA19,529,643,1172,4127,3697,7824,2019-03-01
PA20,343,450,793,2105,1713,3818,2019-03-01
PA21,38,31,69,339,290,629,2019-03-01
PA22,13,6,19,135,136,271,2019-03-01
PA23,731,917,1648,4328,4003,8331,2019-03-01
PA24,23,22,45,212,163,375,2019-03-01
PA25,0,4,4,27,25,52,2019-03-01
PA26,12,6,18,58,47,105,2019-03-01
PA27,17,37,54,303,293,596,2019-03-01
PA28,394,461,855,2558,2195,4753,2019-03-01
PA29,100,95,195,872,768,1640,2019-03-01
PA30,66,78,144,520,502,1022,2019-03-01
PA31,208,240,448,2041,1809,3850,2019-03-01
PA32,45,59,104,488,441,929,2019-03-01
PA33,33,33,66,309,262,571,2019-03-01
PA34,627,732,1359,3785,3290,7075,2019-03-01
PA35,46,73,119,548,539,1087,2019-03-01
PA36,1,1,2,19,14,33,2019-03-01
PA37,121,145,266,1172,1109,2281,2019-03-01
PA38,32,32,64,377,350,727,2019-03-01
PA39,3,0,3,3,5,8,2019-03-01
PA40,1,2,3,5,2,7,2019-03-01
PA41,9,14,23,54,54,108,2019-03-01
PA42,56,79,135,415,338,753,2019-03-01
PA43,51,64,115,296,263,559,2019-03-01
PA44,7,13,20,117,114,231,2019-03-01
PA45,12,10,22,62,42,104,2019-03-01
PA46,7,9,16,72,71,143,2019-03-01
PA47,5,8,13,68,60,128,2019-03-01
PA48,20,16,36,112,128,240,2019-03-01
PA49,5,11,16,72,72,144,2019-03-01
PA60,10,17,27,89,69,158,2019-03-01
PA61,7,14,21,55,54,109,2019-03-01
PA62,2,2,4,11,9,20,2019-03-01
PA63,1,0,1,3,4,7,2019-03-01
PA64,2,3,5,35,37,72,2019-03-01
PA65,12,9,21,89,85,174,2019-03-01
PA66,2,11,13,73,71,144,2019-03-01
PA67,16,13,29,98,99,197,2019-03-01
PA68,0,0,0,6,3,9,2019-03-01
PA69,1,1,2,11,6,17,2019-03-01
PA70,4,2,6,27,28,55,2019-03-01
PA71,1,0,1,25,17,42,2019-03-01
PA72,16,16,32,186,182,368,2019-03-01
PA73,3,3,6,24,23,47,2019-03-01
PA74,1,2,3,17,14,31,2019-03-01
PA75,68,79,147,582,558,1140,2019-03-01
PA76,5,6,11,59,65,124,2019-03-01
PA77,21,35,56,247,259,506,2019-03-01
PA78,11,12,23,74,66,140,2019-03-01
PA80,14,14,28,117,86,203,2019-03-01
PA81,4,6,10,18,10,28,2019-03-01
PA82,5,5,10,12,14,26,2019-03-01
PA83,0,0,0,1,1,2,2019-03-01
PA84,0,1,1,1,0,1,2019-03-01
PA85,3,3,6,2,5,7,2019-03-01
PA86,22,35,57,74,72,146,2019-03-01
PA87,27,38,65,48,38,86,2019-03-01
PA88,4,2,6,8,4,12,2019-03-01
PE1,5003,5086,10089,15785,9966,25751,2019-03-01
PE2,2957,3763,6720,17211,14059,31270,2019-03-01
PE3,2307,3031,5338,10308,7559,17867,2019-03-01
PE4,1515,1995,3510,10274,8859,19133,2019-03-01
PE5,33,37,70,646,609,1255,2019-03-01
PE6,1167,1524,2691,15127,14266,29393,2019-03-01
PE7,1711,2276,3987,17393,15506,32899,2019-03-01
PE8,571,715,1286,7159,6744,13903,2019-03-01
PE9,1219,1532,2751,12353,11729,24082,2019-03-01
PE10,786,1045,1831,9279,8651,17930,2019-03-01
PE11,1872,2187,4059,16781,13951,30732,2019-03-01
PE12,1288,1610,2898,16142,14251,30393,2019-03-01
PE13,1978,2076,4054,12961,10777,23738,2019-03-01
PE14,679,804,1483,8931,8181,17112,2019-03-01
PE15,1170,1436,2606,11183,9978,21161,2019-03-01
PE16,384,519,903,4276,3689,7965,2019-03-01
PE17,63,46,109,158,113,271,2019-03-01
PE18,50,79,129,120,95,215,2019-03-01
PE19,1829,2237,4066,17337,15774,33111,2019-03-01
PE20,509,611,1120,5762,5130,10892,2019-03-01
PE21,2629,2751,5380,14497,11504,26001,2019-03-01
PE22,484,603,1087,6966,6267,13233,2019-03-01
PE23,304,325,629,3499,3224,6723,2019-03-01
PE24,467,558,1025,4827,4020,8847,2019-03-01
PE25,1346,1466,2812,7336,5827,13163,2019-03-01
PE26,395,525,920,4599,4154,8753,2019-03-01
PE27,884,1132,2016,7832,6844,14676,2019-03-01
PE28,1496,1765,3261,19106,18242,37348,2019-03-01
PE29,1756,2194,3950,10301,8651,18952,2019-03-01
PE30,2728,3108,5836,14633,12426,27059,2019-03-01
PE31,497,588,1085,7818,7380,15198,2019-03-01
PE32,443,490,933,6372,6082,12454,2019-03-01
PE33,418,553,971,6193,5683,11876,2019-03-01
PE34,451,545,996,5701,5182,10883,2019-03-01
PE35,3,2,5,39,34,73,2019-03-01
PE36,236,280,516,2296,2159,4455,2019-03-01
PE37,374,500,874,4200,3780,7980,2019-03-01
PE38,500,595,1095,5841,5226,11067,2019-03-01
PE99,0,0,0,1,0,1,2019-03-01
PH1,2467,3156,5623,14563,12339,26902,2019-03-01
PH2,1542,1774,3316,12824,11918,24742,2019-03-01
PH3,246,285,531,2578,2459,5037,2019-03-01
PH4,30,48,78,371,357,728,2019-03-01
PH5,22,58,80,333,309,642,2019-03-01
PH6,75,92,167,1001,983,1984,2019-03-01
PH7,378,466,844,3360,3096,6456,2019-03-01
PH8,86,103,189,815,754,1569,2019-03-01
PH9,20,40,60,372,347,719,2019-03-01
PH10,457,512,969,4184,3833,8017,2019-03-01
PH11,133,178,311,1367,1164,2531,2019-03-01
PH12,53,66,119,812,721,1533,2019-03-01
PH13,186,204,390,1607,1412,3019,2019-03-01
PH14,42,77,119,851,828,1679,2019-03-01
PH15,165,211,376,1399,1220,2619,2019-03-01
PH16,169,203,372,1551,1438,2989,2019-03-01
PH17,9,6,15,80,63,143,2019-03-01
PH18,27,44,71,312,260,572,2019-03-01
PH19,2,4,6,42,34,76,2019-03-01
PH20,57,82,139,626,561,1187,2019-03-01
PH21,95,105,200,837,772,1609,2019-03-01
PH22,197,246,443,1269,1117,2386,2019-03-01
PH23,28,32,60,319,328,647,2019-03-01
PH24,22,20,42,309,281,590,2019-03-01
PH25,32,30,62,361,356,717,2019-03-01
PH26,164,163,327,1454,1333,2787,2019-03-01
PH30,0,0,0,5,3,8,2019-03-01
PH31,16,26,42,238,235,473,2019-03-01
PH32,36,45,81,285,252,537,2019-03-01
PH33,691,893,1584,4208,3550,7758,2019-03-01
PH34,33,45,78,447,400,847,2019-03-01
PH35,19,18,37,137,112,249,2019-03-01
PH36,33,68,101,526,476,1002,2019-03-01
PH37,6,10,16,65,52,117,2019-03-01
PH38,10,13,23,86,82,168,2019-03-01
PH39,32,22,54,162,166,328,2019-03-01
PH40,21,18,39,126,103,229,2019-03-01
PH41,69,60,129,362,321,683,2019-03-01
PH42,3,7,10,39,32,71,2019-03-01
PH43,2,2,4,9,9,18,2019-03-01
PH44,3,1,4,3,6,9,2019-03-01
PH49,40,57,97,430,379,809,2019-03-01
PH50,46,78,124,318,242,560,2019-03-01
PL0,0,1,1,0,0,0,2019-03-01
PL1,2260,2258,4518,7131,4705,11836,2019-03-01
PL2,2265,2751,5016,9938,8150,18088,2019-03-01
PL3,1750,2093,3843,10708,9392,20100,2019-03-01
PL4,2845,2634,5479,8559,5891,14450,2019-03-01
PL5,2777,3761,6538,13546,11173,24719,2019-03-01
PL6,1911,2486,4397,15239,13564,28803,2019-03-01
PL7,1130,1449,2579,11655,10997,22652,2019-03-01
PL8,183,157,340,2497,2487,4984,2019-03-01
PL9,990,1232,2222,11284,10626,21910,2019-03-01
PL10,158,207,365,1309,1200,2509,2019-03-01
PL11,526,685,1211,3925,3438,7363,2019-03-01
PL12,851,1023,1874,8462,7873,16335,2019-03-01
PL13,359,486,845,3864,3433,7297,2019-03-01
PL14,873,1151,2024,9065,8498,17563,2019-03-01
PL15,610,788,1398,8083,7506,15589,2019-03-01
PL16,43,60,103,836,790,1626,2019-03-01
PL17,337,368,705,4101,3715,7816,2019-03-01
PL18,167,248,415,2073,1966,4039,2019-03-01
PL19,588,667,1255,6282,6057,12339,2019-03-01
PL20,416,491,907,4706,4588,9294,2019-03-01
PL21,577,715,1292,7030,6896,13926,2019-03-01
PL22,114,163,277,1443,1409,2852,2019-03-01
PL23,118,147,265,1231,1228,2459,2019-03-01
PL24,444,568,1012,3856,3577,7433,2019-03-01
PL25,1218,1352,2570,9336,8536,17872,2019-03-01
PL26,1164,1269,2433,10659,9549,20208,2019-03-01
PL27,379,512,891,4677,4546,9223,2019-03-01
PL28,194,199,393,1573,1534,3107,2019-03-01
PL29,36,25,61,374,359,733,2019-03-01
PL30,248,293,541,4426,4201,8627,2019-03-01
PL31,780,921,1701,5417,4659,10076,2019-03-01
PL32,143,202,345,1680,1582,3262,2019-03-01
PL33,67,77,144,747,710,1457,2019-03-01
PL34,67,74,141,698,659,1357,2019-03-01
PL35,32,40,72,402,394,796,2019-03-01
PO1,2731,3097,5828,7034,4558,11592,2019-03-01
PO2,3333,4192,7525,13296,10033,23329,2019-03-01
PO3,1204,1436,2640,7040,5995,13035,2019-03-01
PO4,2841,3229,6070,13087,10527,23614,2019-03-01
PO5,2585,2510,5095,7769,5371,13140,2019-03-01
PO6,2607,3151,5758,14253,12224,26477,2019-03-01
PO7,1682,2077,3759,16335,15029,31364,2019-03-01
PO8,1274,1539,2813,13984,13125,27109,2019-03-01
PO9,3118,4130,7248,16472,14316,30788,2019-03-01
PO10,636,789,1425,7351,6936,14287,2019-03-01
PO11,645,702,1347,7329,6742,14071,2019-03-01
PO12,2672,3120,5792,16312,14119,30431,2019-03-01
PO13,1971,2533,4504,12254,11110,23364,2019-03-01
PO14,1189,1332,2521,12906,12232,25138,2019-03-01
PO15,869,949,1818,8700,8097,16797,2019-03-01
PO16,1281,1375,2656,12352,11313,23665,2019-03-01
PO17,222,227,449,2783,2562,5345,2019-03-01
PO18,464,533,997,5803,5728,11531,2019-03-01
PO19,1647,1921,3568,10603,10107,20710,2019-03-01
PO20,1182,1345,2527,13542,12912,26454,2019-03-01
PO21,2090,2117,4207,14590,12997,27587,2019-03-01
PO22,1152,1367,2519,11814,11107,22921,2019-03-01
PO30,1490,1727,3217,10261,9530,19791,2019-03-01
PO31,656,757,1413,5379,5101,10480,2019-03-01
PO32,420,480,900,3105,2851,5956,2019-03-01
PO33,1682,1993,3675,10714,9676,20390,2019-03-01
PO34,59,68,127,904,907,1811,2019-03-01
PO35,144,131,275,1442,1419,2861,2019-03-01
PO36,821,949,1770,5958,5459,11417,2019-03-01
PO37,480,509,989,3450,3028,6478,2019-03-01
PO38,570,665,1235,4926,4490,9416,2019-03-01
PO39,91,132,223,991,935,1926,2019-03-01
PO40,245,264,509,2169,2074,4243,2019-03-01
PO41,65,67,132,956,925,1881,2019-03-01
PR1,5210,5783,10993,20656,15296,35952,2019-03-01
PR2,4158,5133,9291,26853,22948,49801,2019-03-01
PR3,961,1145,2106,15885,15096,30981,2019-03-01
PR4,1842,2324,4166,24540,22846,47386,2019-03-01
PR5,1652,2089,3741,15109,13424,28533,2019-03-01
PR6,1352,1615,2967,13547,12353,25900,2019-03-01
PR7,2092,2590,4682,22708,20722,43430,2019-03-01
PR8,2613,3042,5655,19524,17850,37374,2019-03-01
PR9,1949,2261,4210,15671,13748,29419,2019-03-01
PR23,0,0,0,1,0,1,2019-03-01
PR25,1378,1741,3119,11333,10334,21667,2019-03-01
PR26,474,517,991,5193,4898,10091,2019-03-01
QF62,0,0,0,1,0,1,2019-03-01
RG1,5436,5244,10680,14695,8927,23622,2019-03-01
RG2,3307,3923,7230,14160,10669,24829,2019-03-01
RG3,28,25,53,92,48,140,2019-03-01
RG4,1746,2165,3911,15465,14293,29758,2019-03-01
RG5,1098,1277,2375,10359,9551,19910,2019-03-01
RG6,2069,2251,4320,14597,12538,27135,2019-03-01
RG7,1111,1359,2470,13574,12942,26516,2019-03-01
RG8,764,707,1471,7898,7657,15555,2019-03-01
RG9,998,995,1993,9522,9408,18930,2019-03-01
RG10,613,625,1238,7616,7331,14947,2019-03-01
RG11,33,26,59,93,61,154,2019-03-01
RG12,3070,3824,6894,21326,18458,39784,2019-03-01
RG13,29,41,70,80,67,147,2019-03-01
RG14,1983,2322,4305,14985,12819,27804,2019-03-01
RG15,19,24,43,71,55,126,2019-03-01
RG16,18,21,39,96,68,164,2019-03-01
RG17,603,653,1256,6006,5678,11684,2019-03-01
RG18,725,835,1560,7355,6820,14175,2019-03-01
RG19,732,794,1526,6561,6065,12626,2019-03-01
RG20,618,719,1337,8163,7942,16105,2019-03-01
RG21,2108,2344,4452,9839,7636,17475,2019-03-01
RG22,2061,2647,4708,15533,13624,29157,2019-03-01
RG23,559,679,1238,4977,4498,9475,2019-03-01
RG24,1579,2055,3634,12985,11481,24466,2019-03-01
RG25,282,313,595,3582,3366,6948,2019-03-01
RG26,794,960,1754,9134,8419,17553,2019-03-01
RG27,631,675,1306,9334,9288,18622,2019-03-01
RG28,226,284,510,2298,2087,4385,2019-03-01
RG29,192,271,463,2629,2551,5180,2019-03-01
RG30,3845,4550,8395,16058,12400,28458,2019-03-01
RG31,1162,1500,2662,11103,10064,21167,2019-03-01
RG33,0,0,0,0,1,1,2019-03-01
RG34,0,0,0,0,1,1,2019-03-01
RG40,1044,1130,2174,12093,11558,23651,2019-03-01
RG41,1058,1191,2249,11902,11556,23458,2019-03-01
RG42,1079,1159,2238,10813,10340,21153,2019-03-01
RG45,456,497,953,5638,5524,11162,2019-03-01
RH1,2512,3005,5517,18015,16218,34233,2019-03-01
RH2,993,1247,2240,10147,9747,19894,2019-03-01
RH3,129,117,246,1828,1789,3617,2019-03-01
RH4,694,818,1512,6062,5724,11786,2019-03-01
RH5,652,651,1303,6957,6640,13597,2019-03-01
RH6,1395,1540,2935,12852,11822,24674,2019-03-01
RH7,475,383,858,3865,3362,7227,2019-03-01
RH8,589,674,1263,6072,6001,12073,2019-03-01
RH9,183,218,401,2233,2227,4460,2019-03-01
RH10,3803,4107,7910,26529,22606,49135,2019-03-01
RH11,4559,5442,10001,20083,15529,35612,2019-03-01
RH12,1842,2187,4029,18975,18013,36988,2019-03-01
RH13,1316,1568,2884,15397,14604,30001,2019-03-01
RH14,498,591,1089,6422,6128,12550,2019-03-01
RH15,1415,1588,3003,12075,11454,23529,2019-03-01
RH16,1604,1868,3472,13592,12835,26427,2019-03-01
RH17,648,759,1407,7884,7807,15691,2019-03-01
RH18,279,297,576,1926,1960,3886,2019-03-01
RH19,1429,1633,3062,13999,13028,27027,2019-03-01
RH20,694,738,1432,10789,10760,21549,2019-03-01
RM1,1447,1686,3133,7665,6367,14032,2019-03-01
RM2,585,697,1282,5089,4627,9716,2019-03-01
RM3,3016,3937,6953,14868,12316,27184,2019-03-01
RM4,135,153,288,2001,1869,3870,2019-03-01
RM5,1213,1522,2735,7015,6131,13146,2019-03-01
RM6,3126,3836,6962,11590,8708,20298,2019-03-01
RM7,2206,2773,4979,10371,8385,18756,2019-03-01
RM8,4764,5583,10347,13689,9636,23325,2019-03-01
RM9,3846,4869,8715,11342,7622,18964,2019-03-01
RM10,4209,5278,9487,11843,8141,19984,2019-03-01
RM11,1374,1616,2990,12406,11540,23946,2019-03-01
RM12,1808,2193,4001,12905,11191,24096,2019-03-01
RM13,2002,2394,4396,10847,8906,19753,2019-03-01
RM14,995,1085,2080,10658,9991,20649,2019-03-01
RM15,1830,2286,4116,10776,8807,19583,2019-03-01
RM16,1985,2513,4498,15606,13718,29324,2019-03-01
RM17,1987,2571,4558,10334,7546,17880,2019-03-01
RM18,1441,1885,3326,5840,4608,10448,2019-03-01
RM19,503,703,1206,2626,1880,4506,2019-03-01
RM20,477,617,1094,2452,1596,4048,2019-03-01
S1,621,437,1058,1069,482,1551,2019-03-01
S2,3852,4485,8337,10288,6770,17058,2019-03-01
S3,1951,1600,3551,3435,1545,4980,2019-03-01
S4,1438,1426,2864,3296,1792,5088,2019-03-01
S5,4621,6211,10832,16245,11634,27879,2019-03-01
S6,3174,3855,7029,18943,15864,34807,2019-03-01
S6,0,0,0,0,1,1,2019-03-01
S7,1251,1161,2412,5990,5009,10999,2019-03-01
S7,0,0,0,1,0,1,2019-03-01
S8,2616,3128,5744,14840,12509,27349,2019-03-01
S8,0,0,0,1,0,1,2019-03-01
S9,2201,2644,4845,8316,5174,13490,2019-03-01
S10,2249,2220,4469,13198,11667,24865,2019-03-01
S11,1759,1823,3582,10735,9863,20598,2019-03-01
S12,1563,2256,3819,11913,9434,21347,2019-03-01
S13,1520,2114,3634,9812,7838,17650,2019-03-01
S14,805,1067,1872,2173,1398,3571,2019-03-01
S16,0,0,0,0,1,1,2019-03-01
S17,459,575,1034,6114,5990,12104,2019-03-01
S18,720,853,1573,9571,9006,18577,2019-03-01
S19,4,9,13,47,33,80,2019-03-01
S20,1147,1617,2764,10904,9309,20213,2019-03-01
S21,764,1105,1869,7546,6407,13953,2019-03-01
S22,0,1,1,0,0,0,2019-03-01
S24,0,0,0,0,1,1,2019-03-01
S25,806,1169,1975,7740,6741,14481,2019-03-01
S26,879,1293,2172,9576,8415,17991,2019-03-01
S29,0,0,0,1,0,1,2019-03-01
S30,32,29,61,148,124,272,2019-03-01
S31,23,29,52,92,35,127,2019-03-01
S32,147,170,317,2344,2333,4677,2019-03-01
S33,144,151,295,1956,1864,3820,2019-03-01
S35,1347,1819,3166,15224,13478,28702,2019-03-01
S36,939,1246,2185,10887,9717,20604,2019-03-01
S37,1,0,1,0,0,0,2019-03-01
S40,1756,2187,3943,12110,10258,22368,2019-03-01
S41,1821,2340,4161,12285,10324,22609,2019-03-01
S42,1017,1416,2433,10748,9429,20177,2019-03-01
S43,1882,2610,4492,14174,11589,25763,2019-03-01
S44,1016,1377,2393,7719,6377,14096,2019-03-01
S45,576,817,1393,4848,4028,8876,2019-03-01
S46,0,0,0,3,0,3,2019-03-01
S49,0,0,0,1,0,1,2019-03-01
S60,1792,2491,4283,13878,11334,25212,2019-03-01
S61,2025,2623,4648,11326,8973,20299,2019-03-01
S62,1099,1488,2587,6448,4962,11410,2019-03-01
S63,2488,3114,5602,13335,10595,23930,2019-03-01
S64,1825,2277,4102,10288,8076,18364,2019-03-01
S65,2545,2968,5513,9992,7122,17114,2019-03-01
S66,2035,2837,4872,16115,13646,29761,2019-03-01
S68,0,0,0,0,1,1,2019-03-01
S70,2584,2989,5573,12727,9256,21983,2019-03-01
S71,2599,3337,5936,15626,12455,28081,2019-03-01
S72,1380,1804,3184,8607,6862,15469,2019-03-01
S73,1549,2039,3588,9499,7546,17045,2019-03-01
S74,852,1265,2117,5965,4846,10811,2019-03-01
S75,1523,2060,3583,16607,14615,31222,2019-03-01
S80,1753,2069,3822,10067,8022,18089,2019-03-01
S81,1380,1891,3271,13976,12308,26284,2019-03-01
SA1,4369,4329,8698,13504,9006,22510,2019-03-01
SA2,1711,1784,3495,12717,11371,24088,2019-03-01
SA3,783,849,1632,10396,10183,20579,2019-03-01
SA4,1477,1910,3387,16631,15757,32388,2019-03-01
SA5,2088,2929,5017,11300,9202,20502,2019-03-01
SA6,1607,2262,3869,11393,9628,21021,2019-03-01
SA7,554,756,1310,5531,5043,10574,2019-03-01
SA8,451,608,1059,4726,4306,9032,2019-03-01
SA9,526,708,1234,5610,5017,10627,2019-03-01
SA10,1031,1458,2489,11278,9900,21178,2019-03-01
SA11,1673,2299,3972,12013,9842,21855,2019-03-01
SA12,1757,2192,3949,10597,9156,19753,2019-03-01
SA13,998,1230,2228,6642,5351,11993,2019-03-01
SA14,1178,1492,2670,12435,11378,23813,2019-03-01
SA15,1764,2099,3863,12447,10558,23005,2019-03-01
SA16,309,393,702,3122,2800,5922,2019-03-01
SA17,334,406,740,3556,3181,6737,2019-03-01
SA18,1211,1382,2593,10895,9795,20690,2019-03-01
SA19,268,342,610,3901,3662,7563,2019-03-01
SA20,111,133,244,1321,1145,2466,2019-03-01
SA31,764,958,1722,5643,5233,10876,2019-03-01
SA32,147,183,330,3153,3060,6213,2019-03-01
SA33,309,407,716,5098,4779,9877,2019-03-01
SA34,126,143,269,2061,1903,3964,2019-03-01
SA35,15,21,36,366,329,695,2019-03-01
SA36,10,8,18,141,135,276,2019-03-01
SA37,28,46,74,587,522,1109,2019-03-01
SA38,155,171,326,1790,1672,3462,2019-03-01
SA39,63,89,152,1004,920,1924,2019-03-01
SA40,124,128,252,1099,993,2092,2019-03-01
SA41,49,57,106,848,782,1630,2019-03-01
SA42,62,73,135,833,780,1613,2019-03-01
SA43,475,576,1051,4860,4459,9319,2019-03-01
SA44,304,363,667,4568,4352,8920,2019-03-01
SA45,67,56,123,623,575,1198,2019-03-01
SA46,96,105,201,973,873,1846,2019-03-01
SA47,48,40,88,415,389,804,2019-03-01
SA48,376,353,729,3311,3054,6365,2019-03-01
SA61,740,990,1730,4717,4185,8902,2019-03-01
SA62,578,696,1274,8435,7896,16331,2019-03-01
SA63,28,32,60,517,492,1009,2019-03-01
SA64,91,122,213,846,719,1565,2019-03-01
SA65,153,207,360,1584,1402,2986,2019-03-01
SA66,86,83,169,1275,1226,2501,2019-03-01
SA67,200,269,469,2817,2666,5483,2019-03-01
SA68,105,138,243,1637,1538,3175,2019-03-01
SA69,103,118,221,1465,1329,2794,2019-03-01
SA70,375,469,844,3367,3069,6436,2019-03-01
SA71,446,518,964,4083,3595,7678,2019-03-01
SA72,557,634,1191,3459,3135,6594,2019-03-01
SA73,892,1148,2040,7194,6297,13491,2019-03-01
SA99,1,1,2,0,0,0,2019-03-01
SE0,0,1,1,0,1,1,2019-03-01
SE1,8818,8921,17739,19202,11858,31060,2019-03-01
SE1,0,0,0,2,0,2,2019-03-01
SE2,3340,3990,7330,8007,5906,13913,2019-03-01
SE3,2781,3349,6130,11682,9881,21563,2019-03-01
SE4,3556,3892,7448,8487,7016,15503,2019-03-01
SE5,7580,8301,15881,12924,8838,21762,2019-03-01
SE6,6581,7298,13879,15838,12780,28618,2019-03-01
SE6,1,0,1,0,0,0,2019-03-01
SE7,2653,3132,5785,6428,4626,11054,2019-03-01
SE8,4520,4838,9358,8178,5517,13695,2019-03-01
SE9,4917,5911,10828,21225,17969,39194,2019-03-01
SE10,2632,3181,5813,9506,7510,17016,2019-03-01
SE11,3284,3414,6698,6626,4152,10778,2019-03-01
SE12,2459,2872,5331,8821,7402,16223,2019-03-01
SE13,5427,5715,11142,12717,9875,22592,2019-03-01
SE14,3936,4088,8024,6890,4723,11613,2019-03-01
SE15,11300,11468,22768,16913,12061,28974,2019-03-01
SE16,5698,6436,12134,14488,10022,24510,2019-03-01
SE17,6078,6261,12339,8431,4877,13308,2019-03-01
SE18,11797,12235,24032,21787,14664,36451,2019-03-01
SE19,2831,3403,6234,9257,7682,16939,2019-03-01
SE20,2613,2990,5603,7086,5853,12939,2019-03-01
SE21,1455,1591,3046,5096,4738,9834,2019-03-01
SE22,3176,3496,6672,9467,8261,17728,2019-03-01
SE23,3464,3981,7445,10474,9033,19507,2019-03-01
SE24,1958,2056,4014,5905,5107,11012,2019-03-01
SE25,4124,4746,8870,10808,8940,19748,2019-03-01
SE26,3161,3769,6930,8802,7465,16267,2019-03-01
SE27,2652,2879,5531,6505,5360,11865,2019-03-01
SE28,3647,4592,8239,7859,5583,13442,2019-03-01
SE29,1,3,4,2,0,2,2019-03-01
SE31,0,1,1,0,0,0,2019-03-01
SE33,0,1,1,0,0,0,2019-03-01
SE35,0,1,1,0,0,0,2019-03-01
SE37,0,1,1,0,0,0,2019-03-01
SE50,0,0,0,1,0,1,2019-03-01
SE57,0,1,1,0,0,0,2019-03-01
SE59,0,0,0,1,0,1,2019-03-01
SE60,0,0,0,1,0,1,2019-03-01
SE72,1,0,1,0,0,0,2019-03-01
SE73,0,0,0,1,0,1,2019-03-01
SE74,0,1,1,1,0,1,2019-03-01
SE75,1,0,1,0,0,0,2019-03-01
SE76,0,0,0,1,0,1,2019-03-01
SE77,1,0,1,0,0,0,2019-03-01
SE81,0,0,0,0,1,1,2019-03-01
SE88,0,0,0,1,0,1,2019-03-01
SE90,0,0,0,0,1,1,2019-03-01
SE91,0,1,1,0,0,0,2019-03-01
SE99,0,0,0,0,1,1,2019-03-01
SG0,0,0,0,0,1,1,2019-03-01
SG1,3232,3882,7114,18857,15809,34666,2019-03-01
SG2,2183,2765,4948,15557,13573,29130,2019-03-01
SG3,245,280,525,2853,2745,5598,2019-03-01
SG4,1191,1384,2575,11465,10780,22245,2019-03-01
SG5,1341,1561,2902,12716,11935,24651,2019-03-01
SG6,1734,2198,3932,12185,10938,23123,2019-03-01
SG7,535,586,1121,5236,4988,10224,2019-03-01
SG8,1369,1583,2952,15639,14424,30063,2019-03-01
SG9,294,322,616,4636,4535,9171,2019-03-01
SG10,50,61,111,820,821,1641,2019-03-01
SG11,249,212,461,3536,3353,6889,2019-03-01
SG12,1210,1348,2558,11584,10794,22378,2019-03-01
SG13,726,776,1502,6662,6333,12995,2019-03-01
SG14,838,946,1784,7647,7192,14839,2019-03-01
SG15,227,254,481,2192,2044,4236,2019-03-01
SG16,168,217,385,2462,2397,4859,2019-03-01
SG17,480,520,1000,5376,5035,10411,2019-03-01
SG18,955,1225,2180,10858,9900,20758,2019-03-01
SG19,805,1105,1910,9894,9071,18965,2019-03-01
SK0,0,0,0,0,1,1,2019-03-01
SK1,736,902,1638,3796,2905,6701,2019-03-01
SK2,1514,1824,3338,10571,9556,20127,2019-03-01
SK3,1792,2212,4004,8913,7741,16654,2019-03-01
SK4,1929,2010,3939,13421,12130,25551,2019-03-01
SK5,2113,2685,4798,9173,7501,16674,2019-03-01
SK6,1978,2361,4339,19516,17945,37461,2019-03-01
SK7,1436,1597,3033,16482,15935,32417,2019-03-01
SK8,2449,2758,5207,23435,22238,45673,2019-03-01
SK9,1437,1605,3042,15537,15000,30537,2019-03-01
SK10,1507,1661,3168,15734,15153,30887,2019-03-01
SK11,1713,1962,3675,13680,12278,25958,2019-03-01
SK12,600,609,1209,7952,7826,15778,2019-03-01
SK13,1530,1924,3454,11960,10881,22841,2019-03-01
SK14,2679,3390,6069,16297,13755,30052,2019-03-01
SK15,1579,1794,3373,9668,8381,18049,2019-03-01
SK16,1100,1368,2468,6637,5458,12095,2019-03-01
SK17,1194,1412,2606,11762,10331,22093,2019-03-01
SK22,521,601,1122,4708,4192,8900,2019-03-01
SK23,576,630,1206,7150,6546,13696,2019-03-01
SL0,419,476,895,4928,4470,9398,2019-03-01
SL1,6980,7135,14115,26399,19334,45733,2019-03-01
SL2,4530,5293,9823,20210,15855,36065,2019-03-01
SL3,2731,3607,6338,18455,15391,33846,2019-03-01
SL4,2077,2450,4527,17453,16088,33541,2019-03-01
SL5,1097,1251,2348,10256,10407,20663,2019-03-01
SL6,3703,4218,7921,32507,29887,62394,2019-03-01
SL7,751,812,1563,8622,8546,17168,2019-03-01
SL8,201,197,398,2680,2704,5384,2019-03-01
SL9,864,951,1815,9222,9354,18576,2019-03-01
SM1,2737,3296,6033,14455,11968,26423,2019-03-01
SM2,1492,1849,3341,10976,10005,20981,2019-03-01
SM3,1227,1375,2602,8029,7220,15249,2019-03-01
SM4,3254,3497,6751,13782,10469,24251,2019-03-01
SM5,2610,3200,5810,13760,12432,26192,2019-03-01
SM6,2466,3004,5470,13308,11821,25129,2019-03-01
SM7,624,650,1274,7354,7421,14775,2019-03-01
SN0,0,0,0,1,0,1,2019-03-01
SN1,3338,2938,6276,11118,7212,18330,2019-03-01
SN2,2902,3604,6506,14604,11167,25771,2019-03-01
SN3,3039,3825,6864,19159,15996,35155,2019-03-01
SN4,1043,1237,2280,11568,10596,22164,2019-03-01
SN5,1574,2159,3733,13603,11919,25522,2019-03-01
SN6,806,957,1763,8920,8294,17214,2019-03-01
SN7,477,648,1125,5702,5281,10983,2019-03-01
SN8,936,1039,1975,9533,9102,18635,2019-03-01
SN9,278,326,604,3238,3178,6416,2019-03-01
SN10,1207,1461,2668,12005,11217,23222,2019-03-01
SN11,869,1132,2001,8775,8173,16948,2019-03-01
SN12,1014,1149,2163,10437,9500,19937,2019-03-01
SN13,624,760,1384,6343,6164,12507,2019-03-01
SN14,1131,1271,2402,10636,9847,20483,2019-03-01
SN15,1493,1768,3261,14430,12338,26768,2019-03-01
SN16,410,421,831,5891,5622,11513,2019-03-01
SN20,0,0,0,1,0,1,2019-03-01
SN24,0,1,1,0,1,1,2019-03-01
SN25,1271,1689,2960,14835,13241,28076,2019-03-01
SN26,43,42,85,826,739,1565,2019-03-01
SN27,0,0,0,1,0,1,2019-03-01
SN31,0,0,0,0,1,1,2019-03-01
SN34,0,0,0,0,1,1,2019-03-01
SN48,0,0,0,1,0,1,2019-03-01
SN66,0,1,1,0,0,0,2019-03-01
SO0,0,0,0,0,1,1,2019-03-01
SO1,57,41,98,171,71,242,2019-03-01
SO2,83,45,128,150,66,216,2019-03-01
SO3,33,22,55,138,97,235,2019-03-01
SO3,1,0,1,0,1,1,2019-03-01
SO4,33,31,64,149,121,270,2019-03-01
SO5,33,23,56,137,78,215,2019-03-01
SO6,0,0,0,2,0,2,2019-03-01
SO9,17,15,32,28,11,39,2019-03-01
SO14,3178,2627,5805,7448,3849,11297,2019-03-01
SO15,2897,3086,5983,13225,10119,23344,2019-03-01
SO16,4436,5435,9871,22560,18269,40829,2019-03-01
SO17,1443,1391,2834,5223,3643,8866,2019-03-01
SO18,2130,2427,4557,12863,10827,23690,2019-03-01
SO19,3478,4468,7946,19095,16040,35135,2019-03-01
SO20,278,287,565,3437,3205,6642,2019-03-01
SO21,578,713,1291,8040,7696,15736,2019-03-01
SO22,1476,1686,3162,9431,8865,18296,2019-03-01
SO23,1235,1332,2567,7410,6818,14228,2019-03-01
SO24,347,405,752,4673,4576,9249,2019-03-01
SO30,926,1062,1988,12680,12181,24861,2019-03-01
SO31,1558,1659,3217,18240,17731,35971,2019-03-01
SO32,543,613,1156,8778,8680,17458,2019-03-01
SO33,0,0,0,1,1,2,2019-03-01
SO40,1372,1635,3007,16042,14962,31004,2019-03-01
SO41,971,992,1963,12758,12888,25646,2019-03-01
SO42,156,171,327,2036,1969,4005,2019-03-01
SO43,127,136,263,1865,1803,3668,2019-03-01
SO45,1276,1618,2894,13377,12554,25931,2019-03-01
SO50,2237,2729,4966,17622,15845,33467,2019-03-01
SO51,865,1044,1909,11530,11320,22850,2019-03-01
SO52,178,256,434,2760,2616,5376,2019-03-01
SO53,1064,1207,2271,12529,12122,24651,2019-03-01
SP1,1098,1112,2210,7788,7187,14975,2019-03-01
SP2,1625,1841,3466,10361,9219,19580,2019-03-01
SP3,356,440,796,4782,4636,9418,2019-03-01
SP4,1508,1832,3340,13161,11329,24490,2019-03-01
SP5,579,666,1245,9307,9141,18448,2019-03-01
SP6,389,377,766,5887,5732,11619,2019-03-01
SP7,476,610,1086,5749,5550,11299,2019-03-01
SP8,456,528,984,5593,5414,11007,2019-03-01
SP9,438,891,1329,3529,2716,6245,2019-03-01
SP10,2256,2899,5155,14264,11898,26162,2019-03-01
SP11,958,1233,2191,11525,10713,22238,2019-03-01
SR1,554,451,1005,1220,476,1696,2019-03-01
SR2,2406,2600,5006,9981,7634,17615,2019-03-01
SR3,2081,2815,4896,12427,9999,22426,2019-03-01
SR4,2995,3880,6875,11831,8614,20445,2019-03-01
SR5,2573,3148,5721,9357,6725,16082,2019-03-01
SR6,1267,1592,2859,10803,9356,20159,2019-03-01
SR7,1583,2231,3814,9661,7599,17260,2019-03-01
SR8,2186,3006,5192,10847,8423,19270,2019-03-01
SS0,3227,3589,6816,13890,11304,25194,2019-03-01
SS1,2013,2201,4214,9211,7756,16967,2019-03-01
SS2,2663,3261,5924,12024,9953,21977,2019-03-01
SS3,1602,1985,3587,10268,9306,19574,2019-03-01
SS4,874,1055,1929,7835,7326,15161,2019-03-01
SS5,796,728,1524,8968,8387,17355,2019-03-01
SS6,1099,1324,2423,12256,11347,23603,2019-03-01
SS7,1854,2162,4016,19709,18125,37834,2019-03-01
SS8,1958,2590,4548,14333,12010,26343,2019-03-01
SS9,2157,2488,4645,18878,17377,36255,2019-03-01
SS11,650,787,1437,7354,6612,13966,2019-03-01
SS12,663,830,1493,7293,6596,13889,2019-03-01
SS13,1613,2136,3749,7868,6310,14178,2019-03-01
SS14,2051,2796,4847,8669,6728,15397,2019-03-01
SS15,2178,2777,4955,10899,9332,20231,2019-03-01
SS16,1935,2702,4637,10884,8903,19787,2019-03-01
SS17,1392,1741,3133,12834,11460,24294,2019-03-01
SS20,0,0,0,0,1,1,2019-03-01
SS30,0,0,0,1,1,2,2019-03-01
SS31,0,0,0,1,0,1,2019-03-01
SS39,0,1,1,0,0,0,2019-03-01
SS50,0,0,0,1,0,1,2019-03-01
SS92,0,0,0,1,0,1,2019-03-01
SS95,1,0,1,0,0,0,2019-03-01
SS99,0,1,1,0,0,0,2019-03-01
ST0,0,0,0,1,0,1,2019-03-01
ST1,2517,2833,5350,9741,6440,16181,2019-03-01
ST2,2091,2834,4925,10625,8202,18827,2019-03-01
ST3,3728,4874,8602,22395,17782,40177,2019-03-01
ST4,3861,4283,8144,17984,13900,31884,2019-03-01
ST5,4217,4958,9175,27406,23049,50455,2019-03-01
ST6,4303,5620,9923,20619,15218,35837,2019-03-01
ST7,1980,2458,4438,20532,18455,38987,2019-03-01
ST8,640,834,1474,7675,6922,14597,2019-03-01
ST9,279,343,622,4929,4583,9512,2019-03-01
ST10,740,983,1723,9953,8855,18808,2019-03-01
ST11,300,319,619,3966,3581,7547,2019-03-01
ST12,118,125,243,1477,1428,2905,2019-03-01
ST13,1037,1240,2277,10278,9150,19428,2019-03-01
ST14,802,999,1801,7575,6629,14204,2019-03-01
ST15,688,828,1516,8499,7908,16407,2019-03-01
ST16,1737,2046,3783,10775,8964,19739,2019-03-01
ST17,1751,2235,3986,13912,12399,26311,2019-03-01
ST18,408,429,837,7261,6763,14024,2019-03-01
ST19,447,560,1007,5990,5596,11586,2019-03-01
ST20,166,215,381,2980,2720,5700,2019-03-01
ST21,106,169,275,2531,2415,4946,2019-03-01
SW0,1,1,2,1,3,4,2019-03-01
SW1,38,39,77,73,46,119,2019-03-01
SW1,96,81,177,378,177,555,2019-03-01
SW1,1,0,1,0,1,1,2019-03-01
SW1,0,0,0,0,1,1,2019-03-01
SW1,122,91,213,452,244,696,2019-03-01
SW1,46,64,110,359,190,549,2019-03-01
SW1,0,1,1,0,0,0,2019-03-01
SW1,0,0,0,1,2,3,2019-03-01
SW1,0,1,1,1,0,1,2019-03-01
SW1,1226,1513,2739,4139,2827,6966,2019-03-01
SW1,1,0,1,0,0,0,2019-03-01
SW1,0,0,0,0,1,1,2019-03-01
SW1,2148,2540,4688,6988,5164,12152,2019-03-01
SW1,852,974,1826,2717,2203,4920,2019-03-01
SW1,715,900,1615,2532,2064,4596,2019-03-01
SW1,76,57,133,376,174,550,2019-03-01
SW1,1,1,2,1,0,1,2019-03-01
SW2,7298,7763,15061,16321,12244,28565,2019-03-01
SW3,2096,2610,4706,8675,7459,16134,2019-03-01
SW4,4728,4854,9582,13656,10222,23878,2019-03-01
SW5,2262,1965,4227,5957,3909,9866,2019-03-01
SW6,5987,6838,12825,22187,18430,40617,2019-03-01
SW7,2899,2454,5353,8760,6007,14767,2019-03-01
SW8,5424,5652,11076,11318,7174,18492,2019-03-01
SW9,7632,7708,15340,13116,8274,21390,2019-03-01
SW10,1979,2286,4265,6596,5371,11967,2019-03-01
SW11,6713,7885,14598,24196,19456,43652,2019-03-01
SW12,2525,2685,5210,11092,9519,20611,2019-03-01
SW13,1042,1279,2321,6203,5920,12123,2019-03-01
SW14,1059,1193,2252,6548,6310,12858,2019-03-01
SW15,5259,6115,11374,22595,19181,41776,2019-03-01
SW16,10344,10174,20518,28057,21301,49358,2019-03-01
SW17,8355,7660,16015,21092,16469,37561,2019-03-01
SW18,4661,5444,10105,23190,20193,43383,2019-03-01
SW19,6703,7437,14140,31592,26686,58278,2019-03-01
SW20,2044,2321,4365,12253,10897,23150,2019-03-01
SY1,1532,1905,3437,9035,7443,16478,2019-03-01
SY2,851,975,1826,6282,5566,11848,2019-03-01
SY3,1386,1605,2991,12363,11685,24048,2019-03-01
SY4,756,919,1675,9896,9387,19283,2019-03-01
SY5,688,682,1370,8551,8080,16631,2019-03-01
SY6,185,203,388,2867,2737,5604,2019-03-01
SY7,313,400,713,4500,4174,8674,2019-03-01
SY8,567,716,1283,7311,6719,14030,2019-03-01
SY9,73,95,168,1109,984,2093,2019-03-01
SY10,408,489,897,6397,5922,12319,2019-03-01
SY11,1152,1359,2511,9357,8310,17667,2019-03-01
SY12,275,325,600,3256,2967,6223,2019-03-01
SY13,695,804,1499,7793,7076,14869,2019-03-01
SY14,163,184,347,2706,2691,5397,2019-03-01
SY15,123,142,265,2198,2074,4272,2019-03-01
SY16,794,877,1671,5591,4909,10500,2019-03-01
SY17,90,107,197,1519,1382,2901,2019-03-01
SY18,123,158,281,1816,1578,3394,2019-03-01
SY19,24,26,50,447,392,839,2019-03-01
SY20,242,310,552,2547,2324,4871,2019-03-01
SY21,562,745,1307,6452,5807,12259,2019-03-01
SY22,251,250,501,3633,3447,7080,2019-03-01
SY23,1302,1457,2759,8699,7579,16278,2019-03-01
SY24,167,198,365,1762,1593,3355,2019-03-01
SY25,130,173,303,1754,1597,3351,2019-03-01
TA1,2020,2318,4338,14102,12953,27055,2019-03-01
TA2,1211,1448,2659,10766,9931,20697,2019-03-01
TA3,341,395,736,6353,6171,12524,2019-03-01
TA4,525,622,1147,7844,7689,15533,2019-03-01
TA5,282,353,635,4634,4397,9031,2019-03-01
TA6,2517,2883,5400,16934,14175,31109,2019-03-01
TA7,426,442,868,6616,6378,12994,2019-03-01
TA8,593,682,1275,6600,5875,12475,2019-03-01
TA9,532,614,1146,5037,4519,9556,2019-03-01
TA10,309,266,575,4037,4005,8042,2019-03-01
TA11,222,301,523,3854,3774,7628,2019-03-01
TA12,157,214,371,2562,2460,5022,2019-03-01
TA13,103,130,233,1725,1667,3392,2019-03-01
TA14,88,115,203,1316,1177,2493,2019-03-01
TA15,20,28,48,287,263,550,2019-03-01
TA16,41,64,105,777,721,1498,2019-03-01
TA17,4,12,16,244,260,504,2019-03-01
TA18,311,402,713,4142,3820,7962,2019-03-01
TA19,310,373,683,4716,4648,9364,2019-03-01
TA20,773,812,1585,7861,7128,14989,2019-03-01
TA21,694,848,1542,7659,7144,14803,2019-03-01
TA22,64,86,150,1081,1070,2151,2019-03-01
TA23,236,295,531,2163,1989,4152,2019-03-01
TA24,668,868,1536,6975,6339,13314,2019-03-01
TD1,895,1138,2033,6231,5407,11638,2019-03-01
TD2,74,91,165,1075,1040,2115,2019-03-01
TD3,33,39,72,442,380,822,2019-03-01
TD4,90,89,179,896,850,1746,2019-03-01
TD5,348,442,790,4367,4243,8610,2019-03-01
TD6,239,306,545,3154,3059,6213,2019-03-01
TD7,305,365,670,2705,2526,5231,2019-03-01
TD8,210,293,503,2301,2113,4414,2019-03-01
TD9,768,994,1762,6549,5579,12128,2019-03-01
TD10,31,55,86,452,412,864,2019-03-01
TD11,236,322,558,3038,2725,5763,2019-03-01
TD12,129,164,293,1698,1613,3311,2019-03-01
TD13,34,40,74,384,369,753,2019-03-01
TD14,215,360,575,2394,2086,4480,2019-03-01
TD15,745,998,1743,6522,5650,12172,2019-03-01
TF1,2230,2634,4864,13661,11346,25007,2019-03-01
TF2,1977,2428,4405,13727,11878,25605,2019-03-01
TF3,1846,2405,4251,8122,6416,14538,2019-03-01
TF4,935,1251,2186,7124,6236,13360,2019-03-01
TF5,184,211,395,2022,1950,3972,2019-03-01
TF6,139,155,294,2388,2182,4570,2019-03-01
TF7,1369,1761,3130,5398,4262,9660,2019-03-01
TF8,95,100,195,1212,1134,2346,2019-03-01
TF9,885,1081,1966,10031,8813,18844,2019-03-01
TF10,610,604,1214,7219,6717,13936,2019-03-01
TF11,352,363,715,4472,4144,8616,2019-03-01
TF12,195,227,422,2069,1900,3969,2019-03-01
TF13,104,129,233,1463,1464,2927,2019-03-01
TN0,0,0,0,1,0,1,2019-03-01
TN1,786,896,1682,4051,3297,7348,2019-03-01
TN2,1248,1598,2846,10484,9699,20183,2019-03-01
TN3,322,365,687,4857,4735,9592,2019-03-01
TN3,0,0,0,1,0,1,2019-03-01
TN4,1500,1840,3340,11035,10300,21335,2019-03-01
TN5,278,347,625,3566,3575,7141,2019-03-01
TN6,803,981,1784,10278,9679,19957,2019-03-01
TN7,68,85,153,1015,1021,2036,2019-03-01
TN8,491,603,1094,5226,5045,10271,2019-03-01
TN9,1050,1132,2182,6441,5805,12246,2019-03-01
TN10,758,893,1651,5969,5646,11615,2019-03-01
TN11,428,485,913,5765,5616,11381,2019-03-01
TN12,1023,1301,2324,11817,11044,22861,2019-03-01
TN13,1004,1112,2116,9654,9370,19024,2019-03-01
TN14,494,538,1032,6511,6187,12698,2019-03-01
TN15,753,864,1617,10484,10217,20701,2019-03-01
TN16,663,721,1384,7950,7607,15557,2019-03-01
TN17,548,656,1204,5529,5296,10825,2019-03-01
TN18,200,239,439,2620,2517,5137,2019-03-01
TN19,141,196,337,2165,2044,4209,2019-03-01
TN20,123,148,271,1578,1583,3161,2019-03-01
TN21,450,575,1025,6858,6597,13455,2019-03-01
TN22,989,1137,2126,11024,10742,21766,2019-03-01
TN23,2419,2929,5348,14500,12404,26904,2019-03-01
TN24,1835,2194,4029,11745,10257,22002,2019-03-01
TN25,522,553,1075,7444,7096,14540,2019-03-01
TN26,318,368,686,5031,4770,9801,2019-03-01
TN27,364,450,814,5691,5482,11173,2019-03-01
TN28,313,390,703,3491,3126,6617,2019-03-01
TN29,519,665,1184,5382,4613,9995,2019-03-01
TN30,295,364,659,3824,3797,7621,2019-03-01
TN31,566,628,1194,5678,5242,10920,2019-03-01
TN32,200,203,403,2167,2016,4183,2019-03-01
TN33,541,543,1084,4962,4896,9858,2019-03-01
TN34,2188,2530,4718,10045,8373,18418,2019-03-01
TN35,1055,1255,2310,6215,5752,11967,2019-03-01
TN36,81,99,180,997,922,1919,2019-03-01
TN37,1366,1572,2938,6814,5577,12391,2019-03-01
TN38,1854,2208,4062,9423,8132,17555,2019-03-01
TN39,1057,1243,2300,9829,9233,19062,2019-03-01
TN40,849,1034,1883,6121,5683,11804,2019-03-01
TQ1,1997,2146,4143,11343,9712,21055,2019-03-01
TQ2,2016,2373,4389,12136,10782,22918,2019-03-01
TQ3,1566,1806,3372,11190,10108,21298,2019-03-01
TQ4,830,973,1803,7416,6721,14137,2019-03-01
TQ5,885,989,1874,7252,6448,13700,2019-03-01
TQ6,312,425,737,3079,2755,5834,2019-03-01
TQ7,572,692,1264,6697,6524,13221,2019-03-01
TQ8,73,72,145,732,674,1406,2019-03-01
TQ9,837,962,1799,7150,7261,14411,2019-03-01
TQ10,127,157,284,1615,1571,3186,2019-03-01
TQ11,199,251,450,1592,1488,3080,2019-03-01
TQ12,2180,2539,4719,21122,19904,41026,2019-03-01
TQ13,782,836,1618,9613,9591,19204,2019-03-01
TQ14,792,947,1739,7466,6978,14444,2019-03-01
TR1,1160,1408,2568,7530,7093,14623,2019-03-01
TR2,305,383,688,4053,3979,8032,2019-03-01
TR3,381,415,796,5175,5072,10247,2019-03-01
TR4,378,442,820,4861,4759,9620,2019-03-01
TR5,151,159,310,1612,1603,3215,2019-03-01
TR6,151,169,320,1539,1409,2948,2019-03-01
TR7,1223,1320,2543,8158,7281,15439,2019-03-01
TR8,318,326,644,4025,3687,7712,2019-03-01
TR9,290,381,671,3172,2902,6074,2019-03-01
TR10,543,621,1164,3578,3244,6822,2019-03-01
TR11,1394,1561,2955,10020,9551,19571,2019-03-01
TR12,302,326,628,3771,3494,7265,2019-03-01
TR13,699,840,1539,7722,7344,15066,2019-03-01
TR14,1349,1453,2802,9360,8119,17479,2019-03-01
TR15,1080,1138,2218,7408,6588,13996,2019-03-01
TR16,524,619,1143,6290,5988,12278,2019-03-01
TR17,68,92,160,596,537,1133,2019-03-01
TR18,1211,1384,2595,6463,5720,12183,2019-03-01
TR19,423,446,869,3422,3264,6686,2019-03-01
TR20,297,334,631,3902,3688,7590,2019-03-01
TR21,84,103,187,573,478,1051,2019-03-01
TR22,8,6,14,23,22,45,2019-03-01
TR23,2,5,7,35,25,60,2019-03-01
TR24,5,7,12,46,24,70,2019-03-01
TR25,5,4,9,49,40,89,2019-03-01
TR26,581,652,1233,4037,3737,7774,2019-03-01
TR27,616,770,1386,5796,5313,11109,2019-03-01
TS1,2232,1767,3999,3162,1375,4537,2019-03-01
TS2,136,141,277,225,125,350,2019-03-01
TS3,2645,3256,5901,6752,4701,11453,2019-03-01
TS4,1476,1773,3249,4663,3435,8098,2019-03-01
TS5,2124,2617,4741,13719,11563,25282,2019-03-01
TS6,1857,2473,4330,9396,7447,16843,2019-03-01
TS7,685,956,1641,8755,7863,16618,2019-03-01
TS8,963,1333,2296,7350,6726,14076,2019-03-01
TS9,285,369,654,5359,5098,10457,2019-03-01
TS10,1952,2529,4481,12430,10495,22925,2019-03-01
TS11,396,535,931,4429,3934,8363,2019-03-01
TS12,1021,1269,2290,8009,6915,14924,2019-03-01
TS13,548,700,1248,3383,2543,5926,2019-03-01
TS14,606,830,1436,6842,6141,12983,2019-03-01
TS15,362,380,742,5747,5337,11084,2019-03-01
TS16,316,420,736,4059,3837,7896,2019-03-01
TS17,2023,2562,4585,15603,13640,29243,2019-03-01
TS18,1518,1660,3178,8113,6611,14724,2019-03-01
TS19,2073,2873,4946,11289,9623,20912,2019-03-01
TS20,1047,1303,2350,6691,5647,12338,2019-03-01
TS21,367,446,813,5015,4525,9540,2019-03-01
TS22,184,238,422,3840,3560,7400,2019-03-01
TS23,1598,2091,3689,9436,7944,17380,2019-03-01
TS24,1586,1963,3549,6046,4533,10579,2019-03-01
TS25,2068,2608,4676,12143,10052,22195,2019-03-01
TS26,1186,1378,2564,8551,7629,16180,2019-03-01
TS27,436,603,1039,4416,3958,8374,2019-03-01
TS28,250,318,568,1747,1501,3248,2019-03-01
TS29,287,396,683,2084,1683,3767,2019-03-01
TS90,0,0,0,1,0,1,2019-03-01
TW0,0,0,0,0,1,1,2019-03-01
TW1,1500,1771,3271,10382,9491,19873,2019-03-01
TW2,1797,2021,3818,11393,10512,21905,2019-03-01
TW2,0,0,0,1,0,1,2019-03-01
TW3,8071,6206,14277,15131,9195,24326,2019-03-01
TW4,5512,4592,10104,10578,6370,16948,2019-03-01
TW5,4888,4210,9098,11941,7850,19791,2019-03-01
TW6,9,2,11,23,13,36,2019-03-01
TW7,3443,3980,7423,14537,11400,25937,2019-03-01
TW8,2063,2381,4444,7893,5993,13886,2019-03-01
TW9,1558,1794,3352,9072,8268,17340,2019-03-01
TW10,1426,1678,3104,7862,7095,14957,2019-03-01
TW11,1307,1585,2892,9088,8644,17732,2019-03-01
TW12,1313,1555,2868,8803,8350,17153,2019-03-01
TW13,3353,3942,7295,13032,9457,22489,2019-03-01
TW14,2978,3329,6307,10690,7517,18207,2019-03-01
TW15,1190,1343,2533,11380,10032,21412,2019-03-01
TW16,990,1159,2149,8473,7537,16010,2019-03-01
TW17,521,575,1096,5928,5694,11622,2019-03-01
TW18,1210,1307,2517,10417,9313,19730,2019-03-01
TW19,1008,1228,2236,7067,5817,12884,2019-03-01
TW20,1512,1552,3064,8738,7532,16270,2019-03-01
UB1,9690,7063,16753,14480,8264,22744,2019-03-01
UB1,0,0,0,0,1,1,2019-03-01
UB2,7261,5414,12675,11774,7112,18886,2019-03-01
UB3,6918,6857,13775,18829,12115,30944,2019-03-01
UB4,4519,4510,9029,14566,10566,25132,2019-03-01
UB5,4992,5983,10975,16352,11641,27993,2019-03-01
UB6,6160,5937,12097,21024,14057,35081,2019-03-01
UB7,2968,3410,6378,11839,8513,20352,2019-03-01
UB8,2785,2927,5712,11675,9000,20675,2019-03-01
UB9,688,752,1440,6095,5523,11618,2019-03-01
UB10,2003,2415,4418,13868,12035,25903,2019-03-01
UB11,1,0,1,12,4,16,2019-03-01
UNKNOWNNA,1689,1394,3083,25047,17430,42477,2019-03-01
W1,39,30,69,66,38,104,2019-03-01
W1,110,33,143,110,47,157,2019-03-01
W1,66,77,143,312,174,486,2019-03-01
W1,14,5,19,17,2,19,2019-03-01
W1,208,113,321,400,159,559,2019-03-01
W1,2,0,2,3,0,3,2019-03-01
W1,173,147,320,526,248,774,2019-03-01
W1,244,233,477,1081,779,1860,2019-03-01
W1,865,782,1647,2297,1490,3787,2019-03-01
W1,208,152,360,778,458,1236,2019-03-01
W1,389,395,784,1116,673,1789,2019-03-01
W1,72,58,130,75,62,137,2019-03-01
W1,58,68,126,112,54,166,2019-03-01
W1,0,1,1,0,0,0,2019-03-01
W1,70,67,137,98,40,138,2019-03-01
W1,63,14,77,59,11,70,2019-03-01
W1,44,38,82,146,56,202,2019-03-01
W1,462,348,810,1125,606,1731,2019-03-01
W1,510,537,1047,1775,1191,2966,2019-03-01
W1,94,62,156,107,50,157,2019-03-01
W1,423,435,858,1110,699,1809,2019-03-01
W1,57,20,77,106,49,155,2019-03-01
W1,70,56,126,128,64,192,2019-03-01
W2,7369,6714,14083,16949,10915,27864,2019-03-01
W2,1,0,1,0,0,0,2019-03-01
W3,7024,6808,13832,21442,14983,36425,2019-03-01
W4,3532,4165,7697,17580,15306,32886,2019-03-01
W5,4611,4920,9531,21360,17108,38468,2019-03-01
W6,3978,3919,7897,11459,9053,20512,2019-03-01
W7,3185,3459,6644,10162,8268,18430,2019-03-01
W8,2078,2515,4593,8287,6988,15275,2019-03-01
W9,4571,4922,9493,12630,9353,21983,2019-03-01
W10,4605,5257,9862,9335,6937,16272,2019-03-01
W11,3829,4329,8158,10340,8301,18641,2019-03-01
W12,6944,6981,13925,14687,10395,25082,2019-03-01
W13,3354,3350,6704,12670,10068,22738,2019-03-01
W14,4568,4954,9522,12921,9958,22879,2019-03-01
W15,4,1,5,9,7,16,2019-03-01
W16,5,1,6,1,2,3,2019-03-01
W17,10,7,17,11,10,21,2019-03-01
W18,3,2,5,1,2,3,2019-03-01
W19,3,6,9,7,2,9,2019-03-01
W20,0,0,0,0,1,1,2019-03-01
W21,0,3,3,0,0,0,2019-03-01
W22,3,1,4,5,1,6,2019-03-01
W23,0,1,1,0,0,0,2019-03-01
W26,0,1,1,0,1,1,2019-03-01
W27,0,0,0,1,0,1,2019-03-01
W28,0,1,1,1,0,1,2019-03-01
W30,0,0,0,1,0,1,2019-03-01
W32,1,0,1,0,0,0,2019-03-01
W38,0,0,0,1,0,1,2019-03-01
W40,0,0,0,0,1,1,2019-03-01
W43,0,0,0,0,1,1,2019-03-01
WA1,1126,1181,2307,8423,7182,15605,2019-03-01
WA2,2601,3104,5705,13363,10874,24237,2019-03-01
WA3,1790,2348,4138,17581,15979,33560,2019-03-01
WA4,1780,2046,3826,18899,17440,36339,2019-03-01
WA5,2722,3259,5981,22698,20009,42707,2019-03-01
WA6,609,702,1311,7839,7429,15268,2019-03-01
WA7,4176,5442,9618,20896,17122,38018,2019-03-01
WA8,3524,4548,8072,22012,18327,40339,2019-03-01
WA9,3169,4218,7387,15702,12221,27923,2019-03-01
WA10,2167,2581,4748,13125,10951,24076,2019-03-01
WA11,1745,2337,4082,14668,12647,27315,2019-03-01
WA12,1206,1598,2804,8178,6860,15038,2019-03-01
WA13,348,422,770,5281,5134,10415,2019-03-01
WA14,1442,1499,2941,11644,10737,22381,2019-03-01
WA15,1782,1856,3638,16901,15729,32630,2019-03-01
WA16,814,833,1647,9716,9326,19042,2019-03-01
WC1,19,27,46,34,20,54,2019-03-01
WC1,108,100,208,309,138,447,2019-03-01
WC1,199,221,420,371,248,619,2019-03-01
WC1,232,242,474,481,312,793,2019-03-01
WC1,0,1,1,0,0,0,2019-03-01
WC1,968,903,1871,1827,983,2810,2019-03-01
WC1,0,1,1,1,0,1,2019-03-01
WC1,782,795,1577,1857,1140,2997,2019-03-01
WC1,0,0,0,1,0,1,2019-03-01
WC1,1,0,1,0,0,0,2019-03-01
WC1,58,40,98,182,101,283,2019-03-01
WC1,1,0,1,0,0,0,2019-03-01
WC1,57,38,95,93,47,140,2019-03-01
WC1,1005,937,1942,1903,1191,3094,2019-03-01
WC1,0,1,1,1,0,1,2019-03-01
WC1,2,1,3,0,0,0,2019-03-01
WC2,8,3,11,17,5,22,2019-03-01
WC2,12,13,25,91,50,141,2019-03-01
WC2,191,173,364,477,244,721,2019-03-01
WC2,70,52,122,228,110,338,2019-03-01
WC2,406,304,710,833,381,1214,2019-03-01
WC2,88,57,145,243,112,355,2019-03-01
WC2,36,28,64,123,72,195,2019-03-01
WC2,0,0,0,0,1,1,2019-03-01
WC2,0,0,0,0,1,1,2019-03-01
WC4,1,0,1,0,0,0,2019-03-01
WC12,1,0,1,0,0,0,2019-03-01
WC13,0,2,2,2,0,2,2019-03-01
WC14,3,1,4,1,2,3,2019-03-01
WC18,1,0,1,0,0,0,2019-03-01
WC19,1,1,2,0,0,0,2019-03-01
WC23,0,0,0,2,0,2,2019-03-01
WC24,2,0,2,5,2,7,2019-03-01
WC28,1,0,1,0,2,2,2019-03-01
WC44,0,0,0,1,0,1,2019-03-01
WC78,1,0,1,0,0,0,2019-03-01
WD1,63,55,118,153,90,243,2019-03-01
WD2,102,73,175,225,109,334,2019-03-01
WD3,1682,1856,3538,16659,16221,32880,2019-03-01
WD4,362,375,737,4686,4498,9184,2019-03-01
WD5,502,513,1015,4458,4297,8755,2019-03-01
WD6,2543,2982,5525,14908,12627,27535,2019-03-01
WD7,455,546,1001,5315,5210,10525,2019-03-01
WD17,1109,1190,2299,6934,5668,12602,2019-03-01
WD18,2499,2783,5282,9084,6432,15516,2019-03-01
WD19,1580,1910,3490,10402,9459,19861,2019-03-01
WD22,0,0,0,0,1,1,2019-03-01
WD23,1180,1443,2623,10490,10206,20696,2019-03-01
WD24,1671,1907,3578,8595,6789,15384,2019-03-01
WD25,1563,1926,3489,10887,9824,20711,2019-03-01
WF0,0,0,0,1,0,1,2019-03-01
WF1,2599,2923,5522,11851,8597,20448,2019-03-01
WF2,2880,3705,6585,17382,14402,31784,2019-03-01
WF3,1331,1790,3121,12525,11208,23733,2019-03-01
WF4,1786,2358,4144,16261,14315,30576,2019-03-01
WF5,882,1156,2038,7640,6859,14499,2019-03-01
WF6,1176,1552,2728,7469,5950,13419,2019-03-01
WF7,1035,1493,2528,7480,6352,13832,2019-03-01
WF8,1666,2219,3885,11818,10033,21851,2019-03-01
WF9,2494,3266,5760,13180,10162,23342,2019-03-01
WF10,2801,3873,6674,15883,12512,28395,2019-03-01
WF11,1004,1342,2346,5753,4579,10332,2019-03-01
WF12,2042,2815,4857,11313,8655,19968,2019-03-01
WF13,2178,2805,4983,7868,5193,13061,2019-03-01
WF14,701,999,1700,7335,6669,14004,2019-03-01
WF15,853,1079,1932,6143,5346,11489,2019-03-01
WF16,720,934,1654,3963,2886,6849,2019-03-01
WF17,2615,3621,6236,13809,10159,23968,2019-03-01
WF21,0,0,0,1,0,1,2019-03-01
WN0,0,0,0,1,0,1,2019-03-01
WN1,1071,1222,2293,6851,5342,12193,2019-03-01
WN2,2496,3255,5751,17758,14568,32326,2019-03-01
WN3,1425,1924,3349,10972,9041,20013,2019-03-01
WN4,1210,1514,2724,10379,8906,19285,2019-03-01
WN5,2249,2769,5018,14987,12223,27210,2019-03-01
WN6,1577,1958,3535,15035,13361,28396,2019-03-01
WN7,2725,3267,5992,15971,12755,28726,2019-03-01
WN8,3255,3984,7239,15189,12448,27637,2019-03-01
WR1,759,667,1426,3308,2509,5817,2019-03-01
WR2,1223,1426,2649,10871,9717,20588,2019-03-01
WR3,846,935,1781,8157,7391,15548,2019-03-01
WR4,1550,2004,3554,8643,7386,16029,2019-03-01
WR5,1412,1802,3214,12250,10992,23242,2019-03-01
WR6,334,331,665,5621,5419,11040,2019-03-01
WR7,113,125,238,2509,2404,4913,2019-03-01
WR8,212,252,464,3491,3331,6822,2019-03-01
WR9,1273,1492,2765,12269,11523,23792,2019-03-01
WR10,496,666,1162,7646,7290,14936,2019-03-01
WR11,1714,2088,3802,17705,15574,33279,2019-03-01
WR12,146,185,331,2448,2362,4810,2019-03-01
WR13,209,221,430,3722,3605,7327,2019-03-01
WR14,1652,1988,3640,12616,11737,24353,2019-03-01
WR15,256,268,524,2959,2731,5690,2019-03-01
WS0,0,0,0,0,1,1,2019-03-01
WS1,2419,2917,5336,7740,4777,12517,2019-03-01
WS2,3257,4432,7689,11089,7196,18285,2019-03-01
WS3,3376,4445,7821,15823,12161,27984,2019-03-01
WS4,911,1081,1992,6054,5130,11184,2019-03-01
WS5,1006,1501,2507,7727,6572,14299,2019-03-01
WS6,589,764,1353,6782,5893,12675,2019-03-01
WS7,948,1269,2217,11511,10214,21725,2019-03-01
WS8,790,1005,1795,5518,4550,10068,2019-03-01
WS9,939,1161,2100,9907,8955,18862,2019-03-01
WS10,3329,4422,7751,14076,10229,24305,2019-03-01
WS11,1875,2459,4334,15325,13171,28496,2019-03-01
WS12,1276,1685,2961,13221,11589,24810,2019-03-01
WS13,1142,1327,2469,9720,8705,18425,2019-03-01
WS14,575,606,1181,6983,6611,13594,2019-03-01
WS15,1580,1948,3528,14189,12553,26742,2019-03-01
WV0,0,1,1,0,0,0,2019-03-01
WV1,1902,1884,3786,4323,2661,6984,2019-03-01
WV2,1894,2096,3990,4654,2969,7623,2019-03-01
WV3,2015,2262,4277,10071,8133,18204,2019-03-01
WV4,1762,2402,4164,12186,10022,22208,2019-03-01
WV5,420,555,975,6092,5555,11647,2019-03-01
WV6,2618,3075,5693,15915,13594,29509,2019-03-01
WV7,349,262,611,2244,2033,4277,2019-03-01
WV8,707,990,1697,5507,5072,10579,2019-03-01
WV9,296,387,683,2664,2355,5019,2019-03-01
WV10,4371,5795,10166,17037,13236,30273,2019-03-01
WV11,1975,2604,4579,11764,9263,21027,2019-03-01
WV12,1272,1712,2984,8774,7175,15949,2019-03-01
WV13,1506,1963,3469,6624,5086,11710,2019-03-01
WV14,3121,4112,7233,14811,11408,26219,2019-03-01
WV15,259,329,588,3480,3086,6566,2019-03-01
WV16,526,632,1158,6970,6304,13274,2019-03-01
YL55,0,0,0,0,1,1,2019-03-01
YO0,0,0,0,1,0,1,2019-03-01
YO1,353,372,725,1415,1043,2458,2019-03-01
YO1,0,0,0,1,0,1,2019-03-01
YO2,34,39,73,80,37,117,2019-03-01
YO3,36,31,67,97,60,157,2019-03-01
YO3,0,0,0,0,1,1,2019-03-01
YO4,12,14,26,115,90,205,2019-03-01
YO5,8,9,17,37,23,60,2019-03-01
YO6,18,27,45,119,67,186,2019-03-01
YO7,616,753,1369,7967,7335,15302,2019-03-01
YO8,1808,2390,4198,17280,15105,32385,2019-03-01
YO9,2,1,3,0,0,0,2019-03-01
YO10,1500,1834,3334,7045,5967,13012,2019-03-01
YO11,1372,1584,2956,7375,5791,13166,2019-03-01
YO12,2215,2653,4868,13124,11243,24367,2019-03-01
YO13,217,287,504,4202,4099,8301,2019-03-01
YO14,390,549,939,4321,3833,8154,2019-03-01
YO15,738,827,1565,4751,3731,8482,2019-03-01
YO16,1146,1508,2654,8694,7088,15782,2019-03-01
YO17,764,904,1668,8612,7723,16335,2019-03-01
YO18,324,383,707,4489,4209,8698,2019-03-01
YO19,361,445,806,5036,4755,9791,2019-03-01
YO20,0,0,0,0,1,1,2019-03-01
YO21,532,591,1123,5363,4767,10130,2019-03-01
YO22,365,430,795,3249,2936,6185,2019-03-01
YO23,799,998,1797,7146,6869,14015,2019-03-01
YO24,1688,2210,3898,9999,9028,19027,2019-03-01
YO25,1032,1280,2312,13220,12147,25367,2019-03-01
YO26,1446,1801,3247,10745,9723,20468,2019-03-01
YO29,0,0,0,1,0,1,2019-03-01
YO30,1427,1727,3154,8910,7944,16854,2019-03-01
YO31,1557,1929,3486,8741,7634,16375,2019-03-01
YO32,958,1270,2228,10686,10288,20974,2019-03-01
YO34,1,0,1,1,1,2,2019-03-01
YO40,0,0,0,0,1,1,2019-03-01
YO41,255,331,586,4419,4239,8658,2019-03-01
YO42,471,581,1052,5918,5644,11562,2019-03-01
YO43,326,408,734,5023,4692,9715,2019-03-01
YO45,0,0,0,0,1,1,2019-03-01
YO51,151,190,341,2347,2230,4577,2019-03-01
YO60,108,115,223,1966,1919,3885,2019-03-01
YO61,365,450,815,5769,5648,11417,2019-03-01
YO62,360,382,742,4745,4530,9275,2019-03-01
YO69,0,0,0,1,0,1,2019-03-01
ZE0,0,0,0,0,1,1,2019-03-01
ZE1,436,545,981,2765,2293,5058,2019-03-01
ZE2,584,809,1393,5469,4834,10303,2019-03-01
ZE3,23,26,49,171,139,310,2019-03-01
TotalNA,3819273,4408766,8228039,21982899,18781374,40764273,2019-03-01
AA78,0,0,0,0,1,1,2020-03-01
AB1,70,77,147,189,126,315,2020-03-01
AB2,24,33,57,103,54,157,2020-03-01
AB3,6,9,15,33,39,72,2020-03-01
AB4,3,3,6,28,23,51,2020-03-01
AB5,1,3,4,13,18,31,2020-03-01
AB9,29,18,47,67,11,78,2020-03-01
AB10,1538,1551,3089,7448,6072,13520,2020-03-01
AB11,1899,1983,3882,6379,4355,10734,2020-03-01
AB12,1185,1534,2719,10574,9460,20034,2020-03-01
AB13,99,121,220,1434,1429,2863,2020-03-01
AB14,213,262,475,1949,1809,3758,2020-03-01
AB15,1413,1865,3278,15747,14842,30589,2020-03-01
AB16,2247,2890,5137,8302,6393,14695,2020-03-01
AB18,0,0,0,0,1,1,2020-03-01
AB21,901,1094,1995,9276,8282,17558,2020-03-01
AB22,580,738,1318,6277,5752,12029,2020-03-01
AB23,432,468,900,4794,4396,9190,2020-03-01
AB24,3121,3163,6284,9323,5961,15284,2020-03-01
AB25,1509,1419,2928,5124,3725,8849,2020-03-01
AB28,0,0,0,1,0,1,2020-03-01
AB29,0,1,1,0,0,0,2020-03-01
AB30,198,242,440,3007,2774,5781,2020-03-01
AB31,449,495,944,6490,6179,12669,2020-03-01
AB32,438,533,971,5640,5454,11094,2020-03-01
AB33,120,161,281,2364,2112,4476,2020-03-01
AB34,163,197,360,2205,2134,4339,2020-03-01
AB35,102,108,210,1017,907,1924,2020-03-01
AB36,19,21,40,234,211,445,2020-03-01
AB37,34,48,82,547,464,1011,2020-03-01
AB38,116,176,292,1731,1545,3276,2020-03-01
AB39,667,732,1399,6855,6499,13354,2020-03-01
AB41,559,800,1359,8547,8071,16618,2020-03-01
AB42,1506,1748,3254,12516,11060,23576,2020-03-01
AB43,1041,1256,2297,8284,7312,15596,2020-03-01
AB44,179,229,408,1358,1205,2563,2020-03-01
AB45,420,506,926,4100,3711,7811,2020-03-01
AB51,1010,1244,2254,14167,13346,27513,2020-03-01
AB52,126,169,295,2121,1936,4057,2020-03-01
AB53,323,412,735,4835,4249,9084,2020-03-01
AB54,383,496,879,4266,3799,8065,2020-03-01
AB55,270,434,704,3447,2986,6433,2020-03-01
AB56,641,720,1361,5176,4741,9917,2020-03-01
AL1,2037,2207,4244,14303,12789,27092,2020-03-01
AL2,925,1099,2024,9714,9168,18882,2020-03-01
AL3,1224,1365,2589,11106,10734,21840,2020-03-01
AL4,1008,1192,2200,10830,10628,21458,2020-03-01
AL5,1158,1219,2377,12354,12120,24474,2020-03-01
AL6,356,375,731,5212,5121,10333,2020-03-01
AL7,2082,2485,4567,12419,11228,23647,2020-03-01
AL8,575,701,1276,5025,4871,9896,2020-03-01
AL9,437,510,947,4923,4600,9523,2020-03-01
AL10,3709,3120,6829,11651,8137,19788,2020-03-01
B0,2,0,2,0,0,0,2020-03-01
B1,964,833,1797,2223,1236,3459,2020-03-01
B2,76,62,138,99,48,147,2020-03-01
B3,196,183,379,681,423,1104,2020-03-01
B4,293,161,454,306,102,408,2020-03-01
B5,1326,1454,2780,3083,1854,4937,2020-03-01
B5,0,0,0,1,1,2,2020-03-01
B6,2790,3059,5849,4790,2449,7239,2020-03-01
B7,1071,1442,2513,1858,1110,2968,2020-03-01
B8,5068,5829,10897,10562,5798,16360,2020-03-01
B9,2865,3601,6466,6033,3450,9483,2020-03-01
B9,0,0,0,1,0,1,2020-03-01
B10,3339,3776,7115,6503,3375,9878,2020-03-01
B11,5603,6243,11846,11633,6375,18008,2020-03-01
B12,2841,2848,5689,4748,2462,7210,2020-03-01
B13,2982,3578,6560,12551,9711,22262,2020-03-01
B14,3215,3962,7177,13180,10964,24144,2020-03-01
B15,1632,1709,3341,5096,3898,8994,2020-03-01
B16,2925,3052,5977,6440,3984,10424,2020-03-01
B17,1839,2142,3981,8571,7188,15759,2020-03-01
B18,2101,2623,4724,3790,2380,6170,2020-03-01
B19,3213,3558,6771,4689,2484,7173,2020-03-01
B20,3948,4488,8436,10451,7221,17672,2020-03-01
B21,4935,4981,9916,7498,4247,11745,2020-03-01
B23,4133,5128,9261,13103,9898,23001,2020-03-01
B24,2280,2811,5091,9003,6941,15944,2020-03-01
B25,1522,1972,3494,4824,3250,8074,2020-03-01
B26,2074,2617,4691,11382,9021,20403,2020-03-01
B27,2249,2678,4927,7738,5599,13337,2020-03-01
B28,1825,2357,4182,11023,9053,20076,2020-03-01
B29,3312,3830,7142,9618,7656,17274,2020-03-01
B30,1944,2334,4278,9087,8228,17315,2020-03-01
B31,4228,5501,9729,17217,14518,31735,2020-03-01
B32,2944,4231,7175,11399,9229,20628,2020-03-01
B33,3011,4069,7080,10046,7312,17358,2020-03-01
B34,1383,1848,3231,5984,4711,10695,2020-03-01
B35,856,1175,2031,2419,2068,4487,2020-03-01
B36,2439,3324,5763,11596,9394,20990,2020-03-01
B37,2927,3755,6682,10710,8679,19389,2020-03-01
B38,1607,2069,3676,6093,5191,11284,2020-03-01
B41,1,0,1,1,0,1,2020-03-01
B42,1662,2013,3675,7952,6649,14601,2020-03-01
B43,1435,1878,3313,10698,9219,19917,2020-03-01
B44,2835,3811,6646,10909,8652,19561,2020-03-01
B45,1921,2481,4402,10689,9263,19952,2020-03-01
B46,432,470,902,5115,4738,9853,2020-03-01
B47,253,296,549,4014,3968,7982,2020-03-01
B48,187,172,359,2367,2240,4607,2020-03-01
B49,325,427,752,4206,3994,8200,2020-03-01
B50,193,218,411,2575,2437,5012,2020-03-01
B60,937,1060,1997,10539,9872,20411,2020-03-01
B61,1071,1269,2340,9444,8823,18267,2020-03-01
B62,1018,1247,2265,9148,8147,17295,2020-03-01
B63,1709,2274,3983,12778,10980,23758,2020-03-01
B64,1036,1391,2427,5516,4444,9960,2020-03-01
B65,1543,2106,3649,7715,6073,13788,2020-03-01
B66,3120,3473,6593,5906,3527,9433,2020-03-01
B67,3099,3673,6772,8970,6247,15217,2020-03-01
B68,2313,3020,5333,10302,8001,18303,2020-03-01
B69,2134,2867,5001,9127,6901,16028,2020-03-01
B70,2949,3664,6613,8532,5277,13809,2020-03-01
B71,2343,3022,5365,9627,7131,16758,2020-03-01
B72,434,420,854,3865,3424,7289,2020-03-01
B73,955,1068,2023,8925,8184,17109,2020-03-01
B74,871,1078,1949,13062,12331,25393,2020-03-01
B75,1128,1418,2546,9951,9490,19441,2020-03-01
B76,942,897,1839,9203,8040,17243,2020-03-01
B77,2774,3927,6701,20222,17157,37379,2020-03-01
B78,981,1197,2178,9277,8162,17439,2020-03-01
B79,1031,1295,2326,8602,7265,15867,2020-03-01
B80,249,275,524,2824,2625,5449,2020-03-01
B85,0,0,0,1,0,1,2020-03-01
B90,1747,2025,3772,18401,17190,35591,2020-03-01
B91,1232,1406,2638,13633,12890,26523,2020-03-01
B92,1731,2041,3772,14004,12356,26360,2020-03-01
B93,523,577,1100,8001,7932,15933,2020-03-01
B94,144,175,319,3335,3181,6516,2020-03-01
B95,192,197,389,2592,2552,5144,2020-03-01
B96,97,144,241,2243,2143,4386,2020-03-01
B97,1328,1635,2963,12412,10974,23386,2020-03-01
B98,2908,3863,6771,17461,14329,31790,2020-03-01
BA0,0,0,0,1,1,2,2020-03-01
BA1,2494,2823,5317,14140,12803,26943,2020-03-01
BA2,4056,4472,8528,23990,21859,45849,2020-03-01
BA3,1395,1424,2819,14053,13054,27107,2020-03-01
BA4,637,770,1407,7286,6650,13936,2020-03-01
BA5,730,755,1485,7198,6990,14188,2020-03-01
BA6,663,653,1316,5218,5117,10335,2020-03-01
BA7,112,139,251,1389,1455,2844,2020-03-01
BA8,134,168,302,1765,1656,3421,2020-03-01
BA9,254,328,582,3219,2979,6198,2020-03-01
BA10,150,180,330,1327,1311,2638,2020-03-01
BA11,1395,1709,3104,12572,12015,24587,2020-03-01
BA12,1162,1442,2604,11390,10444,21834,2020-03-01
BA13,816,946,1762,7860,7335,15195,2020-03-01
BA14,2405,2592,4997,18430,16969,35399,2020-03-01
BA15,499,590,1089,5191,5267,10458,2020-03-01
BA16,617,647,1264,4870,4489,9359,2020-03-01
BA20,503,577,1080,4327,3661,7988,2020-03-01
BA21,1707,2166,3873,12470,10722,23192,2020-03-01
BA22,470,519,989,7458,7000,14458,2020-03-01
BB0,0,0,0,1,1,2,2020-03-01
BB1,4450,5929,10379,21449,15763,37212,2020-03-01
BB2,3877,4830,8707,19325,15177,34502,2020-03-01
BB3,1901,2393,4294,11626,9787,21413,2020-03-01
BB4,1882,2423,4305,15193,13601,28794,2020-03-01
BB5,3759,4685,8444,20037,16324,36361,2020-03-01
BB6,689,789,1478,5406,4810,10216,2020-03-01
BB7,1102,1204,2306,13407,12801,26208,2020-03-01
BB8,1151,1381,2532,8114,7215,15329,2020-03-01
BB9,2833,3488,6321,14735,11052,25787,2020-03-01
BB10,2239,2746,4985,12770,10233,23003,2020-03-01
BB11,1632,2026,3658,7243,5685,12928,2020-03-01
BB12,1790,2079,3869,12435,10678,23113,2020-03-01
BB18,642,830,1472,6365,5632,11997,2020-03-01
BD0,0,0,0,1,0,1,2020-03-01
BD1,645,428,1073,980,408,1388,2020-03-01
BD2,1911,2455,4366,9636,7841,17477,2020-03-01
BD3,3471,4034,7505,8153,4653,12806,2020-03-01
BD4,2422,3256,5678,8356,6375,14731,2020-03-01
BD5,2969,3510,6479,7347,4179,11526,2020-03-01
BD6,1897,2573,4470,9325,7661,16986,2020-03-01
BD7,3542,3695,7237,9346,5611,14957,2020-03-01
BD8,2903,3488,6391,8149,4790,12939,2020-03-01
BD9,2104,2898,5002,8292,5855,14147,2020-03-01
BD10,1429,1875,3304,8906,7905,16811,2020-03-01
BD11,408,532,940,4101,3864,7965,2020-03-01
BD12,865,1166,2031,5830,4972,10802,2020-03-01
BD13,1164,1403,2567,9560,8689,18249,2020-03-01
BD14,422,586,1008,2785,2408,5193,2020-03-01
BD15,885,1219,2104,5431,4606,10037,2020-03-01
BD16,1065,1240,2305,9440,8681,18121,2020-03-01
BD17,721,838,1559,6879,6291,13170,2020-03-01
BD18,1725,2209,3934,8673,7138,15811,2020-03-01
BD19,949,1161,2110,8036,7234,15270,2020-03-01
BD20,1257,1601,2858,14059,13009,27068,2020-03-01
BD21,1908,2578,4486,7248,5137,12385,2020-03-01
BD22,1446,1864,3310,10517,9342,19859,2020-03-01
BD23,1063,1222,2285,11745,10966,22711,2020-03-01
BD24,180,219,399,2103,1950,4053,2020-03-01
BD99,0,0,0,0,1,1,2020-03-01
BH0,0,0,0,0,1,1,2020-03-01
BH1,2127,1975,4102,7132,4755,11887,2020-03-01
BH2,872,731,1603,3337,2177,5514,2020-03-01
BH2,0,0,0,1,0,1,2020-03-01
BH3,311,324,635,2170,1840,4010,2020-03-01
BH4,493,514,1007,3807,3211,7018,2020-03-01
BH5,727,747,1474,3940,3115,7055,2020-03-01
BH6,1016,1126,2142,8611,8437,17048,2020-03-01
BH7,686,718,1404,4287,3938,8225,2020-03-01
BH8,1953,2015,3968,9777,8246,18023,2020-03-01
BH9,1695,1771,3466,10237,9318,19555,2020-03-01
BH10,844,1012,1856,7463,6912,14375,2020-03-01
BH11,1080,1286,2366,7111,6513,13624,2020-03-01
BH12,1908,2148,4056,12679,11279,23958,2020-03-01
BH13,151,214,365,3453,3276,6729,2020-03-01
BH14,994,989,1983,9598,8968,18566,2020-03-01
BH15,1653,1801,3454,12553,11259,23812,2020-03-01
BH16,589,771,1360,6110,5859,11969,2020-03-01
BH17,893,1166,2059,8541,8044,16585,2020-03-01
BH18,264,236,500,5081,4882,9963,2020-03-01
BH19,446,567,1013,4393,3990,8383,2020-03-01
BH20,999,804,1803,8621,7521,16142,2020-03-01
BH21,1015,1168,2183,16744,16765,33509,2020-03-01
BH22,673,686,1359,11423,10966,22389,2020-03-01
BH23,1935,1975,3910,21172,20710,41882,2020-03-01
BH24,733,711,1444,10034,9821,19855,2020-03-01
BH25,853,956,1809,9893,9717,19610,2020-03-01
BH31,294,307,601,5400,5446,10846,2020-03-01
BL0,661,783,1444,6553,6324,12877,2020-03-01
BL1,4374,4984,9358,21623,16853,38476,2020-03-01
BL2,2854,3404,6258,15425,13152,28577,2020-03-01
BL3,4994,5892,10886,20834,14711,35545,2020-03-01
BL4,2326,2999,5325,10854,8379,19233,2020-03-01
BL5,1110,1248,2358,10221,9374,19595,2020-03-01
BL6,1330,1545,2875,11539,10542,22081,2020-03-01
BL7,404,492,896,6245,6018,12263,2020-03-01
BL8,1487,1765,3252,13632,12489,26121,2020-03-01
BL9,3399,4114,7513,16669,13341,30010,2020-03-01
BN1,7003,6764,13767,26272,21888,48160,2020-03-01
BN2,7877,8330,16207,27751,22317,50068,2020-03-01
BN3,6189,6323,12512,28117,24083,52200,2020-03-01
BN4,3,2,5,15,10,25,2020-03-01
BN5,205,255,460,3248,3255,6503,2020-03-01
BN6,663,700,1363,7087,7163,14250,2020-03-01
BN7,1265,1498,2763,6967,6809,13776,2020-03-01
BN8,525,585,1110,6484,6441,12925,2020-03-01
BN9,849,1090,1939,4586,3923,8509,2020-03-01
BN10,1025,1217,2242,7117,6267,13384,2020-03-01
BN11,2155,2347,4502,11115,9561,20676,2020-03-01
BN12,839,983,1822,8373,8155,16528,2020-03-01
BN13,1251,1380,2631,10891,10419,21310,2020-03-01
BN14,1522,1655,3177,11370,10751,22121,2020-03-01
BN15,1357,1568,2925,10152,9062,19214,2020-03-01
BN16,907,1011,1918,11255,11333,22588,2020-03-01
BN17,1659,2030,3689,11148,9852,21000,2020-03-01
BN18,549,513,1062,5384,5182,10566,2020-03-01
BN19,0,0,0,1,0,1,2020-03-01
BN20,848,1054,1902,7846,7697,15543,2020-03-01
BN21,1710,1816,3526,8433,7088,15521,2020-03-01
BN22,2060,2533,4593,10911,9804,20715,2020-03-01
BN23,1341,1730,3071,10254,9209,19463,2020-03-01
BN24,294,338,632,4025,3929,7954,2020-03-01
BN25,971,1223,2194,9038,8541,17579,2020-03-01
BN26,453,525,978,4830,4618,9448,2020-03-01
BN27,1145,1376,2521,11485,11054,22539,2020-03-01
BN32,1,0,1,0,0,0,2020-03-01
BN40,0,0,0,1,0,1,2020-03-01
BN41,1530,1704,3234,6789,6338,13127,2020-03-01
BN42,570,657,1227,3685,3295,6980,2020-03-01
BN43,1240,1291,2531,8540,8027,16567,2020-03-01
BN44,324,381,705,4056,4070,8126,2020-03-01
BN45,26,19,45,262,255,517,2020-03-01
BR0,0,0,0,1,0,1,2020-03-01
BR1,4500,5366,9866,20161,18082,38243,2020-03-01
BR2,2631,2877,5508,17754,16692,34446,2020-03-01
BR3,2759,3267,6026,18351,17040,35391,2020-03-01
BR4,985,882,1867,7595,7292,14887,2020-03-01
BR5,2973,3836,6809,16017,14779,30796,2020-03-01
BR6,2163,2478,4641,18103,17313,35416,2020-03-01
BR7,721,882,1603,7199,6926,14125,2020-03-01
BR8,1106,1417,2523,8485,7670,16155,2020-03-01
BS0,0,0,0,1,0,1,2020-03-01
BS1,1136,995,2131,3715,2210,5925,2020-03-01
BS2,1873,1942,3815,4757,3176,7933,2020-03-01
BS3,2533,2824,5357,12945,10849,23794,2020-03-01
BS4,3264,4136,7400,16770,13864,30634,2020-03-01
BS5,5164,5510,10674,17659,13178,30837,2020-03-01
BS6,2112,2237,4349,10719,9617,20336,2020-03-01
BS7,2851,3020,5871,13785,11319,25104,2020-03-01
BS8,1503,1518,3021,8469,7395,15864,2020-03-01
BS9,1309,1352,2661,12155,11442,23597,2020-03-01
BS10,1928,2580,4508,9617,7985,17602,2020-03-01
BS11,1316,1567,2883,6095,4840,10935,2020-03-01
BS12,18,14,32,105,52,157,2020-03-01
BS13,2080,2811,4891,9502,7670,17172,2020-03-01
BS14,1362,1591,2953,10702,9634,20336,2020-03-01
BS15,2072,2436,4508,17904,15839,33743,2020-03-01
BS16,3954,4328,8282,29130,25993,55123,2020-03-01
BS17,16,17,33,88,62,150,2020-03-01
BS18,15,14,29,79,61,140,2020-03-01
BS19,4,6,10,45,37,82,2020-03-01
BS20,962,1175,2137,12668,11903,24571,2020-03-01
BS21,763,996,1759,9150,8768,17918,2020-03-01
BS22,1455,1846,3301,14511,13112,27623,2020-03-01
BS23,2309,2637,4946,11984,9423,21407,2020-03-01
BS24,742,973,1715,8775,8214,16989,2020-03-01
BS25,178,158,336,2679,2535,5214,2020-03-01
BS26,148,146,294,2062,2032,4094,2020-03-01
BS27,216,225,441,2982,2888,5870,2020-03-01
BS28,72,71,143,1451,1415,2866,2020-03-01
BS29,78,101,179,1145,1026,2171,2020-03-01
BS30,892,1057,1949,11644,11116,22760,2020-03-01
BS31,745,931,1676,8398,7895,16293,2020-03-01
BS32,1029,1099,2128,9353,8494,17847,2020-03-01
BS34,1722,1975,3697,12361,10498,22859,2020-03-01
BS35,742,840,1582,9587,8873,18460,2020-03-01
BS36,479,484,963,6533,6316,12849,2020-03-01
BS37,1428,1764,3192,15349,14104,29453,2020-03-01
BS38,0,0,0,1,0,1,2020-03-01
BS39,443,514,957,6694,6275,12969,2020-03-01
BS40,298,324,622,5541,5456,10997,2020-03-01
BS41,166,204,370,2432,2331,4763,2020-03-01
BS45,0,0,0,1,1,2,2020-03-01
BS48,728,848,1576,9349,9033,18382,2020-03-01
BS49,383,420,803,4725,4629,9354,2020-03-01
BS53,0,0,0,1,0,1,2020-03-01
BS57,0,0,0,1,0,1,2020-03-01
BS67,0,0,0,0,1,1,2020-03-01
BS94,0,1,1,0,0,0,2020-03-01
BS99,1,0,1,0,0,0,2020-03-01
CA0,0,0,0,1,1,2,2020-03-01
CA1,1515,1833,3348,7596,6091,13687,2020-03-01
CA2,2059,2772,4831,13015,10733,23748,2020-03-01
CA3,486,576,1062,5261,4760,10021,2020-03-01
CA4,183,252,435,3979,3844,7823,2020-03-01
CA5,189,202,391,2992,2928,5920,2020-03-01
CA6,267,336,603,3831,3370,7201,2020-03-01
CA7,694,901,1595,8801,8075,16876,2020-03-01
CA8,291,414,705,4140,3811,7951,2020-03-01
CA9,69,102,171,865,769,1634,2020-03-01
CA10,339,432,771,5968,5575,11543,2020-03-01
CA11,843,1036,1879,8356,7545,15901,2020-03-01
CA12,317,352,669,3068,2735,5803,2020-03-01
CA13,465,624,1089,6073,5658,11731,2020-03-01
CA14,1583,2187,3770,12562,10508,23070,2020-03-01
CA15,716,970,1686,5637,4711,10348,2020-03-01
CA16,144,166,310,2569,2426,4995,2020-03-01
CA17,122,169,291,2017,1792,3809,2020-03-01
CA18,12,4,16,117,119,236,2020-03-01
CA19,27,29,56,456,425,881,2020-03-01
CA20,78,90,168,1362,1219,2581,2020-03-01
CA21,22,21,43,323,282,605,2020-03-01
CA22,443,570,1013,3160,2623,5783,2020-03-01
CA23,54,64,118,567,482,1049,2020-03-01
CA24,32,56,88,402,325,727,2020-03-01
CA25,295,411,706,1927,1617,3544,2020-03-01
CA26,147,204,351,1314,1154,2468,2020-03-01
CA27,43,63,106,656,569,1225,2020-03-01
CA28,1415,1742,3157,9750,8000,17750,2020-03-01
CB1,3856,4080,7936,16369,13961,30330,2020-03-01
CB2,1585,1703,3288,7559,6693,14252,2020-03-01
CB3,1162,1328,2490,6488,5862,12350,2020-03-01
CB4,3793,4093,7886,16132,13245,29377,2020-03-01
CB5,1099,1221,2320,4937,4074,9011,2020-03-01
CB6,1335,1649,2984,14698,13430,28128,2020-03-01
CB7,1106,1224,2330,10368,9469,19837,2020-03-01
CB8,1542,1645,3187,12443,11313,23756,2020-03-01
CB9,1554,2103,3657,11490,9864,21354,2020-03-01
CB10,547,660,1207,5783,5456,11239,2020-03-01
CB11,659,768,1427,7326,6946,14272,2020-03-01
CB12,0,0,0,1,1,2,2020-03-01
CB19,0,0,0,1,0,1,2020-03-01
CB21,437,478,915,5383,5014,10397,2020-03-01
CB22,736,748,1484,8307,7685,15992,2020-03-01
CB23,1075,1263,2338,11555,10938,22493,2020-03-01
CB24,1052,1146,2198,11696,10811,22507,2020-03-01
CB25,495,513,1008,6149,5714,11863,2020-03-01
CF0,1,0,1,0,0,0,2020-03-01
CF1,87,68,155,150,52,202,2020-03-01
CF2,48,43,91,132,45,177,2020-03-01
CF3,2719,3511,6230,13796,12608,26404,2020-03-01
CF4,46,37,83,151,111,262,2020-03-01
CF5,4005,4886,8891,21283,19409,40692,2020-03-01
CF6,84,74,158,134,63,197,2020-03-01
CF7,13,8,21,65,48,113,2020-03-01
CF8,53,44,97,150,106,256,2020-03-01
CF9,0,0,0,1,0,1,2020-03-01
CF10,1472,1274,2746,4144,2469,6613,2020-03-01
CF11,3476,3369,6845,11395,8109,19504,2020-03-01
CF14,3220,3615,6835,26411,24987,51398,2020-03-01
CF15,561,671,1232,7070,7000,14070,2020-03-01
CF16,0,0,0,0,1,1,2020-03-01
CF18,0,1,1,0,0,0,2020-03-01
CF23,2390,2870,5260,15897,15011,30908,2020-03-01
CF24,5375,4705,10080,12092,8336,20428,2020-03-01
CF31,1962,2389,4351,16035,14654,30689,2020-03-01
CF32,1431,1804,3235,10882,9362,20244,2020-03-01
CF33,771,1005,1776,5004,4318,9322,2020-03-01
CF34,1033,1374,2407,6723,5385,12108,2020-03-01
CF35,485,595,1080,7143,6668,13811,2020-03-01
CF36,534,657,1191,6214,5801,12015,2020-03-01
CF37,2270,2509,4779,12332,9927,22259,2020-03-01
CF38,745,977,1722,8776,8238,17014,2020-03-01
CF39,1381,1961,3342,9717,7974,17691,2020-03-01
CF40,1068,1473,2541,6577,5200,11777,2020-03-01
CF41,519,712,1231,3559,2759,6318,2020-03-01
CF42,713,938,1651,4307,3442,7749,2020-03-01
CF43,698,1000,1698,3719,2745,6464,2020-03-01
CF44,1987,2754,4741,13626,11176,24802,2020-03-01
CF45,1184,1526,2710,6144,4785,10929,2020-03-01
CF46,610,870,1480,5181,4561,9742,2020-03-01
CF47,1326,1869,3195,6773,5182,11955,2020-03-01
CF48,1413,1872,3285,9062,7462,16524,2020-03-01
CF61,491,572,1063,3695,3490,7185,2020-03-01
CF62,2018,2419,4437,14849,14177,29026,2020-03-01
CF63,1484,1705,3189,6655,5918,12573,2020-03-01
CF64,1566,1723,3289,13641,13232,26873,2020-03-01
CF71,210,222,432,3951,3902,7853,2020-03-01
CF72,840,1066,1906,10041,9655,19696,2020-03-01
CF81,975,1325,2300,5217,3899,9116,2020-03-01
CF82,947,1199,2146,7038,6086,13124,2020-03-01
CF83,2719,3439,6158,18150,16105,34255,2020-03-01
CH1,2216,2460,4676,9521,7591,17112,2020-03-01
CH2,1629,1990,3619,12727,11331,24058,2020-03-01
CH3,1224,1359,2583,14147,13422,27569,2020-03-01
CH4,1588,2007,3595,12484,11518,24002,2020-03-01
CH5,2172,2643,4815,15150,12911,28061,2020-03-01
CH6,913,1211,2124,5849,4984,10833,2020-03-01
CH6,0,0,0,1,0,1,2020-03-01
CH7,1735,2258,3993,19202,18002,37204,2020-03-01
CH8,921,1211,2132,7749,6759,14508,2020-03-01
CH9,1,0,1,1,0,1,2020-03-01
CH14,0,0,0,1,0,1,2020-03-01
CH22,0,0,0,0,1,1,2020-03-01
CH24,0,0,0,1,0,1,2020-03-01
CH41,1829,2097,3926,4599,3314,7913,2020-03-01
CH42,2628,3035,5663,8778,7133,15911,2020-03-01
CH43,2209,2408,4617,12961,11454,24415,2020-03-01
CH44,2422,2795,5217,8296,6618,14914,2020-03-01
CH45,1746,1950,3696,10657,9638,20295,2020-03-01
CH46,1533,1833,3366,8359,7417,15776,2020-03-01
CH47,427,505,932,4164,4061,8225,2020-03-01
CH48,588,603,1191,5847,5783,11630,2020-03-01
CH49,1448,1771,3219,10142,9670,19812,2020-03-01
CH51,0,0,0,0,1,1,2020-03-01
CH60,331,309,640,5405,5394,10799,2020-03-01
CH61,566,658,1224,6611,6499,13110,2020-03-01
CH62,1603,1882,3485,10179,9236,19415,2020-03-01
CH63,1169,1377,2546,10952,10586,21538,2020-03-01
CH64,613,698,1311,7607,7303,14910,2020-03-01
CH65,1976,2397,4373,9088,7563,16651,2020-03-01
CH66,1508,1822,3330,13167,12168,25335,2020-03-01
CM0,604,731,1335,6975,6211,13186,2020-03-01
CM1,3326,3753,7079,24242,21813,46055,2020-03-01
CM2,2530,3038,5568,22872,20647,43519,2020-03-01
CM3,1620,1945,3565,22691,21537,44228,2020-03-01
CM4,334,346,680,4402,4321,8723,2020-03-01
CM5,338,377,715,4611,4404,9015,2020-03-01
CM6,745,881,1626,11536,11089,22625,2020-03-01
CM7,2261,2836,5097,18341,15966,34307,2020-03-01
CM8,1559,2027,3586,12115,10821,22936,2020-03-01
CM9,1210,1513,2723,13711,12609,26320,2020-03-01
CM11,665,789,1454,7984,7479,15463,2020-03-01
CM12,706,707,1413,8244,7919,16163,2020-03-01
CM13,955,1108,2063,10147,9430,19577,2020-03-01
CM14,974,1213,2187,7966,7239,15205,2020-03-01
CM15,803,953,1756,9495,9206,18701,2020-03-01
CM16,825,938,1763,9288,8773,18061,2020-03-01
CM17,907,1193,2100,9068,8482,17550,2020-03-01
CM18,1804,2204,4008,8765,7102,15867,2020-03-01
CM19,1429,1702,3131,7848,6219,14067,2020-03-01
CM20,1947,2336,4283,8193,6256,14449,2020-03-01
CM21,360,421,781,4668,4276,8944,2020-03-01
CM22,480,508,988,6537,6099,12636,2020-03-01
CM23,1814,2043,3857,15952,14711,30663,2020-03-01
CM24,284,343,627,3204,2968,6172,2020-03-01
CM77,457,561,1018,6069,5871,11940,2020-03-01
CO0,1,1,2,0,0,0,2020-03-01
CO1,1356,1531,2887,5541,4251,9792,2020-03-01
CO1,0,0,0,0,1,1,2020-03-01
CO2,2243,2837,5080,13030,11082,24112,2020-03-01
CO3,1402,1558,2960,11730,10868,22598,2020-03-01
CO4,2987,3532,6519,17054,14511,31565,2020-03-01
CO5,831,1011,1842,11699,10964,22663,2020-03-01
CO6,818,981,1799,11521,11074,22595,2020-03-01
CO7,1190,1324,2514,13765,12769,26534,2020-03-01
CO8,68,70,138,978,942,1920,2020-03-01
CO9,897,1053,1950,10307,9460,19767,2020-03-01
CO10,1884,2225,4109,18665,17117,35782,2020-03-01
CO11,399,535,934,5284,5035,10319,2020-03-01
CO12,1064,1387,2451,8218,6899,15117,2020-03-01
CO13,376,477,853,4998,4686,9684,2020-03-01
CO14,270,363,633,2436,2030,4466,2020-03-01
CO15,2279,2733,5012,15455,12802,28257,2020-03-01
CO16,1098,1264,2362,9850,8758,18608,2020-03-01
CR0,17721,19952,37673,51857,40721,92578,2020-03-01
CR1,6,6,12,8,1,9,2020-03-01
CR2,3105,3614,6719,18309,16504,34813,2020-03-01
CR3,1314,1538,2852,11252,10833,22085,2020-03-01
CR4,8685,8560,17245,21218,14603,35821,2020-03-01
CR5,1415,1717,3132,11593,11077,22670,2020-03-01
CR6,364,417,781,4039,3857,7896,2020-03-01
CR7,7077,7030,14107,14724,10753,25477,2020-03-01
CR8,1948,2194,4142,12592,11616,24208,2020-03-01
CR9,56,40,96,62,22,84,2020-03-01
CT0,0,0,0,0,1,1,2020-03-01
CT1,2305,2546,4851,8120,6634,14754,2020-03-01
CT2,1872,2034,3906,8725,7550,16275,2020-03-01
CT3,826,986,1812,7378,6862,14240,2020-03-01
CT4,621,658,1279,6973,6852,13825,2020-03-01
CT5,1387,1561,2948,12443,11940,24383,2020-03-01
CT6,1654,1875,3529,14639,13691,28330,2020-03-01
CT7,389,496,885,4614,4253,8867,2020-03-01
CT8,428,482,910,2681,2504,5185,2020-03-01
CT9,3412,3722,7134,13897,11599,25496,2020-03-01
CT10,1305,1407,2712,9134,8561,17695,2020-03-01
CT11,2255,2470,4725,9593,8214,17807,2020-03-01
CT12,1163,1387,2550,6402,5565,11967,2020-03-01
CT13,368,431,799,3422,3125,6547,2020-03-01
CT14,1667,1987,3654,12836,11467,24303,2020-03-01
CT15,469,603,1072,5402,4896,10298,2020-03-01
CT16,1328,1432,2760,6838,5516,12354,2020-03-01
CT17,1552,1767,3319,6687,5402,12089,2020-03-01
CT18,494,508,1002,5835,5494,11329,2020-03-01
CT19,1941,2270,4211,9277,7841,17118,2020-03-01
CT20,1552,1748,3300,8036,6235,14271,2020-03-01
CT21,636,732,1368,6699,6434,13133,2020-03-01
CV0,0,0,0,0,1,1,2020-03-01
CV1,4722,3684,8406,7083,3075,10158,2020-03-01
CV2,5809,7198,13007,20693,15368,36061,2020-03-01
CV3,4525,5527,10052,23951,18984,42935,2020-03-01
CV4,2398,2765,5163,10293,8062,18355,2020-03-01
CV5,2411,2769,5180,17452,14981,32433,2020-03-01
CV6,7944,9441,17385,29353,21351,50704,2020-03-01
CV7,1116,1409,2525,11414,10458,21872,2020-03-01
CV8,1078,1190,2268,12565,11890,24455,2020-03-01
CV9,891,1128,2019,8459,7332,15791,2020-03-01
CV10,2606,3614,6220,19004,16088,35092,2020-03-01
CV11,2002,2427,4429,14741,12160,26901,2020-03-01
CV12,1466,2004,3470,11251,9584,20835,2020-03-01
CV13,261,316,577,4673,4372,9045,2020-03-01
CV18,0,0,0,0,1,1,2020-03-01
CV19,0,0,0,1,0,1,2020-03-01
CV21,2443,2939,5382,13961,10454,24415,2020-03-01
CV22,1573,1882,3455,14257,12660,26917,2020-03-01
CV23,693,811,1504,9836,9108,18944,2020-03-01
CV27,0,0,0,1,0,1,2020-03-01
CV31,2072,2271,4343,10749,8512,19261,2020-03-01
CV32,1567,1751,3318,12033,10454,22487,2020-03-01
CV33,221,235,456,3041,2924,5965,2020-03-01
CV34,1447,1757,3204,12420,11230,23650,2020-03-01
CV35,627,777,1404,10903,10653,21556,2020-03-01
CV36,279,335,614,4076,3894,7970,2020-03-01
CV37,1729,2090,3819,16975,16152,33127,2020-03-01
CV42,0,0,0,1,0,1,2020-03-01
CV47,569,686,1255,7536,7101,14637,2020-03-01
CW1,2562,2970,5532,14019,11696,25715,2020-03-01
CW2,2241,2375,4616,14972,12732,27704,2020-03-01
CW3,254,321,575,3794,3656,7450,2020-03-01
CW4,249,282,531,4225,4230,8455,2020-03-01
CW5,993,1059,2052,12043,11574,23617,2020-03-01
CW6,277,360,637,5599,5494,11093,2020-03-01
CW7,1827,2266,4093,11473,9997,21470,2020-03-01
CW8,1240,1482,2722,15325,14482,29807,2020-03-01
CW9,1324,1453,2777,13402,12044,25446,2020-03-01
CW10,466,580,1046,6143,5692,11835,2020-03-01
CW11,790,850,1640,10108,9793,19901,2020-03-01
CW12,1063,1202,2265,12265,11474,23739,2020-03-01
DA0,1,1,2,0,0,0,2020-03-01
DA1,3919,4927,8846,21106,17513,38619,2020-03-01
DA2,1063,1369,2432,8669,7990,16659,2020-03-01
DA3,575,592,1167,6925,6711,13636,2020-03-01
DA4,342,376,718,3830,3562,7392,2020-03-01
DA5,871,942,1813,8089,7701,15790,2020-03-01
DA6,591,712,1303,3791,3332,7123,2020-03-01
DA7,1709,2074,3783,13019,11736,24755,2020-03-01
DA8,3150,3934,7084,11086,9217,20303,2020-03-01
DA9,737,854,1591,5222,4577,9799,2020-03-01
DA10,505,674,1179,3066,2537,5603,2020-03-01
DA11,2797,3248,6045,13618,10599,24217,2020-03-01
DA12,3282,3755,7037,16883,14060,30943,2020-03-01
DA13,355,419,774,6146,5880,12026,2020-03-01
DA14,1163,1487,2650,7714,7270,14984,2020-03-01
DA15,1280,1541,2821,10789,9856,20645,2020-03-01
DA16,2234,2872,5106,13208,11285,24493,2020-03-01
DA17,1593,1953,3546,6067,4899,10966,2020-03-01
DA18,763,927,1690,1380,948,2328,2020-03-01
DD1,1137,1000,2137,2270,1503,3773,2020-03-01
DD2,2615,3230,5845,12729,11211,23940,2020-03-01
DD3,2688,3085,5773,11045,8737,19782,2020-03-01
DD4,3273,3937,7210,12588,10431,23019,2020-03-01
DD5,1003,1154,2157,12258,11872,24130,2020-03-01
DD6,386,504,890,3474,3380,6854,2020-03-01
DD7,464,591,1055,4731,4398,9129,2020-03-01
DD8,1078,1416,2494,10697,9587,20284,2020-03-01
DD9,505,657,1162,4027,3608,7635,2020-03-01
DD10,898,1120,2018,7803,6963,14766,2020-03-01
DD11,1332,1661,2993,9816,8452,18268,2020-03-01
DE1,1442,1273,2715,4034,2291,6325,2020-03-01
DE2,23,17,40,62,26,88,2020-03-01
DE3,536,712,1248,6865,6367,13232,2020-03-01
DE4,1158,1471,2629,13324,12278,25602,2020-03-01
DE5,825,1175,2000,8190,7293,15483,2020-03-01
DE6,741,858,1599,10480,9844,20324,2020-03-01
DE7,2386,3153,5539,17713,14873,32586,2020-03-01
DE11,1888,2446,4334,16726,14779,31505,2020-03-01
DE12,681,860,1541,8577,7773,16350,2020-03-01
DE13,1366,1765,3131,16062,14755,30817,2020-03-01
DE14,2343,2662,5005,10676,7497,18173,2020-03-01
DE15,1254,1505,2759,8497,7072,15569,2020-03-01
DE19,0,0,0,0,1,1,2020-03-01
DE21,2996,3948,6944,19774,16730,36504,2020-03-01
DE22,2668,3083,5751,15667,13279,28946,2020-03-01
DE23,5118,5497,10615,18921,14010,32931,2020-03-01
DE24,3853,5240,9093,17954,13812,31766,2020-03-01
DE44,0,0,0,0,1,1,2020-03-01
DE45,226,270,496,3314,3209,6523,2020-03-01
DE51,0,0,0,1,0,1,2020-03-01
DE55,2090,2694,4784,18979,16355,35334,2020-03-01
DE56,1305,1582,2887,15163,14085,29248,2020-03-01
DE65,661,820,1481,9253,8762,18015,2020-03-01
DE66,0,0,0,0,1,1,2020-03-01
DE72,594,832,1426,8161,7633,15794,2020-03-01
DE73,583,785,1368,7814,7371,15185,2020-03-01
DE74,429,480,909,4744,4175,8919,2020-03-01
DE75,874,1060,1934,6433,5585,12018,2020-03-01
DG1,1167,1355,2522,9991,9087,19078,2020-03-01
DG2,1325,1731,3056,7746,6877,14623,2020-03-01
DG3,170,236,406,1811,1707,3518,2020-03-01
DG4,206,307,513,1486,1126,2612,2020-03-01
DG5,218,244,462,1946,1805,3751,2020-03-01
DG6,265,286,551,1906,1806,3712,2020-03-01
DG7,442,514,956,4680,4510,9190,2020-03-01
DG8,471,625,1096,4788,4320,9108,2020-03-01
DG9,783,938,1721,5595,4906,10501,2020-03-01
DG10,161,202,363,1505,1335,2840,2020-03-01
DG11,473,596,1069,5061,4577,9638,2020-03-01
DG12,662,805,1467,4338,3726,8064,2020-03-01
DG13,114,140,254,1079,966,2045,2020-03-01
DG14,38,40,78,565,504,1069,2020-03-01
DG16,149,207,356,1402,1247,2649,2020-03-01
DH1,2116,2370,4486,13714,12262,25976,2020-03-01
DH2,1352,2000,3352,10715,9009,19724,2020-03-01
DH3,1269,1706,2975,9018,7602,16620,2020-03-01
DH4,1668,2098,3766,11919,10123,22042,2020-03-01
DH5,1012,1555,2567,6862,5450,12312,2020-03-01
DH6,1504,2151,3655,12075,10325,22400,2020-03-01
DH7,1830,2641,4471,14578,12577,27155,2020-03-01
DH8,1749,2355,4104,13710,11856,25566,2020-03-01
DH9,1994,2722,4716,11820,9403,21223,2020-03-01
DH10,0,0,0,1,0,1,2020-03-01
DH11,0,0,0,1,0,1,2020-03-01
DL1,2889,3954,6843,15161,11670,26831,2020-03-01
DL2,463,547,1010,7221,7096,14317,2020-03-01
DL3,2333,2812,5145,14926,12908,27834,2020-03-01
DL4,603,778,1381,3094,2342,5436,2020-03-01
DL5,1536,1997,3533,9989,8579,18568,2020-03-01
DL6,540,663,1203,5876,5453,11329,2020-03-01
DL7,348,472,820,5965,5854,11819,2020-03-01
DL8,396,535,931,7825,7396,15221,2020-03-01
DL9,1993,1272,3265,5253,3555,8808,2020-03-01
DL10,601,798,1399,7084,6737,13821,2020-03-01
DL11,111,119,230,2178,2089,4267,2020-03-01
DL12,352,466,818,4774,4367,9141,2020-03-01
DL13,406,548,954,5476,4788,10264,2020-03-01
DL14,1701,2324,4025,12780,10774,23554,2020-03-01
DL15,924,1312,2236,7781,6593,14374,2020-03-01
DL16,869,1175,2044,7673,6557,14230,2020-03-01
DL17,895,1294,2189,6086,4810,10896,2020-03-01
DN0,1,0,1,1,0,1,2020-03-01
DN1,1206,1008,2214,2617,1089,3706,2020-03-01
DN2,1752,2116,3868,7935,5918,13853,2020-03-01
DN3,1121,1536,2657,11077,9588,20665,2020-03-01
DN4,3102,3743,6845,18412,14634,33046,2020-03-01
DN5,1944,2606,4550,13678,11696,25374,2020-03-01
DN6,1876,2497,4373,10088,8071,18159,2020-03-01
DN7,1112,1562,2674,7659,6270,13929,2020-03-01
DN8,1002,1377,2379,6135,4717,10852,2020-03-01
DN9,600,718,1318,8600,8203,16803,2020-03-01
DN10,327,405,732,5213,4854,10067,2020-03-01
DN11,1375,1858,3233,10050,8649,18699,2020-03-01
DN12,1580,2110,3690,7337,5614,12951,2020-03-01
DN14,2013,2821,4834,17452,14577,32029,2020-03-01
DN15,2580,2672,5252,12189,9333,21522,2020-03-01
DN16,1672,2022,3694,10525,8853,19378,2020-03-01
DN17,1753,2245,3998,13040,11256,24296,2020-03-01
DN18,523,733,1256,4611,3843,8454,2020-03-01
DN19,170,212,382,2563,2301,4864,2020-03-01
DN20,595,728,1323,7532,6672,14204,2020-03-01
DN21,1743,2314,4057,13720,11992,25712,2020-03-01
DN22,1364,1748,3112,13437,12199,25636,2020-03-01
DN24,0,0,0,0,1,1,2020-03-01
DN31,848,1004,1852,2451,1570,4021,2020-03-01
DN32,2506,2744,5250,7723,5607,13330,2020-03-01
DN33,1294,1501,2795,6479,5485,11964,2020-03-01
DN34,1137,1455,2592,6416,5152,11568,2020-03-01
DN35,1959,2383,4342,11051,9074,20125,2020-03-01
DN36,549,691,1240,8170,7543,15713,2020-03-01
DN37,887,1097,1984,8051,7232,15283,2020-03-01
DN38,74,109,183,1159,1057,2216,2020-03-01
DN39,90,106,196,1151,1001,2152,2020-03-01
DN40,669,915,1584,4650,3562,8212,2020-03-01
DN41,150,189,339,2584,2467,5051,2020-03-01
DT0,0,0,0,0,1,1,2020-03-01
DT1,851,1036,1887,7427,7029,14456,2020-03-01
DT2,667,754,1421,10619,10405,21024,2020-03-01
DT3,854,1018,1872,9559,8900,18459,2020-03-01
DT4,2145,2341,4486,13032,11304,24336,2020-03-01
DT5,711,841,1552,4374,3808,8182,2020-03-01
DT6,757,858,1615,8566,8464,17030,2020-03-01
DT7,225,228,453,2195,2111,4306,2020-03-01
DT8,164,216,380,2435,2369,4804,2020-03-01
DT9,685,815,1500,8321,8235,16556,2020-03-01
DT10,302,365,667,4856,4630,9486,2020-03-01
DT11,1157,1209,2366,12228,11046,23274,2020-03-01
DY1,2175,2687,4862,10786,8530,19316,2020-03-01
DY2,2530,3219,5749,10804,7986,18790,2020-03-01
DY3,1345,1708,3053,12354,10783,23137,2020-03-01
DY4,3127,4173,7300,13370,9895,23265,2020-03-01
DY5,2233,3022,5255,13904,11247,25151,2020-03-01
DY6,796,1052,1848,10949,10013,20962,2020-03-01
DY7,178,210,388,3256,3159,6415,2020-03-01
DY8,2044,2462,4506,18486,16632,35118,2020-03-01
DY9,1382,1706,3088,11096,9794,20890,2020-03-01
DY10,1693,2045,3738,13193,11761,24954,2020-03-01
DY11,1416,1754,3170,11536,10015,21551,2020-03-01
DY12,347,432,779,5073,4694,9767,2020-03-01
DY13,806,1016,1822,8876,8086,16962,2020-03-01
DY14,208,207,415,3683,3394,7077,2020-03-01
E0,0,0,0,1,0,1,2020-03-01
E1,11665,9009,20674,18340,9326,27666,2020-03-01
E1,0,1,1,0,0,0,2020-03-01
E1,1,0,1,0,0,0,2020-03-01
E1,1135,1273,2408,4789,3147,7936,2020-03-01
E2,5947,5910,11857,12487,7675,20162,2020-03-01
E2,0,1,1,0,0,0,2020-03-01
E2,0,0,0,0,1,1,2020-03-01
E3,7266,7396,14662,16269,10577,26846,2020-03-01
E4,4842,5449,10291,22919,19233,42152,2020-03-01
E5,7605,7776,15381,12583,8572,21155,2020-03-01
E6,17625,13768,31393,24497,12926,37423,2020-03-01
E7,13045,9224,22269,16505,8648,25153,2020-03-01
E8,5822,6293,12115,11112,7981,19093,2020-03-01
E9,5933,6591,12524,9903,7277,17180,2020-03-01
E10,8209,6936,15145,14920,8725,23645,2020-03-01
E11,7147,6802,13949,19070,13922,32992,2020-03-01
E12,9828,7187,17015,12687,6636,19323,2020-03-01
E13,10497,8217,18714,13910,7434,21344,2020-03-01
E14,10540,10959,21499,26758,15846,42604,2020-03-01
E15,9880,8784,18664,16087,9067,25154,2020-03-01
E16,7799,8221,16020,15770,9597,25367,2020-03-01
E17,15910,14750,30660,34968,23423,58391,2020-03-01
E18,1451,1564,3015,7277,6281,13558,2020-03-01
E19,1,0,1,1,0,1,2020-03-01
E20,442,541,983,1722,1074,2796,2020-03-01
EC1,16,6,22,21,6,27,2020-03-01
EC1,83,67,150,348,203,551,2020-03-01
EC1,2,0,2,1,0,1,2020-03-01
EC1,0,0,0,0,1,1,2020-03-01
EC1,109,97,206,465,262,727,2020-03-01
EC1,321,347,668,718,385,1103,2020-03-01
EC1,2,2,4,4,0,4,2020-03-01
EC1,1,0,1,0,0,0,2020-03-01
EC1,576,664,1240,1527,1027,2554,2020-03-01
EC1,0,0,0,1,0,1,2020-03-01
EC1,2,1,3,0,0,0,2020-03-01
EC1,1646,1685,3331,3798,2260,6058,2020-03-01
EC1,398,409,807,1072,642,1714,2020-03-01
EC1,0,0,0,1,0,1,2020-03-01
EC2,1,1,2,6,2,8,2020-03-01
EC2,129,111,240,568,297,865,2020-03-01
EC2,0,1,1,2,0,2,2020-03-01
EC2,22,9,31,160,31,191,2020-03-01
EC2,4,3,7,31,6,37,2020-03-01
EC2,0,0,0,5,2,7,2020-03-01
EC2,1,1,2,43,16,59,2020-03-01
EC2,0,0,0,1,0,1,2020-03-01
EC2,4,5,9,94,26,120,2020-03-01
EC2,200,191,391,1450,1009,2459,2020-03-01
EC3,0,1,1,1,0,1,2020-03-01
EC3,7,5,12,71,9,80,2020-03-01
EC3,5,4,9,22,7,29,2020-03-01
EC3,33,27,60,143,58,201,2020-03-01
EC3,1,0,1,1,1,2,2020-03-01
EC3,22,15,37,63,29,92,2020-03-01
EC3,4,1,5,54,18,72,2020-03-01
EC3,1,0,1,0,0,0,2020-03-01
EC4,2,1,3,3,1,4,2020-03-01
EC4,48,25,73,142,85,227,2020-03-01
EC4,0,0,0,1,0,1,2020-03-01
EC4,0,0,0,1,0,1,2020-03-01
EC4,17,15,32,128,52,180,2020-03-01
EC4,7,2,9,71,19,90,2020-03-01
EC4,0,0,0,9,4,13,2020-03-01
EC4,6,5,11,43,13,56,2020-03-01
EC4,1,0,1,0,0,0,2020-03-01
EC4,29,27,56,177,99,276,2020-03-01
EC4,0,0,0,1,0,1,2020-03-01
EC4,20,15,35,119,69,188,2020-03-01
EC8,0,1,1,0,0,0,2020-03-01
EC10,1,0,1,0,0,0,2020-03-01
EC11,0,1,1,0,0,0,2020-03-01
EC12,0,0,0,1,0,1,2020-03-01
EC14,1,2,3,3,0,3,2020-03-01
EC15,0,0,0,1,0,1,2020-03-01
EC16,0,0,0,1,0,1,2020-03-01
EC17,1,0,1,2,2,4,2020-03-01
EC19,0,1,1,0,0,0,2020-03-01
EC24,0,0,0,0,1,1,2020-03-01
EC27,0,0,0,3,0,3,2020-03-01
EC28,0,0,0,1,0,1,2020-03-01
EC31,0,0,0,0,1,1,2020-03-01
EC34,1,0,1,0,0,0,2020-03-01
EC47,0,0,0,4,0,4,2020-03-01
EC77,1,0,1,0,0,0,2020-03-01
EH0,1,5,6,1,3,4,2020-03-01
EH1,594,533,1127,1457,1025,2482,2020-03-01
EH1,0,1,1,0,0,0,2020-03-01
EH2,113,106,219,427,248,675,2020-03-01
EH3,1852,1934,3786,7457,6316,13773,2020-03-01
EH3,0,0,0,1,0,1,2020-03-01
EH4,3832,4303,8135,18060,16147,34207,2020-03-01
EH5,1587,1905,3492,6474,5418,11892,2020-03-01
EH6,3376,3551,6927,12237,9826,22063,2020-03-01
EH7,2830,3090,5920,10287,8079,18366,2020-03-01
EH8,1876,1952,3828,5848,4666,10514,2020-03-01
EH9,1391,1524,2915,6383,5966,12349,2020-03-01
EH10,1960,1892,3852,13001,11601,24602,2020-03-01
EH11,3799,3851,7650,10301,7674,17975,2020-03-01
EH12,1958,2463,4421,14208,13170,27378,2020-03-01
EH13,929,1039,1968,4847,4387,9234,2020-03-01
EH14,2727,2958,5685,13340,11399,24739,2020-03-01
EH15,1390,1593,2983,6957,6327,13284,2020-03-01
EH16,2497,2927,5424,9358,7743,17101,2020-03-01
EH17,1456,1902,3358,6242,5052,11294,2020-03-01
EH18,101,144,245,839,822,1661,2020-03-01
EH19,676,904,1580,5290,4928,10218,2020-03-01
EH20,348,497,845,2361,1978,4339,2020-03-01
EH21,1559,1873,3432,8347,7440,15787,2020-03-01
EH22,1828,2357,4185,10992,9651,20643,2020-03-01
EH23,480,659,1139,3262,2929,6191,2020-03-01
EH24,78,131,209,731,705,1436,2020-03-01
EH25,154,211,365,1251,1177,2428,2020-03-01
EH26,878,1169,2047,6084,5437,11521,2020-03-01
EH27,143,156,299,1091,1018,2109,2020-03-01
EH28,150,201,351,1317,1163,2480,2020-03-01
EH29,200,280,480,1950,1825,3775,2020-03-01
EH30,453,656,1109,3805,3501,7306,2020-03-01
EH31,83,87,170,1041,1037,2078,2020-03-01
EH32,936,1214,2150,6988,6294,13282,2020-03-01
EH33,673,870,1543,4776,4253,9029,2020-03-01
EH34,64,82,146,1016,1013,2029,2020-03-01
EH35,82,146,228,844,712,1556,2020-03-01
EH36,12,8,20,166,166,332,2020-03-01
EH37,50,83,133,640,606,1246,2020-03-01
EH38,12,14,26,172,181,353,2020-03-01
EH39,348,482,830,3797,3683,7480,2020-03-01
EH40,69,82,151,837,824,1661,2020-03-01
EH41,502,648,1150,4818,4545,9363,2020-03-01
EH42,487,623,1110,4206,3943,8149,2020-03-01
EH43,46,65,111,284,257,541,2020-03-01
EH44,125,161,286,1279,1199,2478,2020-03-01
EH45,451,557,1008,4091,3929,8020,2020-03-01
EH46,130,141,271,1488,1503,2991,2020-03-01
EH47,1456,2051,3507,9244,7718,16962,2020-03-01
EH48,1784,2321,4105,13460,11780,25240,2020-03-01
EH49,658,846,1504,6082,5723,11805,2020-03-01
EH51,713,888,1601,5209,4602,9811,2020-03-01
EH52,960,1321,2281,7298,6291,13589,2020-03-01
EH53,476,593,1069,4244,3871,8115,2020-03-01
EH54,3649,4675,8324,18386,15775,34161,2020-03-01
EH55,425,530,955,3084,2614,5698,2020-03-01
EN0,0,0,0,0,1,1,2020-03-01
EN1,3695,4496,8191,15523,13445,28968,2020-03-01
EN2,1702,2204,3906,10977,9915,20892,2020-03-01
EN3,6100,7872,13972,17816,13599,31415,2020-03-01
EN4,1624,1851,3475,10072,9090,19162,2020-03-01
EN5,2627,3233,5860,14394,12968,27362,2020-03-01
EN6,1307,1476,2783,11633,11062,22695,2020-03-01
EN7,852,948,1800,8675,8269,16944,2020-03-01
EN8,2368,2795,5163,13794,11441,25235,2020-03-01
EN9,1131,1319,2450,9796,8642,18438,2020-03-01
EN10,731,865,1596,6851,6432,13283,2020-03-01
EN11,1038,1120,2158,8588,7579,16167,2020-03-01
EX0,0,0,0,1,0,1,2020-03-01
EX1,1323,1544,2867,7591,6833,14424,2020-03-01
EX2,2191,2647,4838,15066,13707,28773,2020-03-01
EX3,164,159,323,1906,1967,3873,2020-03-01
EX4,3435,3855,7290,16139,13520,29659,2020-03-01
EX5,658,767,1425,9515,9267,18782,2020-03-01
EX6,385,432,817,6141,5898,12039,2020-03-01
EX7,620,730,1350,5125,4746,9871,2020-03-01
EX8,1715,2043,3758,13761,12720,26481,2020-03-01
EX9,159,233,392,2764,2762,5526,2020-03-01
EX10,526,665,1191,6627,6690,13317,2020-03-01
EX11,239,276,515,3552,3575,7127,2020-03-01
EX12,268,403,671,3698,3523,7221,2020-03-01
EX13,396,479,875,5058,4876,9934,2020-03-01
EX14,661,832,1493,8486,7922,16408,2020-03-01
EX15,762,846,1608,8953,8404,17357,2020-03-01
EX16,1305,1551,2856,12307,11395,23702,2020-03-01
EX17,728,871,1599,7684,7262,14946,2020-03-01
EX18,103,95,198,1365,1317,2682,2020-03-01
EX19,65,106,171,1582,1474,3056,2020-03-01
EX20,711,908,1619,8434,7830,16264,2020-03-01
EX21,119,99,218,1914,1811,3725,2020-03-01
EX22,323,391,714,4708,4260,8968,2020-03-01
EX23,594,654,1248,6245,5894,12139,2020-03-01
EX24,103,131,234,1511,1509,3020,2020-03-01
EX31,899,1123,2022,10246,9595,19841,2020-03-01
EX32,1343,1563,2906,8300,7362,15662,2020-03-01
EX33,328,418,746,4038,3756,7794,2020-03-01
EX34,947,1094,2041,6340,5446,11786,2020-03-01
EX35,79,71,150,693,634,1327,2020-03-01
EX36,312,364,676,3693,3395,7088,2020-03-01
EX37,78,88,166,1660,1549,3209,2020-03-01
EX38,312,361,673,3195,2959,6154,2020-03-01
EX39,1539,1901,3440,14504,13440,27944,2020-03-01
FK1,1469,1895,3364,9773,8338,18111,2020-03-01
FK1,0,0,0,0,1,1,2020-03-01
FK2,2226,2784,5010,17449,15577,33026,2020-03-01
FK3,991,1268,2259,5392,4432,9824,2020-03-01
FK4,564,799,1363,4776,4299,9075,2020-03-01
FK5,761,1039,1800,7307,6871,14178,2020-03-01
FK6,658,866,1524,4968,4288,9256,2020-03-01
FK7,1544,2136,3680,10310,9485,19795,2020-03-01
FK8,1105,1213,2318,6195,5512,11707,2020-03-01
FK9,597,778,1375,4448,4089,8537,2020-03-01
FK10,1994,2595,4589,12539,11102,23641,2020-03-01
FK11,104,125,229,1020,1028,2048,2020-03-01
FK12,237,302,539,1761,1591,3352,2020-03-01
FK13,297,357,654,2179,1867,4046,2020-03-01
FK14,187,196,383,1840,1806,3646,2020-03-01
FK15,433,499,932,4123,4028,8151,2020-03-01
FK16,79,97,176,930,890,1820,2020-03-01
FK17,153,176,329,1380,1286,2666,2020-03-01
FK18,4,8,12,102,82,184,2020-03-01
FK19,24,30,54,260,210,470,2020-03-01
FK20,29,45,74,165,119,284,2020-03-01
FK21,43,53,96,402,341,743,2020-03-01
FY0,0,0,0,2,2,4,2020-03-01
FY1,3649,3705,7354,9298,5920,15218,2020-03-01
FY2,1432,1601,3033,8151,6975,15126,2020-03-01
FY3,2263,2747,5010,10169,8670,18839,2020-03-01
FY4,2688,3348,6036,14761,12394,27155,2020-03-01
FY5,1695,1936,3631,16589,15145,31734,2020-03-01
FY6,793,923,1716,11357,10758,22115,2020-03-01
FY7,1907,2136,4043,8014,6395,14409,2020-03-01
FY8,1821,2041,3862,17000,15845,32845,2020-03-01
G1,623,412,1035,1528,819,2347,2020-03-01
G2,331,225,556,598,280,878,2020-03-01
G2,0,1,1,0,0,0,2020-03-01
G3,1961,1676,3637,4980,3306,8286,2020-03-01
G4,1365,1020,2385,2650,1466,4116,2020-03-01
G5,1472,1243,2715,3188,2014,5202,2020-03-01
G6,0,3,3,4,0,4,2020-03-01
G7,1,0,1,4,2,6,2020-03-01
G8,0,0,0,2,0,2,2020-03-01
G9,0,0,0,3,0,3,2020-03-01
G10,0,2,2,0,0,0,2020-03-01
G11,1631,1695,3326,6069,5390,11459,2020-03-01
G12,1755,1667,3422,8257,7420,15677,2020-03-01
G13,2332,2679,5011,9837,8452,18289,2020-03-01
G14,1575,1791,3366,5129,4262,9391,2020-03-01
G15,1787,2064,3851,4021,3248,7269,2020-03-01
G16,2,1,3,0,0,0,2020-03-01
G17,0,0,0,0,1,1,2020-03-01
G18,0,1,1,0,1,1,2020-03-01
G19,1,0,1,0,0,0,2020-03-01
G20,3191,3385,6576,7863,6029,13892,2020-03-01
G21,3330,3654,6984,6607,4439,11046,2020-03-01
G22,1961,2281,4242,4079,2881,6960,2020-03-01
G23,580,736,1316,2116,1786,3902,2020-03-01
G24,1,0,1,0,0,0,2020-03-01
G25,0,2,2,1,0,1,2020-03-01
G26,0,0,0,1,0,1,2020-03-01
G29,0,0,0,1,0,1,2020-03-01
G30,3,0,3,1,0,1,2020-03-01
G31,2863,3021,5884,5924,4137,10061,2020-03-01
G32,2654,3338,5992,10836,8476,19312,2020-03-01
G33,3557,4244,7801,12678,10558,23236,2020-03-01
G34,1095,1305,2400,1748,1232,2980,2020-03-01
G35,1,1,2,0,0,0,2020-03-01
G36,0,2,2,2,0,2,2020-03-01
G38,0,0,0,1,0,1,2020-03-01
G39,0,0,0,0,1,1,2020-03-01
G40,1319,1553,2872,3114,2029,5143,2020-03-01
G41,2758,2878,5636,10760,8903,19663,2020-03-01
G42,3849,3266,7115,8276,5625,13901,2020-03-01
G43,1273,1398,2671,5467,4696,10163,2020-03-01
G44,1786,2215,4001,9311,8372,17683,2020-03-01
G45,1746,2000,3746,3359,2295,5654,2020-03-01
G46,1734,1941,3675,8565,7938,16503,2020-03-01
G47,1,1,2,2,0,2,2020-03-01
G48,2,0,2,2,1,3,2020-03-01
G49,0,0,0,3,0,3,2020-03-01
G50,2,0,2,1,1,2,2020-03-01
G51,3012,2944,5956,5873,3841,9714,2020-03-01
G52,2278,2845,5123,8029,6687,14716,2020-03-01
G53,2892,3452,6344,9765,8361,18126,2020-03-01
G54,1,0,1,2,0,2,2020-03-01
G55,0,2,2,1,1,2,2020-03-01
G56,1,1,2,1,0,1,2020-03-01
G57,0,1,1,0,0,0,2020-03-01
G58,0,0,0,1,0,1,2020-03-01
G60,266,296,562,1953,1857,3810,2020-03-01
G61,1055,1130,2185,11212,11136,22348,2020-03-01
G62,595,640,1235,5037,5023,10060,2020-03-01
G63,306,359,665,3854,3992,7846,2020-03-01
G64,1138,1461,2599,9727,9295,19022,2020-03-01
G65,795,995,1790,4621,3909,8530,2020-03-01
G66,1923,2383,4306,13977,12926,26903,2020-03-01
G67,2687,3299,5986,10441,8354,18795,2020-03-01
G68,789,915,1704,7224,6871,14095,2020-03-01
G69,1775,2253,4028,12426,11213,23639,2020-03-01
G70,0,0,0,1,1,2,2020-03-01
G71,1463,1871,3334,10776,10057,20833,2020-03-01
G72,2903,3590,6493,16938,14940,31878,2020-03-01
G73,2244,2622,4866,9851,8575,18426,2020-03-01
G74,1907,2332,4239,13334,11726,25060,2020-03-01
G75,2365,3074,5439,13607,11997,25604,2020-03-01
G76,945,1098,2043,8136,8130,16266,2020-03-01
G77,842,1023,1865,9925,10170,20095,2020-03-01
G78,1429,1754,3183,7878,7067,14945,2020-03-01
G80,1,0,1,0,0,0,2020-03-01
G81,2989,3683,6672,11210,9358,20568,2020-03-01
G82,1584,1996,3580,8733,7738,16471,2020-03-01
G83,1491,1968,3459,8106,7092,15198,2020-03-01
G84,1176,1414,2590,7850,7183,15033,2020-03-01
GL0,0,0,0,0,1,1,2020-03-01
GL1,3207,3367,6574,11188,7969,19157,2020-03-01
GL1,0,0,0,0,1,1,2020-03-01
GL2,1984,2479,4463,22208,20744,42952,2020-03-01
GL3,1257,1674,2931,12630,11636,24266,2020-03-01
GL4,2415,3005,5420,17140,15346,32486,2020-03-01
GL5,1500,1608,3108,11556,10882,22438,2020-03-01
GL6,831,936,1767,10073,9955,20028,2020-03-01
GL7,1657,1923,3580,17559,16729,34288,2020-03-01
GL8,262,354,616,3550,3526,7076,2020-03-01
GL9,51,63,114,1106,1078,2184,2020-03-01
GL10,587,592,1179,5644,5179,10823,2020-03-01
GL11,622,789,1411,7295,6871,14166,2020-03-01
GL12,496,482,978,6222,5851,12073,2020-03-01
GL13,150,176,326,2543,2276,4819,2020-03-01
GL14,698,853,1551,5823,5065,10888,2020-03-01
GL15,729,903,1632,8446,7764,16210,2020-03-01
GL16,465,625,1090,5376,4988,10364,2020-03-01
GL17,377,498,875,4706,4336,9042,2020-03-01
GL18,268,357,625,3386,3069,6455,2020-03-01
GL19,229,208,437,3720,3604,7324,2020-03-01
GL20,1074,1193,2267,11282,10407,21689,2020-03-01
GL50,1278,1530,2808,7648,6404,14052,2020-03-01
GL51,2768,3417,6185,18417,15886,34303,2020-03-01
GL52,2074,2291,4365,17360,16517,33877,2020-03-01
GL53,805,832,1637,7821,7681,15502,2020-03-01
GL54,777,862,1639,9974,9699,19673,2020-03-01
GL55,179,178,357,2333,2377,4710,2020-03-01
GL56,324,385,709,3808,3815,7623,2020-03-01
GU0,0,0,0,0,1,1,2020-03-01
GU1,1987,2143,4130,11615,10045,21660,2020-03-01
GU2,2231,2325,4556,10506,8743,19249,2020-03-01
GU3,393,408,801,4731,4634,9365,2020-03-01
GU4,570,620,1190,6633,6568,13201,2020-03-01
GU5,352,423,775,4411,4553,8964,2020-03-01
GU6,566,552,1118,6022,5993,12015,2020-03-01
GU7,1107,1207,2314,8722,8479,17201,2020-03-01
GU8,600,637,1237,7134,7128,14262,2020-03-01
GU9,1158,1425,2583,11470,11079,22549,2020-03-01
GU10,664,747,1411,9809,9692,19501,2020-03-01
GU11,1826,2070,3896,8806,6863,15669,2020-03-01
GU12,1545,1953,3498,12343,10969,23312,2020-03-01
GU13,736,14,750,370,30,400,2020-03-01
GU14,2989,3474,6463,21540,18875,40415,2020-03-01
GU15,1854,2021,3875,14280,12793,27073,2020-03-01
GU16,1045,973,2018,9877,9028,18905,2020-03-01
GU17,713,493,1206,5291,4177,9468,2020-03-01
GU18,145,179,324,3000,2983,5983,2020-03-01
GU19,226,222,448,2459,2362,4821,2020-03-01
GU20,122,137,259,1960,1929,3889,2020-03-01
GU21,2945,3263,6208,19416,17085,36501,2020-03-01
GU22,1867,2191,4058,14469,12851,27320,2020-03-01
GU23,231,240,471,2895,2823,5718,2020-03-01
GU24,828,760,1588,7206,6944,14150,2020-03-01
GU25,384,404,788,2824,2847,5671,2020-03-01
GU26,249,246,495,3152,3063,6215,2020-03-01
GU27,708,850,1558,6968,6771,13739,2020-03-01
GU28,257,256,513,2707,2649,5356,2020-03-01
GU29,306,422,728,3846,4006,7852,2020-03-01
GU30,374,421,795,4009,3979,7988,2020-03-01
GU31,384,437,821,4605,4518,9123,2020-03-01
GU32,517,612,1129,4621,4447,9068,2020-03-01
GU33,273,338,611,3362,3292,6654,2020-03-01
GU34,1123,1346,2469,12940,12395,25335,2020-03-01
GU35,1000,1170,2170,9712,8734,18446,2020-03-01
GU46,381,432,813,6176,5907,12083,2020-03-01
GU47,644,748,1392,7773,7319,15092,2020-03-01
GU51,785,755,1540,9862,9330,19192,2020-03-01
GU52,447,508,955,7209,7102,14311,2020-03-01
HA0,12765,10472,23237,18737,11444,30181,2020-03-01
HA1,4867,5042,9909,15256,11104,26360,2020-03-01
HA2,6122,6731,12853,21988,16743,38731,2020-03-01
HA3,8802,8533,17335,29897,21787,51684,2020-03-01
HA4,2782,3236,6018,19874,17842,37716,2020-03-01
HA5,2616,2951,5567,18240,16862,35102,2020-03-01
HA6,1243,1562,2805,9556,8913,18469,2020-03-01
HA7,3136,3385,6521,15666,13038,28704,2020-03-01
HA8,8951,8624,17575,27764,20332,48096,2020-03-01
HA9,10195,8356,18551,19666,12570,32236,2020-03-01
HD1,2600,2315,4915,6108,3706,9814,2020-03-01
HD2,2047,2693,4740,9275,7635,16910,2020-03-01
HD3,1443,1949,3392,10686,9719,20405,2020-03-01
HD4,1763,2308,4071,9583,7920,17503,2020-03-01
HD5,1748,2335,4083,9926,8392,18318,2020-03-01
HD6,1331,1532,2863,9381,8470,17851,2020-03-01
HD7,984,1286,2270,8374,7586,15960,2020-03-01
HD8,966,1211,2177,12789,12199,24988,2020-03-01
HD9,1289,1560,2849,13545,12643,26188,2020-03-01
HG1,1686,1964,3650,12421,11300,23721,2020-03-01
HG2,1440,1616,3056,11960,11519,23479,2020-03-01
HG3,895,1007,1902,10905,10614,21519,2020-03-01
HG4,924,1188,2112,9638,8981,18619,2020-03-01
HG5,641,731,1372,7258,6871,14129,2020-03-01
HP1,1292,1473,2765,9717,8862,18579,2020-03-01
HP2,2396,2988,5384,14885,12683,27568,2020-03-01
HP2,0,0,0,1,0,1,2020-03-01
HP3,1578,1875,3453,12877,11555,24432,2020-03-01
HP4,889,888,1777,9645,9522,19167,2020-03-01
HP5,1287,1510,2797,10063,9177,19240,2020-03-01
HP6,628,644,1272,5796,5722,11518,2020-03-01
HP7,413,485,898,4359,4189,8548,2020-03-01
HP8,227,248,475,2964,3040,6004,2020-03-01
HP9,628,700,1328,7196,7235,14431,2020-03-01
HP10,588,673,1261,7987,7925,15912,2020-03-01
HP11,1057,1157,2214,5781,4627,10408,2020-03-01
HP12,1520,1842,3362,8274,6444,14718,2020-03-01
HP13,2546,3128,5674,16152,13603,29755,2020-03-01
HP14,577,615,1192,7358,7024,14382,2020-03-01
HP15,447,535,982,7159,7016,14175,2020-03-01
HP16,341,380,721,4953,4953,9906,2020-03-01
HP17,323,342,665,4313,4201,8514,2020-03-01
HP18,596,710,1306,7881,7566,15447,2020-03-01
HP19,1378,1812,3190,9063,7711,16774,2020-03-01
HP20,997,1174,2171,5369,4380,9749,2020-03-01
HP21,1851,2335,4186,12376,10609,22985,2020-03-01
HP22,822,848,1670,11210,11094,22304,2020-03-01
HP23,634,727,1361,7075,6839,13914,2020-03-01
HP25,0,0,0,0,1,1,2020-03-01
HP27,386,403,789,5173,5034,10207,2020-03-01
HR1,1288,1478,2766,12482,11547,24029,2020-03-01
HR2,1822,2310,4132,13890,12277,26167,2020-03-01
HR3,173,228,401,3166,3082,6248,2020-03-01
HR4,1286,1484,2770,11035,10093,21128,2020-03-01
HR5,153,163,316,1876,1681,3557,2020-03-01
HR6,800,966,1766,7933,7208,15141,2020-03-01
HR7,218,247,465,2940,2612,5552,2020-03-01
HR8,470,573,1043,5563,5284,10847,2020-03-01
HR9,685,821,1506,8528,7916,16444,2020-03-01
HS1,311,338,649,1502,1333,2835,2020-03-01
HS2,526,670,1196,5205,4559,9764,2020-03-01
HS3,55,68,123,490,372,862,2020-03-01
HS4,16,17,33,101,77,178,2020-03-01
HS5,9,12,21,97,84,181,2020-03-01
HS6,55,98,153,628,552,1180,2020-03-01
HS7,66,99,165,470,391,861,2020-03-01
HS8,83,108,191,693,586,1279,2020-03-01
HS9,75,54,129,434,398,832,2020-03-01
HU1,396,279,675,1004,463,1467,2020-03-01
HU2,456,426,882,1058,438,1496,2020-03-01
HU3,3342,3276,6618,7318,4093,11411,2020-03-01
HU4,1485,1856,3341,7669,6089,13758,2020-03-01
HU5,3795,3936,7731,14421,11070,25491,2020-03-01
HU6,2835,3435,6270,8801,6276,15077,2020-03-01
HU7,3167,3863,7030,13874,11180,25054,2020-03-01
HU8,2261,2826,5087,10926,8566,19492,2020-03-01
HU9,3366,4171,7537,10820,7544,18364,2020-03-01
HU10,605,702,1307,7520,7173,14693,2020-03-01
HU11,345,423,768,5148,4611,9759,2020-03-01
HU12,907,1147,2054,9934,8872,18806,2020-03-01
HU13,661,860,1521,5551,4909,10460,2020-03-01
HU14,221,232,453,3474,3427,6901,2020-03-01
HU15,640,815,1455,9473,9010,18483,2020-03-01
HU16,591,703,1294,6041,5598,11639,2020-03-01
HU17,1818,1980,3798,16798,15504,32302,2020-03-01
HU18,386,480,866,3294,2878,6172,2020-03-01
HU19,446,531,977,2465,1692,4157,2020-03-01
HU20,24,25,49,371,368,739,2020-03-01
HU23,1,0,1,0,0,0,2020-03-01
HU30,1,0,1,0,0,0,2020-03-01
HU41,1,0,1,0,0,0,2020-03-01
HU44,0,0,0,0,1,1,2020-03-01
HX0,0,0,0,0,1,1,2020-03-01
HX1,2027,2544,4571,6823,4307,11130,2020-03-01
HX2,2137,2818,4955,12621,10708,23329,2020-03-01
HX3,2319,3021,5340,16137,14056,30193,2020-03-01
HX4,423,604,1027,4566,4314,8880,2020-03-01
HX5,551,732,1283,3437,2879,6316,2020-03-01
HX6,943,1182,2125,6804,5949,12753,2020-03-01
HX7,713,828,1541,4636,4602,9238,2020-03-01
IG1,11488,9834,21322,22227,13204,35431,2020-03-01
IG2,3244,3299,6543,10325,7432,17757,2020-03-01
IG3,5327,4948,10275,13395,8630,22025,2020-03-01
IG4,953,992,1945,3755,2817,6572,2020-03-01
IG5,1340,1558,2898,6479,5352,11831,2020-03-01
IG6,2399,2776,5175,10613,8359,18972,2020-03-01
IG7,1339,1643,2982,8258,7349,15607,2020-03-01
IG8,2395,2806,5201,14011,12381,26392,2020-03-01
IG9,557,615,1172,5101,4873,9974,2020-03-01
IG10,1572,1901,3473,12004,11384,23388,2020-03-01
IG11,9131,8939,18070,18089,10929,29018,2020-03-01
IP1,2681,2844,5525,13411,10419,23830,2020-03-01
IP2,2030,2425,4455,10392,8031,18423,2020-03-01
IP3,1807,2279,4086,11894,9520,21414,2020-03-01
IP4,2004,2187,4191,13359,11266,24625,2020-03-01
IP5,539,618,1157,7554,7212,14766,2020-03-01
IP6,422,499,921,7119,6720,13839,2020-03-01
IP7,465,628,1093,6500,5989,12489,2020-03-01
IP8,290,365,655,4555,4156,8711,2020-03-01
IP9,300,336,636,4656,4453,9109,2020-03-01
IP10,73,85,158,1481,1440,2921,2020-03-01
IP11,1146,1495,2641,11976,10272,22248,2020-03-01
IP12,883,916,1799,9775,9370,19145,2020-03-01
IP13,559,616,1175,7753,7616,15369,2020-03-01
IP14,1234,1524,2758,16081,14594,30675,2020-03-01
IP15,80,93,173,887,934,1821,2020-03-01
IP16,323,355,678,2504,2227,4731,2020-03-01
IP17,401,511,912,4805,4693,9498,2020-03-01
IP18,119,145,264,1432,1454,2886,2020-03-01
IP19,287,334,621,4083,3806,7889,2020-03-01
IP20,249,271,520,3284,3072,6356,2020-03-01
IP21,249,313,562,4703,4434,9137,2020-03-01
IP22,811,841,1652,8855,8195,17050,2020-03-01
IP23,201,269,470,3045,2817,5862,2020-03-01
IP24,1789,2239,4028,9482,7585,17067,2020-03-01
IP25,663,795,1458,7375,6613,13988,2020-03-01
IP26,297,365,662,3433,3252,6685,2020-03-01
IP27,913,1095,2008,6206,5526,11732,2020-03-01
IP28,1053,1302,2355,9249,8932,18181,2020-03-01
IP29,217,267,484,3793,3659,7452,2020-03-01
IP30,369,464,833,5811,5532,11343,2020-03-01
IP31,523,709,1232,8418,7976,16394,2020-03-01
IP32,776,966,1742,5764,5299,11063,2020-03-01
IP33,1111,1326,2437,8356,7440,15796,2020-03-01
IV1,186,163,349,1031,955,1986,2020-03-01
IV2,2343,2830,5173,18134,16584,34718,2020-03-01
IV3,1471,1674,3145,6124,4957,11081,2020-03-01
IV3,0,0,0,0,1,1,2020-03-01
IV4,166,197,363,1853,1682,3535,2020-03-01
IV5,49,55,104,541,529,1070,2020-03-01
IV6,163,213,376,1825,1731,3556,2020-03-01
IV7,182,240,422,2396,2273,4669,2020-03-01
IV8,34,29,63,367,386,753,2020-03-01
IV9,56,54,110,471,468,939,2020-03-01
IV10,103,125,228,1100,1057,2157,2020-03-01
IV11,48,54,102,325,315,640,2020-03-01
IV12,606,783,1389,4721,4337,9058,2020-03-01
IV13,11,19,30,280,232,512,2020-03-01
IV14,60,95,155,856,778,1634,2020-03-01
IV15,336,368,704,1973,1750,3723,2020-03-01
IV16,61,75,136,709,659,1368,2020-03-01
IV17,379,460,839,2144,1868,4012,2020-03-01
IV18,309,373,682,2072,1739,3811,2020-03-01
IV19,229,271,500,1716,1539,3255,2020-03-01
IV20,133,180,313,1163,1055,2218,2020-03-01
IV21,50,51,101,458,398,856,2020-03-01
IV22,54,71,125,620,533,1153,2020-03-01
IV23,36,41,77,363,320,683,2020-03-01
IV24,41,66,107,575,520,1095,2020-03-01
IV25,84,110,194,979,950,1929,2020-03-01
IV26,107,123,230,720,695,1415,2020-03-01
IV27,157,161,318,1458,1255,2713,2020-03-01
IV28,16,14,30,194,192,386,2020-03-01
IV30,1594,1934,3528,12463,11232,23695,2020-03-01
IV31,331,421,752,2593,2300,4893,2020-03-01
IV32,192,190,382,1856,1775,3631,2020-03-01
IV33,1,0,1,1,1,2,2020-03-01
IV34,0,0,0,0,1,1,2020-03-01
IV36,702,940,1642,6013,5411,11424,2020-03-01
IV40,119,168,287,979,873,1852,2020-03-01
IV41,31,21,52,138,126,264,2020-03-01
IV42,17,22,39,198,181,379,2020-03-01
IV43,14,14,28,123,98,221,2020-03-01
IV44,10,12,22,111,98,209,2020-03-01
IV45,13,4,17,122,109,231,2020-03-01
IV46,5,5,10,39,34,73,2020-03-01
IV47,17,22,39,261,215,476,2020-03-01
IV48,0,3,3,37,32,69,2020-03-01
IV49,65,63,128,452,384,836,2020-03-01
IV51,214,279,493,2031,1814,3845,2020-03-01
IV52,18,24,42,119,129,248,2020-03-01
IV53,6,3,9,65,59,124,2020-03-01
IV54,44,75,119,569,479,1048,2020-03-01
IV55,40,49,89,534,494,1028,2020-03-01
IV56,10,5,15,151,124,275,2020-03-01
IV62,0,0,0,1,0,1,2020-03-01
IV63,122,126,248,1042,965,2007,2020-03-01
KA1,1430,1833,3263,9806,8569,18375,2020-03-01
KA2,287,389,676,2526,2318,4844,2020-03-01
KA3,1838,2532,4370,13500,12243,25743,2020-03-01
KA4,258,327,585,1928,1789,3717,2020-03-01
KA5,375,591,966,3561,3019,6580,2020-03-01
KA6,950,1238,2188,6565,5654,12219,2020-03-01
KA7,1209,1416,2625,10429,9976,20405,2020-03-01
KA8,1252,1688,2940,5541,4334,9875,2020-03-01
KA9,645,753,1398,5960,5587,11547,2020-03-01
KA10,636,785,1421,6094,5800,11894,2020-03-01
KA11,1129,1544,2673,7173,6345,13518,2020-03-01
KA12,1126,1556,2682,5573,4517,10090,2020-03-01
KA13,996,1301,2297,5571,4841,10412,2020-03-01
KA14,31,24,55,184,162,346,2020-03-01
KA15,312,390,702,2601,2310,4911,2020-03-01
KA16,188,181,369,1130,882,2012,2020-03-01
KA17,164,210,374,1524,1315,2839,2020-03-01
KA18,1032,1420,2452,7048,5755,12803,2020-03-01
KA19,344,468,812,2667,2372,5039,2020-03-01
KA20,690,847,1537,2661,2195,4856,2020-03-01
KA21,846,953,1799,3822,3282,7104,2020-03-01
KA22,666,960,1626,3442,2971,6413,2020-03-01
KA23,205,248,453,2030,1976,4006,2020-03-01
KA24,299,439,738,2049,1833,3882,2020-03-01
KA25,413,557,970,2246,1856,4102,2020-03-01
KA26,517,666,1183,3705,3148,6853,2020-03-01
KA27,235,307,542,1837,1749,3586,2020-03-01
KA28,46,73,119,429,363,792,2020-03-01
KA29,60,78,138,619,590,1209,2020-03-01
KA30,452,618,1070,4174,3757,7931,2020-03-01
KT1,1942,2081,4023,7677,6190,13867,2020-03-01
KT2,2321,2750,5071,12088,10938,23026,2020-03-01
KT3,3310,3658,6968,15896,13673,29569,2020-03-01
KT4,1572,1772,3344,11758,10797,22555,2020-03-01
KT5,1357,1442,2799,7763,6721,14484,2020-03-01
KT6,2071,2415,4486,11944,10540,22484,2020-03-01
KT7,453,489,942,4128,4167,8295,2020-03-01
KT8,1035,1159,2194,8052,7708,15760,2020-03-01
KT9,1351,1501,2852,7980,7125,15105,2020-03-01
KT10,956,940,1896,9364,9384,18748,2020-03-01
KT11,914,951,1865,7178,7308,14486,2020-03-01
KT12,1803,1995,3798,15354,14880,30234,2020-03-01
KT13,998,1145,2143,10366,10066,20432,2020-03-01
KT14,604,639,1243,5458,5287,10745,2020-03-01
KT15,1275,1414,2689,11600,10842,22442,2020-03-01
KT16,851,1035,1886,7907,7383,15290,2020-03-01
KT17,1173,1163,2336,9867,9123,18990,2020-03-01
KT18,726,869,1595,6612,6596,13208,2020-03-01
KT19,2083,2401,4484,13616,12655,26271,2020-03-01
KT20,687,869,1556,8742,8550,17292,2020-03-01
KT21,436,526,962,5529,5547,11076,2020-03-01
KT22,1117,1158,2275,10211,9733,19944,2020-03-01
KT23,346,330,676,4544,4543,9087,2020-03-01
KT24,244,262,506,3954,4051,8005,2020-03-01
KW1,439,518,957,3872,3356,7228,2020-03-01
KW2,5,2,7,33,26,59,2020-03-01
KW3,34,42,76,411,365,776,2020-03-01
KW5,8,15,23,129,114,243,2020-03-01
KW6,15,8,23,164,119,283,2020-03-01
KW7,2,4,6,47,37,84,2020-03-01
KW8,27,38,65,320,271,591,2020-03-01
KW9,64,98,162,653,572,1225,2020-03-01
KW10,75,87,162,614,545,1159,2020-03-01
KW11,8,8,16,52,42,94,2020-03-01
KW12,41,61,102,646,601,1247,2020-03-01
KW13,2,4,6,36,32,68,2020-03-01
KW14,631,714,1345,4407,3745,8152,2020-03-01
KW15,410,504,914,2941,2706,5647,2020-03-01
KW16,148,224,372,1356,1251,2607,2020-03-01
KW17,372,422,794,3592,3283,6875,2020-03-01
KY1,1375,1760,3135,8474,7017,15491,2020-03-01
KY2,1504,2049,3553,10353,9151,19504,2020-03-01
KY3,539,651,1190,3959,3611,7570,2020-03-01
KY4,1140,1581,2721,7665,6369,14034,2020-03-01
KY5,1089,1550,2639,6538,5272,11810,2020-03-01
KY6,1074,1351,2425,6257,5487,11744,2020-03-01
KY7,1499,1829,3328,9357,8163,17520,2020-03-01
KY8,1872,2428,4300,11510,9863,21373,2020-03-01
KY9,71,72,143,727,750,1477,2020-03-01
KY10,396,491,887,3334,3143,6477,2020-03-01
KY11,3274,3990,7264,21755,19566,41321,2020-03-01
KY12,1889,2221,4110,14294,12895,27189,2020-03-01
KY13,367,410,777,4697,4665,9362,2020-03-01
KY14,218,294,512,2651,2441,5092,2020-03-01
KY15,768,1009,1777,8156,7652,15808,2020-03-01
KY16,1176,1357,2533,6336,5832,12168,2020-03-01
L1,667,576,1243,1513,839,2352,2020-03-01
L2,94,58,152,265,122,387,2020-03-01
L3,1151,1079,2230,3461,2174,5635,2020-03-01
L4,4080,4961,9041,9849,6771,16620,2020-03-01
L5,1502,1854,3356,3247,1985,5232,2020-03-01
L6,2961,2936,5897,5297,3018,8315,2020-03-01
L7,2609,2379,4988,3876,2030,5906,2020-03-01
L8,4487,4568,9055,7286,4473,11759,2020-03-01
L9,2398,3095,5493,9235,7073,16308,2020-03-01
L10,901,1288,2189,5086,4222,9308,2020-03-01
L11,2529,3474,6003,7332,5521,12853,2020-03-01
L12,1656,2181,3837,10818,9685,20503,2020-03-01
L13,2801,3327,6128,8252,5945,14197,2020-03-01
L14,2170,3066,5236,7767,6283,14050,2020-03-01
L15,2559,2700,5259,7225,5482,12707,2020-03-01
L16,691,839,1530,5385,4950,10335,2020-03-01
L17,1644,1731,3375,7179,6115,13294,2020-03-01
L18,1297,1578,2875,8959,8241,17200,2020-03-01
L19,1546,1843,3389,7768,6722,14490,2020-03-01
L20,3268,3825,7093,8450,5877,14327,2020-03-01
L21,1993,2609,4602,6908,5334,12242,2020-03-01
L22,975,1076,2051,4506,3769,8275,2020-03-01
L23,1604,1927,3531,11125,10260,21385,2020-03-01
L24,1350,1870,3220,4696,3458,8154,2020-03-01
L25,2029,2416,4445,11770,10178,21948,2020-03-01
L26,1062,1321,2383,5211,4602,9813,2020-03-01
L27,544,802,1346,1782,1332,3114,2020-03-01
L28,647,851,1498,1698,1082,2780,2020-03-01
L29,23,23,46,210,201,411,2020-03-01
L30,1515,2024,3539,5747,4513,10260,2020-03-01
L31,1254,1431,2685,11505,10529,22034,2020-03-01
L32,1769,2331,4100,5891,4412,10303,2020-03-01
L33,1575,2124,3699,5084,3908,8992,2020-03-01
L34,655,759,1414,4650,3887,8537,2020-03-01
L35,1699,2394,4093,10598,8803,19401,2020-03-01
L36,3153,4287,7440,12499,10254,22753,2020-03-01
L37,822,950,1772,9193,8992,18185,2020-03-01
L38,86,90,176,1056,1062,2118,2020-03-01
L39,1055,1163,2218,10064,9556,19620,2020-03-01
L40,578,608,1186,7665,7175,14840,2020-03-01
L41,113,129,242,105,51,156,2020-03-01
L42,59,44,103,73,33,106,2020-03-01
L43,87,128,215,149,122,271,2020-03-01
L44,47,30,77,68,24,92,2020-03-01
L45,21,24,45,59,37,96,2020-03-01
L46,18,26,44,75,35,110,2020-03-01
L47,15,13,28,38,29,67,2020-03-01
L48,12,14,26,50,38,88,2020-03-01
L49,24,33,57,61,49,110,2020-03-01
L52,0,1,1,0,0,0,2020-03-01
L60,6,17,23,94,88,182,2020-03-01
L61,13,12,25,40,50,90,2020-03-01
L62,29,30,59,66,48,114,2020-03-01
L63,19,19,38,80,47,127,2020-03-01
L64,28,24,52,109,99,208,2020-03-01
L65,24,24,48,57,29,86,2020-03-01
L66,25,29,54,120,98,218,2020-03-01
L67,0,1,1,0,0,0,2020-03-01
L69,18,5,23,29,6,35,2020-03-01
L71,0,1,1,0,0,0,2020-03-01
LA0,0,0,0,0,1,1,2020-03-01
LA1,3417,3969,7386,15091,12750,27841,2020-03-01
LA2,628,739,1367,8543,8235,16778,2020-03-01
LA3,1441,1652,3093,9047,7850,16897,2020-03-01
LA4,1477,1744,3221,8714,7370,16084,2020-03-01
LA5,505,617,1122,6432,6164,12596,2020-03-01
LA6,310,382,692,5548,5506,11054,2020-03-01
LA7,133,156,289,2057,1983,4040,2020-03-01
LA8,188,219,407,3862,3716,7578,2020-03-01
LA9,1176,1452,2628,11561,10632,22193,2020-03-01
LA10,109,102,211,1405,1344,2749,2020-03-01
LA11,245,289,534,4058,3960,8018,2020-03-01
LA12,670,818,1488,7926,7255,15181,2020-03-01
LA13,1030,1253,2283,6800,5951,12751,2020-03-01
LA14,2561,3001,5562,11764,9404,21168,2020-03-01
LA15,333,445,778,2778,2439,5217,2020-03-01
LA16,100,132,232,1361,1175,2536,2020-03-01
LA17,19,34,53,503,471,974,2020-03-01
LA18,351,457,808,2910,2394,5304,2020-03-01
LA19,18,39,57,424,395,819,2020-03-01
LA20,16,37,53,532,497,1029,2020-03-01
LA21,31,42,73,406,372,778,2020-03-01
LA22,230,238,468,1834,1683,3517,2020-03-01
LA23,435,437,872,3323,2965,6288,2020-03-01
LD0,0,0,0,1,0,1,2020-03-01
LD1,352,441,793,4483,4068,8551,2020-03-01
LD2,150,170,320,2194,2051,4245,2020-03-01
LD3,758,802,1560,7553,6972,14525,2020-03-01
LD4,19,22,41,312,289,601,2020-03-01
LD5,30,44,74,446,397,843,2020-03-01
LD6,76,116,192,1084,972,2056,2020-03-01
LD7,116,171,287,1875,1665,3540,2020-03-01
LD8,98,119,217,1818,1729,3547,2020-03-01
LE1,1825,1659,3484,2868,1417,4285,2020-03-01
LE2,9407,10387,19794,35670,28259,63929,2020-03-01
LE3,8157,9389,17546,33121,24972,58093,2020-03-01
LE4,9517,11502,21019,32763,24196,56959,2020-03-01
LE5,8923,10165,19088,28618,20906,49524,2020-03-01
LE6,324,425,749,4843,4449,9292,2020-03-01
LE7,1316,1710,3026,19414,18116,37530,2020-03-01
LE8,994,1324,2318,15051,14487,29538,2020-03-01
LE9,1811,2272,4083,22766,20962,43728,2020-03-01
LE10,1770,2120,3890,19884,17795,37679,2020-03-01
LE11,3931,4007,7938,19528,15085,34613,2020-03-01
LE12,2037,2503,4540,25825,24307,50132,2020-03-01
LE13,1081,1394,2475,9968,8740,18708,2020-03-01
LE14,402,508,910,7455,7113,14568,2020-03-01
LE15,1002,1314,2316,13051,12448,25499,2020-03-01
LE16,1237,1399,2636,14158,13497,27655,2020-03-01
LE17,567,673,1240,9111,8450,17561,2020-03-01
LE18,1397,1866,3263,11843,10314,22157,2020-03-01
LE19,452,627,1079,5955,5610,11565,2020-03-01
LE62,0,1,1,0,0,0,2020-03-01
LE65,529,636,1165,6289,5785,12074,2020-03-01
LE67,2253,2873,5126,23660,20922,44582,2020-03-01
LL1,2,1,3,8,5,13,2020-03-01
LL2,0,0,0,3,0,3,2020-03-01
LL10,0,0,0,1,0,1,2020-03-01
LL11,1856,2359,4215,13413,11415,24828,2020-03-01
LL12,1209,1380,2589,10519,9581,20100,2020-03-01
LL13,2275,2642,4917,10996,8961,19957,2020-03-01
LL14,1703,2456,4159,11070,9135,20205,2020-03-01
LL15,381,438,819,4007,3786,7793,2020-03-01
LL16,649,821,1470,5619,5178,10797,2020-03-01
LL17,176,222,398,2172,2061,4233,2020-03-01
LL18,2588,3208,5796,13951,11954,25905,2020-03-01
LL19,959,1243,2202,7204,6415,13619,2020-03-01
LL20,358,357,715,3167,2773,5940,2020-03-01
LL21,197,255,452,2611,2338,4949,2020-03-01
LL22,666,876,1542,6995,6274,13269,2020-03-01
LL23,128,133,261,1580,1352,2932,2020-03-01
LL24,52,77,129,870,717,1587,2020-03-01
LL25,21,14,35,190,181,371,2020-03-01
LL26,182,240,422,1622,1410,3032,2020-03-01
LL27,33,50,83,319,280,599,2020-03-01
LL28,491,620,1111,5084,4873,9957,2020-03-01
LL29,1208,1425,2633,6790,6018,12808,2020-03-01
LL30,1110,1349,2459,7318,6540,13858,2020-03-01
LL31,387,488,875,3629,3449,7078,2020-03-01
LL32,286,371,657,2461,2305,4766,2020-03-01
LL33,194,227,421,1369,1263,2632,2020-03-01
LL34,191,287,478,1545,1410,2955,2020-03-01
LL35,20,27,47,295,248,543,2020-03-01
LL36,147,204,351,1664,1460,3124,2020-03-01
LL37,14,20,34,245,190,435,2020-03-01
LL38,15,40,55,282,217,499,2020-03-01
LL39,8,15,23,87,73,160,2020-03-01
LL40,161,185,346,1579,1397,2976,2020-03-01
LL41,306,423,729,2123,1714,3837,2020-03-01
LL42,137,171,308,776,639,1415,2020-03-01
LL43,11,16,27,212,188,400,2020-03-01
LL44,24,37,61,377,370,747,2020-03-01
LL45,29,16,45,241,228,469,2020-03-01
LL46,51,57,108,664,614,1278,2020-03-01
LL47,14,31,45,234,198,432,2020-03-01
LL48,100,123,223,889,808,1697,2020-03-01
LL49,221,217,438,1500,1271,2771,2020-03-01
LL51,27,27,54,341,290,631,2020-03-01
LL52,78,95,173,1004,957,1961,2020-03-01
LL53,487,568,1055,6106,5609,11715,2020-03-01
LL54,441,499,940,4133,3737,7870,2020-03-01
LL55,1011,1212,2223,7299,6560,13859,2020-03-01
LL56,101,90,191,833,785,1618,2020-03-01
LL57,1795,1820,3615,7577,6407,13984,2020-03-01
LL58,141,189,330,1404,1260,2664,2020-03-01
LL59,256,251,507,2065,1975,4040,2020-03-01
LL60,100,109,209,1192,1120,2312,2020-03-01
LL61,212,223,435,2328,2210,4538,2020-03-01
LL62,63,46,109,718,662,1380,2020-03-01
LL63,48,58,106,516,448,964,2020-03-01
LL64,34,29,63,308,275,583,2020-03-01
LL65,1261,1492,2753,8232,7151,15383,2020-03-01
LL66,7,9,16,111,102,213,2020-03-01
LL67,51,78,129,497,453,950,2020-03-01
LL68,257,319,576,2272,2002,4274,2020-03-01
LL69,24,34,58,288,230,518,2020-03-01
LL70,9,12,21,113,114,227,2020-03-01
LL71,69,70,139,702,646,1348,2020-03-01
LL72,34,46,80,266,239,505,2020-03-01
LL73,1,2,3,91,90,181,2020-03-01
LL74,73,66,139,973,940,1913,2020-03-01
LL75,54,51,105,542,526,1068,2020-03-01
LL76,11,11,22,124,115,239,2020-03-01
LL77,270,376,646,2520,2369,4889,2020-03-01
LL78,13,16,29,202,208,410,2020-03-01
LN1,1256,1435,2691,9783,8513,18296,2020-03-01
LN2,2195,2631,4826,13363,11571,24934,2020-03-01
LN3,286,342,628,3907,3593,7500,2020-03-01
LN4,1255,1606,2861,15360,14026,29386,2020-03-01
LN5,1938,2123,4061,11396,9413,20809,2020-03-01
LN6,2554,3166,5720,21648,19539,41187,2020-03-01
LN7,191,244,435,2612,2401,5013,2020-03-01
LN8,542,689,1231,7085,6459,13544,2020-03-01
LN9,329,364,693,3885,3535,7420,2020-03-01
LN10,140,166,306,2493,2342,4835,2020-03-01
LN11,1058,1298,2356,10981,10262,21243,2020-03-01
LN12,570,700,1270,4949,3977,8926,2020-03-01
LN13,323,358,681,3224,2946,6170,2020-03-01
LS0,0,1,1,0,0,0,2020-03-01
LS1,299,310,609,868,511,1379,2020-03-01
LS2,973,811,1784,1402,679,2081,2020-03-01
LS3,346,334,680,553,307,860,2020-03-01
LS4,833,830,1663,2257,1603,3860,2020-03-01
LS5,610,763,1373,2389,1866,4255,2020-03-01
LS6,3366,3251,6617,8724,6497,15221,2020-03-01
LS7,3097,3623,6720,8587,6813,15400,2020-03-01
LS8,4627,5065,9692,15091,11810,26901,2020-03-01
LS9,4552,5272,9824,9358,5217,14575,2020-03-01
LS10,2974,4021,6995,10478,7508,17986,2020-03-01
LS11,3978,4433,8411,9267,5449,14716,2020-03-01
LS12,3274,3954,7228,12301,9004,21305,2020-03-01
LS13,2574,3459,6033,10928,8740,19668,2020-03-01
LS14,2691,3654,6345,10607,8434,19041,2020-03-01
LS15,1798,2243,4041,12691,10978,23669,2020-03-01
LS16,1731,2093,3824,13125,12295,25420,2020-03-01
LS17,1741,2383,4124,17046,15906,32952,2020-03-01
LS18,1239,1068,2307,8234,7146,15380,2020-03-01
LS19,801,1015,1816,7430,6904,14334,2020-03-01
LS20,498,551,1049,4824,4631,9455,2020-03-01
LS21,698,863,1561,6973,6585,13558,2020-03-01
LS22,471,570,1041,6511,6385,12896,2020-03-01
LS23,276,303,579,3469,3460,6929,2020-03-01
LS24,359,464,823,4768,4469,9237,2020-03-01
LS25,1523,2091,3614,15714,14229,29943,2020-03-01
LS26,1315,1818,3133,11069,9883,20952,2020-03-01
LS27,1845,2515,4360,12979,10875,23854,2020-03-01
LS28,1745,2385,4130,14329,12994,27323,2020-03-01
LS29,1071,1163,2234,12706,12564,25270,2020-03-01
LS42,0,0,0,0,1,1,2020-03-01
LS70,0,0,0,1,0,1,2020-03-01
LU1,6262,5588,11850,15126,9396,24522,2020-03-01
LU2,4182,4928,9110,21976,17500,39476,2020-03-01
LU3,5093,6373,11466,22006,16288,38294,2020-03-01
LU4,5185,6420,11605,18029,12209,30238,2020-03-01
LU5,2131,2737,4868,15142,12509,27651,2020-03-01
LU6,1289,1650,2939,13667,12020,25687,2020-03-01
LU7,2047,2478,4525,23306,21218,44524,2020-03-01
M0,18,7,25,25,13,38,2020-03-01
M1,1044,750,1794,2556,1265,3821,2020-03-01
M2,15,12,27,53,30,83,2020-03-01
M3,1181,995,2176,3836,2231,6067,2020-03-01
M4,1078,909,1987,3696,2337,6033,2020-03-01
M4,0,0,0,1,0,1,2020-03-01
M5,1891,1947,3838,4902,3168,8070,2020-03-01
M6,3405,3354,6759,9779,6884,16663,2020-03-01
M7,3470,3007,6477,8433,5628,14061,2020-03-01
M8,4850,4439,9289,10211,5795,16006,2020-03-01
M9,4172,5111,9283,11390,8323,19713,2020-03-01
M10,83,68,151,67,21,88,2020-03-01
M11,2628,3227,5855,5805,3889,9694,2020-03-01
M12,3115,2671,5786,4905,2646,7551,2020-03-01
M13,3893,3152,7045,5990,3126,9116,2020-03-01
M14,6238,5386,11624,10755,6546,17301,2020-03-01
M15,2664,2105,4769,5503,3042,8545,2020-03-01
M16,3819,4127,7946,11354,8396,19750,2020-03-01
M17,3,5,8,14,4,18,2020-03-01
M18,2739,3146,5885,6233,4148,10381,2020-03-01
M19,3938,4002,7940,11388,8388,19776,2020-03-01
M20,3366,3688,7054,15832,13787,29619,2020-03-01
M21,2178,2435,4613,10013,8861,18874,2020-03-01
M22,3794,4641,8435,12342,9657,21999,2020-03-01
M23,2516,3122,5638,9496,7883,17379,2020-03-01
M24,3335,4038,7373,15820,12956,28776,2020-03-01
M25,1922,2163,4085,11051,9635,20686,2020-03-01
M26,2066,2583,4649,12205,10480,22685,2020-03-01
M27,2379,2898,5277,13909,11911,25820,2020-03-01
M28,1862,2167,4029,15374,14092,29466,2020-03-01
M29,1006,1193,2199,8786,7982,16768,2020-03-01
M30,2802,3237,6039,12140,9418,21558,2020-03-01
M31,717,879,1596,2532,2158,4690,2020-03-01
M32,2104,2497,4601,9544,8251,17795,2020-03-01
M33,2925,3323,6248,22614,20792,43406,2020-03-01
M34,2588,3164,5752,16526,14116,30642,2020-03-01
M35,1293,1542,2835,6970,5837,12807,2020-03-01
M38,1160,1557,2717,3738,2801,6539,2020-03-01
M39,0,1,1,1,0,1,2020-03-01
M40,4399,5233,9632,12116,8629,20745,2020-03-01
M41,1867,2178,4045,15343,14279,29622,2020-03-01
M43,1425,2012,3437,7880,6349,14229,2020-03-01
M44,1089,1417,2506,6831,5773,12604,2020-03-01
M45,1291,1629,2920,7977,7154,15131,2020-03-01
M46,1138,1400,2538,7658,6340,13998,2020-03-01
M47,1,0,1,0,0,0,2020-03-01
M50,316,309,625,1472,892,2364,2020-03-01
M51,0,0,0,1,0,1,2020-03-01
M52,0,0,0,1,0,1,2020-03-01
M54,0,0,0,1,0,1,2020-03-01
M60,38,17,55,62,15,77,2020-03-01
M61,0,0,0,1,1,2,2020-03-01
M70,1,0,1,4,1,5,2020-03-01
M73,0,0,0,1,0,1,2020-03-01
M74,0,0,0,2,0,2,2020-03-01
M87,0,1,1,0,0,0,2020-03-01
M90,1,0,1,1,0,1,2020-03-01
ME1,1791,2249,4040,11239,9703,20942,2020-03-01
ME2,2210,2860,5070,15189,13063,28252,2020-03-01
ME3,1078,1314,2392,11587,10579,22166,2020-03-01
ME4,2861,3106,5967,10100,7332,17432,2020-03-01
ME5,2462,3300,5762,19522,17034,36556,2020-03-01
ME6,487,647,1134,4057,3706,7763,2020-03-01
ME7,3862,4786,8648,17101,13660,30761,2020-03-01
ME8,2150,2639,4789,18923,17007,35930,2020-03-01
ME9,791,911,1702,9150,8449,17599,2020-03-01
ME10,2672,3206,5878,17651,15226,32877,2020-03-01
ME11,292,353,645,1216,976,2192,2020-03-01
ME12,2152,2805,4957,14088,11655,25743,2020-03-01
ME13,1336,1612,2948,10255,9449,19704,2020-03-01
ME14,1496,1677,3173,12473,10736,23209,2020-03-01
ME15,2605,3157,5762,18680,15898,34578,2020-03-01
ME16,1532,1900,3432,12180,10508,22688,2020-03-01
ME17,760,881,1641,10535,9700,20235,2020-03-01
ME18,221,248,469,2961,2797,5758,2020-03-01
ME19,724,894,1618,9431,9262,18693,2020-03-01
ME20,804,945,1749,8190,7697,15887,2020-03-01
ME21,0,0,0,1,0,1,2020-03-01
ME22,0,0,0,1,0,1,2020-03-01
ME24,0,1,1,3,5,8,2020-03-01
ME30,0,0,0,1,0,1,2020-03-01
ME37,0,0,0,0,1,1,2020-03-01
ME38,0,0,0,1,0,1,2020-03-01
ME39,0,0,0,1,0,1,2020-03-01
ME50,0,0,0,1,0,1,2020-03-01
MK1,69,63,132,306,168,474,2020-03-01
MK2,1385,1817,3202,5134,3808,8942,2020-03-01
MK3,1409,1821,3230,9309,8262,17571,2020-03-01
MK4,1130,1455,2585,8230,7737,15967,2020-03-01
MK5,913,1034,1947,5695,5255,10950,2020-03-01
MK6,3539,4152,7691,9191,6318,15509,2020-03-01
MK7,768,946,1714,5715,5159,10874,2020-03-01
MK8,713,949,1662,5066,4461,9527,2020-03-01
MK9,499,451,950,1356,663,2019,2020-03-01
MK10,966,1256,2222,7060,6472,13532,2020-03-01
MK11,542,698,1240,3424,3085,6509,2020-03-01
MK12,1150,1387,2537,4870,3715,8585,2020-03-01
MK13,1566,1795,3361,6821,5442,12263,2020-03-01
MK14,1776,2148,3924,7756,5990,13746,2020-03-01
MK15,405,446,851,2833,2665,5498,2020-03-01
MK16,743,877,1620,7380,6896,14276,2020-03-01
MK17,514,569,1083,7886,7706,15592,2020-03-01
MK18,1503,1563,3066,12991,12541,25532,2020-03-01
MK19,369,430,799,4923,4670,9593,2020-03-01
MK20,0,1,1,0,0,0,2020-03-01
MK34,1,0,1,1,0,1,2020-03-01
MK40,2927,2903,5830,12109,9098,21207,2020-03-01
MK41,2288,2663,4951,15642,14207,29849,2020-03-01
MK42,3437,4645,8082,17679,14221,31900,2020-03-01
MK43,1379,1415,2794,15448,14906,30354,2020-03-01
MK44,476,479,955,6875,6723,13598,2020-03-01
MK45,1470,1653,3123,19100,18065,37165,2020-03-01
MK46,253,323,576,3699,3554,7253,2020-03-01
ML1,3240,4212,7452,18836,15621,34457,2020-03-01
ML2,2276,2851,5127,12603,10405,23008,2020-03-01
ML3,2972,3800,6772,17784,14954,32738,2020-03-01
ML4,1498,1987,3485,6864,5569,12433,2020-03-01
ML5,2949,3770,6719,14541,11840,26381,2020-03-01
ML6,2998,3899,6897,18451,15611,34062,2020-03-01
ML7,749,1023,1772,5116,4251,9367,2020-03-01
ML8,683,987,1670,7253,6628,13881,2020-03-01
ML9,1214,1658,2872,8193,7056,15249,2020-03-01
ML10,401,474,875,4396,4218,8614,2020-03-01
ML11,1330,1883,3213,12726,11279,24005,2020-03-01
ML12,220,392,612,3632,3327,6959,2020-03-01
N0,1,0,1,1,0,1,2020-03-01
N1,11037,12121,23158,26150,18888,45038,2020-03-01
N1,79,121,200,262,183,445,2020-03-01
N1,0,1,1,0,1,1,2020-03-01
N1,0,1,1,0,0,0,2020-03-01
N1,1,0,1,0,0,0,2020-03-01
N1,0,0,0,0,1,1,2020-03-01
N2,2292,2476,4768,9225,8229,17454,2020-03-01
N2,0,0,0,0,1,1,2020-03-01
N3,2495,2755,5250,11718,10061,21779,2020-03-01
N4,7611,7283,14894,15921,11074,26995,2020-03-01
N5,2547,2866,5413,7800,6288,14088,2020-03-01
N6,1513,1805,3318,7209,6444,13653,2020-03-01
N7,6225,6628,12853,13475,9325,22800,2020-03-01
N8,4910,4883,9793,13475,10738,24213,2020-03-01
N9,7100,8290,15390,15808,11194,27002,2020-03-01
N10,2587,2967,5554,9481,8382,17863,2020-03-01
N11,3136,3418,6554,10921,8333,19254,2020-03-01
N12,2813,3135,5948,12593,10541,23134,2020-03-01
N13,3421,3454,6875,12427,9492,21919,2020-03-01
N14,2128,2519,4647,12306,10304,22610,2020-03-01
N15,8474,7552,16026,13776,8018,21794,2020-03-01
N16,9475,8766,18241,18100,12093,30193,2020-03-01
N17,12512,12319,24831,19189,11786,30975,2020-03-01
N18,4994,5552,10546,9926,6656,16582,2020-03-01
N19,4418,5033,9451,10133,7820,17953,2020-03-01
N20,1383,1547,2930,8120,7462,15582,2020-03-01
N21,1325,1491,2816,9182,8419,17601,2020-03-01
N22,6706,6422,13128,14823,9776,24599,2020-03-01
NE1,894,661,1555,1865,818,2683,2020-03-01
NE2,1600,1420,3020,5627,4121,9748,2020-03-01
NE2,0,0,0,1,0,1,2020-03-01
NE3,2969,3719,6688,17964,15572,33536,2020-03-01
NE4,5230,4499,9729,9458,5021,14479,2020-03-01
NE5,3133,4289,7422,14597,11208,25805,2020-03-01
NE6,4502,5160,9662,12057,8366,20423,2020-03-01
NE7,817,1034,1851,5307,4481,9788,2020-03-01
NE8,3234,3198,6432,8353,4910,13263,2020-03-01
NE9,2225,2916,5141,11280,8906,20186,2020-03-01
NE10,2347,3137,5484,10106,7348,17454,2020-03-01
NE11,937,1279,2216,5218,4034,9252,2020-03-01
NE12,1963,2648,4611,11661,9908,21569,2020-03-01
NE13,608,741,1349,6442,6051,12493,2020-03-01
NE15,2213,2878,5091,10278,8085,18363,2020-03-01
NE16,1000,1408,2408,8921,7719,16640,2020-03-01
NE17,258,337,595,1505,1230,2735,2020-03-01
NE18,25,27,52,390,377,767,2020-03-01
NE19,40,71,111,880,848,1728,2020-03-01
NE20,317,342,659,5114,5049,10163,2020-03-01
NE21,939,1316,2255,5735,4570,10305,2020-03-01
NE22,842,1047,1889,6133,5338,11471,2020-03-01
NE23,1816,2611,4427,13630,11686,25316,2020-03-01
NE24,2100,2930,5030,12697,10509,23206,2020-03-01
NE25,1208,1539,2747,11026,10241,21267,2020-03-01
NE26,868,951,1819,6951,6515,13466,2020-03-01
NE27,676,957,1633,4973,4399,9372,2020-03-01
NE28,3143,4225,7368,13584,10555,24139,2020-03-01
NE29,2540,3152,5692,10414,8368,18782,2020-03-01
NE30,897,1073,1970,7929,7341,15270,2020-03-01
NE31,1319,1684,3003,6671,5388,12059,2020-03-01
NE32,1658,2172,3830,7470,5851,13321,2020-03-01
NE33,2259,2187,4446,8060,5715,13775,2020-03-01
NE34,3218,4163,7381,15790,12834,28624,2020-03-01
NE35,367,481,848,2106,1720,3826,2020-03-01
NE36,247,295,542,2495,2366,4861,2020-03-01
NE37,1386,1942,3328,5956,4664,10620,2020-03-01
NE38,1828,2468,4296,10979,9201,20180,2020-03-01
NE39,356,505,861,3080,2674,5754,2020-03-01
NE40,674,972,1646,5394,4722,10116,2020-03-01
NE41,73,67,140,889,836,1725,2020-03-01
NE42,570,839,1409,4356,3926,8282,2020-03-01
NE43,110,133,243,1800,1785,3585,2020-03-01
NE44,24,29,53,434,451,885,2020-03-01
NE45,104,142,246,1443,1410,2853,2020-03-01
NE46,590,734,1324,5662,5384,11046,2020-03-01
NE47,247,298,545,3136,2980,6116,2020-03-01
NE48,121,161,282,1758,1549,3307,2020-03-01
NE49,144,249,393,1591,1281,2872,2020-03-01
NE55,0,0,0,1,0,1,2020-03-01
NE61,1120,1565,2685,12761,11803,24564,2020-03-01
NE62,407,567,974,3243,2704,5947,2020-03-01
NE63,1678,2235,3913,8817,6986,15803,2020-03-01
NE64,345,499,844,1891,1471,3362,2020-03-01
NE65,648,872,1520,7939,7294,15233,2020-03-01
NE66,549,779,1328,6672,6141,12813,2020-03-01
NE67,22,20,42,383,375,758,2020-03-01
NE68,55,59,114,706,650,1356,2020-03-01
NE69,8,10,18,138,142,280,2020-03-01
NE70,54,77,131,698,677,1375,2020-03-01
NE71,88,117,205,1167,1072,2239,2020-03-01
NE99,4,0,4,5,0,5,2020-03-01
NG1,1098,979,2077,2194,1181,3375,2020-03-01
NG1,0,0,0,0,1,1,2020-03-01
NG2,3950,4372,8322,18586,15477,34063,2020-03-01
NG3,3873,4964,8837,14970,11505,26475,2020-03-01
NG4,2093,2764,4857,14040,12066,26106,2020-03-01
NG5,5736,7690,13426,27952,23607,51559,2020-03-01
NG6,2991,4108,7099,10661,8279,18940,2020-03-01
NG7,5897,5454,11351,10704,5721,16425,2020-03-01
NG8,4899,6687,11586,19166,15045,34211,2020-03-01
NG9,3999,4636,8635,25198,21632,46830,2020-03-01
NG10,2409,2976,5385,16729,14450,31179,2020-03-01
NG11,2316,2992,5308,12331,10169,22500,2020-03-01
NG12,1191,1487,2678,13315,12616,25931,2020-03-01
NG13,646,779,1425,8510,8182,16692,2020-03-01
NG14,583,700,1283,7545,7132,14677,2020-03-01
NG15,1839,2535,4374,15708,13705,29413,2020-03-01
NG16,2594,3471,6065,23673,20539,44212,2020-03-01
NG17,3662,4604,8266,25076,21120,46196,2020-03-01
NG18,2536,2789,5325,14509,12199,26708,2020-03-01
NG19,2531,3224,5755,18700,15714,34414,2020-03-01
NG20,1522,2075,3597,8953,7058,16011,2020-03-01
NG21,926,1232,2158,8591,7632,16223,2020-03-01
NG22,1093,1403,2496,10575,9486,20061,2020-03-01
NG23,417,458,875,7628,7415,15043,2020-03-01
NG24,2374,3042,5416,16556,13959,30515,2020-03-01
NG25,283,337,620,3378,3365,6743,2020-03-01
NG31,2422,3088,5510,16274,13609,29883,2020-03-01
NG32,368,405,773,5614,5289,10903,2020-03-01
NG33,281,340,621,4115,3858,7973,2020-03-01
NG34,1546,1774,3320,16113,14878,30991,2020-03-01
NG36,0,0,0,1,0,1,2020-03-01
NG54,0,1,1,0,0,0,2020-03-01
NN1,3819,3404,7223,10543,6603,17146,2020-03-01
NN2,2903,3084,5987,13946,11020,24966,2020-03-01
NN3,5130,6286,11416,27398,22749,50147,2020-03-01
NN4,2412,2917,5329,18551,16513,35064,2020-03-01
NN5,2464,2988,5452,15186,12379,27565,2020-03-01
NN6,983,1074,2057,14995,14442,29437,2020-03-01
NN7,789,948,1737,12221,11625,23846,2020-03-01
NN8,3589,4150,7739,18240,14640,32880,2020-03-01
NN9,1004,1247,2251,10978,9877,20855,2020-03-01
NN10,1608,2022,3630,15156,13527,28683,2020-03-01
NN11,1819,2334,4153,15443,13252,28695,2020-03-01
NN12,750,885,1635,10445,9742,20187,2020-03-01
NN13,633,787,1420,8462,7919,16381,2020-03-01
NN14,1344,1638,2982,18023,16832,34855,2020-03-01
NN15,1493,1891,3384,14738,13372,28110,2020-03-01
NN16,2211,2591,4802,10420,7826,18246,2020-03-01
NN17,2029,2406,4435,10789,8677,19466,2020-03-01
NN18,2767,3436,6203,12675,9956,22631,2020-03-01
NN28,1,0,1,0,0,0,2020-03-01
NN29,353,414,767,4607,4330,8937,2020-03-01
NO3,0,1,1,0,0,0,2020-03-01
NP0,0,0,0,0,1,1,2020-03-01
NP1,85,92,177,210,141,351,2020-03-01
NP1,0,0,0,0,1,1,2020-03-01
NP2,32,28,60,120,68,188,2020-03-01
NP2,0,0,0,1,0,1,2020-03-01
NP3,35,39,74,111,62,173,2020-03-01
NP4,1828,2537,4365,16036,14033,30069,2020-03-01
NP5,11,13,24,46,36,82,2020-03-01
NP6,32,34,66,150,80,230,2020-03-01
NP7,883,1094,1977,10296,9743,20039,2020-03-01
NP8,135,189,324,2177,2107,4284,2020-03-01
NP9,75,42,117,166,71,237,2020-03-01
NP10,923,1159,2082,9372,8842,18214,2020-03-01
NP11,1759,2304,4063,12762,10731,23493,2020-03-01
NP12,1463,1942,3405,11589,10121,21710,2020-03-01
NP13,935,1377,2312,6526,5044,11570,2020-03-01
NP15,130,156,286,3257,3133,6390,2020-03-01
NP16,871,1020,1891,9147,8487,17634,2020-03-01
NP18,562,674,1236,6597,6209,12806,2020-03-01
NP19,3986,4678,8664,17456,13782,31238,2020-03-01
NP20,3595,4287,7882,16715,13250,29965,2020-03-01
NP21,0,0,0,1,0,1,2020-03-01
NP22,1152,1561,2713,7136,5777,12913,2020-03-01
NP23,1569,2172,3741,11019,8947,19966,2020-03-01
NP24,312,385,697,1479,1081,2560,2020-03-01
NP25,512,570,1082,6194,5806,12000,2020-03-01
NP26,775,991,1766,8999,8214,17213,2020-03-01
NP42,0,0,0,1,0,1,2020-03-01
NP44,2468,3128,5596,16772,14428,31200,2020-03-01
NR0,0,0,0,0,1,1,2020-03-01
NR1,1954,2076,4030,8755,6757,15512,2020-03-01
NR2,1739,1978,3717,7940,6921,14861,2020-03-01
NR3,2627,2925,5552,10565,8042,18607,2020-03-01
NR4,1193,1436,2629,7315,6721,14036,2020-03-01
NR5,1997,2382,4379,9010,7497,16507,2020-03-01
NR6,892,1096,1988,9277,8332,17609,2020-03-01
NR7,1224,1471,2695,12605,11409,24014,2020-03-01
NR8,638,767,1405,8490,8182,16672,2020-03-01
NR9,470,556,1026,7358,7124,14482,2020-03-01
NR10,613,767,1380,9199,8792,17991,2020-03-01
NR11,535,654,1189,7416,7057,14473,2020-03-01
NR12,607,677,1284,8587,8018,16605,2020-03-01
NR13,709,827,1536,11079,10687,21766,2020-03-01
NR14,730,741,1471,10373,10061,20434,2020-03-01
NR15,433,532,965,6345,6208,12553,2020-03-01
NR16,307,381,688,5190,4996,10186,2020-03-01
NR17,554,632,1186,6583,6055,12638,2020-03-01
NR18,640,791,1431,7390,7094,14484,2020-03-01
NR19,801,974,1775,7399,6605,14004,2020-03-01
NR20,544,633,1177,7804,7356,15160,2020-03-01
NR21,528,629,1157,6281,5768,12049,2020-03-01
NR22,35,46,81,331,309,640,2020-03-01
NR23,122,136,258,1122,1023,2145,2020-03-01
NR24,118,136,254,1741,1657,3398,2020-03-01
NR25,305,322,627,3320,3140,6460,2020-03-01
NR26,296,371,667,2949,2794,5743,2020-03-01
NR27,518,550,1068,4184,3828,8012,2020-03-01
NR28,642,727,1369,6451,6011,12462,2020-03-01
NR29,615,784,1399,8390,7701,16091,2020-03-01
NR30,2406,2557,4963,9285,6812,16097,2020-03-01
NR31,2604,3120,5724,17383,14638,32021,2020-03-01
NR32,2160,2352,4512,13706,11813,25519,2020-03-01
NR33,1775,2039,3814,14168,12587,26755,2020-03-01
NR34,702,864,1566,8749,7996,16745,2020-03-01
NR35,369,431,800,4336,3975,8311,2020-03-01
NW0,3,1,4,3,1,4,2020-03-01
NW1,7467,8129,15596,16554,11100,27654,2020-03-01
NW1,0,1,1,0,0,0,2020-03-01
NW2,11773,10434,22207,26137,17001,43138,2020-03-01
NW3,4965,5897,10862,19855,16764,36619,2020-03-01
NW4,3928,3935,7863,13601,10303,23904,2020-03-01
NW5,3532,4015,7547,8426,6728,15154,2020-03-01
NW5,0,1,1,0,0,0,2020-03-01
NW6,8920,8998,17918,22415,17156,39571,2020-03-01
NW7,2076,2500,4576,10905,9599,20504,2020-03-01
NW8,4112,4922,9034,12571,9599,22170,2020-03-01
NW9,9967,9905,19872,27817,18520,46337,2020-03-01
NW10,18031,16462,34493,31412,20340,51752,2020-03-01
NW11,3733,3544,7277,14139,12254,26393,2020-03-01
NW12,3,1,4,0,1,1,2020-03-01
NW13,0,1,1,2,1,3,2020-03-01
NW14,1,0,1,1,0,1,2020-03-01
NW15,0,0,0,2,0,2,2020-03-01
NW16,4,1,5,3,0,3,2020-03-01
NW17,0,0,0,2,1,3,2020-03-01
NW18,1,0,1,1,1,2,2020-03-01
NW19,0,1,1,1,1,2,2020-03-01
NW20,0,1,1,1,0,1,2020-03-01
NW21,1,0,1,0,0,0,2020-03-01
NW22,1,0,1,2,0,2,2020-03-01
NW24,1,0,1,0,0,0,2020-03-01
NW25,0,0,0,0,2,2,2020-03-01
NW26,1,1,2,0,0,0,2020-03-01
NW28,0,0,0,0,1,1,2020-03-01
NW44,2,0,2,0,0,0,2020-03-01
NW51,1,0,1,0,0,0,2020-03-01
NW70,1,0,1,0,0,0,2020-03-01
NW77,0,1,1,0,0,0,2020-03-01
NW96,0,0,0,1,0,1,2020-03-01
NW99,2,0,2,0,0,0,2020-03-01
OL0,1,0,1,0,0,0,2020-03-01
OL1,2111,2490,4601,6115,4436,10551,2020-03-01
OL1,1,0,1,0,0,0,2020-03-01
OL2,2041,2548,4589,14695,12824,27519,2020-03-01
OL3,545,525,1070,6108,5899,12007,2020-03-01
OL4,2948,3610,6558,14551,11402,25953,2020-03-01
OL5,545,683,1228,4024,3517,7541,2020-03-01
OL6,2208,2641,4849,9353,7006,16359,2020-03-01
OL7,1190,1575,2765,5439,4064,9503,2020-03-01
OL8,3641,4513,8154,11760,7844,19604,2020-03-01
OL9,3094,3631,6725,12990,9699,22689,2020-03-01
OL10,1912,2367,4279,9352,7761,17113,2020-03-01
OL11,3203,3983,7186,14873,11803,26676,2020-03-01
OL12,2787,3434,6221,15519,13055,28574,2020-03-01
OL13,842,1092,1934,5669,4855,10524,2020-03-01
OL14,823,1109,1932,5291,4776,10067,2020-03-01
OL15,620,739,1359,5526,4971,10497,2020-03-01
OL16,2692,3202,5894,12270,9714,21984,2020-03-01
OX0,1,1,2,0,0,0,2020-03-01
OX1,1759,1424,3183,6155,4866,11021,2020-03-01
OX2,3118,3334,6452,13520,12363,25883,2020-03-01
OX3,3558,4317,7875,13669,11358,25027,2020-03-01
OX4,6194,6351,12545,18062,13692,31754,2020-03-01
OX5,1453,1483,2936,9263,8235,17498,2020-03-01
OX6,33,26,59,69,60,129,2020-03-01
OX7,863,1090,1953,9568,9208,18776,2020-03-01
OX8,47,46,93,154,124,278,2020-03-01
OX9,570,642,1212,5990,5747,11737,2020-03-01
OX10,1138,1334,2472,10429,9812,20241,2020-03-01
OX11,1654,2193,3847,15266,13549,28815,2020-03-01
OX12,1065,1308,2373,10689,9788,20477,2020-03-01
OX13,490,629,1119,5983,5677,11660,2020-03-01
OX14,2143,2531,4674,16990,15208,32198,2020-03-01
OX15,609,670,1279,8472,8297,16769,2020-03-01
OX16,3024,3773,6797,16995,13485,30480,2020-03-01
OX17,476,595,1071,7493,7256,14749,2020-03-01
OX18,910,1215,2125,9820,9040,18860,2020-03-01
OX20,196,239,435,1942,1975,3917,2020-03-01
OX23,0,0,0,1,0,1,2020-03-01
OX25,354,508,862,4226,4096,8322,2020-03-01
OX26,1849,2328,4177,12957,11280,24237,2020-03-01
OX27,229,303,532,2902,2872,5774,2020-03-01
OX28,1307,1554,2861,9929,9085,19014,2020-03-01
OX29,856,975,1831,9902,9516,19418,2020-03-01
OX33,285,314,599,3146,2989,6135,2020-03-01
OX39,179,227,406,3265,3173,6438,2020-03-01
OX44,229,348,577,3369,3224,6593,2020-03-01
OX49,133,152,285,1720,1748,3468,2020-03-01
PA0,0,0,0,1,0,1,2020-03-01
PA1,1576,1658,3234,6999,5594,12593,2020-03-01
PA2,2279,2936,5215,13208,11582,24790,2020-03-01
PA3,2011,2454,4465,6892,5394,12286,2020-03-01
PA4,1384,1779,3163,8514,7415,15929,2020-03-01
PA5,1402,1819,3221,7018,5894,12912,2020-03-01
PA6,134,204,338,2699,2664,5363,2020-03-01
PA7,220,268,488,3197,3085,6282,2020-03-01
PA8,754,935,1689,5303,4841,10144,2020-03-01
PA9,59,83,142,736,693,1429,2020-03-01
PA10,139,200,339,1456,1400,2856,2020-03-01
PA11,215,256,471,2272,2192,4464,2020-03-01
PA12,141,189,330,1262,1234,2496,2020-03-01
PA13,141,153,294,1807,1839,3646,2020-03-01
PA14,1238,1541,2779,4801,4029,8830,2020-03-01
PA15,1389,1626,3015,4460,3559,8019,2020-03-01
PA16,1971,2222,4193,9048,8071,17119,2020-03-01
PA17,84,82,166,888,837,1725,2020-03-01
PA18,76,102,178,1027,1002,2029,2020-03-01
PA19,540,629,1169,4107,3738,7845,2020-03-01
PA20,325,427,752,2094,1715,3809,2020-03-01
PA21,43,31,74,334,292,626,2020-03-01
PA22,16,4,20,135,138,273,2020-03-01
PA23,726,888,1614,4330,4007,8337,2020-03-01
PA24,20,20,40,218,168,386,2020-03-01
PA25,2,4,6,26,24,50,2020-03-01
PA26,9,6,15,57,42,99,2020-03-01
PA27,18,33,51,299,294,593,2020-03-01
PA28,395,445,840,2538,2200,4738,2020-03-01
PA29,96,93,189,888,788,1676,2020-03-01
PA30,64,69,133,495,495,990,2020-03-01
PA31,200,247,447,2043,1831,3874,2020-03-01
PA32,44,61,105,483,441,924,2020-03-01
PA33,37,37,74,306,263,569,2020-03-01
PA34,634,716,1350,3753,3298,7051,2020-03-01
PA35,47,72,119,578,546,1124,2020-03-01
PA36,2,1,3,20,15,35,2020-03-01
PA37,129,148,277,1197,1130,2327,2020-03-01
PA38,30,31,61,369,357,726,2020-03-01
PA39,3,0,3,2,5,7,2020-03-01
PA40,1,2,3,5,2,7,2020-03-01
PA41,10,11,21,60,56,116,2020-03-01
PA42,48,73,121,416,354,770,2020-03-01
PA43,49,61,110,297,274,571,2020-03-01
PA44,6,11,17,123,113,236,2020-03-01
PA45,11,7,18,61,46,107,2020-03-01
PA46,7,11,18,66,67,133,2020-03-01
PA47,6,8,14,68,63,131,2020-03-01
PA48,21,15,36,114,129,243,2020-03-01
PA49,7,11,18,75,67,142,2020-03-01
PA60,8,14,22,90,72,162,2020-03-01
PA61,5,13,18,57,55,112,2020-03-01
PA62,2,2,4,10,8,18,2020-03-01
PA63,1,0,1,3,4,7,2020-03-01
PA64,3,3,6,44,48,92,2020-03-01
PA65,10,10,20,92,89,181,2020-03-01
PA66,6,10,16,72,70,142,2020-03-01
PA67,18,16,34,97,91,188,2020-03-01
PA68,0,0,0,5,3,8,2020-03-01
PA69,1,2,3,10,8,18,2020-03-01
PA70,4,3,7,27,28,55,2020-03-01
PA71,1,0,1,25,15,40,2020-03-01
PA72,16,16,32,194,188,382,2020-03-01
PA73,3,2,5,22,22,44,2020-03-01
PA74,0,3,3,16,12,28,2020-03-01
PA75,68,78,146,574,560,1134,2020-03-01
PA76,6,5,11,62,69,131,2020-03-01
PA77,20,31,51,246,255,501,2020-03-01
PA78,9,12,21,73,72,145,2020-03-01
PA80,14,13,27,121,97,218,2020-03-01
PA81,3,6,9,14,8,22,2020-03-01
PA82,5,5,10,12,11,23,2020-03-01
PA83,0,0,0,1,1,2,2020-03-01
PA84,0,1,1,1,0,1,2020-03-01
PA85,3,3,6,2,5,7,2020-03-01
PA86,21,33,54,64,65,129,2020-03-01
PA87,27,36,63,40,32,72,2020-03-01
PA88,4,2,6,7,4,11,2020-03-01
PE1,5139,5227,10366,16140,10179,26319,2020-03-01
PE2,3066,3849,6915,17459,14330,31789,2020-03-01
PE3,2379,3121,5500,10417,7681,18098,2020-03-01
PE4,1542,2034,3576,10411,8898,19309,2020-03-01
PE5,36,36,72,640,613,1253,2020-03-01
PE6,1152,1518,2670,15236,14338,29574,2020-03-01
PE7,1771,2309,4080,17713,15963,33676,2020-03-01
PE8,586,718,1304,7182,6755,13937,2020-03-01
PE9,1244,1547,2791,12423,11924,24347,2020-03-01
PE10,791,1025,1816,9364,8782,18146,2020-03-01
PE11,1943,2223,4166,17001,14134,31135,2020-03-01
PE12,1312,1603,2915,16290,14397,30687,2020-03-01
PE13,1974,2155,4129,13109,10913,24022,2020-03-01
PE14,688,797,1485,8991,8272,17263,2020-03-01
PE15,1165,1470,2635,11273,10049,21322,2020-03-01
PE16,372,497,869,4266,3699,7965,2020-03-01
PE17,59,43,102,140,90,230,2020-03-01
PE18,50,77,127,105,82,187,2020-03-01
PE19,1849,2235,4084,17320,15832,33152,2020-03-01
PE20,506,609,1115,5816,5286,11102,2020-03-01
PE21,2771,2829,5600,14744,11706,26450,2020-03-01
PE22,510,589,1099,6949,6294,13243,2020-03-01
PE23,290,326,616,3495,3209,6704,2020-03-01
PE24,470,565,1035,4862,4064,8926,2020-03-01
PE25,1390,1519,2909,7409,5939,13348,2020-03-01
PE26,400,522,922,4631,4192,8823,2020-03-01
PE27,901,1126,2027,7886,6920,14806,2020-03-01
PE28,1494,1789,3283,19496,18650,38146,2020-03-01
PE29,1831,2232,4063,10449,8860,19309,2020-03-01
PE30,2816,3162,5978,14775,12563,27338,2020-03-01
PE31,481,571,1052,7765,7362,15127,2020-03-01
PE32,424,478,902,6411,6121,12532,2020-03-01
PE33,440,550,990,6066,5652,11718,2020-03-01
PE34,454,561,1015,5678,5242,10920,2020-03-01
PE35,1,1,2,40,37,77,2020-03-01
PE36,238,266,504,2306,2176,4482,2020-03-01
PE37,372,511,883,4267,3865,8132,2020-03-01
PE38,506,606,1112,5944,5322,11266,2020-03-01
PE99,0,0,0,1,0,1,2020-03-01
PH1,2411,3156,5567,14738,12565,27303,2020-03-01
PH2,1583,1751,3334,12958,11958,24916,2020-03-01
PH3,246,300,546,2628,2532,5160,2020-03-01
PH4,36,50,86,371,366,737,2020-03-01
PH5,18,57,75,330,313,643,2020-03-01
PH6,83,92,175,1003,989,1992,2020-03-01
PH7,372,461,833,3345,3083,6428,2020-03-01
PH8,89,95,184,795,758,1553,2020-03-01
PH9,16,39,55,362,340,702,2020-03-01
PH10,458,517,975,4238,3896,8134,2020-03-01
PH11,139,185,324,1351,1165,2516,2020-03-01
PH12,48,71,119,821,743,1564,2020-03-01
PH13,178,208,386,1623,1416,3039,2020-03-01
PH14,48,71,119,845,834,1679,2020-03-01
PH15,165,204,369,1402,1241,2643,2020-03-01
PH16,168,196,364,1542,1417,2959,2020-03-01
PH17,11,5,16,77,67,144,2020-03-01
PH18,25,39,64,313,260,573,2020-03-01
PH19,1,4,5,40,34,74,2020-03-01
PH20,59,86,145,624,558,1182,2020-03-01
PH21,92,105,197,842,779,1621,2020-03-01
PH22,205,250,455,1256,1129,2385,2020-03-01
PH23,25,30,55,321,330,651,2020-03-01
PH24,19,23,42,311,286,597,2020-03-01
PH25,27,31,58,370,363,733,2020-03-01
PH26,157,165,322,1463,1347,2810,2020-03-01
PH30,0,0,0,6,4,10,2020-03-01
PH31,19,20,39,232,239,471,2020-03-01
PH32,34,42,76,286,238,524,2020-03-01
PH33,693,892,1585,4257,3593,7850,2020-03-01
PH34,35,42,77,448,405,853,2020-03-01
PH35,27,18,45,132,109,241,2020-03-01
PH36,36,60,96,527,490,1017,2020-03-01
PH37,5,12,17,63,52,115,2020-03-01
PH38,10,12,22,79,81,160,2020-03-01
PH39,25,21,46,168,171,339,2020-03-01
PH40,21,20,41,124,101,225,2020-03-01
PH41,71,58,129,354,311,665,2020-03-01
PH42,2,7,9,39,32,71,2020-03-01
PH43,1,2,3,8,8,16,2020-03-01
PH44,3,0,3,4,6,10,2020-03-01
PH49,39,57,96,429,376,805,2020-03-01
PH50,48,82,130,329,243,572,2020-03-01
PL0,0,1,1,0,0,0,2020-03-01
PL1,2290,2317,4607,7124,4682,11806,2020-03-01
PL2,2329,2766,5095,9946,8201,18147,2020-03-01
PL3,1761,2103,3864,10715,9493,20208,2020-03-01
PL4,2995,2699,5694,8669,5946,14615,2020-03-01
PL5,2797,3775,6572,13625,11351,24976,2020-03-01
PL6,1945,2479,4424,15291,13689,28980,2020-03-01
PL7,1126,1463,2589,11687,11107,22794,2020-03-01
PL8,196,167,363,2497,2502,4999,2020-03-01
PL9,1007,1257,2264,11432,10789,22221,2020-03-01
PL10,157,186,343,1309,1211,2520,2020-03-01
PL11,513,677,1190,3886,3449,7335,2020-03-01
PL12,885,1026,1911,8422,7864,16286,2020-03-01
PL13,379,473,852,3857,3469,7326,2020-03-01
PL14,901,1199,2100,9161,8640,17801,2020-03-01
PL15,627,785,1412,8159,7585,15744,2020-03-01
PL16,48,60,108,842,794,1636,2020-03-01
PL17,338,360,698,4103,3734,7837,2020-03-01
PL18,168,240,408,2094,1996,4090,2020-03-01
PL19,594,659,1253,6305,6096,12401,2020-03-01
PL20,410,494,904,4735,4616,9351,2020-03-01
PL21,597,703,1300,7148,7059,14207,2020-03-01
PL22,133,153,286,1440,1446,2886,2020-03-01
PL23,132,151,283,1237,1207,2444,2020-03-01
PL24,436,571,1007,3854,3611,7465,2020-03-01
PL25,1239,1369,2608,9462,8604,18066,2020-03-01
PL26,1162,1245,2407,10760,9727,20487,2020-03-01
PL27,381,492,873,4723,4615,9338,2020-03-01
PL28,197,207,404,1571,1523,3094,2020-03-01
PL29,35,26,61,366,364,730,2020-03-01
PL30,258,281,539,4451,4240,8691,2020-03-01
PL31,783,954,1737,5478,4792,10270,2020-03-01
PL32,139,208,347,1708,1604,3312,2020-03-01
PL33,77,68,145,759,729,1488,2020-03-01
PL34,68,78,146,711,672,1383,2020-03-01
PL35,32,34,66,405,399,804,2020-03-01
PO1,2832,3202,6034,7070,4619,11689,2020-03-01
PO2,3395,4152,7547,13390,10138,23528,2020-03-01
PO3,1240,1443,2683,7063,6012,13075,2020-03-01
PO4,2897,3274,6171,13290,10705,23995,2020-03-01
PO5,2662,2580,5242,7881,5494,13375,2020-03-01
PO6,2644,3140,5784,14307,12369,26676,2020-03-01
PO7,1661,2041,3702,16394,15281,31675,2020-03-01
PO8,1250,1509,2759,14072,13160,27232,2020-03-01
PO9,3111,4103,7214,16618,14581,31199,2020-03-01
PO10,642,761,1403,7406,7083,14489,2020-03-01
PO11,656,703,1359,7291,6764,14055,2020-03-01
PO12,2632,3115,5747,16292,14161,30453,2020-03-01
PO13,1960,2503,4463,12301,11268,23569,2020-03-01
PO14,1184,1327,2511,12777,12228,25005,2020-03-01
PO15,870,917,1787,8690,8127,16817,2020-03-01
PO16,1242,1352,2594,12408,11418,23826,2020-03-01
PO17,213,223,436,2816,2610,5426,2020-03-01
PO18,470,519,989,5905,5801,11706,2020-03-01
PO19,1732,1957,3689,10687,10228,20915,2020-03-01
PO20,1228,1351,2579,13683,13094,26777,2020-03-01
PO21,2134,2148,4282,14751,13119,27870,2020-03-01
PO22,1193,1365,2558,11875,11213,23088,2020-03-01
PO30,1512,1788,3300,10332,9593,19925,2020-03-01
PO31,675,777,1452,5442,5095,10537,2020-03-01
PO32,433,490,923,3138,2912,6050,2020-03-01
PO33,1722,1983,3705,10689,9720,20409,2020-03-01
PO34,60,73,133,914,911,1825,2020-03-01
PO35,148,127,275,1451,1395,2846,2020-03-01
PO36,828,961,1789,5966,5479,11445,2020-03-01
PO37,466,492,958,3438,3045,6483,2020-03-01
PO38,583,652,1235,4862,4497,9359,2020-03-01
PO39,97,122,219,1005,932,1937,2020-03-01
PO40,255,263,518,2147,2088,4235,2020-03-01
PO41,71,61,132,944,930,1874,2020-03-01
PR1,5516,5936,11452,20895,15562,36457,2020-03-01
PR2,4246,5142,9388,26945,23153,50098,2020-03-01
PR3,945,1153,2098,16186,15471,31657,2020-03-01
PR4,1861,2323,4184,24959,23327,48286,2020-03-01
PR5,1652,2061,3713,15159,13532,28691,2020-03-01
PR6,1351,1604,2955,13619,12467,26086,2020-03-01
PR7,2087,2605,4692,22974,21072,44046,2020-03-01
PR8,2686,3143,5829,19666,17980,37646,2020-03-01
PR9,1950,2243,4193,15681,13881,29562,2020-03-01
PR25,1366,1729,3095,11426,10452,21878,2020-03-01
PR26,479,526,1005,5236,4982,10218,2020-03-01
RG1,5718,5434,11152,14847,9062,23909,2020-03-01
RG2,3463,4050,7513,14700,11192,25892,2020-03-01
RG3,28,23,51,86,47,133,2020-03-01
RG4,1748,2165,3913,15530,14440,29970,2020-03-01
RG5,1135,1270,2405,10418,9673,20091,2020-03-01
RG6,2106,2267,4373,14630,12599,27229,2020-03-01
RG7,1138,1344,2482,13853,13299,27152,2020-03-01
RG8,750,686,1436,7969,7719,15688,2020-03-01
RG9,1037,990,2027,9533,9472,19005,2020-03-01
RG10,590,625,1215,7708,7420,15128,2020-03-01
RG11,32,24,56,81,50,131,2020-03-01
RG12,3140,3884,7024,21565,18702,40267,2020-03-01
RG13,29,39,68,70,56,126,2020-03-01
RG14,2052,2373,4425,15179,13002,28181,2020-03-01
RG15,18,24,42,62,51,113,2020-03-01
RG16,18,21,39,91,57,148,2020-03-01
RG17,620,670,1290,6002,5680,11682,2020-03-01
RG18,734,795,1529,7392,6875,14267,2020-03-01
RG19,744,792,1536,6511,6064,12575,2020-03-01
RG20,594,713,1307,8185,7969,16154,2020-03-01
RG21,2144,2396,4540,10090,7770,17860,2020-03-01
RG22,2081,2651,4732,15520,13662,29182,2020-03-01
RG23,534,671,1205,5070,4593,9663,2020-03-01
RG24,1661,2128,3789,13377,11894,25271,2020-03-01
RG25,286,290,576,3646,3441,7087,2020-03-01
RG26,781,983,1764,9133,8471,17604,2020-03-01
RG27,648,684,1332,9497,9467,18964,2020-03-01
RG28,231,284,515,2355,2134,4489,2020-03-01
RG29,184,279,463,2684,2601,5285,2020-03-01
RG30,4010,4628,8638,16157,12538,28695,2020-03-01
RG31,1198,1503,2701,11116,10114,21230,2020-03-01
RG33,0,0,0,0,1,1,2020-03-01
RG34,0,0,0,0,1,1,2020-03-01
RG40,1080,1158,2238,12334,11808,24142,2020-03-01
RG41,1063,1222,2285,12104,11719,23823,2020-03-01
RG42,1117,1174,2291,11114,10650,21764,2020-03-01
RG45,461,486,947,5771,5679,11450,2020-03-01
RH1,2617,3092,5709,18029,16347,34376,2020-03-01
RH2,1057,1240,2297,10172,9834,20006,2020-03-01
RH3,131,117,248,1811,1819,3630,2020-03-01
RH4,705,850,1555,6080,5809,11889,2020-03-01
RH5,655,665,1320,6954,6642,13596,2020-03-01
RH6,1392,1589,2981,13036,12030,25066,2020-03-01
RH7,493,382,875,3892,3397,7289,2020-03-01
RH8,598,655,1253,6087,6033,12120,2020-03-01
RH9,186,211,397,2218,2227,4445,2020-03-01
RH10,4019,4256,8275,26962,22818,49780,2020-03-01
RH11,4668,5551,10219,20301,15733,36034,2020-03-01
RH12,1881,2232,4113,19367,18392,37759,2020-03-01
RH13,1354,1605,2959,15535,14790,30325,2020-03-01
RH14,511,563,1074,6562,6340,12902,2020-03-01
RH15,1456,1626,3082,12333,11559,23892,2020-03-01
RH16,1610,1909,3519,13805,13059,26864,2020-03-01
RH17,662,768,1430,8030,7947,15977,2020-03-01
RH18,280,304,584,1934,1944,3878,2020-03-01
RH19,1445,1651,3096,14030,13132,27162,2020-03-01
RH20,694,725,1419,10899,10794,21693,2020-03-01
RM1,1521,1748,3269,7737,6378,14115,2020-03-01
RM2,629,725,1354,5089,4604,9693,2020-03-01
RM3,3131,4122,7253,14905,12438,27343,2020-03-01
RM4,141,146,287,2000,1875,3875,2020-03-01
RM5,1230,1592,2822,7036,6175,13211,2020-03-01
RM6,3418,3968,7386,11740,8790,20530,2020-03-01
RM7,2335,2884,5219,10340,8361,18701,2020-03-01
RM8,5034,5881,10915,13933,9782,23715,2020-03-01
RM9,4076,5047,9123,11434,7804,19238,2020-03-01
RM10,4587,5524,10111,12003,8351,20354,2020-03-01
RM11,1435,1667,3102,12528,11510,24038,2020-03-01
RM12,1860,2264,4124,12841,11192,24033,2020-03-01
RM13,2121,2504,4625,10846,8991,19837,2020-03-01
RM14,1028,1126,2154,10698,10063,20761,2020-03-01
RM15,1913,2357,4270,10928,9014,19942,2020-03-01
RM16,2096,2619,4715,15810,13923,29733,2020-03-01
RM17,2089,2717,4806,10527,7707,18234,2020-03-01
RM18,1511,1965,3476,5921,4682,10603,2020-03-01
RM19,532,734,1266,2668,1887,4555,2020-03-01
RM20,497,646,1143,2540,1646,4186,2020-03-01
S1,675,483,1158,1113,522,1635,2020-03-01
S2,3995,4655,8650,10476,7023,17499,2020-03-01
S3,1992,1688,3680,3635,1640,5275,2020-03-01
S4,1452,1457,2909,3393,1843,5236,2020-03-01
S5,4778,6323,11101,16298,11876,28174,2020-03-01
S6,3226,3914,7140,19034,15988,35022,2020-03-01
S6,0,0,0,0,1,1,2020-03-01
S7,1258,1173,2431,6047,5045,11092,2020-03-01
S7,0,0,0,1,0,1,2020-03-01
S8,2713,3210,5923,14855,12658,27513,2020-03-01
S8,0,0,0,1,0,1,2020-03-01
S9,2310,2706,5016,8409,5290,13699,2020-03-01
S10,2235,2222,4457,13296,11726,25022,2020-03-01
S11,1774,1828,3602,10804,9917,20721,2020-03-01
S12,1589,2246,3835,11921,9508,21429,2020-03-01
S13,1560,2111,3671,9851,7893,17744,2020-03-01
S14,838,1099,1937,2181,1445,3626,2020-03-01
S16,0,0,0,0,1,1,2020-03-01
S17,483,573,1056,6142,6014,12156,2020-03-01
S18,743,874,1617,9535,9017,18552,2020-03-01
S19,4,8,12,44,33,77,2020-03-01
S20,1156,1640,2796,10976,9388,20364,2020-03-01
S21,747,1079,1826,7510,6481,13991,2020-03-01
S22,0,1,1,0,1,1,2020-03-01
S24,0,0,0,0,1,1,2020-03-01
S25,814,1139,1953,7723,6799,14522,2020-03-01
S26,869,1262,2131,9633,8531,18164,2020-03-01
S29,0,0,0,1,0,1,2020-03-01
S30,32,26,58,132,117,249,2020-03-01
S31,22,29,51,82,32,114,2020-03-01
S32,150,176,326,2344,2306,4650,2020-03-01
S33,144,157,301,1938,1875,3813,2020-03-01
S35,1328,1790,3118,15209,13596,28805,2020-03-01
S36,975,1238,2213,10901,9813,20714,2020-03-01
S37,1,0,1,1,0,1,2020-03-01
S40,1777,2150,3927,12069,10272,22341,2020-03-01
S41,1840,2354,4194,12345,10452,22797,2020-03-01
S42,1044,1378,2422,10901,9675,20576,2020-03-01
S43,1883,2635,4518,14176,11746,25922,2020-03-01
S44,1003,1345,2348,7809,6525,14334,2020-03-01
S45,590,800,1390,4884,4202,9086,2020-03-01
S46,0,0,0,2,0,2,2020-03-01
S49,0,0,0,1,0,1,2020-03-01
S54,0,0,0,1,0,1,2020-03-01
S60,1816,2496,4312,14066,11596,25662,2020-03-01
S61,2040,2599,4639,11383,9038,20421,2020-03-01
S62,1098,1506,2604,6417,5021,11438,2020-03-01
S63,2511,3235,5746,13443,10745,24188,2020-03-01
S64,1814,2266,4080,10350,8222,18572,2020-03-01
S65,2539,3016,5555,10122,7277,17399,2020-03-01
S66,2033,2835,4868,16102,13729,29831,2020-03-01
S68,0,0,0,0,1,1,2020-03-01
S70,2622,3096,5718,12942,9456,22398,2020-03-01
S71,2623,3300,5923,15735,12754,28489,2020-03-01
S72,1367,1818,3185,8682,6963,15645,2020-03-01
S73,1597,2049,3646,9604,7718,17322,2020-03-01
S74,867,1284,2151,6023,4905,10928,2020-03-01
S75,1547,2045,3592,16820,14914,31734,2020-03-01
S80,1805,2106,3911,10208,8144,18352,2020-03-01
S81,1399,1837,3236,14078,12569,26647,2020-03-01
SA1,4451,4474,8925,13697,9135,22832,2020-03-01
SA2,1729,1783,3512,12805,11480,24285,2020-03-01
SA3,795,846,1641,10336,10219,20555,2020-03-01
SA4,1483,1907,3390,16676,15914,32590,2020-03-01
SA5,2168,2961,5129,11253,9316,20569,2020-03-01
SA6,1637,2292,3929,11322,9728,21050,2020-03-01
SA7,566,761,1327,5596,5066,10662,2020-03-01
SA8,466,615,1081,4762,4354,9116,2020-03-01
SA9,531,691,1222,5613,5082,10695,2020-03-01
SA10,1011,1425,2436,11271,10036,21307,2020-03-01
SA11,1715,2308,4023,12058,9967,22025,2020-03-01
SA12,1783,2145,3928,10607,9294,19901,2020-03-01
SA13,988,1277,2265,6653,5395,12048,2020-03-01
SA14,1176,1488,2664,12551,11610,24161,2020-03-01
SA15,1814,2129,3943,12666,10740,23406,2020-03-01
SA16,315,394,709,3155,2821,5976,2020-03-01
SA17,355,411,766,3565,3226,6791,2020-03-01
SA18,1217,1378,2595,10935,9917,20852,2020-03-01
SA19,285,345,630,3905,3676,7581,2020-03-01
SA20,115,137,252,1307,1164,2471,2020-03-01
SA31,784,946,1730,5617,5281,10898,2020-03-01
SA32,154,190,344,3157,3092,6249,2020-03-01
SA33,315,390,705,5101,4803,9904,2020-03-01
SA34,132,138,270,2070,1938,4008,2020-03-01
SA35,14,27,41,356,321,677,2020-03-01
SA36,10,8,18,137,130,267,2020-03-01
SA37,31,39,70,584,528,1112,2020-03-01
SA38,144,166,310,1808,1683,3491,2020-03-01
SA39,69,82,151,1017,931,1948,2020-03-01
SA40,141,125,266,1117,1018,2135,2020-03-01
SA41,49,54,103,835,787,1622,2020-03-01
SA42,59,66,125,826,787,1613,2020-03-01
SA43,455,548,1003,4848,4507,9355,2020-03-01
SA44,305,356,661,4580,4387,8967,2020-03-01
SA45,66,55,121,622,570,1192,2020-03-01
SA46,88,101,189,980,879,1859,2020-03-01
SA47,44,40,84,423,395,818,2020-03-01
SA48,385,348,733,3329,3081,6410,2020-03-01
SA61,754,987,1741,4741,4245,8986,2020-03-01
SA62,565,648,1213,8446,8002,16448,2020-03-01
SA63,27,33,60,524,504,1028,2020-03-01
SA64,90,119,209,865,733,1598,2020-03-01
SA65,160,205,365,1615,1425,3040,2020-03-01
SA66,86,84,170,1270,1238,2508,2020-03-01
SA67,200,270,470,2882,2733,5615,2020-03-01
SA68,78,136,214,1665,1567,3232,2020-03-01
SA69,99,116,215,1449,1342,2791,2020-03-01
SA70,367,447,814,3385,3053,6438,2020-03-01
SA71,437,538,975,4085,3638,7723,2020-03-01
SA72,547,616,1163,3507,3129,6636,2020-03-01
SA73,863,1117,1980,7292,6409,13701,2020-03-01
SA99,1,0,1,0,0,0,2020-03-01
SE0,0,1,1,0,1,1,2020-03-01
SE1,9110,9146,18256,19680,12223,31903,2020-03-01
SE1,0,0,0,2,0,2,2020-03-01
SE2,3488,4087,7575,8031,5965,13996,2020-03-01
SE3,2889,3428,6317,11732,10042,21774,2020-03-01
SE4,3617,3939,7556,8578,7070,15648,2020-03-01
SE5,7681,8458,16139,13223,9196,22419,2020-03-01
SE6,6828,7509,14337,16050,12956,29006,2020-03-01
SE6,1,0,1,0,0,0,2020-03-01
SE7,2708,3187,5895,6450,4671,11121,2020-03-01
SE8,4624,4993,9617,8430,5756,14186,2020-03-01
SE9,5126,6029,11155,21288,18160,39448,2020-03-01
SE10,2796,3345,6141,10036,7915,17951,2020-03-01
SE11,3382,3510,6892,6738,4269,11007,2020-03-01
SE12,2539,2970,5509,8838,7503,16341,2020-03-01
SE13,5611,5858,11469,12888,10078,22966,2020-03-01
SE14,4042,4143,8185,7003,4892,11895,2020-03-01
SE15,11528,11638,23166,17172,12476,29648,2020-03-01
SE16,5884,6696,12580,14895,10354,25249,2020-03-01
SE17,6254,6432,12686,8682,5065,13747,2020-03-01
SE18,12277,12734,25011,22040,15005,37045,2020-03-01
SE19,2866,3458,6324,9293,7788,17081,2020-03-01
SE20,2700,3019,5719,7169,5936,13105,2020-03-01
SE21,1521,1629,3150,5081,4767,9848,2020-03-01
SE22,3264,3540,6804,9581,8324,17905,2020-03-01
SE23,3547,4062,7609,10515,9089,19604,2020-03-01
SE24,1990,2095,4085,5823,5119,10942,2020-03-01
SE25,4177,4826,9003,10903,9036,19939,2020-03-01
SE26,3285,3939,7224,8985,7572,16557,2020-03-01
SE27,2751,2901,5652,6590,5414,12004,2020-03-01
SE28,3777,4735,8512,7932,5712,13644,2020-03-01
SE29,1,3,4,2,0,2,2020-03-01
SE31,0,1,1,0,0,0,2020-03-01
SE33,0,1,1,0,0,0,2020-03-01
SE35,0,1,1,0,0,0,2020-03-01
SE37,0,1,1,0,0,0,2020-03-01
SE50,0,0,0,1,0,1,2020-03-01
SE57,0,1,1,0,0,0,2020-03-01
SE59,0,0,0,1,0,1,2020-03-01
SE60,0,0,0,1,0,1,2020-03-01
SE72,1,0,1,0,0,0,2020-03-01
SE73,0,0,0,1,0,1,2020-03-01
SE74,0,1,1,1,0,1,2020-03-01
SE75,1,0,1,0,0,0,2020-03-01
SE76,0,0,0,1,0,1,2020-03-01
SE77,1,1,2,0,0,0,2020-03-01
SE88,0,0,0,1,0,1,2020-03-01
SE91,0,1,1,0,0,0,2020-03-01
SE99,0,0,0,0,1,1,2020-03-01
SG0,0,0,0,0,1,1,2020-03-01
SG1,3343,3885,7228,18977,16037,35014,2020-03-01
SG2,2185,2752,4937,15529,13655,29184,2020-03-01
SG3,237,283,520,2878,2746,5624,2020-03-01
SG4,1198,1403,2601,11452,10841,22293,2020-03-01
SG5,1367,1600,2967,12848,12143,24991,2020-03-01
SG6,1802,2158,3960,12126,10987,23113,2020-03-01
SG7,524,569,1093,5246,5042,10288,2020-03-01
SG8,1365,1574,2939,15718,14539,30257,2020-03-01
SG9,272,313,585,4871,4757,9628,2020-03-01
SG10,43,61,104,831,827,1658,2020-03-01
SG11,257,230,487,3554,3385,6939,2020-03-01
SG12,1237,1346,2583,11683,10865,22548,2020-03-01
SG13,728,769,1497,6679,6416,13095,2020-03-01
SG14,848,972,1820,7737,7254,14991,2020-03-01
SG15,236,258,494,2186,2045,4231,2020-03-01
SG16,176,213,389,2514,2442,4956,2020-03-01
SG17,482,517,999,5440,5139,10579,2020-03-01
SG18,995,1258,2253,11129,10220,21349,2020-03-01
SG19,811,1074,1885,10000,9258,19258,2020-03-01
SK0,0,0,0,0,1,1,2020-03-01
SK1,759,935,1694,3831,2994,6825,2020-03-01
SK2,1507,1789,3296,10566,9584,20150,2020-03-01
SK3,1817,2230,4047,9050,7841,16891,2020-03-01
SK4,1964,2052,4016,13440,12155,25595,2020-03-01
SK5,2138,2747,4885,9295,7609,16904,2020-03-01
SK6,1990,2332,4322,19473,18113,37586,2020-03-01
SK7,1465,1582,3047,16491,16030,32521,2020-03-01
SK8,2444,2772,5216,23519,22276,45795,2020-03-01
SK9,1432,1623,3055,15693,15093,30786,2020-03-01
SK10,1523,1620,3143,15774,15295,31069,2020-03-01
SK11,1743,1989,3732,13832,12470,26302,2020-03-01
SK12,590,595,1185,7900,7802,15702,2020-03-01
SK13,1508,1915,3423,12091,11039,23130,2020-03-01
SK14,2781,3396,6177,16451,14009,30460,2020-03-01
SK15,1617,1821,3438,9737,8466,18203,2020-03-01
SK16,1140,1364,2504,6588,5479,12067,2020-03-01
SK17,1240,1412,2652,11748,10398,22146,2020-03-01
SK22,504,601,1105,4747,4211,8958,2020-03-01
SK23,595,640,1235,7227,6635,13862,2020-03-01
SL0,438,493,931,4912,4496,9408,2020-03-01
SL1,7348,7410,14758,26677,19637,46314,2020-03-01
SL2,4727,5525,10252,20512,16125,36637,2020-03-01
SL3,2922,3780,6702,18537,15507,34044,2020-03-01
SL4,2086,2471,4557,17519,16216,33735,2020-03-01
SL5,1125,1244,2369,10267,10502,20769,2020-03-01
SL6,3876,4381,8257,32806,30228,63034,2020-03-01
SL7,735,809,1544,8572,8593,17165,2020-03-01
SL8,202,205,407,2703,2707,5410,2020-03-01
SL9,867,907,1774,9334,9419,18753,2020-03-01
SM1,2856,3391,6247,14503,12088,26591,2020-03-01
SM2,1524,1909,3433,11022,9990,21012,2020-03-01
SM3,1239,1402,2641,8079,7257,15336,2020-03-01
SM4,3359,3596,6955,13910,10601,24511,2020-03-01
SM5,2695,3254,5949,13793,12569,26362,2020-03-01
SM6,2522,3021,5543,13412,12011,25423,2020-03-01
SM7,614,649,1263,7364,7405,14769,2020-03-01
SN0,0,0,0,1,0,1,2020-03-01
SN1,3536,3182,6718,11203,7295,18498,2020-03-01
SN2,3020,3702,6722,14690,11249,25939,2020-03-01
SN3,3034,3888,6922,19334,16183,35517,2020-03-01
SN4,1040,1269,2309,11505,10702,22207,2020-03-01
SN5,1592,2193,3785,13731,12002,25733,2020-03-01
SN6,821,944,1765,9011,8446,17457,2020-03-01
SN7,471,646,1117,5799,5403,11202,2020-03-01
SN8,941,1051,1992,9585,9142,18727,2020-03-01
SN9,268,304,572,3256,3227,6483,2020-03-01
SN10,1210,1454,2664,12030,11344,23374,2020-03-01
SN11,892,1138,2030,8978,8380,17358,2020-03-01
SN12,1022,1133,2155,10440,9608,20048,2020-03-01
SN13,633,782,1415,6410,6263,12673,2020-03-01
SN14,1134,1286,2420,10735,9947,20682,2020-03-01
SN15,1565,1785,3350,14553,12456,27009,2020-03-01
SN16,401,431,832,5939,5685,11624,2020-03-01
SN20,0,0,0,1,0,1,2020-03-01
SN24,0,1,1,0,1,1,2020-03-01
SN25,1396,1784,3180,15364,13755,29119,2020-03-01
SN26,44,48,92,877,785,1662,2020-03-01
SN27,0,0,0,1,0,1,2020-03-01
SN31,0,0,0,0,1,1,2020-03-01
SN34,0,0,0,0,1,1,2020-03-01
SN48,0,0,0,1,0,1,2020-03-01
SN66,0,1,1,0,0,0,2020-03-01
SO0,0,0,0,0,1,1,2020-03-01
SO1,54,41,95,155,61,216,2020-03-01
SO2,79,44,123,142,64,206,2020-03-01
SO3,33,22,55,121,81,202,2020-03-01
SO3,0,0,0,1,1,2,2020-03-01
SO4,33,29,62,137,108,245,2020-03-01
SO5,33,21,54,132,68,200,2020-03-01
SO6,0,0,0,2,0,2,2020-03-01
SO9,17,14,31,28,11,39,2020-03-01
SO14,3363,2740,6103,7690,3986,11676,2020-03-01
SO15,3021,3149,6170,13481,10245,23726,2020-03-01
SO16,4528,5518,10046,22684,18494,41178,2020-03-01
SO17,1494,1424,2918,5373,3708,9081,2020-03-01
SO18,2080,2468,4548,12923,10893,23816,2020-03-01
SO19,3500,4465,7965,19171,16206,35377,2020-03-01
SO20,272,288,560,3435,3217,6652,2020-03-01
SO21,586,725,1311,8079,7746,15825,2020-03-01
SO22,1482,1702,3184,9496,9056,18552,2020-03-01
SO23,1275,1343,2618,7372,6867,14239,2020-03-01
SO24,358,391,749,4702,4649,9351,2020-03-01
SO30,949,1084,2033,12693,12352,25045,2020-03-01
SO31,1500,1642,3142,18558,17940,36498,2020-03-01
SO32,560,606,1166,9055,9016,18071,2020-03-01
SO33,0,0,0,1,1,2,2020-03-01
SO40,1406,1652,3058,15936,14988,30924,2020-03-01
SO41,977,987,1964,12826,12959,25785,2020-03-01
SO42,159,163,322,2024,1987,4011,2020-03-01
SO43,123,131,254,1842,1781,3623,2020-03-01
SO45,1304,1599,2903,13307,12568,25875,2020-03-01
SO50,2252,2728,4980,17948,16241,34189,2020-03-01
SO51,851,1037,1888,11712,11457,23169,2020-03-01
SO52,172,241,413,2769,2623,5392,2020-03-01
SO53,1081,1230,2311,12499,12111,24610,2020-03-01
SP1,1099,1152,2251,7820,7206,15026,2020-03-01
SP2,1649,1863,3512,10513,9402,19915,2020-03-01
SP3,338,432,770,4750,4634,9384,2020-03-01
SP4,1546,1885,3431,13640,11676,25316,2020-03-01
SP5,581,662,1243,9312,9203,18515,2020-03-01
SP6,357,379,736,5940,5757,11697,2020-03-01
SP7,478,627,1105,5761,5595,11356,2020-03-01
SP8,455,541,996,5605,5446,11051,2020-03-01
SP9,472,895,1367,3598,2793,6391,2020-03-01
SP10,2273,2872,5145,14214,11976,26190,2020-03-01
SP11,971,1285,2256,12116,11300,23416,2020-03-01
SR1,577,450,1027,1242,495,1737,2020-03-01
SR2,2372,2565,4937,10065,7738,17803,2020-03-01
SR3,2092,2829,4921,12456,10099,22555,2020-03-01
SR4,3106,3887,6993,11831,8776,20607,2020-03-01
SR5,2577,3201,5778,9341,6829,16170,2020-03-01
SR6,1285,1523,2808,10781,9426,20207,2020-03-01
SR7,1614,2216,3830,9666,7687,17353,2020-03-01
SR8,2187,2984,5171,10824,8528,19352,2020-03-01
SS0,3361,3632,6993,13904,11385,25289,2020-03-01
SS1,2041,2240,4281,9258,7843,17101,2020-03-01
SS2,2709,3293,6002,12109,10139,22248,2020-03-01
SS3,1613,1952,3565,10226,9376,19602,2020-03-01
SS4,867,1064,1931,7992,7481,15473,2020-03-01
SS5,789,729,1518,8999,8458,17457,2020-03-01
SS6,1140,1304,2444,12182,11360,23542,2020-03-01
SS7,1846,2129,3975,19734,18228,37962,2020-03-01
SS8,1897,2585,4482,14326,12138,26464,2020-03-01
SS9,2169,2426,4595,18923,17492,36415,2020-03-01
SS11,693,818,1511,7464,6746,14210,2020-03-01
SS12,687,830,1517,7289,6639,13928,2020-03-01
SS13,1642,2173,3815,7882,6341,14223,2020-03-01
SS14,2145,2909,5054,8832,6936,15768,2020-03-01
SS15,2211,2776,4987,10904,9469,20373,2020-03-01
SS16,1962,2728,4690,11015,9093,20108,2020-03-01
SS17,1377,1748,3125,12807,11456,24263,2020-03-01
SS20,0,0,0,0,1,1,2020-03-01
SS30,0,0,0,0,1,1,2020-03-01
SS31,0,0,0,1,0,1,2020-03-01
SS39,0,1,1,0,0,0,2020-03-01
SS50,0,0,0,1,0,1,2020-03-01
SS92,0,0,0,1,0,1,2020-03-01
SS95,1,0,1,0,0,0,2020-03-01
SS99,0,1,1,0,0,0,2020-03-01
ST0,0,0,0,1,0,1,2020-03-01
ST1,2662,2933,5595,9839,6564,16403,2020-03-01
ST2,2153,2870,5023,10646,8329,18975,2020-03-01
ST3,3843,4956,8799,22373,17820,40193,2020-03-01
ST4,4043,4454,8497,18106,14005,32111,2020-03-01
ST5,4329,5020,9349,27425,23137,50562,2020-03-01
ST6,4462,5733,10195,20719,15345,36064,2020-03-01
ST7,2011,2492,4503,20677,18720,39397,2020-03-01
ST8,624,846,1470,7669,6929,14598,2020-03-01
ST9,276,344,620,4951,4582,9533,2020-03-01
ST10,720,963,1683,9912,8907,18819,2020-03-01
ST11,284,304,588,3959,3598,7557,2020-03-01
ST12,119,124,243,1501,1462,2963,2020-03-01
ST13,1063,1297,2360,10253,9208,19461,2020-03-01
ST14,797,1001,1798,7635,6736,14371,2020-03-01
ST15,684,849,1533,8582,8002,16584,2020-03-01
ST16,1772,2048,3820,10940,9192,20132,2020-03-01
ST17,1787,2248,4035,13880,12495,26375,2020-03-01
ST18,404,418,822,7382,6890,14272,2020-03-01
ST19,456,524,980,6032,5738,11770,2020-03-01
ST20,174,205,379,2960,2737,5697,2020-03-01
ST21,106,165,271,2595,2495,5090,2020-03-01
SW0,1,1,2,1,2,3,2020-03-01
SW1,39,39,78,64,43,107,2020-03-01
SW1,97,85,182,346,175,521,2020-03-01
SW1,1,0,1,0,1,1,2020-03-01
SW1,0,0,0,0,1,1,2020-03-01
SW1,125,92,217,455,248,703,2020-03-01
SW1,58,67,125,366,199,565,2020-03-01
SW1,0,1,1,0,0,0,2020-03-01
SW1,0,0,0,1,2,3,2020-03-01
SW1,0,1,1,1,0,1,2020-03-01
SW1,1266,1539,2805,4178,2867,7045,2020-03-01
SW1,1,0,1,0,0,0,2020-03-01
SW1,0,0,0,0,1,1,2020-03-01
SW1,2242,2600,4842,7037,5201,12238,2020-03-01
SW1,872,981,1853,2703,2210,4913,2020-03-01
SW1,742,924,1666,2506,2034,4540,2020-03-01
SW1,81,59,140,364,168,532,2020-03-01
SW1,1,1,2,1,0,1,2020-03-01
SW2,7458,7972,15430,16503,12563,29066,2020-03-01
SW3,2175,2632,4807,8648,7400,16048,2020-03-01
SW4,4863,4973,9836,13772,10383,24155,2020-03-01
SW5,2277,1951,4228,5958,3905,9863,2020-03-01
SW6,6163,7055,13218,22274,18830,41104,2020-03-01
SW7,2943,2470,5413,8748,6007,14755,2020-03-01
SW8,5518,5748,11266,11417,7344,18761,2020-03-01
SW9,7709,7820,15529,13386,8561,21947,2020-03-01
SW10,2017,2295,4312,6625,5400,12025,2020-03-01
SW11,6907,8077,14984,24678,20002,44680,2020-03-01
SW12,2583,2772,5355,11119,9745,20864,2020-03-01
SW13,1065,1325,2390,6298,5967,12265,2020-03-01
SW14,1096,1219,2315,6615,6340,12955,2020-03-01
SW15,5441,6348,11789,22919,19424,42343,2020-03-01
SW16,10622,10307,20929,28148,21662,49810,2020-03-01
SW17,8504,7778,16282,21215,16822,38037,2020-03-01
SW18,4787,5632,10419,23405,20522,43927,2020-03-01
SW19,6838,7613,14451,31819,27104,58923,2020-03-01
SW20,2114,2372,4486,12336,11047,23383,2020-03-01
SY1,1572,1876,3448,9061,7550,16611,2020-03-01
SY2,845,997,1842,6418,5693,12111,2020-03-01
SY3,1381,1635,3016,12468,11781,24249,2020-03-01
SY4,792,954,1746,10108,9622,19730,2020-03-01
SY5,688,686,1374,8699,8266,16965,2020-03-01
SY6,190,194,384,2852,2737,5589,2020-03-01
SY7,317,407,724,4520,4173,8693,2020-03-01
SY8,572,702,1274,7296,6750,14046,2020-03-01
SY9,82,101,183,1123,999,2122,2020-03-01
SY10,403,515,918,6374,5921,12295,2020-03-01
SY11,1148,1376,2524,9408,8453,17861,2020-03-01
SY12,272,311,583,3293,3036,6329,2020-03-01
SY13,722,803,1525,7878,7158,15036,2020-03-01
SY14,150,188,338,2761,2733,5494,2020-03-01
SY15,119,135,254,2178,2092,4270,2020-03-01
SY16,807,894,1701,5593,4888,10481,2020-03-01
SY17,84,114,198,1540,1387,2927,2020-03-01
SY18,131,137,268,1789,1594,3383,2020-03-01
SY19,27,24,51,448,391,839,2020-03-01
SY20,256,304,560,2550,2352,4902,2020-03-01
SY21,556,751,1307,6451,5865,12316,2020-03-01
SY22,256,253,509,3689,3432,7121,2020-03-01
SY23,1321,1463,2784,8720,7705,16425,2020-03-01
SY24,166,205,371,1758,1605,3363,2020-03-01
SY25,136,181,317,1754,1601,3355,2020-03-01
TA1,2050,2339,4389,14199,13079,27278,2020-03-01
TA2,1229,1461,2690,10909,10088,20997,2020-03-01
TA3,334,372,706,6378,6231,12609,2020-03-01
TA4,550,618,1168,7848,7751,15599,2020-03-01
TA5,283,360,643,4690,4492,9182,2020-03-01
TA6,2647,2916,5563,17093,14374,31467,2020-03-01
TA7,413,444,857,6708,6444,13152,2020-03-01
TA8,590,666,1256,6573,5900,12473,2020-03-01
TA9,539,614,1153,5077,4552,9629,2020-03-01
TA10,312,278,590,4093,4016,8109,2020-03-01
TA11,233,305,538,3926,3872,7798,2020-03-01
TA12,167,205,372,2508,2438,4946,2020-03-01
TA13,91,129,220,1696,1689,3385,2020-03-01
TA14,85,118,203,1308,1199,2507,2020-03-01
TA15,17,23,40,277,275,552,2020-03-01
TA16,50,64,114,772,740,1512,2020-03-01
TA17,8,14,22,240,260,500,2020-03-01
TA18,314,401,715,4140,3830,7970,2020-03-01
TA19,299,376,675,4799,4703,9502,2020-03-01
TA20,759,823,1582,7942,7160,15102,2020-03-01
TA21,707,846,1553,7706,7241,14947,2020-03-01
TA22,59,84,143,1065,1073,2138,2020-03-01
TA23,240,298,538,2172,1978,4150,2020-03-01
TA24,674,862,1536,6953,6348,13301,2020-03-01
TD1,892,1176,2068,6339,5456,11795,2020-03-01
TD2,67,91,158,1089,1058,2147,2020-03-01
TD3,35,43,78,450,378,828,2020-03-01
TD4,88,86,174,899,848,1747,2020-03-01
TD5,348,431,779,4366,4272,8638,2020-03-01
TD6,239,315,554,3198,3093,6291,2020-03-01
TD7,315,363,678,2707,2517,5224,2020-03-01
TD8,224,291,515,2304,2130,4434,2020-03-01
TD9,780,986,1766,6572,5599,12171,2020-03-01
TD10,26,50,76,453,416,869,2020-03-01
TD11,235,317,552,3032,2747,5779,2020-03-01
TD12,115,172,287,1708,1635,3343,2020-03-01
TD13,30,44,74,374,360,734,2020-03-01
TD14,224,342,566,2421,2125,4546,2020-03-01
TD15,760,1001,1761,6508,5684,12192,2020-03-01
TF1,2323,2725,5048,13905,11520,25425,2020-03-01
TF2,2044,2438,4482,13812,12052,25864,2020-03-01
TF3,1906,2422,4328,8236,6526,14762,2020-03-01
TF4,980,1314,2294,7352,6525,13877,2020-03-01
TF5,186,195,381,2032,1977,4009,2020-03-01
TF6,135,158,293,2405,2187,4592,2020-03-01
TF7,1442,1806,3248,5462,4255,9717,2020-03-01
TF8,93,89,182,1214,1149,2363,2020-03-01
TF9,896,1095,1991,10128,8934,19062,2020-03-01
TF10,612,624,1236,7345,6824,14169,2020-03-01
TF11,366,398,764,4604,4349,8953,2020-03-01
TF12,199,222,421,2076,1918,3994,2020-03-01
TF13,114,134,248,1449,1453,2902,2020-03-01
TN0,0,0,0,1,0,1,2020-03-01
TN1,811,922,1733,4099,3342,7441,2020-03-01
TN2,1287,1592,2879,10648,9900,20548,2020-03-01
TN3,317,385,702,4841,4708,9549,2020-03-01
TN3,0,0,0,1,0,1,2020-03-01
TN4,1526,1831,3357,11096,10336,21432,2020-03-01
TN5,281,333,614,3586,3581,7167,2020-03-01
TN6,808,1006,1814,10313,9730,20043,2020-03-01
TN7,69,84,153,998,1020,2018,2020-03-01
TN8,488,597,1085,5300,5159,10459,2020-03-01
TN9,1065,1167,2232,6454,5863,12317,2020-03-01
TN10,771,895,1666,5953,5714,11667,2020-03-01
TN11,423,512,935,5803,5649,11452,2020-03-01
TN12,1017,1303,2320,11941,11286,23227,2020-03-01
TN13,978,1100,2078,9679,9473,19152,2020-03-01
TN14,516,549,1065,6584,6274,12858,2020-03-01
TN15,779,893,1672,10533,10312,20845,2020-03-01
TN16,675,724,1399,7966,7709,15675,2020-03-01
TN17,570,666,1236,5526,5296,10822,2020-03-01
TN18,210,240,450,2650,2579,5229,2020-03-01
TN19,145,188,333,2177,2077,4254,2020-03-01
TN20,129,145,274,1579,1582,3161,2020-03-01
TN21,444,530,974,6901,6680,13581,2020-03-01
TN22,1001,1149,2150,11040,10811,21851,2020-03-01
TN23,2553,3061,5614,14675,12539,27214,2020-03-01
TN24,1889,2250,4139,11789,10378,22167,2020-03-01
TN25,525,563,1088,7577,7212,14789,2020-03-01
TN26,346,376,722,5106,4845,9951,2020-03-01
TN27,358,455,813,5773,5594,11367,2020-03-01
TN28,329,396,725,3479,3134,6613,2020-03-01
TN29,529,652,1181,5328,4646,9974,2020-03-01
TN30,303,377,680,3872,3852,7724,2020-03-01
TN31,568,634,1202,5616,5245,10861,2020-03-01
TN32,196,200,396,2161,2031,4192,2020-03-01
TN33,522,534,1056,4947,4889,9836,2020-03-01
TN34,2230,2545,4775,10078,8507,18585,2020-03-01
TN35,1079,1282,2361,6262,5814,12076,2020-03-01
TN36,77,98,175,966,919,1885,2020-03-01
TN37,1415,1596,3011,6787,5591,12378,2020-03-01
TN38,1923,2249,4172,9413,8180,17593,2020-03-01
TN39,1093,1282,2375,9856,9346,19202,2020-03-01
TN40,872,1061,1933,6084,5710,11794,2020-03-01
TQ1,2015,2153,4168,11391,9726,21117,2020-03-01
TQ2,2048,2413,4461,12153,10869,23022,2020-03-01
TQ3,1602,1861,3463,11125,10169,21294,2020-03-01
TQ4,854,974,1828,7539,6784,14323,2020-03-01
TQ5,854,985,1839,7256,6502,13758,2020-03-01
TQ6,306,426,732,3044,2751,5795,2020-03-01
TQ7,567,682,1249,6700,6571,13271,2020-03-01
TQ8,73,69,142,721,676,1397,2020-03-01
TQ9,866,969,1835,7287,7445,14732,2020-03-01
TQ10,121,164,285,1608,1585,3193,2020-03-01
TQ11,185,259,444,1596,1504,3100,2020-03-01
TQ12,2152,2543,4695,21330,20209,41539,2020-03-01
TQ13,799,844,1643,9601,9623,19224,2020-03-01
TQ14,823,963,1786,7402,6954,14356,2020-03-01
TR1,1176,1423,2599,7601,7233,14834,2020-03-01
TR2,323,397,720,4123,4034,8157,2020-03-01
TR3,375,414,789,5175,5095,10270,2020-03-01
TR4,386,437,823,4951,4828,9779,2020-03-01
TR5,160,147,307,1621,1641,3262,2020-03-01
TR6,148,178,326,1555,1435,2990,2020-03-01
TR7,1267,1364,2631,8149,7314,15463,2020-03-01
TR8,320,345,665,4093,3847,7940,2020-03-01
TR9,302,396,698,3172,2921,6093,2020-03-01
TR10,550,598,1148,3606,3334,6940,2020-03-01
TR11,1357,1544,2901,10153,9697,19850,2020-03-01
TR12,295,322,617,3804,3567,7371,2020-03-01
TR13,689,850,1539,7727,7422,15149,2020-03-01
TR14,1377,1435,2812,9490,8313,17803,2020-03-01
TR15,1055,1149,2204,7471,6672,14143,2020-03-01
TR16,558,617,1175,6372,6059,12431,2020-03-01
TR17,64,82,146,590,561,1151,2020-03-01
TR18,1211,1381,2592,6435,5763,12198,2020-03-01
TR19,401,456,857,3395,3270,6665,2020-03-01
TR20,299,341,640,3918,3738,7656,2020-03-01
TR21,77,96,173,574,470,1044,2020-03-01
TR22,7,5,12,22,21,43,2020-03-01
TR23,2,6,8,31,24,55,2020-03-01
TR24,5,7,12,43,23,66,2020-03-01
TR25,3,3,6,48,38,86,2020-03-01
TR26,590,631,1221,4032,3756,7788,2020-03-01
TR27,631,748,1379,5831,5410,11241,2020-03-01
TS1,2473,1899,4372,3214,1348,4562,2020-03-01
TS2,144,147,291,224,125,349,2020-03-01
TS3,2662,3303,5965,6792,4756,11548,2020-03-01
TS4,1521,1845,3366,4712,3459,8171,2020-03-01
TS5,2153,2693,4846,13822,11719,25541,2020-03-01
TS6,1848,2502,4350,9434,7540,16974,2020-03-01
TS7,699,959,1658,8728,7876,16604,2020-03-01
TS8,970,1321,2291,7483,6874,14357,2020-03-01
TS9,293,379,672,5340,5102,10442,2020-03-01
TS10,1995,2521,4516,12443,10546,22989,2020-03-01
TS11,396,527,923,4423,3930,8353,2020-03-01
TS12,1025,1254,2279,8015,7011,15026,2020-03-01
TS13,554,716,1270,3365,2578,5943,2020-03-01
TS14,596,840,1436,6952,6288,13240,2020-03-01
TS15,369,400,769,5870,5477,11347,2020-03-01
TS16,325,420,745,4046,3878,7924,2020-03-01
TS17,2040,2585,4625,15673,13775,29448,2020-03-01
TS18,1556,1705,3261,8203,6701,14904,2020-03-01
TS19,2082,2875,4957,11168,9664,20832,2020-03-01
TS20,1054,1306,2360,6706,5746,12452,2020-03-01
TS21,359,459,818,5134,4657,9791,2020-03-01
TS22,194,251,445,3963,3659,7622,2020-03-01
TS23,1609,2088,3697,9425,7998,17423,2020-03-01
TS24,1583,1978,3561,6078,4597,10675,2020-03-01
TS25,2070,2620,4690,12100,10181,22281,2020-03-01
TS26,1202,1377,2579,8609,7700,16309,2020-03-01
TS27,448,607,1055,4434,3965,8399,2020-03-01
TS28,258,305,563,1775,1568,3343,2020-03-01
TS29,283,392,675,2097,1695,3792,2020-03-01
TS90,0,0,0,1,0,1,2020-03-01
TW0,0,0,0,0,1,1,2020-03-01
TW1,1563,1835,3398,10424,9573,19997,2020-03-01
TW2,1865,2098,3963,11456,10575,22031,2020-03-01
TW2,0,0,0,1,0,1,2020-03-01
TW3,8796,6724,15520,15272,9321,24593,2020-03-01
TW4,6002,4988,10990,10558,6415,16973,2020-03-01
TW5,5282,4535,9817,12120,7904,20024,2020-03-01
TW6,8,2,10,20,12,32,2020-03-01
TW7,3617,4157,7774,14770,11639,26409,2020-03-01
TW8,2177,2450,4627,8096,6163,14259,2020-03-01
TW9,1583,1869,3452,9138,8345,17483,2020-03-01
TW10,1453,1720,3173,7886,7116,15002,2020-03-01
TW11,1359,1621,2980,9108,8701,17809,2020-03-01
TW12,1323,1574,2897,8823,8387,17210,2020-03-01
TW13,3528,4058,7586,13067,9561,22628,2020-03-01
TW14,3181,3547,6728,10659,7513,18172,2020-03-01
TW15,1242,1404,2646,11357,10042,21399,2020-03-01
TW16,1000,1231,2231,8519,7608,16127,2020-03-01
TW17,518,576,1094,5971,5739,11710,2020-03-01
TW18,1325,1355,2680,10433,9323,19756,2020-03-01
TW19,1111,1276,2387,7101,5872,12973,2020-03-01
TW20,1562,1612,3174,8822,7609,16431,2020-03-01
UB1,10414,7595,18009,14538,8355,22893,2020-03-01
UB1,0,0,0,0,1,1,2020-03-01
UB2,7843,5929,13772,12004,7239,19243,2020-03-01
UB3,7531,7355,14886,19039,12251,31290,2020-03-01
UB4,4824,4751,9575,14663,10584,25247,2020-03-01
UB5,5203,6201,11404,16542,11897,28439,2020-03-01
UB6,6415,6177,12592,21344,14218,35562,2020-03-01
UB7,3237,3650,6887,12066,8618,20684,2020-03-01
UB8,2953,3092,6045,11829,9089,20918,2020-03-01
UB9,717,778,1495,6155,5575,11730,2020-03-01
UB10,2106,2506,4612,14023,12221,26244,2020-03-01
UB11,1,1,2,13,3,16,2020-03-01
UNKNOWNNA,1710,1386,3096,23163,15881,39044,2020-03-01
W1,39,29,68,58,33,91,2020-03-01
W1,106,32,138,104,43,147,2020-03-01
W1,68,72,140,307,169,476,2020-03-01
W1,16,8,24,18,5,23,2020-03-01
W1,214,113,327,397,151,548,2020-03-01
W1,2,0,2,3,1,4,2020-03-01
W1,182,150,332,546,257,803,2020-03-01
W1,246,237,483,1082,789,1871,2020-03-01
W1,876,768,1644,2289,1499,3788,2020-03-01
W1,205,154,359,744,454,1198,2020-03-01
W1,388,405,793,1106,668,1774,2020-03-01
W1,72,54,126,73,58,131,2020-03-01
W1,55,67,122,103,53,156,2020-03-01
W1,0,1,1,0,0,0,2020-03-01
W1,70,66,136,94,39,133,2020-03-01
W1,63,14,77,56,7,63,2020-03-01
W1,49,41,90,146,59,205,2020-03-01
W1,478,363,841,1144,593,1737,2020-03-01
W1,531,546,1077,1784,1209,2993,2020-03-01
W1,92,61,153,101,49,150,2020-03-01
W1,429,475,904,1141,701,1842,2020-03-01
W1,55,20,75,97,46,143,2020-03-01
W1,65,55,120,115,60,175,2020-03-01
W2,7515,6864,14379,17012,11064,28076,2020-03-01
W2,1,0,1,0,0,0,2020-03-01
W3,7279,7010,14289,21728,15385,37113,2020-03-01
W4,3660,4262,7922,17779,15486,33265,2020-03-01
W5,4767,5017,9784,21461,17299,38760,2020-03-01
W6,4069,4018,8087,11634,9227,20861,2020-03-01
W7,3283,3499,6782,10214,8365,18579,2020-03-01
W8,2142,2566,4708,8277,7028,15305,2020-03-01
W9,4628,5002,9630,12688,9432,22120,2020-03-01
W10,4711,5335,10046,9398,7034,16432,2020-03-01
W11,3869,4346,8215,10272,8313,18585,2020-03-01
W12,7111,7122,14233,14795,10524,25319,2020-03-01
W13,3479,3439,6918,12783,10160,22943,2020-03-01
W14,4631,5050,9681,12943,9960,22903,2020-03-01
W15,4,1,5,8,5,13,2020-03-01
W16,5,1,6,0,2,2,2020-03-01
W17,9,7,16,10,10,20,2020-03-01
W18,4,2,6,1,1,2,2020-03-01
W19,2,6,8,7,2,9,2020-03-01
W21,0,3,3,0,0,0,2020-03-01
W22,3,1,4,5,0,5,2020-03-01
W23,0,1,1,0,0,0,2020-03-01
W26,0,1,1,0,1,1,2020-03-01
W27,0,0,0,1,0,1,2020-03-01
W28,0,1,1,0,0,0,2020-03-01
W30,0,0,0,1,0,1,2020-03-01
W32,1,0,1,0,0,0,2020-03-01
W38,0,0,0,1,0,1,2020-03-01
W40,0,0,0,0,1,1,2020-03-01
W43,0,0,0,0,1,1,2020-03-01
WA1,1121,1208,2329,8457,7268,15725,2020-03-01
WA2,2651,3126,5777,13459,10948,24407,2020-03-01
WA3,1802,2330,4132,17812,16294,34106,2020-03-01
WA4,1792,2027,3819,18943,17572,36515,2020-03-01
WA5,2675,3297,5972,22929,20301,43230,2020-03-01
WA6,595,684,1279,7887,7508,15395,2020-03-01
WA7,4257,5424,9681,20995,17466,38461,2020-03-01
WA8,3533,4586,8119,22190,18626,40816,2020-03-01
WA9,3235,4199,7434,15933,12552,28485,2020-03-01
WA10,2235,2591,4826,13180,11066,24246,2020-03-01
WA11,1737,2288,4025,14623,12685,27308,2020-03-01
WA12,1216,1608,2824,8374,7102,15476,2020-03-01
WA13,346,408,754,5290,5165,10455,2020-03-01
WA14,1491,1501,2992,11690,10856,22546,2020-03-01
WA15,1826,1914,3740,16955,15742,32697,2020-03-01
WA16,819,831,1650,9698,9363,19061,2020-03-01
WC1,19,26,45,33,20,53,2020-03-01
WC1,105,98,203,306,136,442,2020-03-01
WC1,197,218,415,360,239,599,2020-03-01
WC1,237,240,477,481,306,787,2020-03-01
WC1,0,1,1,0,0,0,2020-03-01
WC1,981,929,1910,1822,1001,2823,2020-03-01
WC1,0,1,1,1,0,1,2020-03-01
WC1,798,804,1602,1847,1149,2996,2020-03-01
WC1,0,0,0,1,0,1,2020-03-01
WC1,1,0,1,0,0,0,2020-03-01
WC1,54,41,95,183,102,285,2020-03-01
WC1,1,0,1,0,0,0,2020-03-01
WC1,61,42,103,102,50,152,2020-03-01
WC1,1021,963,1984,1942,1211,3153,2020-03-01
WC1,0,0,0,1,0,1,2020-03-01
WC1,2,1,3,0,0,0,2020-03-01
WC2,7,3,10,17,5,22,2020-03-01
WC2,14,15,29,91,54,145,2020-03-01
WC2,201,165,366,478,258,736,2020-03-01
WC2,73,57,130,229,117,346,2020-03-01
WC2,409,314,723,812,380,1192,2020-03-01
WC2,94,57,151,243,119,362,2020-03-01
WC2,41,31,72,137,80,217,2020-03-01
WC2,0,0,0,0,1,1,2020-03-01
WC2,0,0,0,0,1,1,2020-03-01
WC4,1,0,1,0,0,0,2020-03-01
WC12,1,0,1,0,0,0,2020-03-01
WC13,0,2,2,2,0,2,2020-03-01
WC14,3,1,4,0,2,2,2020-03-01
WC18,1,0,1,0,0,0,2020-03-01
WC19,1,1,2,0,0,0,2020-03-01
WC23,0,0,0,2,0,2,2020-03-01
WC24,2,0,2,5,1,6,2020-03-01
WC28,1,0,1,0,2,2,2020-03-01
WC44,0,0,0,1,0,1,2020-03-01
WC78,1,0,1,0,0,0,2020-03-01
WD1,61,53,114,141,76,217,2020-03-01
WD2,100,73,173,211,91,302,2020-03-01
WD3,1724,1853,3577,16743,16398,33141,2020-03-01
WD4,354,372,726,4737,4545,9282,2020-03-01
WD5,491,510,1001,4439,4321,8760,2020-03-01
WD6,2639,3056,5695,15208,12887,28095,2020-03-01
WD7,467,569,1036,5331,5223,10554,2020-03-01
WD17,1196,1246,2442,6969,5732,12701,2020-03-01
WD18,2626,2990,5616,9252,6514,15766,2020-03-01
WD19,1646,1928,3574,10476,9532,20008,2020-03-01
WD23,1251,1473,2724,10545,10328,20873,2020-03-01
WD24,1772,1958,3730,8712,6859,15571,2020-03-01
WD25,1625,1970,3595,11036,9961,20997,2020-03-01
WF0,0,0,0,1,0,1,2020-03-01
WF1,2605,3009,5614,12189,8954,21143,2020-03-01
WF2,2909,3730,6639,17507,14649,32156,2020-03-01
WF3,1301,1781,3082,12478,11244,23722,2020-03-01
WF4,1749,2322,4071,16418,14483,30901,2020-03-01
WF5,884,1150,2034,7649,6896,14545,2020-03-01
WF6,1177,1561,2738,7541,6101,13642,2020-03-01
WF7,1031,1495,2526,7574,6492,14066,2020-03-01
WF8,1660,2226,3886,12090,10345,22435,2020-03-01
WF9,2478,3289,5767,13302,10344,23646,2020-03-01
WF10,2843,3891,6734,16232,12889,29121,2020-03-01
WF11,1021,1324,2345,5771,4677,10448,2020-03-01
WF12,2074,2802,4876,11438,8845,20283,2020-03-01
WF13,2269,2900,5169,8028,5350,13378,2020-03-01
WF14,696,968,1664,7377,6739,14116,2020-03-01
WF15,836,1101,1937,6149,5397,11546,2020-03-01
WF16,723,953,1676,3950,2925,6875,2020-03-01
WF17,2717,3675,6392,13894,10290,24184,2020-03-01
WF21,0,0,0,1,0,1,2020-03-01
WN0,0,0,0,1,0,1,2020-03-01
WN1,1114,1233,2347,6888,5353,12241,2020-03-01
WN2,2539,3293,5832,17916,14809,32725,2020-03-01
WN3,1425,1921,3346,10971,9074,20045,2020-03-01
WN4,1205,1523,2728,10370,8934,19304,2020-03-01
WN5,2279,2851,5130,15057,12319,27376,2020-03-01
WN6,1570,1933,3503,15186,13683,28869,2020-03-01
WN7,2771,3337,6108,16168,12956,29124,2020-03-01
WN8,3245,3948,7193,15325,12564,27889,2020-03-01
WR1,769,686,1455,3336,2501,5837,2020-03-01
WR2,1278,1414,2692,10939,9915,20854,2020-03-01
WR3,840,950,1790,8241,7495,15736,2020-03-01
WR4,1599,2001,3600,8649,7400,16049,2020-03-01
WR5,1448,1818,3266,12409,11115,23524,2020-03-01
WR6,308,325,633,5661,5450,11111,2020-03-01
WR7,110,121,231,2480,2418,4898,2020-03-01
WR8,223,222,445,3531,3383,6914,2020-03-01
WR9,1276,1508,2784,12499,11814,24313,2020-03-01
WR10,484,685,1169,7756,7437,15193,2020-03-01
WR11,1806,2100,3906,17897,15833,33730,2020-03-01
WR12,148,194,342,2513,2439,4952,2020-03-01
WR13,209,226,435,3738,3655,7393,2020-03-01
WR14,1664,2001,3665,12603,11804,24407,2020-03-01
WR15,246,245,491,2979,2753,5732,2020-03-01
WS0,0,0,0,0,1,1,2020-03-01
WS1,2503,2971,5474,7836,4874,12710,2020-03-01
WS2,3325,4538,7863,11173,7338,18511,2020-03-01
WS3,3511,4486,7997,15851,12404,28255,2020-03-01
WS4,916,1090,2006,6120,5175,11295,2020-03-01
WS5,1023,1558,2581,7766,6589,14355,2020-03-01
WS6,569,752,1321,6698,5879,12577,2020-03-01
WS7,922,1266,2188,11517,10277,21794,2020-03-01
WS8,830,1025,1855,5533,4657,10190,2020-03-01
WS9,935,1175,2110,9923,8927,18850,2020-03-01
WS10,3431,4568,7999,14268,10463,24731,2020-03-01
WS11,1866,2458,4324,15419,13286,28705,2020-03-01
WS12,1258,1719,2977,13375,11758,25133,2020-03-01
WS13,1193,1365,2558,10037,9063,19100,2020-03-01
WS14,560,623,1183,6979,6689,13668,2020-03-01
WS15,1556,1955,3511,14322,12689,27011,2020-03-01
WV0,0,2,2,0,0,0,2020-03-01
WV1,1989,1946,3935,4378,2682,7060,2020-03-01
WV2,2057,2245,4302,4796,3117,7913,2020-03-01
WV3,2109,2371,4480,10143,8192,18335,2020-03-01
WV4,1869,2421,4290,12220,10116,22336,2020-03-01
WV5,419,552,971,6044,5583,11627,2020-03-01
WV6,2751,3151,5902,16005,13734,29739,2020-03-01
WV7,367,270,637,2262,2052,4314,2020-03-01
WV8,713,1030,1743,5574,5136,10710,2020-03-01
WV9,299,369,668,2644,2369,5013,2020-03-01
WV10,4549,5918,10467,17194,13456,30650,2020-03-01
WV11,2010,2642,4652,11756,9353,21109,2020-03-01
WV12,1279,1722,3001,8797,7229,16026,2020-03-01
WV13,1584,2019,3603,6714,5145,11859,2020-03-01
WV14,3273,4276,7549,15016,11634,26650,2020-03-01
WV15,278,317,595,3482,3098,6580,2020-03-01
WV16,523,628,1151,7044,6361,13405,2020-03-01
YL55,0,0,0,0,1,1,2020-03-01
YO0,0,0,0,1,0,1,2020-03-01
YO1,374,380,754,1453,1080,2533,2020-03-01
YO1,0,0,0,1,0,1,2020-03-01
YO2,34,37,71,73,28,101,2020-03-01
YO3,35,29,64,90,53,143,2020-03-01
YO3,0,0,0,0,1,1,2020-03-01
YO4,12,13,25,98,76,174,2020-03-01
YO5,8,9,17,32,18,50,2020-03-01
YO6,18,27,45,112,63,175,2020-03-01
YO7,619,747,1366,8062,7453,15515,2020-03-01
YO8,1854,2404,4258,17441,15467,32908,2020-03-01
YO9,2,0,2,0,0,0,2020-03-01
YO10,1520,1866,3386,7098,6000,13098,2020-03-01
YO11,1425,1659,3084,7482,5883,13365,2020-03-01
YO12,2219,2683,4902,13112,11267,24379,2020-03-01
YO13,237,294,531,4234,4139,8373,2020-03-01
YO14,393,536,929,4316,3861,8177,2020-03-01
YO15,741,815,1556,4800,3793,8593,2020-03-01
YO16,1141,1503,2644,8631,7113,15744,2020-03-01
YO17,774,891,1665,8700,7850,16550,2020-03-01
YO18,326,392,718,4495,4247,8742,2020-03-01
YO19,368,435,803,5074,4813,9887,2020-03-01
YO20,0,0,0,0,1,1,2020-03-01
YO21,534,604,1138,5375,4815,10190,2020-03-01
YO22,378,433,811,3225,2906,6131,2020-03-01
YO23,798,982,1780,7180,6966,14146,2020-03-01
YO24,1712,2178,3890,9970,9062,19032,2020-03-01
YO25,1004,1274,2278,13354,12273,25627,2020-03-01
YO26,1459,1789,3248,10880,9909,20789,2020-03-01
YO29,0,0,0,1,0,1,2020-03-01
YO30,1416,1715,3131,8949,8067,17016,2020-03-01
YO31,1584,1964,3548,8732,7635,16367,2020-03-01
YO32,952,1261,2213,10590,10299,20889,2020-03-01
YO34,1,0,1,1,0,1,2020-03-01
YO41,247,344,591,4466,4324,8790,2020-03-01
YO42,451,579,1030,6070,5851,11921,2020-03-01
YO43,335,398,733,5072,4776,9848,2020-03-01
YO45,0,0,0,0,1,1,2020-03-01
YO51,150,179,329,2432,2370,4802,2020-03-01
YO60,105,107,212,1955,1958,3913,2020-03-01
YO61,359,439,798,5749,5681,11430,2020-03-01
YO62,350,390,740,4782,4572,9354,2020-03-01
YO69,0,0,0,1,0,1,2020-03-01
ZE0,0,0,0,0,1,1,2020-03-01
ZE1,425,528,953,2736,2294,5030,2020-03-01
ZE2,566,760,1326,5501,4910,10411,2020-03-01
ZE3,20,23,43,169,133,302,2020-03-01
TotalNA,3915409,4481955,8397364,22154645,19023779,41178424,2020-03-01
AA78,0,0,0,0,1,1,2021-03-01
AB1,69,75,144,174,118,292,2021-03-01
AB2,24,31,55,95,53,148,2021-03-01
AB3,6,9,15,31,32,63,2021-03-01
AB4,3,3,6,22,22,44,2021-03-01
AB5,1,2,3,11,12,23,2021-03-01
AB9,29,17,46,64,11,75,2021-03-01
AB10,1622,1663,3285,7348,5962,13310,2021-03-01
AB11,2027,2095,4122,6273,4305,10578,2021-03-01
AB12,1272,1572,2844,10414,9335,19749,2021-03-01
AB13,120,128,248,1414,1417,2831,2021-03-01
AB14,215,262,477,1933,1789,3722,2021-03-01
AB15,1546,2028,3574,15569,14656,30225,2021-03-01
AB16,2340,2936,5276,8040,6236,14276,2021-03-01
AB18,0,0,0,0,1,1,2021-03-01
AB21,993,1161,2154,9226,8275,17501,2021-03-01
AB22,599,775,1374,6122,5668,11790,2021-03-01
AB23,446,497,943,4692,4307,8999,2021-03-01
AB24,3238,3329,6567,9109,5824,14933,2021-03-01
AB25,1617,1512,3129,5028,3687,8715,2021-03-01
AB28,0,0,0,1,0,1,2021-03-01
AB29,0,1,1,0,0,0,2021-03-01
AB30,228,266,494,2980,2763,5743,2021-03-01
AB31,486,554,1040,6349,6079,12428,2021-03-01
AB32,463,566,1029,5571,5368,10939,2021-03-01
AB33,137,182,319,2305,2098,4403,2021-03-01
AB34,175,214,389,2165,2102,4267,2021-03-01
AB35,100,115,215,974,883,1857,2021-03-01
AB36,21,21,42,224,202,426,2021-03-01
AB37,37,46,83,536,461,997,2021-03-01
AB38,125,188,313,1695,1519,3214,2021-03-01
AB39,717,786,1503,6706,6407,13113,2021-03-01
AB41,617,867,1484,8374,7938,16312,2021-03-01
AB42,1606,1824,3430,12242,10874,23116,2021-03-01
AB43,1113,1309,2422,8047,7182,15229,2021-03-01
AB44,191,246,437,1333,1175,2508,2021-03-01
AB45,450,518,968,3983,3642,7625,2021-03-01
AB51,1116,1330,2446,13967,13217,27184,2021-03-01
AB52,142,187,329,2029,1895,3924,2021-03-01
AB53,355,437,792,4735,4153,8888,2021-03-01
AB54,404,526,930,4144,3742,7886,2021-03-01
AB55,317,451,768,3358,2946,6304,2021-03-01
AB56,685,744,1429,5061,4684,9745,2021-03-01
AL1,2224,2407,4631,14043,12634,26677,2021-03-01
AL2,1035,1205,2240,9455,8936,18391,2021-03-01
AL3,1350,1477,2827,10937,10513,21450,2021-03-01
AL4,1126,1297,2423,10570,10389,20959,2021-03-01
AL5,1310,1399,2709,12138,11854,23992,2021-03-01
AL6,405,433,838,5056,4986,10042,2021-03-01
AL7,2230,2612,4842,12229,11084,23313,2021-03-01
AL8,627,765,1392,4915,4694,9609,2021-03-01
AL9,492,562,1054,4802,4479,9281,2021-03-01
AL10,4232,3424,7656,11509,8055,19564,2021-03-01
B0,2,0,2,0,0,0,2021-03-01
B1,1092,944,2036,2300,1305,3605,2021-03-01
B2,82,67,149,104,56,160,2021-03-01
B3,225,210,435,707,455,1162,2021-03-01
B4,328,174,502,310,122,432,2021-03-01
B5,1444,1571,3015,3057,1845,4902,2021-03-01
B5,0,0,0,1,1,2,2021-03-01
B6,2921,3203,6124,4743,2449,7192,2021-03-01
B7,1163,1543,2706,1852,1098,2950,2021-03-01
B8,5462,6149,11611,10426,5768,16194,2021-03-01
B9,3085,3822,6907,6024,3445,9469,2021-03-01
B10,3575,3937,7512,6409,3331,9740,2021-03-01
B11,6056,6585,12641,11501,6333,17834,2021-03-01
B12,2989,3019,6008,4694,2443,7137,2021-03-01
B13,3121,3783,6904,12173,9511,21684,2021-03-01
B14,3367,4169,7536,12866,10747,23613,2021-03-01
B15,1747,1804,3551,5047,3870,8917,2021-03-01
B16,3177,3239,6416,6413,3995,10408,2021-03-01
B17,1993,2270,4263,8346,7035,15381,2021-03-01
B18,2311,2782,5093,3745,2339,6084,2021-03-01
B19,3424,3769,7193,4657,2468,7125,2021-03-01
B20,4240,4706,8946,10256,7148,17404,2021-03-01
B21,5377,5346,10723,7347,4179,11526,2021-03-01
B23,4415,5373,9788,12815,9678,22493,2021-03-01
B24,2465,2933,5398,8872,6865,15737,2021-03-01
B25,1663,2105,3768,4748,3218,7966,2021-03-01
B26,2233,2790,5023,11153,8822,19975,2021-03-01
B27,2395,2782,5177,7581,5466,13047,2021-03-01
B28,2000,2510,4510,10820,8927,19747,2021-03-01
B29,3498,3988,7486,9399,7511,16910,2021-03-01
B30,2044,2436,4480,8900,8075,16975,2021-03-01
B31,4472,5720,10192,16878,14262,31140,2021-03-01
B32,3153,4433,7586,11127,9027,20154,2021-03-01
B33,3250,4260,7510,9966,7278,17244,2021-03-01
B34,1487,1970,3457,5837,4668,10505,2021-03-01
B35,905,1218,2123,2340,2042,4382,2021-03-01
B36,2630,3458,6088,11333,9203,20536,2021-03-01
B37,3056,3912,6968,10397,8522,18919,2021-03-01
B38,1702,2124,3826,5897,5090,10987,2021-03-01
B41,1,0,1,1,0,1,2021-03-01
B42,1828,2137,3965,7777,6551,14328,2021-03-01
B43,1550,1974,3524,10349,9012,19361,2021-03-01
B44,3016,3992,7008,10718,8525,19243,2021-03-01
B45,2075,2597,4672,10451,9151,19602,2021-03-01
B46,458,488,946,4997,4640,9637,2021-03-01
B47,272,322,594,3865,3870,7735,2021-03-01
B48,210,189,399,2279,2191,4470,2021-03-01
B49,359,453,812,4125,3899,8024,2021-03-01
B50,219,243,462,2575,2469,5044,2021-03-01
B60,1034,1187,2221,10295,9712,20007,2021-03-01
B61,1131,1319,2450,9246,8672,17918,2021-03-01
B62,1111,1357,2468,8946,8091,17037,2021-03-01
B63,1896,2377,4273,12405,10768,23173,2021-03-01
B64,1101,1464,2565,5455,4346,9801,2021-03-01
B65,1659,2212,3871,7529,5953,13482,2021-03-01
B66,3468,3717,7185,5898,3538,9436,2021-03-01
B67,3486,3953,7439,8813,6132,14945,2021-03-01
B68,2526,3188,5714,10070,7865,17935,2021-03-01
B69,2300,3021,5321,8942,6822,15764,2021-03-01
B70,3344,3969,7313,8472,5246,13718,2021-03-01
B71,2624,3260,5884,9345,7036,16381,2021-03-01
B72,455,449,904,3756,3328,7084,2021-03-01
B73,1021,1145,2166,8663,7931,16594,2021-03-01
B74,1001,1186,2187,12664,11893,24557,2021-03-01
B75,1218,1509,2727,9688,9212,18900,2021-03-01
B76,1017,944,1961,8995,7836,16831,2021-03-01
B77,2972,4097,7069,19813,16855,36668,2021-03-01
B78,1066,1271,2337,9149,8122,17271,2021-03-01
B79,1108,1370,2478,8502,7322,15824,2021-03-01
B80,269,299,568,2735,2536,5271,2021-03-01
B90,1942,2222,4164,17983,16886,34869,2021-03-01
B91,1406,1501,2907,13281,12535,25816,2021-03-01
B92,1823,2135,3958,13632,12037,25669,2021-03-01
B93,600,643,1243,7749,7723,15472,2021-03-01
B94,173,196,369,3261,3115,6376,2021-03-01
B95,204,205,409,2524,2441,4965,2021-03-01
B96,116,149,265,2193,2105,4298,2021-03-01
B97,1482,1723,3205,12287,10908,23195,2021-03-01
B98,3120,3960,7080,17019,14057,31076,2021-03-01
BA0,0,0,0,1,1,2,2021-03-01
BA1,2668,2985,5653,13844,12562,26406,2021-03-01
BA2,4376,4789,9165,23628,21535,45163,2021-03-01
BA3,1505,1524,3029,13785,12837,26622,2021-03-01
BA4,695,817,1512,7132,6523,13655,2021-03-01
BA5,793,827,1620,7051,6894,13945,2021-03-01
BA6,684,706,1390,5131,5068,10199,2021-03-01
BA7,124,155,279,1383,1471,2854,2021-03-01
BA8,142,170,312,1740,1633,3373,2021-03-01
BA9,283,366,649,3187,2947,6134,2021-03-01
BA10,153,191,344,1277,1300,2577,2021-03-01
BA11,1502,1840,3342,12355,11789,24144,2021-03-01
BA12,1262,1523,2785,11079,10202,21281,2021-03-01
BA13,910,1052,1962,7704,7265,14969,2021-03-01
BA14,2633,2799,5432,18040,16672,34712,2021-03-01
BA15,520,621,1141,5114,5138,10252,2021-03-01
BA16,672,709,1381,4740,4378,9118,2021-03-01
BA20,570,625,1195,4254,3622,7876,2021-03-01
BA21,1840,2310,4150,12221,10482,22703,2021-03-01
BA22,525,570,1095,7312,6952,14264,2021-03-01
BB0,0,0,0,0,1,1,2021-03-01
BB1,4842,6345,11187,21113,15477,36590,2021-03-01
BB2,4225,5092,9317,18998,14971,33969,2021-03-01
BB3,2033,2517,4550,11409,9663,21072,2021-03-01
BB4,2035,2571,4606,14814,13316,28130,2021-03-01
BB5,4035,4909,8944,19622,16066,35688,2021-03-01
BB6,743,845,1588,5279,4742,10021,2021-03-01
BB7,1235,1305,2540,13368,12780,26148,2021-03-01
BB8,1241,1436,2677,7994,7126,15120,2021-03-01
BB9,3130,3743,6873,14532,10809,25341,2021-03-01
BB10,2457,2936,5393,12500,9963,22463,2021-03-01
BB11,1756,2091,3847,7115,5582,12697,2021-03-01
BB12,1909,2229,4138,12228,10588,22816,2021-03-01
BB18,705,847,1552,6215,5543,11758,2021-03-01
BD1,744,474,1218,1007,420,1427,2021-03-01
BD2,2054,2602,4656,9593,7755,17348,2021-03-01
BD3,3740,4214,7954,8136,4608,12744,2021-03-01
BD4,2600,3439,6039,8270,6340,14610,2021-03-01
BD5,3240,3715,6955,7283,4185,11468,2021-03-01
BD6,2012,2720,4732,9132,7563,16695,2021-03-01
BD7,3817,3867,7684,9225,5565,14790,2021-03-01
BD8,3135,3687,6822,8063,4754,12817,2021-03-01
BD9,2289,3097,5386,8183,5796,13979,2021-03-01
BD10,1556,1987,3543,8785,7977,16762,2021-03-01
BD11,446,567,1013,4052,3890,7942,2021-03-01
BD12,921,1215,2136,5711,4922,10633,2021-03-01
BD13,1272,1503,2775,9367,8553,17920,2021-03-01
BD14,453,626,1079,2751,2394,5145,2021-03-01
BD15,991,1266,2257,5323,4582,9905,2021-03-01
BD16,1144,1304,2448,9207,8527,17734,2021-03-01
BD17,777,878,1655,6671,6105,12776,2021-03-01
BD18,1829,2300,4129,8517,7037,15554,2021-03-01
BD19,1029,1215,2244,7850,7115,14965,2021-03-01
BD20,1411,1702,3113,13858,12894,26752,2021-03-01
BD21,2069,2718,4787,7140,5051,12191,2021-03-01
BD22,1495,1965,3460,10331,9224,19555,2021-03-01
BD23,1147,1307,2454,11454,10733,22187,2021-03-01
BD24,192,233,425,2079,1918,3997,2021-03-01
BD25,0,0,0,1,0,1,2021-03-01
BD99,0,0,0,0,1,1,2021-03-01
BH0,0,0,0,0,1,1,2021-03-01
BH1,2296,2119,4415,7067,4718,11785,2021-03-01
BH2,997,780,1777,3339,2140,5479,2021-03-01
BH2,0,0,0,1,0,1,2021-03-01
BH3,341,354,695,2143,1804,3947,2021-03-01
BH4,534,550,1084,3733,3113,6846,2021-03-01
BH5,792,799,1591,3888,3104,6992,2021-03-01
BH6,1084,1193,2277,8408,8203,16611,2021-03-01
BH7,745,775,1520,4156,3841,7997,2021-03-01
BH8,2140,2177,4317,9682,8141,17823,2021-03-01
BH9,1820,1866,3686,9981,9098,19079,2021-03-01
BH10,915,1063,1978,7294,6801,14095,2021-03-01
BH11,1132,1334,2466,7021,6405,13426,2021-03-01
BH12,2021,2270,4291,12515,11135,23650,2021-03-01
BH13,180,238,418,3371,3149,6520,2021-03-01
BH14,1087,1105,2192,9492,8840,18332,2021-03-01
BH15,1782,1945,3727,12299,11030,23329,2021-03-01
BH16,628,820,1448,6011,5787,11798,2021-03-01
BH17,942,1230,2172,8339,7940,16279,2021-03-01
BH18,305,269,574,4958,4785,9743,2021-03-01
BH19,472,592,1064,4280,3876,8156,2021-03-01
BH20,1061,868,1929,8388,7253,15641,2021-03-01
BH21,1123,1295,2418,16488,16544,33032,2021-03-01
BH22,727,735,1462,11046,10581,21627,2021-03-01
BH23,2094,2164,4258,20599,20189,40788,2021-03-01
BH24,817,769,1586,9777,9625,19402,2021-03-01
BH25,919,1012,1931,9534,9437,18971,2021-03-01
BH31,329,337,666,5279,5348,10627,2021-03-01
BL0,721,837,1558,6365,6211,12576,2021-03-01
BL1,4768,5316,10084,21312,16499,37811,2021-03-01
BL2,3086,3614,6700,14989,12805,27794,2021-03-01
BL3,5469,6359,11828,20489,14441,34930,2021-03-01
BL4,2478,3179,5657,10555,8223,18778,2021-03-01
BL5,1203,1346,2549,9963,9224,19187,2021-03-01
BL6,1465,1629,3094,11256,10389,21645,2021-03-01
BL7,466,518,984,6010,5888,11898,2021-03-01
BL8,1605,1904,3509,13164,12165,25329,2021-03-01
BL9,3718,4405,8123,16296,13101,29397,2021-03-01
BN1,7429,7158,14587,25736,21527,47263,2021-03-01
BN2,8242,8681,16923,27161,22011,49172,2021-03-01
BN3,6654,6758,13412,27619,23827,51446,2021-03-01
BN4,2,1,3,12,6,18,2021-03-01
BN5,233,271,504,3170,3187,6357,2021-03-01
BN6,748,771,1519,6957,7021,13978,2021-03-01
BN7,1349,1578,2927,6770,6640,13410,2021-03-01
BN8,595,627,1222,6325,6276,12601,2021-03-01
BN9,900,1153,2053,4509,3868,8377,2021-03-01
BN10,1096,1254,2350,6970,6191,13161,2021-03-01
BN11,2332,2474,4806,10836,9354,20190,2021-03-01
BN12,921,1048,1969,8142,7973,16115,2021-03-01
BN13,1378,1495,2873,10714,10233,20947,2021-03-01
BN14,1651,1805,3456,11150,10583,21733,2021-03-01
BN15,1433,1610,3043,9832,8879,18711,2021-03-01
BN16,979,1087,2066,10903,11059,21962,2021-03-01
BN17,1760,2158,3918,10983,9768,20751,2021-03-01
BN18,584,557,1141,5308,5074,10382,2021-03-01
BN20,911,1112,2023,7673,7544,15217,2021-03-01
BN21,1838,1951,3789,8272,6888,15160,2021-03-01
BN22,2197,2669,4866,10665,9623,20288,2021-03-01
BN23,1432,1794,3226,10034,9007,19041,2021-03-01
BN24,325,384,709,3980,3899,7879,2021-03-01
BN25,1048,1297,2345,8771,8296,17067,2021-03-01
BN26,471,541,1012,4724,4541,9265,2021-03-01
BN27,1240,1468,2708,11396,11020,22416,2021-03-01
BN32,1,0,1,0,0,0,2021-03-01
BN40,0,0,0,1,0,1,2021-03-01
BN41,1605,1762,3367,6636,6217,12853,2021-03-01
BN42,606,702,1308,3613,3242,6855,2021-03-01
BN43,1315,1370,2685,8344,7876,16220,2021-03-01
BN44,357,410,767,3962,3928,7890,2021-03-01
BN45,26,26,52,267,251,518,2021-03-01
BR0,0,0,0,1,0,1,2021-03-01
BR1,4882,5781,10663,19699,17704,37403,2021-03-01
BR2,2888,3153,6041,17301,16337,33638,2021-03-01
BR3,2980,3510,6490,17899,16620,34519,2021-03-01
BR4,1060,950,2010,7390,7150,14540,2021-03-01
BR5,3222,4068,7290,15572,14449,30021,2021-03-01
BR6,2376,2683,5059,17663,16866,34529,2021-03-01
BR7,775,940,1715,6976,6700,13676,2021-03-01
BR8,1195,1512,2707,8323,7541,15864,2021-03-01
BS0,0,0,0,1,0,1,2021-03-01
BS1,1226,1047,2273,3726,2194,5920,2021-03-01
BS2,2020,2076,4096,4718,3109,7827,2021-03-01
BS3,2693,3038,5731,12797,10806,23603,2021-03-01
BS4,3459,4349,7808,16528,13629,30157,2021-03-01
BS5,5526,5803,11329,17302,13113,30415,2021-03-01
BS6,2225,2357,4582,10477,9448,19925,2021-03-01
BS7,3042,3203,6245,13559,11178,24737,2021-03-01
BS8,1587,1631,3218,8238,7175,15413,2021-03-01
BS9,1424,1450,2874,11847,11099,22946,2021-03-01
BS10,2115,2729,4844,9506,7855,17361,2021-03-01
BS11,1385,1668,3053,5999,4764,10763,2021-03-01
BS12,18,11,29,100,47,147,2021-03-01
BS13,2217,2928,5145,9318,7660,16978,2021-03-01
BS14,1511,1673,3184,10522,9476,19998,2021-03-01
BS15,2284,2637,4921,17473,15543,33016,2021-03-01
BS16,4353,4698,9051,28879,25817,54696,2021-03-01
BS17,16,16,32,82,56,138,2021-03-01
BS18,15,14,29,69,57,126,2021-03-01
BS19,4,6,10,39,30,69,2021-03-01
BS20,1053,1263,2316,12414,11693,24107,2021-03-01
BS21,828,1061,1889,8917,8552,17469,2021-03-01
BS22,1546,1951,3497,14048,12819,26867,2021-03-01
BS23,2458,2772,5230,11743,9291,21034,2021-03-01
BS24,848,1085,1933,8742,8117,16859,2021-03-01
BS25,190,191,381,2631,2493,5124,2021-03-01
BS26,145,162,307,2012,1989,4001,2021-03-01
BS27,242,244,486,2908,2834,5742,2021-03-01
BS28,85,86,171,1425,1393,2818,2021-03-01
BS29,102,111,213,1125,1061,2186,2021-03-01
BS30,980,1159,2139,11346,10851,22197,2021-03-01
BS31,831,1014,1845,8368,7845,16213,2021-03-01
BS32,1160,1233,2393,9256,8354,17610,2021-03-01
BS34,1905,2122,4027,12211,10351,22562,2021-03-01
BS35,815,940,1755,9476,8816,18292,2021-03-01
BS36,510,533,1043,6359,6186,12545,2021-03-01
BS37,1561,1891,3452,15116,13882,28998,2021-03-01
BS38,0,0,0,1,0,1,2021-03-01
BS39,510,570,1080,6533,6184,12717,2021-03-01
BS40,328,352,680,5488,5362,10850,2021-03-01
BS41,179,235,414,2388,2305,4693,2021-03-01
BS45,0,0,0,1,1,2,2021-03-01
BS48,826,933,1759,9060,8735,17795,2021-03-01
BS49,418,466,884,4690,4561,9251,2021-03-01
BS53,0,0,0,1,0,1,2021-03-01
BS57,0,0,0,1,0,1,2021-03-01
BS67,0,0,0,0,1,1,2021-03-01
BS94,0,1,1,0,0,0,2021-03-01
BS99,1,0,1,0,0,0,2021-03-01
CA0,0,0,0,1,1,2,2021-03-01
CA1,1592,1910,3502,7588,6079,13667,2021-03-01
CA2,2157,2862,5019,12757,10604,23361,2021-03-01
CA3,550,614,1164,5188,4698,9886,2021-03-01
CA4,195,251,446,3946,3863,7809,2021-03-01
CA5,228,219,447,2948,2889,5837,2021-03-01
CA6,289,361,650,3758,3330,7088,2021-03-01
CA7,742,926,1668,8584,7926,16510,2021-03-01
CA8,317,420,737,4047,3755,7802,2021-03-01
CA9,72,113,185,834,736,1570,2021-03-01
CA10,397,471,868,5852,5487,11339,2021-03-01
CA11,925,1121,2046,8166,7466,15632,2021-03-01
CA12,327,362,689,2961,2650,5611,2021-03-01
CA13,512,666,1178,5960,5590,11550,2021-03-01
CA14,1723,2246,3969,12202,10324,22526,2021-03-01
CA15,760,1013,1773,5475,4638,10113,2021-03-01
CA16,161,190,351,2523,2367,4890,2021-03-01
CA17,143,185,328,1963,1746,3709,2021-03-01
CA18,9,4,13,118,119,237,2021-03-01
CA19,28,30,58,449,427,876,2021-03-01
CA20,83,96,179,1323,1175,2498,2021-03-01
CA21,29,21,50,317,277,594,2021-03-01
CA22,471,579,1050,3084,2588,5672,2021-03-01
CA23,58,67,125,564,472,1036,2021-03-01
CA24,31,59,90,392,315,707,2021-03-01
CA25,308,432,740,1876,1605,3481,2021-03-01
CA26,165,214,379,1281,1140,2421,2021-03-01
CA27,46,69,115,639,560,1199,2021-03-01
CA28,1515,1811,3326,9538,7902,17440,2021-03-01
CB1,4261,4344,8605,15969,13627,29596,2021-03-01
CB2,1704,1830,3534,7443,6563,14006,2021-03-01
CB3,1243,1391,2634,6235,5595,11830,2021-03-01
CB4,4047,4307,8354,15620,12899,28519,2021-03-01
CB5,1136,1293,2429,4745,3921,8666,2021-03-01
CB6,1522,1735,3257,14424,13246,27670,2021-03-01
CB7,1188,1347,2535,10251,9420,19671,2021-03-01
CB8,1660,1786,3446,12251,11154,23405,2021-03-01
CB9,1714,2231,3945,11306,9726,21032,2021-03-01
CB10,599,742,1341,5745,5429,11174,2021-03-01
CB11,762,850,1612,7135,6832,13967,2021-03-01
CB12,0,0,0,1,0,1,2021-03-01
CB19,0,0,0,1,0,1,2021-03-01
CB21,498,530,1028,5317,5005,10322,2021-03-01
CB22,865,845,1710,8251,7633,15884,2021-03-01
CB23,1240,1460,2700,11503,10875,22378,2021-03-01
CB24,1228,1338,2566,11880,10809,22689,2021-03-01
CB25,576,588,1164,6120,5706,11826,2021-03-01
CF0,1,0,1,0,0,0,2021-03-01
CF1,85,67,152,141,52,193,2021-03-01
CF2,47,43,90,115,41,156,2021-03-01
CF3,2938,3671,6609,13683,12562,26245,2021-03-01
CF4,46,36,82,135,101,236,2021-03-01
CF5,4284,5128,9412,20882,19185,40067,2021-03-01
CF5,0,0,0,0,1,1,2021-03-01
CF6,83,72,155,130,60,190,2021-03-01
CF7,13,8,21,56,40,96,2021-03-01
CF8,50,40,90,126,99,225,2021-03-01
CF9,0,0,0,1,0,1,2021-03-01
CF10,1615,1375,2990,4185,2506,6691,2021-03-01
CF11,3810,3569,7379,11386,8155,19541,2021-03-01
CF14,3531,3862,7393,25770,24495,50265,2021-03-01
CF15,617,742,1359,6903,6838,13741,2021-03-01
CF18,0,1,1,0,0,0,2021-03-01
CF23,2585,3091,5676,15510,14582,30092,2021-03-01
CF24,5825,5014,10839,11877,8331,20208,2021-03-01
CF31,2090,2553,4643,15738,14355,30093,2021-03-01
CF32,1487,1904,3391,10645,9270,19915,2021-03-01
CF33,814,1027,1841,4864,4257,9121,2021-03-01
CF34,1084,1446,2530,6532,5301,11833,2021-03-01
CF35,523,653,1176,7124,6673,13797,2021-03-01
CF36,553,677,1230,6069,5711,11780,2021-03-01
CF37,2487,2646,5133,12078,9774,21852,2021-03-01
CF38,806,1064,1870,8549,8108,16657,2021-03-01
CF39,1513,2050,3563,9487,7905,17392,2021-03-01
CF40,1147,1555,2702,6384,5101,11485,2021-03-01
CF41,548,752,1300,3451,2707,6158,2021-03-01
CF42,759,982,1741,4195,3398,7593,2021-03-01
CF43,747,1025,1772,3648,2742,6390,2021-03-01
CF44,2125,2901,5026,13312,10985,24297,2021-03-01
CF45,1264,1598,2862,6009,4772,10781,2021-03-01
CF46,652,887,1539,5057,4498,9555,2021-03-01
CF47,1423,1962,3385,6610,5100,11710,2021-03-01
CF48,1485,1944,3429,8836,7385,16221,2021-03-01
CF61,521,592,1113,3645,3492,7137,2021-03-01
CF62,2197,2583,4780,14627,14037,28664,2021-03-01
CF63,1548,1772,3320,6489,5820,12309,2021-03-01
CF64,1686,1866,3552,13386,12935,26321,2021-03-01
CF71,239,256,495,3879,3830,7709,2021-03-01
CF72,960,1179,2139,9880,9477,19357,2021-03-01
CF81,1022,1359,2381,5052,3893,8945,2021-03-01
CF82,1018,1244,2262,6811,6001,12812,2021-03-01
CF83,2908,3638,6546,17706,15887,33593,2021-03-01
CH1,2340,2546,4886,9366,7544,16910,2021-03-01
CH2,1751,2106,3857,12401,11168,23569,2021-03-01
CH3,1374,1490,2864,13854,13174,27028,2021-03-01
CH4,1715,2134,3849,12252,11341,23593,2021-03-01
CH5,2340,2794,5134,14839,12740,27579,2021-03-01
CH6,980,1270,2250,5784,4953,10737,2021-03-01
CH6,0,0,0,1,0,1,2021-03-01
CH7,1864,2392,4256,18642,17638,36280,2021-03-01
CH8,987,1271,2258,7588,6666,14254,2021-03-01
CH9,1,0,1,1,0,1,2021-03-01
CH14,0,0,0,1,0,1,2021-03-01
CH22,0,0,0,0,1,1,2021-03-01
CH24,0,0,0,1,0,1,2021-03-01
CH41,1929,2207,4136,4529,3266,7795,2021-03-01
CH42,2779,3153,5932,8553,7031,15584,2021-03-01
CH43,2316,2510,4826,12613,11238,23851,2021-03-01
CH44,2509,2914,5423,8075,6555,14630,2021-03-01
CH45,1817,2012,3829,10303,9387,19690,2021-03-01
CH46,1612,1931,3543,8157,7258,15415,2021-03-01
CH47,458,527,985,4037,3957,7994,2021-03-01
CH48,639,657,1296,5688,5650,11338,2021-03-01
CH49,1520,1869,3389,9921,9510,19431,2021-03-01
CH60,387,339,726,5204,5296,10500,2021-03-01
CH61,611,687,1298,6445,6356,12801,2021-03-01
CH62,1715,1962,3677,10000,9135,19135,2021-03-01
CH63,1256,1449,2705,10669,10310,20979,2021-03-01
CH64,651,724,1375,7472,7113,14585,2021-03-01
CH65,2099,2522,4621,8963,7517,16480,2021-03-01
CH66,1591,1928,3519,12939,12009,24948,2021-03-01
CM0,660,806,1466,6909,6239,13148,2021-03-01
CM1,3652,4139,7791,24041,21613,45654,2021-03-01
CM2,2805,3248,6053,22351,20236,42587,2021-03-01
CM3,1794,2153,3947,22190,21132,43322,2021-03-01
CM4,359,393,752,4301,4221,8522,2021-03-01
CM5,375,407,782,4509,4354,8863,2021-03-01
CM6,858,970,1828,11430,11065,22495,2021-03-01
CM7,2463,3001,5464,18022,15756,33778,2021-03-01
CM8,1673,2118,3791,11965,10787,22752,2021-03-01
CM9,1319,1594,2913,13432,12445,25877,2021-03-01
CM11,736,839,1575,7834,7320,15154,2021-03-01
CM12,776,795,1571,8044,7721,15765,2021-03-01
CM13,1036,1196,2232,9921,9235,19156,2021-03-01
CM14,1103,1305,2408,7877,7090,14967,2021-03-01
CM15,885,1034,1919,9201,8993,18194,2021-03-01
CM16,911,1036,1947,9046,8570,17616,2021-03-01
CM17,1049,1341,2390,9136,8544,17680,2021-03-01
CM18,1945,2343,4288,8565,6985,15550,2021-03-01
CM19,1581,1830,3411,7663,6042,13705,2021-03-01
CM20,2119,2508,4627,8090,6186,14276,2021-03-01
CM21,410,452,862,4533,4162,8695,2021-03-01
CM22,529,574,1103,6480,6079,12559,2021-03-01
CM23,2024,2268,4292,15890,14653,30543,2021-03-01
CM24,321,393,714,3177,2977,6154,2021-03-01
CM77,477,642,1119,5982,5800,11782,2021-03-01
CO0,1,1,2,0,0,0,2021-03-01
CO1,1481,1649,3130,5381,4193,9574,2021-03-01
CO2,2370,3001,5371,12851,10928,23779,2021-03-01
CO3,1584,1702,3286,11618,10756,22374,2021-03-01
CO4,3246,3813,7059,16906,14369,31275,2021-03-01
CO5,936,1112,2048,11494,10811,22305,2021-03-01
CO6,880,1057,1937,11281,10841,22122,2021-03-01
CO7,1321,1421,2742,13500,12600,26100,2021-03-01
CO8,82,78,160,951,908,1859,2021-03-01
CO9,997,1120,2117,10178,9374,19552,2021-03-01
CO10,2061,2390,4451,18354,16903,35257,2021-03-01
CO11,430,584,1014,5269,5005,10274,2021-03-01
CO12,1146,1459,2605,7977,6789,14766,2021-03-01
CO13,404,505,909,4913,4585,9498,2021-03-01
CO14,286,382,668,2450,2030,4480,2021-03-01
CO15,2484,2876,5360,14907,12468,27375,2021-03-01
CO16,1205,1398,2603,9647,8648,18295,2021-03-01
CR0,19150,21109,40259,50717,39921,90638,2021-03-01
CR1,5,6,11,7,1,8,2021-03-01
CR2,3423,3906,7329,17766,16059,33825,2021-03-01
CR3,1421,1647,3068,11042,10540,21582,2021-03-01
CR4,9179,8971,18150,20878,14441,35319,2021-03-01
CR5,1585,1840,3425,11438,10885,22323,2021-03-01
CR6,386,441,827,3922,3778,7700,2021-03-01
CR7,7516,7323,14839,14395,10478,24873,2021-03-01
CR8,2089,2402,4491,12259,11398,23657,2021-03-01
CR9,58,40,98,57,20,77,2021-03-01
CT0,0,0,0,0,1,1,2021-03-01
CT1,2516,2696,5212,8039,6601,14640,2021-03-01
CT2,1963,2166,4129,8568,7428,15996,2021-03-01
CT3,923,1061,1984,7323,6840,14163,2021-03-01
CT4,657,718,1375,6869,6702,13571,2021-03-01
CT5,1485,1648,3133,12127,11656,23783,2021-03-01
CT6,1798,1981,3779,14262,13436,27698,2021-03-01
CT7,425,529,954,4501,4194,8695,2021-03-01
CT8,462,484,946,2612,2477,5089,2021-03-01
CT9,3599,3899,7498,13640,11541,25181,2021-03-01
CT10,1377,1486,2863,8937,8358,17295,2021-03-01
CT11,2356,2594,4950,9393,8067,17460,2021-03-01
CT12,1225,1449,2674,6252,5417,11669,2021-03-01
CT13,411,454,865,3300,3088,6388,2021-03-01
CT14,1777,2079,3856,12434,11220,23654,2021-03-01
CT15,508,662,1170,5310,4783,10093,2021-03-01
CT16,1397,1482,2879,6775,5442,12217,2021-03-01
CT17,1642,1822,3464,6562,5379,11941,2021-03-01
CT18,554,572,1126,5640,5325,10965,2021-03-01
CT19,2054,2386,4440,9010,7702,16712,2021-03-01
CT20,1589,1858,3447,8013,6189,14202,2021-03-01
CT21,685,752,1437,6566,6322,12888,2021-03-01
CV1,5180,3991,9171,7067,3034,10101,2021-03-01
CV2,6264,7603,13867,20325,15088,35413,2021-03-01
CV3,4925,5943,10868,23406,18588,41994,2021-03-01
CV4,2537,2943,5480,10084,7870,17954,2021-03-01
CV5,2571,2911,5482,16997,14562,31559,2021-03-01
CV6,8592,10127,18719,28881,21086,49967,2021-03-01
CV7,1234,1508,2742,11149,10241,21390,2021-03-01
CV8,1207,1274,2481,12181,11598,23779,2021-03-01
CV9,968,1203,2171,8264,7230,15494,2021-03-01
CV10,2778,3784,6562,18810,16033,34843,2021-03-01
CV11,2169,2646,4815,14580,12009,26589,2021-03-01
CV12,1554,2107,3661,10950,9371,20321,2021-03-01
CV13,307,339,646,4549,4258,8807,2021-03-01
CV18,0,0,0,0,1,1,2021-03-01
CV19,0,0,0,1,0,1,2021-03-01
CV21,2615,3106,5721,13888,10371,24259,2021-03-01
CV22,1736,2014,3750,14093,12516,26609,2021-03-01
CV23,768,894,1662,9997,9271,19268,2021-03-01
CV27,0,0,0,1,0,1,2021-03-01
CV31,2173,2416,4589,10555,8388,18943,2021-03-01
CV32,1681,1886,3567,11672,10197,21869,2021-03-01
CV33,237,272,509,3075,2961,6036,2021-03-01
CV34,1572,1863,3435,12295,11154,23449,2021-03-01
CV35,729,871,1600,10772,10569,21341,2021-03-01
CV36,315,359,674,4060,3892,7952,2021-03-01
CV37,1918,2241,4159,16818,16091,32909,2021-03-01
CV42,0,0,0,1,0,1,2021-03-01
CV46,0,1,1,0,0,0,2021-03-01
CV47,628,748,1376,7613,7164,14777,2021-03-01
CW1,2812,3187,5999,13819,11546,25365,2021-03-01
CW2,2498,2571,5069,14834,12629,27463,2021-03-01
CW3,273,353,626,3738,3628,7366,2021-03-01
CW4,285,331,616,4162,4192,8354,2021-03-01
CW5,1112,1201,2313,12020,11467,23487,2021-03-01
CW6,319,397,716,5531,5434,10965,2021-03-01
CW7,1963,2363,4326,11296,9899,21195,2021-03-01
CW8,1354,1655,3009,15107,14294,29401,2021-03-01
CW9,1440,1576,3016,13150,11901,25051,2021-03-01
CW10,523,652,1175,5978,5617,11595,2021-03-01
CW11,889,931,1820,10096,9800,19896,2021-03-01
CW12,1178,1312,2490,12223,11473,23696,2021-03-01
DA0,1,1,2,0,0,0,2021-03-01
DA1,4365,5295,9660,20796,17355,38151,2021-03-01
DA2,1184,1462,2646,8442,7768,16210,2021-03-01
DA3,634,649,1283,6748,6552,13300,2021-03-01
DA4,376,400,776,3726,3482,7208,2021-03-01
DA5,949,1034,1983,7895,7505,15400,2021-03-01
DA6,630,771,1401,3702,3285,6987,2021-03-01
DA7,1887,2239,4126,12582,11432,24014,2021-03-01
DA8,3451,4224,7675,10858,9138,19996,2021-03-01
DA9,786,935,1721,5167,4536,9703,2021-03-01
DA10,554,726,1280,3225,2667,5892,2021-03-01
DA11,3058,3556,6614,13368,10532,23900,2021-03-01
DA12,3582,4033,7615,16560,13803,30363,2021-03-01
DA13,388,462,850,5974,5716,11690,2021-03-01
DA14,1265,1548,2813,7473,7070,14543,2021-03-01
DA15,1385,1654,3039,10509,9660,20169,2021-03-01
DA16,2425,3057,5482,12817,11020,23837,2021-03-01
DA17,1761,2089,3850,5922,4790,10712,2021-03-01
DA18,794,976,1770,1345,928,2273,2021-03-01
DD1,1173,1047,2220,2212,1490,3702,2021-03-01
DD2,2787,3359,6146,12590,11020,23610,2021-03-01
DD3,2801,3180,5981,10747,8605,19352,2021-03-01
DD4,3406,4027,7433,12310,10353,22663,2021-03-01
DD5,1114,1266,2380,12010,11684,23694,2021-03-01
DD6,419,519,938,3387,3333,6720,2021-03-01
DD7,486,614,1100,4619,4298,8917,2021-03-01
DD8,1157,1482,2639,10429,9440,19869,2021-03-01
DD9,531,677,1208,3924,3530,7454,2021-03-01
DD10,966,1194,2160,7605,6873,14478,2021-03-01
DD11,1417,1714,3131,9656,8337,17993,2021-03-01
DE1,1518,1351,2869,3945,2229,6174,2021-03-01
DE2,22,16,38,58,19,77,2021-03-01
DE3,610,820,1430,6851,6377,13228,2021-03-01
DE4,1265,1556,2821,12897,11990,24887,2021-03-01
DE5,881,1223,2104,8042,7191,15233,2021-03-01
DE6,809,951,1760,10393,9704,20097,2021-03-01
DE7,2553,3328,5881,17423,14785,32208,2021-03-01
DE11,2041,2568,4609,16583,14691,31274,2021-03-01
DE12,741,930,1671,8484,7723,16207,2021-03-01
DE13,1508,1906,3414,15815,14596,30411,2021-03-01
DE14,2592,2849,5441,10789,7557,18346,2021-03-01
DE15,1329,1581,2910,8409,7016,15425,2021-03-01
DE19,0,0,0,1,1,2,2021-03-01
DE21,3205,4134,7339,19404,16531,35935,2021-03-01
DE22,2886,3277,6163,15360,12991,28351,2021-03-01
DE23,5653,5872,11525,18881,13900,32781,2021-03-01
DE24,4149,5526,9675,17626,13650,31276,2021-03-01
DE44,0,0,0,0,1,1,2021-03-01
DE45,242,293,535,3235,3137,6372,2021-03-01
DE51,0,0,0,1,0,1,2021-03-01
DE55,2269,2829,5098,18719,16306,35025,2021-03-01
DE56,1419,1664,3083,14778,13824,28602,2021-03-01
DE65,731,901,1632,9154,8652,17806,2021-03-01
DE66,0,0,0,0,1,1,2021-03-01
DE72,668,877,1545,7934,7441,15375,2021-03-01
DE73,684,867,1551,7711,7302,15013,2021-03-01
DE74,481,530,1011,4679,4166,8845,2021-03-01
DE75,934,1124,2058,6346,5456,11802,2021-03-01
DG1,1292,1428,2720,9723,8938,18661,2021-03-01
DG2,1373,1771,3144,7518,6713,14231,2021-03-01
DG3,176,242,418,1772,1682,3454,2021-03-01
DG4,227,327,554,1439,1123,2562,2021-03-01
DG5,240,264,504,1875,1762,3637,2021-03-01
DG6,273,295,568,1834,1754,3588,2021-03-01
DG7,471,552,1023,4568,4387,8955,2021-03-01
DG8,484,646,1130,4689,4227,8916,2021-03-01
DG9,807,994,1801,5415,4768,10183,2021-03-01
DG10,181,216,397,1472,1301,2773,2021-03-01
DG11,493,631,1124,4906,4463,9369,2021-03-01
DG12,691,822,1513,4229,3671,7900,2021-03-01
DG13,120,136,256,1045,925,1970,2021-03-01
DG14,41,43,84,557,498,1055,2021-03-01
DG16,159,219,378,1378,1237,2615,2021-03-01
DH1,2295,2509,4804,13415,12016,25431,2021-03-01
DH2,1442,2070,3512,10457,8902,19359,2021-03-01
DH3,1344,1770,3114,8898,7549,16447,2021-03-01
DH4,1759,2214,3973,11716,10024,21740,2021-03-01
DH5,1090,1600,2690,6700,5382,12082,2021-03-01
DH6,1614,2266,3880,11958,10294,22252,2021-03-01
DH7,1975,2783,4758,14311,12453,26764,2021-03-01
DH8,1879,2450,4329,13493,11756,25249,2021-03-01
DH9,2103,2790,4893,11617,9306,20923,2021-03-01
DH10,0,0,0,1,0,1,2021-03-01
DL1,3131,4140,7271,14865,11574,26439,2021-03-01
DL2,499,617,1116,7222,7047,14269,2021-03-01
DL3,2496,2955,5451,14638,12619,27257,2021-03-01
DL4,642,815,1457,3041,2312,5353,2021-03-01
DL5,1615,2112,3727,9778,8445,18223,2021-03-01
DL6,589,707,1296,5773,5324,11097,2021-03-01
DL7,409,535,944,5866,5687,11553,2021-03-01
DL8,438,574,1012,7655,7264,14919,2021-03-01
DL9,2328,1299,3627,5321,3487,8808,2021-03-01
DL10,662,841,1503,6912,6641,13553,2021-03-01
DL11,129,134,263,2148,2040,4188,2021-03-01
DL12,378,502,880,4642,4270,8912,2021-03-01
DL13,442,585,1027,5315,4679,9994,2021-03-01
DL14,1860,2430,4290,12507,10592,23099,2021-03-01
DL15,1009,1346,2355,7618,6543,14161,2021-03-01
DL16,937,1245,2182,7545,6530,14075,2021-03-01
DL17,960,1340,2300,6002,4774,10776,2021-03-01
DN0,1,0,1,1,0,1,2021-03-01
DN1,1366,1099,2465,2614,1087,3701,2021-03-01
DN2,1864,2275,4139,7831,5826,13657,2021-03-01
DN3,1251,1624,2875,10734,9443,20177,2021-03-01
DN4,3395,3965,7360,18173,14418,32591,2021-03-01
DN5,2100,2721,4821,13393,11483,24876,2021-03-01
DN6,1972,2599,4571,9964,8079,18043,2021-03-01
DN7,1178,1654,2832,7508,6170,13678,2021-03-01
DN8,1081,1456,2537,6040,4668,10708,2021-03-01
DN9,665,768,1433,8345,8045,16390,2021-03-01
DN10,347,452,799,5048,4720,9768,2021-03-01
DN11,1471,1946,3417,9924,8645,18569,2021-03-01
DN12,1672,2185,3857,7211,5555,12766,2021-03-01
DN14,2210,2954,5164,17223,14504,31727,2021-03-01
DN15,2813,2847,5660,11889,9086,20975,2021-03-01
DN16,1782,2161,3943,10357,8736,19093,2021-03-01
DN17,1863,2365,4228,12739,11062,23801,2021-03-01
DN18,563,747,1310,4531,3807,8338,2021-03-01
DN19,186,232,418,2498,2254,4752,2021-03-01
DN20,660,779,1439,7363,6533,13896,2021-03-01
DN21,1876,2436,4312,13461,11890,25351,2021-03-01
DN22,1453,1835,3288,13193,12021,25214,2021-03-01
DN24,0,0,0,0,1,1,2021-03-01
DN31,881,1074,1955,2442,1538,3980,2021-03-01
DN32,2618,2864,5482,7603,5515,13118,2021-03-01
DN33,1355,1593,2948,6358,5410,11768,2021-03-01
DN34,1187,1511,2698,6261,5061,11322,2021-03-01
DN35,2092,2489,4581,10700,8775,19475,2021-03-01
DN36,599,765,1364,8012,7516,15528,2021-03-01
DN37,947,1123,2070,7812,7060,14872,2021-03-01
DN38,94,117,211,1133,1049,2182,2021-03-01
DN39,97,112,209,1148,1010,2158,2021-03-01
DN40,703,940,1643,4570,3497,8067,2021-03-01
DN41,173,216,389,2534,2432,4966,2021-03-01
DT0,0,0,0,0,1,1,2021-03-01
DT1,936,1116,2052,7226,6865,14091,2021-03-01
DT2,743,786,1529,10483,10260,20743,2021-03-01
DT3,926,1075,2001,9325,8722,18047,2021-03-01
DT4,2273,2463,4736,12702,11054,23756,2021-03-01
DT5,733,878,1611,4297,3773,8070,2021-03-01
DT6,807,897,1704,8293,8201,16494,2021-03-01
DT7,249,265,514,2110,2067,4177,2021-03-01
DT8,166,223,389,2401,2347,4748,2021-03-01
DT9,744,859,1603,8084,8062,16146,2021-03-01
DT10,340,396,736,4728,4521,9249,2021-03-01
DT11,1253,1273,2526,11913,10769,22682,2021-03-01
DY1,2354,2908,5262,10495,8336,18831,2021-03-01
DY2,2719,3387,6106,10635,7840,18475,2021-03-01
DY3,1476,1804,3280,12034,10535,22569,2021-03-01
DY4,3421,4421,7842,13152,9777,22929,2021-03-01
DY5,2411,3203,5614,13545,11045,24590,2021-03-01
DY6,888,1131,2019,10692,9853,20545,2021-03-01
DY7,202,234,436,3154,3075,6229,2021-03-01
DY8,2189,2598,4787,17966,16243,34209,2021-03-01
DY9,1485,1806,3291,10838,9554,20392,2021-03-01
DY10,1824,2170,3994,12918,11541,24459,2021-03-01
DY11,1529,1852,3381,11206,9833,21039,2021-03-01
DY12,373,459,832,4899,4526,9425,2021-03-01
DY13,863,1053,1916,8683,7886,16569,2021-03-01
DY14,233,228,461,3591,3288,6879,2021-03-01
E1,12361,9550,21911,18139,9300,27439,2021-03-01
E1,0,1,1,0,0,0,2021-03-01
E1,1,0,1,0,0,0,2021-03-01
E1,1244,1369,2613,4778,3131,7909,2021-03-01
E2,6250,6203,12453,12423,7763,20186,2021-03-01
E2,0,1,1,0,0,0,2021-03-01
E2,0,0,0,0,1,1,2021-03-01
E3,7833,7863,15696,16261,10576,26837,2021-03-01
E4,5166,5854,11020,22514,18930,41444,2021-03-01
E5,7998,8054,16052,12314,8464,20778,2021-03-01
E6,18997,14656,33653,24129,12710,36839,2021-03-01
E7,14039,9631,23670,16115,8477,24592,2021-03-01
E8,6107,6468,12575,11046,7937,18983,2021-03-01
E9,6239,6875,13114,9772,7233,17005,2021-03-01
E10,8614,7201,15815,14840,8770,23610,2021-03-01
E11,7551,7133,14684,18774,13726,32500,2021-03-01
E12,10465,7556,18021,12384,6510,18894,2021-03-01
E13,11242,8656,19898,13726,7397,21123,2021-03-01
E14,11577,11922,23499,26850,15992,42842,2021-03-01
E15,10602,9319,19921,15968,9072,25040,2021-03-01
E16,8531,8879,17410,15972,9724,25696,2021-03-01
E17,16807,15495,32302,34690,23426,58116,2021-03-01
E18,1575,1714,3289,7177,6144,13321,2021-03-01
E19,1,0,1,1,0,1,2021-03-01
E20,545,628,1173,1758,1132,2890,2021-03-01
EC1,16,6,22,17,6,23,2021-03-01
EC1,90,74,164,349,209,558,2021-03-01
EC1,2,0,2,1,0,1,2021-03-01
EC1,0,0,0,0,1,1,2021-03-01
EC1,123,108,231,468,262,730,2021-03-01
EC1,329,352,681,714,382,1096,2021-03-01
EC1,2,2,4,3,0,3,2021-03-01
EC1,1,0,1,0,0,0,2021-03-01
EC1,597,700,1297,1507,1021,2528,2021-03-01
EC1,0,0,0,1,0,1,2021-03-01
EC1,2,1,3,0,0,0,2021-03-01
EC1,1733,1778,3511,3792,2262,6054,2021-03-01
EC1,400,440,840,1047,625,1672,2021-03-01
EC1,0,0,0,1,0,1,2021-03-01
EC2,1,1,2,5,2,7,2021-03-01
EC2,150,120,270,575,310,885,2021-03-01
EC2,0,1,1,2,0,2,2021-03-01
EC2,25,10,35,151,31,182,2021-03-01
EC2,4,3,7,29,6,35,2021-03-01
EC2,0,0,0,4,2,6,2021-03-01
EC2,1,1,2,42,17,59,2021-03-01
EC2,0,0,0,1,0,1,2021-03-01
EC2,3,5,8,92,27,119,2021-03-01
EC2,215,201,416,1418,972,2390,2021-03-01
EC3,0,1,1,1,0,1,2021-03-01
EC3,8,7,15,63,9,72,2021-03-01
EC3,5,4,9,21,6,27,2021-03-01
EC3,34,28,62,155,55,210,2021-03-01
EC3,1,0,1,1,1,2,2021-03-01
EC3,23,17,40,65,32,97,2021-03-01
EC3,4,1,5,52,15,67,2021-03-01
EC3,1,0,1,0,0,0,2021-03-01
EC4,2,1,3,3,1,4,2021-03-01
EC4,50,25,75,139,81,220,2021-03-01
EC4,0,0,0,1,0,1,2021-03-01
EC4,0,0,0,1,0,1,2021-03-01
EC4,17,16,33,135,54,189,2021-03-01
EC4,7,2,9,67,20,87,2021-03-01
EC4,0,0,0,9,4,13,2021-03-01
EC4,5,5,10,44,14,58,2021-03-01
EC4,1,0,1,0,0,0,2021-03-01
EC4,31,31,62,193,101,294,2021-03-01
EC4,0,0,0,1,0,1,2021-03-01
EC4,25,16,41,121,60,181,2021-03-01
EC8,0,1,1,0,0,0,2021-03-01
EC10,1,0,1,0,0,0,2021-03-01
EC11,0,1,1,0,0,0,2021-03-01
EC12,0,0,0,1,0,1,2021-03-01
EC14,1,2,3,3,0,3,2021-03-01
EC15,0,0,0,1,0,1,2021-03-01
EC16,0,0,0,1,0,1,2021-03-01
EC17,1,0,1,1,2,3,2021-03-01
EC19,0,1,1,0,0,0,2021-03-01
EC24,0,0,0,0,1,1,2021-03-01
EC27,0,0,0,3,0,3,2021-03-01
EC28,0,0,0,1,0,1,2021-03-01
EC34,1,0,1,0,0,0,2021-03-01
EC47,0,0,0,3,0,3,2021-03-01
EC77,1,0,1,0,0,0,2021-03-01
EH0,1,5,6,1,3,4,2021-03-01
EH1,603,554,1157,1435,1018,2453,2021-03-01
EH1,0,1,1,0,0,0,2021-03-01
EH2,117,109,226,420,246,666,2021-03-01
EH3,1968,1979,3947,7274,6273,13547,2021-03-01
EH3,0,0,0,1,0,1,2021-03-01
EH4,4105,4484,8589,17760,15826,33586,2021-03-01
EH5,1698,1935,3633,6393,5382,11775,2021-03-01
EH6,3549,3757,7306,12039,9782,21821,2021-03-01
EH7,3034,3233,6267,10201,8003,18204,2021-03-01
EH8,1956,2019,3975,5662,4609,10271,2021-03-01
EH9,1450,1624,3074,6234,5819,12053,2021-03-01
EH10,2071,2022,4093,12687,11328,24015,2021-03-01
EH11,4082,3967,8049,10174,7548,17722,2021-03-01
EH12,2083,2575,4658,13900,12903,26803,2021-03-01
EH13,995,1087,2082,4719,4292,9011,2021-03-01
EH14,2874,3107,5981,13110,11163,24273,2021-03-01
EH15,1425,1651,3076,6870,6288,13158,2021-03-01
EH16,2671,3094,5765,9320,7748,17068,2021-03-01
EH17,1542,1986,3528,6342,5193,11535,2021-03-01
EH18,110,148,258,817,800,1617,2021-03-01
EH19,726,972,1698,5213,4871,10084,2021-03-01
EH20,378,527,905,2300,1946,4246,2021-03-01
EH21,1641,1946,3587,8358,7474,15832,2021-03-01
EH22,1913,2435,4348,10820,9544,20364,2021-03-01
EH23,522,682,1204,3325,2940,6265,2021-03-01
EH24,84,132,216,742,716,1458,2021-03-01
EH25,167,218,385,1269,1194,2463,2021-03-01
EH26,930,1212,2142,5980,5413,11393,2021-03-01
EH27,158,157,315,1067,1002,2069,2021-03-01
EH28,150,208,358,1292,1138,2430,2021-03-01
EH29,216,305,521,1907,1803,3710,2021-03-01
EH30,477,678,1155,3719,3452,7171,2021-03-01
EH31,93,102,195,1051,1047,2098,2021-03-01
EH32,983,1248,2231,6876,6215,13091,2021-03-01
EH33,725,917,1642,4659,4210,8869,2021-03-01
EH34,69,97,166,1015,1014,2029,2021-03-01
EH35,99,150,249,860,762,1622,2021-03-01
EH36,13,10,23,160,167,327,2021-03-01
EH37,54,90,144,632,607,1239,2021-03-01
EH38,13,12,25,175,180,355,2021-03-01
EH39,394,521,915,3826,3682,7508,2021-03-01
EH40,77,97,174,820,820,1640,2021-03-01
EH41,537,682,1219,4849,4550,9399,2021-03-01
EH42,528,680,1208,4200,3967,8167,2021-03-01
EH43,43,65,108,274,259,533,2021-03-01
EH44,134,168,302,1248,1176,2424,2021-03-01
EH45,510,599,1109,3991,3827,7818,2021-03-01
EH46,137,155,292,1459,1471,2930,2021-03-01
EH47,1568,2153,3721,9150,7719,16869,2021-03-01
EH48,1939,2485,4424,13311,11641,24952,2021-03-01
EH49,706,887,1593,5912,5566,11478,2021-03-01
EH51,739,927,1666,5094,4516,9610,2021-03-01
EH52,1057,1409,2466,7154,6245,13399,2021-03-01
EH53,518,613,1131,4275,3926,8201,2021-03-01
EH54,3864,4890,8754,18069,15572,33641,2021-03-01
EH55,458,572,1030,3093,2616,5709,2021-03-01
EN0,0,0,0,0,1,1,2021-03-01
EN1,3979,4826,8805,15112,13127,28239,2021-03-01
EN2,1859,2349,4208,10660,9726,20386,2021-03-01
EN3,6602,8380,14982,17377,13232,30609,2021-03-01
EN4,1761,1992,3753,9847,8865,18712,2021-03-01
EN5,2812,3451,6263,14069,12629,26698,2021-03-01
EN6,1422,1640,3062,11363,10757,22120,2021-03-01
EN7,930,1027,1957,8443,8059,16502,2021-03-01
EN8,2605,3056,5661,13523,11302,24825,2021-03-01
EN9,1259,1418,2677,9512,8486,17998,2021-03-01
EN10,815,949,1764,6691,6306,12997,2021-03-01
EN11,1165,1247,2412,8441,7387,15828,2021-03-01
EX0,0,0,0,1,0,1,2021-03-01
EX1,1452,1677,3129,7673,6953,14626,2021-03-01
EX2,2398,2839,5237,14794,13451,28245,2021-03-01
EX3,177,170,347,1894,1928,3822,2021-03-01
EX4,3637,4003,7640,15732,13183,28915,2021-03-01
EX5,751,867,1618,9494,9298,18792,2021-03-01
EX6,428,455,883,5989,5785,11774,2021-03-01
EX7,670,787,1457,5026,4664,9690,2021-03-01
EX8,1836,2124,3960,13464,12459,25923,2021-03-01
EX9,184,225,409,2639,2674,5313,2021-03-01
EX10,582,713,1295,6453,6491,12944,2021-03-01
EX11,279,333,612,3428,3517,6945,2021-03-01
EX12,281,411,692,3606,3441,7047,2021-03-01
EX13,436,510,946,4943,4778,9721,2021-03-01
EX14,731,912,1643,8257,7724,15981,2021-03-01
EX15,858,923,1781,8795,8336,17131,2021-03-01
EX16,1432,1689,3121,12095,11255,23350,2021-03-01
EX17,786,929,1715,7562,7143,14705,2021-03-01
EX18,116,98,214,1329,1310,2639,2021-03-01
EX19,78,110,188,1537,1461,2998,2021-03-01
EX20,821,965,1786,8292,7700,15992,2021-03-01
EX21,126,119,245,1898,1792,3690,2021-03-01
EX22,360,428,788,4642,4215,8857,2021-03-01
EX23,650,693,1343,6118,5837,11955,2021-03-01
EX24,110,139,249,1461,1467,2928,2021-03-01
EX26,0,0,0,0,1,1,2021-03-01
EX31,999,1208,2207,10205,9613,19818,2021-03-01
EX32,1441,1636,3077,8092,7179,15271,2021-03-01
EX33,369,445,814,3898,3645,7543,2021-03-01
EX34,987,1122,2109,6170,5355,11525,2021-03-01
EX35,77,75,152,680,609,1289,2021-03-01
EX36,343,396,739,3662,3406,7068,2021-03-01
EX37,97,95,192,1626,1525,3151,2021-03-01
EX38,342,384,726,3105,2894,5999,2021-03-01
EX39,1658,1992,3650,14180,13199,27379,2021-03-01
FK1,1545,1974,3519,9530,8198,17728,2021-03-01
FK1,0,0,0,0,1,1,2021-03-01
FK2,2388,2964,5352,17150,15424,32574,2021-03-01
FK3,1059,1295,2354,5299,4368,9667,2021-03-01
FK4,609,827,1436,4705,4222,8927,2021-03-01
FK5,828,1099,1927,7147,6766,13913,2021-03-01
FK6,705,884,1589,4912,4274,9186,2021-03-01
FK7,1651,2219,3870,10162,9359,19521,2021-03-01
FK8,1206,1281,2487,6043,5434,11477,2021-03-01
FK9,652,825,1477,4324,4004,8328,2021-03-01
FK10,2124,2730,4854,12325,10934,23259,2021-03-01
FK11,109,131,240,999,999,1998,2021-03-01
FK12,247,310,557,1728,1590,3318,2021-03-01
FK13,321,375,696,2135,1831,3966,2021-03-01
FK14,207,201,408,1794,1766,3560,2021-03-01
FK15,491,574,1065,4018,3956,7974,2021-03-01
FK16,82,109,191,900,874,1774,2021-03-01
FK17,158,188,346,1360,1258,2618,2021-03-01
FK18,4,9,13,100,87,187,2021-03-01
FK19,22,28,50,261,214,475,2021-03-01
FK20,31,44,75,159,110,269,2021-03-01
FK21,43,57,100,397,328,725,2021-03-01
FY0,0,0,0,2,2,4,2021-03-01
FY1,3824,3865,7689,9051,5783,14834,2021-03-01
FY2,1518,1670,3188,7912,6813,14725,2021-03-01
FY3,2450,2871,5321,9910,8434,18344,2021-03-01
FY4,2840,3484,6324,14345,12119,26464,2021-03-01
FY5,1822,2058,3880,16131,14771,30902,2021-03-01
FY6,880,1007,1887,11178,10618,21796,2021-03-01
FY7,1961,2240,4201,7766,6287,14053,2021-03-01
FY8,1988,2154,4142,16600,15502,32102,2021-03-01
G1,678,450,1128,1516,800,2316,2021-03-01
G2,349,255,604,581,277,858,2021-03-01
G2,0,1,1,0,0,0,2021-03-01
G3,2060,1754,3814,4920,3268,8188,2021-03-01
G4,1469,1065,2534,2653,1450,4103,2021-03-01
G5,1568,1322,2890,3168,2054,5222,2021-03-01
G6,0,4,4,4,0,4,2021-03-01
G7,1,0,1,4,2,6,2021-03-01
G8,0,0,0,2,0,2,2021-03-01
G9,0,0,0,3,0,3,2021-03-01
G10,0,2,2,0,0,0,2021-03-01
G11,1741,1777,3518,5931,5269,11200,2021-03-01
G12,1852,1749,3601,8069,7287,15356,2021-03-01
G13,2490,2824,5314,9589,8317,17906,2021-03-01
G14,1629,1840,3469,5018,4132,9150,2021-03-01
G15,1871,2116,3987,3947,3213,7160,2021-03-01
G16,2,1,3,0,0,0,2021-03-01
G17,0,0,0,0,1,1,2021-03-01
G18,0,1,1,0,1,1,2021-03-01
G19,1,0,1,0,0,0,2021-03-01
G20,3362,3514,6876,7700,5988,13688,2021-03-01
G21,3482,3821,7303,6487,4337,10824,2021-03-01
G22,2045,2363,4408,4028,2837,6865,2021-03-01
G23,617,768,1385,2073,1773,3846,2021-03-01
G24,1,0,1,0,0,0,2021-03-01
G25,0,2,2,1,0,1,2021-03-01
G26,0,0,0,1,0,1,2021-03-01
G29,0,0,0,1,0,1,2021-03-01
G30,3,0,3,1,0,1,2021-03-01
G31,2966,3119,6085,5832,4181,10013,2021-03-01
G32,2810,3448,6258,10600,8338,18938,2021-03-01
G33,3722,4410,8132,12532,10490,23022,2021-03-01
G34,1119,1334,2453,1705,1234,2939,2021-03-01
G35,1,1,2,0,0,0,2021-03-01
G36,0,2,2,2,0,2,2021-03-01
G38,0,0,0,1,0,1,2021-03-01
G39,0,0,0,0,1,1,2021-03-01
G40,1432,1634,3066,3137,2043,5180,2021-03-01
G41,2894,3048,5942,10595,8751,19346,2021-03-01
G42,4052,3392,7444,8197,5574,13771,2021-03-01
G43,1381,1482,2863,5459,4750,10209,2021-03-01
G44,1883,2300,4183,9087,8267,17354,2021-03-01
G45,1808,2089,3897,3283,2263,5546,2021-03-01
G46,1841,2068,3909,8409,7726,16135,2021-03-01
G47,1,1,2,1,0,1,2021-03-01
G48,2,0,2,2,1,3,2021-03-01
G49,0,0,0,3,0,3,2021-03-01
G50,2,0,2,1,0,1,2021-03-01
G51,3149,3125,6274,5797,3764,9561,2021-03-01
G52,2375,2932,5307,7898,6608,14506,2021-03-01
G53,3075,3620,6695,9688,8259,17947,2021-03-01
G54,1,0,1,2,0,2,2021-03-01
G55,0,2,2,1,1,2,2021-03-01
G56,1,1,2,1,0,1,2021-03-01
G57,0,1,1,0,0,0,2021-03-01
G58,0,0,0,1,0,1,2021-03-01
G60,289,298,587,1895,1817,3712,2021-03-01
G61,1156,1215,2371,10871,10880,21751,2021-03-01
G62,646,683,1329,4891,4864,9755,2021-03-01
G63,365,396,761,3814,3925,7739,2021-03-01
G64,1215,1516,2731,9460,9134,18594,2021-03-01
G65,848,1041,1889,4509,3857,8366,2021-03-01
G66,2053,2511,4564,13699,12740,26439,2021-03-01
G67,2800,3359,6159,10122,8184,18306,2021-03-01
G68,854,967,1821,7195,6880,14075,2021-03-01
G69,1906,2366,4272,12344,11197,23541,2021-03-01
G70,0,0,0,1,1,2,2021-03-01
G71,1566,1967,3533,10703,10068,20771,2021-03-01
G72,3103,3762,6865,16856,14925,31781,2021-03-01
G73,2337,2730,5067,9623,8436,18059,2021-03-01
G74,2060,2485,4545,13088,11603,24691,2021-03-01
G75,2487,3182,5669,13257,11812,25069,2021-03-01
G76,1025,1165,2190,7919,7970,15889,2021-03-01
G77,948,1110,2058,9788,9988,19776,2021-03-01
G78,1499,1832,3331,7765,7055,14820,2021-03-01
G80,1,0,1,0,0,0,2021-03-01
G81,3106,3802,6908,10883,9196,20079,2021-03-01
G82,1647,2059,3706,8549,7624,16173,2021-03-01
G83,1545,2017,3562,7938,7030,14968,2021-03-01
G84,1249,1494,2743,7706,7038,14744,2021-03-01
GL1,3491,3603,7094,11033,7877,18910,2021-03-01
GL1,0,0,0,0,1,1,2021-03-01
GL2,2201,2724,4925,22000,20660,42660,2021-03-01
GL3,1397,1792,3189,12334,11453,23787,2021-03-01
GL4,2580,3199,5779,16697,14961,31658,2021-03-01
GL5,1613,1727,3340,11249,10612,21861,2021-03-01
GL6,898,1008,1906,9814,9690,19504,2021-03-01
GL7,1805,2082,3887,17151,16389,33540,2021-03-01
GL8,291,377,668,3524,3550,7074,2021-03-01
GL9,53,77,130,1079,1039,2118,2021-03-01
GL10,643,628,1271,5651,5283,10934,2021-03-01
GL11,674,819,1493,7187,6776,13963,2021-03-01
GL12,563,524,1087,6154,5827,11981,2021-03-01
GL13,160,186,346,2506,2262,4768,2021-03-01
GL14,767,897,1664,5662,4952,10614,2021-03-01
GL15,788,977,1765,8307,7628,15935,2021-03-01
GL16,517,664,1181,5227,4898,10125,2021-03-01
GL17,399,537,936,4578,4266,8844,2021-03-01
GL18,311,393,704,3301,3003,6304,2021-03-01
GL19,255,225,480,3639,3525,7164,2021-03-01
GL20,1159,1330,2489,11096,10287,21383,2021-03-01
GL50,1377,1610,2987,7438,6218,13656,2021-03-01
GL51,2969,3618,6587,17976,15547,33523,2021-03-01
GL52,2233,2482,4715,17109,16318,33427,2021-03-01
GL53,889,907,1796,7698,7602,15300,2021-03-01
GL54,862,982,1844,9827,9497,19324,2021-03-01
GL55,205,198,403,2280,2321,4601,2021-03-01
GL56,349,404,753,3752,3741,7493,2021-03-01
GU0,0,0,0,0,1,1,2021-03-01
GU1,2219,2332,4551,11462,9919,21381,2021-03-01
GU2,2386,2444,4830,10276,8541,18817,2021-03-01
GU3,455,452,907,4605,4506,9111,2021-03-01
GU4,627,643,1270,6497,6403,12900,2021-03-01
GU5,387,482,869,4312,4462,8774,2021-03-01
GU6,624,623,1247,5938,5994,11932,2021-03-01
GU7,1167,1297,2464,8611,8315,16926,2021-03-01
GU8,665,696,1361,6994,6987,13981,2021-03-01
GU9,1274,1543,2817,11308,10961,22269,2021-03-01
GU10,731,858,1589,9694,9543,19237,2021-03-01
GU11,1975,2211,4186,8858,6861,15719,2021-03-01
GU12,1676,2082,3758,12093,10734,22827,2021-03-01
GU13,724,14,738,350,27,377,2021-03-01
GU14,3260,3721,6981,20997,18435,39432,2021-03-01
GU15,2028,2173,4201,14072,12481,26553,2021-03-01
GU16,1132,1092,2224,9581,8854,18435,2021-03-01
GU17,847,522,1369,5295,4109,9404,2021-03-01
GU18,158,190,348,2911,2915,5826,2021-03-01
GU19,235,234,469,2419,2317,4736,2021-03-01
GU20,125,146,271,1904,1876,3780,2021-03-01
GU21,3193,3479,6672,18932,16663,35595,2021-03-01
GU22,2103,2417,4520,14211,12551,26762,2021-03-01
GU23,246,258,504,2831,2765,5596,2021-03-01
GU24,908,852,1760,7236,6965,14201,2021-03-01
GU25,423,439,862,2783,2812,5595,2021-03-01
GU26,295,277,572,3071,2995,6066,2021-03-01
GU27,798,907,1705,6757,6631,13388,2021-03-01
GU28,276,263,539,2644,2610,5254,2021-03-01
GU29,326,456,782,3739,3893,7632,2021-03-01
GU30,414,449,863,4001,3944,7945,2021-03-01
GU31,427,485,912,4527,4446,8973,2021-03-01
GU32,555,660,1215,4583,4350,8933,2021-03-01
GU33,307,347,654,3267,3211,6478,2021-03-01
GU34,1240,1478,2718,12703,12173,24876,2021-03-01
GU35,1092,1246,2338,9724,8776,18500,2021-03-01
GU46,430,471,901,6053,5797,11850,2021-03-01
GU47,712,831,1543,7554,7182,14736,2021-03-01
GU51,882,854,1736,9727,9259,18986,2021-03-01
GU52,493,592,1085,7113,7017,14130,2021-03-01
HA0,13659,11084,24743,18266,11166,29432,2021-03-01
HA1,5400,5518,10918,15016,10954,25970,2021-03-01
HA2,6689,7246,13935,21568,16393,37961,2021-03-01
HA3,9687,9125,18812,29160,21239,50399,2021-03-01
HA4,3037,3460,6497,19370,17423,36793,2021-03-01
HA5,2877,3160,6037,17670,16337,34007,2021-03-01
HA6,1369,1683,3052,9345,8659,18004,2021-03-01
HA7,3463,3683,7146,15392,12724,28116,2021-03-01
HA8,9605,9271,18876,27290,19945,47235,2021-03-01
HA9,10911,8840,19751,19360,12364,31724,2021-03-01
HD1,2803,2456,5259,6072,3668,9740,2021-03-01
HD2,2196,2832,5028,9119,7543,16662,2021-03-01
HD3,1546,2083,3629,10548,9627,20175,2021-03-01
HD4,1912,2415,4327,9314,7799,17113,2021-03-01
HD5,1880,2441,4321,9633,8287,17920,2021-03-01
HD6,1415,1586,3001,9119,8269,17388,2021-03-01
HD7,1054,1348,2402,8220,7496,15716,2021-03-01
HD8,1080,1329,2409,12466,12060,24526,2021-03-01
HD9,1415,1663,3078,13390,12499,25889,2021-03-01
HG1,1761,2102,3863,12185,11112,23297,2021-03-01
HG2,1551,1709,3260,11685,11183,22868,2021-03-01
HG3,977,1088,2065,10828,10567,21395,2021-03-01
HG4,1001,1278,2279,9451,8833,18284,2021-03-01
HG5,675,788,1463,7098,6766,13864,2021-03-01
HP1,1412,1582,2994,9504,8706,18210,2021-03-01
HP2,2606,3173,5779,14706,12512,27218,2021-03-01
HP2,0,0,0,1,0,1,2021-03-01
HP3,1733,2031,3764,12642,11370,24012,2021-03-01
HP4,984,1006,1990,9484,9299,18783,2021-03-01
HP5,1424,1655,3079,9785,9008,18793,2021-03-01
HP6,716,721,1437,5725,5606,11331,2021-03-01
HP7,480,533,1013,4264,4085,8349,2021-03-01
HP8,264,281,545,2880,2960,5840,2021-03-01
HP9,714,786,1500,7047,7072,14119,2021-03-01
HP10,663,725,1388,7822,7781,15603,2021-03-01
HP11,1178,1308,2486,5758,4610,10368,2021-03-01
HP12,1669,1968,3637,8146,6361,14507,2021-03-01
HP13,2802,3332,6134,15892,13390,29282,2021-03-01
HP14,647,681,1328,7208,6856,14064,2021-03-01
HP15,538,578,1116,6960,6818,13778,2021-03-01
HP16,391,417,808,4805,4838,9643,2021-03-01
HP17,368,381,749,4307,4195,8502,2021-03-01
HP18,666,812,1478,7889,7558,15447,2021-03-01
HP19,1500,1973,3473,9000,7658,16658,2021-03-01
HP20,1105,1276,2381,5393,4359,9752,2021-03-01
HP21,2030,2473,4503,12142,10462,22604,2021-03-01
HP22,926,965,1891,11259,11172,22431,2021-03-01
HP23,716,800,1516,6924,6683,13607,2021-03-01
HP25,0,0,0,0,1,1,2021-03-01
HP27,437,463,900,5107,4987,10094,2021-03-01
HR1,1465,1613,3078,12212,11366,23578,2021-03-01
HR2,1976,2417,4393,13553,12121,25674,2021-03-01
HR3,186,230,416,3098,3007,6105,2021-03-01
HR4,1397,1575,2972,10812,9906,20718,2021-03-01
HR5,168,184,352,1838,1633,3471,2021-03-01
HR6,859,1044,1903,7694,7062,14756,2021-03-01
HR7,230,271,501,2937,2647,5584,2021-03-01
HR8,491,599,1090,5449,5158,10607,2021-03-01
HR9,754,871,1625,8373,7821,16194,2021-03-01
HS1,311,349,660,1453,1299,2752,2021-03-01
HS2,551,700,1251,5083,4491,9574,2021-03-01
HS3,54,66,120,483,380,863,2021-03-01
HS4,15,17,32,101,76,177,2021-03-01
HS5,10,12,22,92,84,176,2021-03-01
HS6,55,95,150,621,550,1171,2021-03-01
HS7,73,102,175,455,393,848,2021-03-01
HS8,87,109,196,689,573,1262,2021-03-01
HS9,76,50,126,430,392,822,2021-03-01
HU1,418,301,719,996,475,1471,2021-03-01
HU2,488,483,971,1039,438,1477,2021-03-01
HU3,3565,3451,7016,7259,4025,11284,2021-03-01
HU4,1581,1936,3517,7437,5978,13415,2021-03-01
HU5,4131,4142,8273,14110,10918,25028,2021-03-01
HU6,2977,3551,6528,8590,6215,14805,2021-03-01
HU7,3286,4033,7319,13695,11173,24868,2021-03-01
HU8,2394,2934,5328,10694,8425,19119,2021-03-01
HU9,3551,4322,7873,10561,7503,18064,2021-03-01
HU10,665,758,1423,7387,7076,14463,2021-03-01
HU11,380,452,832,4975,4501,9476,2021-03-01
HU12,979,1249,2228,9635,8626,18261,2021-03-01
HU13,716,907,1623,5416,4845,10261,2021-03-01
HU14,235,261,496,3412,3381,6793,2021-03-01
HU15,718,914,1632,9328,8870,18198,2021-03-01
HU16,626,747,1373,5944,5496,11440,2021-03-01
HU17,1807,2064,3871,16518,15275,31793,2021-03-01
HU18,433,503,936,3227,2801,6028,2021-03-01
HU19,465,553,1018,2373,1651,4024,2021-03-01
HU20,27,27,54,356,356,712,2021-03-01
HU23,1,0,1,0,0,0,2021-03-01
HU30,1,0,1,0,0,0,2021-03-01
HU41,1,0,1,0,0,0,2021-03-01
HU44,0,0,0,0,1,1,2021-03-01
HX1,2210,2725,4935,6701,4247,10948,2021-03-01
HX2,2245,2917,5162,12382,10512,22894,2021-03-01
HX3,2482,3204,5686,15758,13797,29555,2021-03-01
HX4,452,617,1069,4511,4223,8734,2021-03-01
HX5,597,776,1373,3368,2818,6186,2021-03-01
HX6,1020,1280,2300,6665,5854,12519,2021-03-01
HX7,747,871,1618,4507,4488,8995,2021-03-01
IG1,12455,10451,22906,21827,12977,34804,2021-03-01
IG2,3577,3592,7169,10086,7274,17360,2021-03-01
IG3,5853,5378,11231,13134,8511,21645,2021-03-01
IG4,1043,1078,2121,3728,2747,6475,2021-03-01
IG5,1489,1637,3126,6348,5212,11560,2021-03-01
IG6,2714,3053,5767,10434,8144,18578,2021-03-01
IG7,1493,1785,3278,8170,7197,15367,2021-03-01
IG8,2631,3010,5641,13660,12054,25714,2021-03-01
IG9,620,673,1293,4921,4687,9608,2021-03-01
IG10,1718,2054,3772,11791,11171,22962,2021-03-01
IG11,9786,9557,19343,18021,10836,28857,2021-03-01
IP1,2824,3005,5829,13196,10271,23467,2021-03-01
IP2,2148,2558,4706,10207,7880,18087,2021-03-01
IP3,1999,2437,4436,11690,9387,21077,2021-03-01
IP4,2173,2367,4540,13146,11000,24146,2021-03-01
IP5,593,691,1284,7355,7053,14408,2021-03-01
IP6,465,531,996,6977,6648,13625,2021-03-01
IP7,532,670,1202,6365,5872,12237,2021-03-01
IP8,320,389,709,4507,4148,8655,2021-03-01
IP9,329,391,720,4570,4361,8931,2021-03-01
IP10,81,89,170,1443,1413,2856,2021-03-01
IP11,1230,1564,2794,11707,10106,21813,2021-03-01
IP12,940,1006,1946,9542,9239,18781,2021-03-01
IP13,630,679,1309,7601,7535,15136,2021-03-01
IP14,1351,1650,3001,15685,14414,30099,2021-03-01
IP15,85,99,184,866,895,1761,2021-03-01
IP16,343,372,715,2470,2208,4678,2021-03-01
IP17,444,535,979,4724,4618,9342,2021-03-01
IP18,129,155,284,1414,1397,2811,2021-03-01
IP19,307,357,664,3972,3722,7694,2021-03-01
IP20,273,290,563,3243,3017,6260,2021-03-01
IP21,295,337,632,4593,4320,8913,2021-03-01
IP22,894,911,1805,8669,8094,16763,2021-03-01
IP23,229,300,529,2979,2777,5756,2021-03-01
IP24,1921,2340,4261,9305,7492,16797,2021-03-01
IP25,729,858,1587,7281,6540,13821,2021-03-01
IP26,327,353,680,3409,3226,6635,2021-03-01
IP27,961,1154,2115,6073,5400,11473,2021-03-01
IP28,1168,1401,2569,9173,8940,18113,2021-03-01
IP29,245,298,543,3702,3600,7302,2021-03-01
IP30,429,504,933,5727,5506,11233,2021-03-01
IP31,582,745,1327,8086,7803,15889,2021-03-01
IP32,858,1047,1905,5739,5334,11073,2021-03-01
IP33,1191,1405,2596,8059,7175,15234,2021-03-01
IV1,186,174,360,1027,930,1957,2021-03-01
IV2,2440,2977,5417,17915,16466,34381,2021-03-01
IV3,1541,1692,3233,6016,4918,10934,2021-03-01
IV3,0,0,0,0,1,1,2021-03-01
IV4,168,206,374,1815,1672,3487,2021-03-01
IV5,58,55,113,528,511,1039,2021-03-01
IV6,178,221,399,1813,1714,3527,2021-03-01
IV7,200,253,453,2355,2213,4568,2021-03-01
IV8,32,30,62,364,381,745,2021-03-01
IV9,63,62,125,460,449,909,2021-03-01
IV10,107,129,236,1080,1034,2114,2021-03-01
IV11,50,64,114,313,306,619,2021-03-01
IV12,638,810,1448,4599,4280,8879,2021-03-01
IV13,14,21,35,265,224,489,2021-03-01
IV14,59,109,168,842,765,1607,2021-03-01
IV15,345,383,728,1935,1717,3652,2021-03-01
IV16,61,76,137,703,642,1345,2021-03-01
IV17,389,459,848,2098,1845,3943,2021-03-01
IV18,318,394,712,2028,1686,3714,2021-03-01
IV19,232,275,507,1682,1526,3208,2021-03-01
IV20,130,188,318,1156,1058,2214,2021-03-01
IV21,52,60,112,452,398,850,2021-03-01
IV22,50,73,123,613,530,1143,2021-03-01
IV23,36,45,81,348,309,657,2021-03-01
IV24,46,67,113,564,520,1084,2021-03-01
IV25,86,110,196,945,928,1873,2021-03-01
IV26,106,134,240,709,698,1407,2021-03-01
IV27,160,162,322,1407,1210,2617,2021-03-01
IV28,19,12,31,193,188,381,2021-03-01
IV30,1691,2037,3728,12260,11067,23327,2021-03-01
IV31,334,440,774,2545,2265,4810,2021-03-01
IV32,199,208,407,1810,1721,3531,2021-03-01
IV33,1,0,1,1,1,2,2021-03-01
IV34,0,0,0,0,1,1,2021-03-01
IV36,730,956,1686,5896,5353,11249,2021-03-01
IV40,127,170,297,951,847,1798,2021-03-01
IV41,31,22,53,138,121,259,2021-03-01
IV42,18,24,42,193,184,377,2021-03-01
IV43,13,14,27,110,97,207,2021-03-01
IV44,11,11,22,111,100,211,2021-03-01
IV45,14,6,20,121,108,229,2021-03-01
IV46,7,6,13,35,30,65,2021-03-01
IV47,17,20,37,262,213,475,2021-03-01
IV48,0,2,2,38,31,69,2021-03-01
IV49,61,60,121,440,379,819,2021-03-01
IV51,224,293,517,1982,1787,3769,2021-03-01
IV52,17,26,43,121,120,241,2021-03-01
IV53,6,3,9,66,54,120,2021-03-01
IV54,52,75,127,546,469,1015,2021-03-01
IV55,44,50,94,527,476,1003,2021-03-01
IV56,8,6,14,151,121,272,2021-03-01
IV62,0,0,0,1,0,1,2021-03-01
IV63,127,134,261,1005,935,1940,2021-03-01
KA1,1537,1929,3466,9677,8526,18203,2021-03-01
KA2,313,400,713,2475,2257,4732,2021-03-01
KA3,1991,2639,4630,13199,12064,25263,2021-03-01
KA4,269,336,605,1886,1747,3633,2021-03-01
KA5,405,602,1007,3486,2982,6468,2021-03-01
KA6,1014,1282,2296,6418,5567,11985,2021-03-01
KA7,1304,1500,2804,10226,9722,19948,2021-03-01
KA8,1315,1725,3040,5364,4249,9613,2021-03-01
KA9,680,795,1475,5784,5444,11228,2021-03-01
KA10,701,813,1514,5971,5710,11681,2021-03-01
KA11,1161,1592,2753,7115,6305,13420,2021-03-01
KA12,1183,1612,2795,5394,4441,9835,2021-03-01
KA13,1057,1340,2397,5385,4749,10134,2021-03-01
KA14,31,24,55,181,163,344,2021-03-01
KA15,329,410,739,2537,2272,4809,2021-03-01
KA16,192,200,392,1097,871,1968,2021-03-01
KA17,176,231,407,1490,1283,2773,2021-03-01
KA18,1076,1453,2529,6926,5705,12631,2021-03-01
KA19,366,497,863,2626,2317,4943,2021-03-01
KA20,721,884,1605,2582,2134,4716,2021-03-01
KA21,885,979,1864,3737,3234,6971,2021-03-01
KA22,700,976,1676,3345,2947,6292,2021-03-01
KA23,217,270,487,2032,1965,3997,2021-03-01
KA24,320,431,751,2003,1817,3820,2021-03-01
KA25,439,572,1011,2196,1834,4030,2021-03-01
KA26,548,682,1230,3594,3072,6666,2021-03-01
KA27,244,312,556,1801,1721,3522,2021-03-01
KA28,50,78,128,438,360,798,2021-03-01
KA29,65,81,146,613,602,1215,2021-03-01
KA30,484,633,1117,4009,3623,7632,2021-03-01
KT1,2088,2216,4304,7582,6122,13704,2021-03-01
KT2,2557,2969,5526,11808,10681,22489,2021-03-01
KT3,3526,3853,7379,15611,13385,28996,2021-03-01
KT4,1722,1898,3620,11385,10534,21919,2021-03-01
KT5,1463,1558,3021,7580,6608,14188,2021-03-01
KT6,2275,2625,4900,11803,10380,22183,2021-03-01
KT7,512,548,1060,4029,4055,8084,2021-03-01
KT8,1147,1255,2402,7910,7568,15478,2021-03-01
KT9,1478,1618,3096,7731,6968,14699,2021-03-01
KT10,1066,1066,2132,9185,9174,18359,2021-03-01
KT11,994,1024,2018,7025,7206,14231,2021-03-01
KT12,1972,2121,4093,15108,14642,29750,2021-03-01
KT13,1109,1270,2379,10171,9904,20075,2021-03-01
KT14,680,685,1365,5387,5165,10552,2021-03-01
KT15,1376,1535,2911,11401,10669,22070,2021-03-01
KT16,937,1105,2042,7725,7286,15011,2021-03-01
KT17,1288,1288,2576,9687,8928,18615,2021-03-01
KT18,799,935,1734,6465,6517,12982,2021-03-01
KT19,2265,2596,4861,13297,12381,25678,2021-03-01
KT20,781,962,1743,8558,8405,16963,2021-03-01
KT21,490,601,1091,5403,5409,10812,2021-03-01
KT22,1228,1260,2488,9991,9519,19510,2021-03-01
KT23,392,388,780,4473,4438,8911,2021-03-01
KT24,318,303,621,3860,3906,7766,2021-03-01
KW1,481,554,1035,3786,3275,7061,2021-03-01
KW2,5,2,7,31,25,56,2021-03-01
KW3,37,42,79,405,360,765,2021-03-01
KW5,8,14,22,128,110,238,2021-03-01
KW6,14,11,25,158,112,270,2021-03-01
KW7,2,6,8,49,36,85,2021-03-01
KW8,25,40,65,316,267,583,2021-03-01
KW9,65,97,162,636,564,1200,2021-03-01
KW10,72,82,154,606,526,1132,2021-03-01
KW11,6,8,14,53,41,94,2021-03-01
KW12,49,62,111,639,584,1223,2021-03-01
KW13,2,3,5,36,31,67,2021-03-01
KW14,661,749,1410,4280,3641,7921,2021-03-01
KW15,451,533,984,2889,2659,5548,2021-03-01
KW16,161,220,381,1307,1221,2528,2021-03-01
KW17,402,436,838,3537,3220,6757,2021-03-01
KY1,1471,1838,3309,8311,6945,15256,2021-03-01
KY2,1623,2155,3778,10162,8970,19132,2021-03-01
KY3,545,685,1230,3870,3575,7445,2021-03-01
KY4,1246,1652,2898,7523,6326,13849,2021-03-01
KY5,1122,1585,2707,6422,5285,11707,2021-03-01
KY6,1104,1413,2517,6161,5389,11550,2021-03-01
KY7,1564,1856,3420,9093,8036,17129,2021-03-01
KY8,1936,2494,4430,11285,9760,21045,2021-03-01
KY9,77,77,154,709,731,1440,2021-03-01
KY10,409,506,915,3265,3074,6339,2021-03-01
KY11,3529,4200,7729,21465,19421,40886,2021-03-01
KY12,2041,2322,4363,14148,12698,26846,2021-03-01
KY13,414,458,872,4698,4626,9324,2021-03-01
KY14,242,320,562,2577,2386,4963,2021-03-01
KY15,807,1067,1874,7925,7494,15419,2021-03-01
KY16,1224,1410,2634,6210,5674,11884,2021-03-01
L1,752,630,1382,1530,914,2444,2021-03-01
L2,118,71,189,274,139,413,2021-03-01
L3,1287,1170,2457,3487,2171,5658,2021-03-01
L4,4297,5163,9460,9709,6701,16410,2021-03-01
L5,1597,1921,3518,3239,1956,5195,2021-03-01
L6,3158,3069,6227,5277,2984,8261,2021-03-01
L7,2759,2464,5223,3878,2017,5895,2021-03-01
L8,4768,4797,9565,7347,4550,11897,2021-03-01
L9,2518,3241,5759,9030,7013,16043,2021-03-01
L10,963,1336,2299,4925,4111,9036,2021-03-01
L11,2649,3611,6260,7250,5521,12771,2021-03-01
L12,1758,2258,4016,10570,9528,20098,2021-03-01
L13,2955,3431,6386,8029,5918,13947,2021-03-01
L14,2259,3162,5421,7587,6295,13882,2021-03-01
L15,2665,2769,5434,7106,5442,12548,2021-03-01
L16,742,878,1620,5292,4852,10144,2021-03-01
L17,1709,1802,3511,7067,6043,13110,2021-03-01
L18,1374,1636,3010,8760,8058,16818,2021-03-01
L19,1633,1939,3572,7555,6615,14170,2021-03-01
L20,3390,4020,7410,8294,5811,14105,2021-03-01
L21,2094,2732,4826,6772,5283,12055,2021-03-01
L22,1005,1124,2129,4354,3729,8083,2021-03-01
L23,1668,2005,3673,10829,10002,20831,2021-03-01
L24,1413,1949,3362,4687,3561,8248,2021-03-01
L25,2086,2480,4566,11481,10095,21576,2021-03-01
L26,1111,1366,2477,5085,4546,9631,2021-03-01
L27,566,822,1388,1750,1349,3099,2021-03-01
L28,679,880,1559,1692,1123,2815,2021-03-01
L29,24,22,46,205,198,403,2021-03-01
L30,1571,2093,3664,5608,4478,10086,2021-03-01
L31,1339,1509,2848,11297,10419,21716,2021-03-01
L32,1843,2429,4272,5803,4435,10238,2021-03-01
L33,1648,2233,3881,5098,3969,9067,2021-03-01
L34,716,831,1547,4687,3952,8639,2021-03-01
L35,1798,2504,4302,10300,8651,18951,2021-03-01
L36,3278,4426,7704,12435,10308,22743,2021-03-01
L37,928,1020,1948,8871,8695,17566,2021-03-01
L38,99,92,191,1021,1031,2052,2021-03-01
L39,1145,1219,2364,9757,9280,19037,2021-03-01
L40,627,669,1296,7595,7090,14685,2021-03-01
L41,109,123,232,96,49,145,2021-03-01
L42,58,42,100,70,30,100,2021-03-01
L43,84,122,206,138,105,243,2021-03-01
L44,46,30,76,60,23,83,2021-03-01
L45,20,23,43,53,36,89,2021-03-01
L46,17,24,41,64,27,91,2021-03-01
L47,15,12,27,36,29,65,2021-03-01
L48,12,13,25,45,37,82,2021-03-01
L49,23,32,55,55,44,99,2021-03-01
L52,0,1,1,0,0,0,2021-03-01
L60,6,17,23,87,80,167,2021-03-01
L61,11,12,23,39,45,84,2021-03-01
L62,27,28,55,61,41,102,2021-03-01
L63,18,18,36,75,38,113,2021-03-01
L64,26,21,47,98,88,186,2021-03-01
L65,23,24,47,52,28,80,2021-03-01
L66,25,29,54,109,87,196,2021-03-01
L67,0,1,1,0,0,0,2021-03-01
L69,17,5,22,26,6,32,2021-03-01
L71,0,1,1,0,0,0,2021-03-01
LA1,3608,4154,7762,14708,12498,27206,2021-03-01
LA2,702,788,1490,8392,8062,16454,2021-03-01
LA3,1540,1725,3265,8830,7698,16528,2021-03-01
LA4,1557,1836,3393,8509,7168,15677,2021-03-01
LA5,530,659,1189,6281,6041,12322,2021-03-01
LA6,344,414,758,5457,5419,10876,2021-03-01
LA7,148,168,316,1985,1939,3924,2021-03-01
LA8,205,248,453,3802,3627,7429,2021-03-01
LA9,1287,1536,2823,11299,10418,21717,2021-03-01
LA10,114,116,230,1364,1311,2675,2021-03-01
LA11,266,314,580,3917,3831,7748,2021-03-01
LA12,747,855,1602,7720,7127,14847,2021-03-01
LA13,1099,1298,2397,6633,5837,12470,2021-03-01
LA14,2682,3108,5790,11382,9154,20536,2021-03-01
LA15,356,459,815,2714,2396,5110,2021-03-01
LA16,111,135,246,1310,1145,2455,2021-03-01
LA17,24,39,63,485,448,933,2021-03-01
LA18,381,485,866,2790,2353,5143,2021-03-01
LA19,21,42,63,417,384,801,2021-03-01
LA20,21,35,56,514,495,1009,2021-03-01
LA21,33,43,76,404,373,777,2021-03-01
LA22,238,246,484,1781,1626,3407,2021-03-01
LA23,459,463,922,3223,2912,6135,2021-03-01
LD0,0,0,0,1,0,1,2021-03-01
LD1,377,473,850,4368,3944,8312,2021-03-01
LD2,164,183,347,2139,1999,4138,2021-03-01
LD3,782,846,1628,7411,6825,14236,2021-03-01
LD4,21,23,44,305,290,595,2021-03-01
LD5,28,38,66,431,390,821,2021-03-01
LD6,82,131,213,1062,956,2018,2021-03-01
LD7,136,179,315,1799,1620,3419,2021-03-01
LD8,106,139,245,1780,1669,3449,2021-03-01
LE1,2017,1803,3820,2847,1413,4260,2021-03-01
LE2,10121,11106,21227,34753,27464,62217,2021-03-01
LE3,8910,10067,18977,32403,24448,56851,2021-03-01
LE4,10532,12515,23047,31883,23626,55509,2021-03-01
LE5,9758,11018,20776,28045,20447,48492,2021-03-01
LE6,361,474,835,4670,4354,9024,2021-03-01
LE7,1537,1894,3431,19143,17936,37079,2021-03-01
LE8,1151,1454,2605,14829,14375,29204,2021-03-01
LE9,1976,2464,4440,22394,20694,43088,2021-03-01
LE10,1958,2301,4259,19458,17542,37000,2021-03-01
LE11,4221,4265,8486,19162,14745,33907,2021-03-01
LE12,2231,2775,5006,25444,24038,49482,2021-03-01
LE13,1179,1464,2643,9768,8608,18376,2021-03-01
LE14,453,558,1011,7331,7037,14368,2021-03-01
LE15,1113,1411,2524,12873,12152,25025,2021-03-01
LE16,1324,1532,2856,13944,13315,27259,2021-03-01
LE17,665,764,1429,9039,8486,17525,2021-03-01
LE18,1527,1981,3508,11530,10103,21633,2021-03-01
LE19,518,706,1224,5886,5605,11491,2021-03-01
LE61,0,0,0,1,0,1,2021-03-01
LE62,0,1,1,0,0,0,2021-03-01
LE65,599,690,1289,6257,5792,12049,2021-03-01
LE67,2493,3145,5638,23389,20663,44052,2021-03-01
LL1,2,1,3,7,5,12,2021-03-01
LL2,0,0,0,3,0,3,2021-03-01
LL10,0,0,0,1,0,1,2021-03-01
LL11,1981,2498,4479,13087,11240,24327,2021-03-01
LL12,1272,1458,2730,10318,9388,19706,2021-03-01
LL13,2442,2778,5220,10715,8751,19466,2021-03-01
LL14,1784,2542,4326,10800,9045,19845,2021-03-01
LL15,413,479,892,3937,3743,7680,2021-03-01
LL16,701,841,1542,5477,5090,10567,2021-03-01
LL17,187,238,425,2073,2002,4075,2021-03-01
LL18,2719,3355,6074,13609,11774,25383,2021-03-01
LL19,1013,1311,2324,7018,6239,13257,2021-03-01
LL20,393,378,771,3087,2726,5813,2021-03-01
LL21,223,273,496,2541,2266,4807,2021-03-01
LL22,719,910,1629,6759,6176,12935,2021-03-01
LL23,143,144,287,1549,1345,2894,2021-03-01
LL24,56,80,136,830,697,1527,2021-03-01
LL25,28,12,40,186,178,364,2021-03-01
LL26,196,237,433,1573,1368,2941,2021-03-01
LL27,35,50,85,311,270,581,2021-03-01
LL28,533,662,1195,5009,4776,9785,2021-03-01
LL29,1282,1496,2778,6697,5882,12579,2021-03-01
LL30,1186,1413,2599,7111,6292,13403,2021-03-01
LL31,430,521,951,3538,3393,6931,2021-03-01
LL32,314,386,700,2458,2287,4745,2021-03-01
LL33,201,228,429,1349,1272,2621,2021-03-01
LL34,197,286,483,1509,1403,2912,2021-03-01
LL35,23,29,52,294,241,535,2021-03-01
LL36,149,216,365,1617,1425,3042,2021-03-01
LL37,16,19,35,237,185,422,2021-03-01
LL38,18,37,55,268,217,485,2021-03-01
LL39,9,17,26,86,69,155,2021-03-01
LL40,160,204,364,1552,1366,2918,2021-03-01
LL41,329,433,762,2058,1714,3772,2021-03-01
LL42,146,178,324,761,636,1397,2021-03-01
LL43,15,16,31,206,190,396,2021-03-01
LL44,24,34,58,364,364,728,2021-03-01
LL45,28,18,46,237,212,449,2021-03-01
LL46,59,64,123,658,612,1270,2021-03-01
LL47,14,34,48,225,199,424,2021-03-01
LL48,105,121,226,878,802,1680,2021-03-01
LL49,230,218,448,1474,1226,2700,2021-03-01
LL51,26,29,55,330,288,618,2021-03-01
LL52,89,101,190,971,934,1905,2021-03-01
LL53,547,616,1163,5966,5463,11429,2021-03-01
LL54,484,521,1005,4023,3669,7692,2021-03-01
LL55,1078,1271,2349,7137,6447,13584,2021-03-01
LL56,114,98,212,830,779,1609,2021-03-01
LL57,1914,1943,3857,7421,6322,13743,2021-03-01
LL58,151,202,353,1370,1234,2604,2021-03-01
LL59,287,260,547,2002,1924,3926,2021-03-01
LL60,110,128,238,1165,1085,2250,2021-03-01
LL61,219,234,453,2220,2138,4358,2021-03-01
LL62,73,54,127,700,643,1343,2021-03-01
LL63,57,59,116,488,446,934,2021-03-01
LL64,33,28,61,305,269,574,2021-03-01
LL65,1343,1578,2921,8079,7031,15110,2021-03-01
LL66,7,8,15,103,100,203,2021-03-01
LL67,54,82,136,492,441,933,2021-03-01
LL68,263,336,599,2242,1969,4211,2021-03-01
LL69,26,31,57,281,227,508,2021-03-01
LL70,9,13,22,115,118,233,2021-03-01
LL71,69,80,149,693,637,1330,2021-03-01
LL72,38,47,85,262,232,494,2021-03-01
LL73,1,2,3,95,94,189,2021-03-01
LL74,76,70,146,939,905,1844,2021-03-01
LL75,53,45,98,545,521,1066,2021-03-01
LL76,10,11,21,122,107,229,2021-03-01
LL77,308,415,723,2484,2303,4787,2021-03-01
LL78,18,19,37,191,205,396,2021-03-01
LN1,1367,1509,2876,9585,8465,18050,2021-03-01
LN2,2393,2802,5195,13166,11460,24626,2021-03-01
LN3,321,382,703,3844,3532,7376,2021-03-01
LN4,1363,1726,3089,15126,13809,28935,2021-03-01
LN5,2110,2259,4369,11201,9295,20496,2021-03-01
LN6,2743,3352,6095,21216,19198,40414,2021-03-01
LN7,214,257,471,2554,2373,4927,2021-03-01
LN8,584,729,1313,6920,6284,13204,2021-03-01
LN9,357,413,770,3816,3500,7316,2021-03-01
LN10,151,189,340,2456,2280,4736,2021-03-01
LN11,1143,1401,2544,10823,10093,20916,2021-03-01
LN12,608,716,1324,4812,3885,8697,2021-03-01
LN13,339,379,718,3143,2860,6003,2021-03-01
LS0,0,1,1,0,0,0,2021-03-01
LS1,325,321,646,856,485,1341,2021-03-01
LS2,1018,839,1857,1360,672,2032,2021-03-01
LS3,359,360,719,530,295,825,2021-03-01
LS4,878,879,1757,2202,1571,3773,2021-03-01
LS5,637,796,1433,2349,1868,4217,2021-03-01
LS6,3495,3411,6906,8508,6361,14869,2021-03-01
LS7,3304,3766,7070,8445,6760,15205,2021-03-01
LS8,5006,5355,10361,14861,11619,26480,2021-03-01
LS9,4847,5554,10401,9259,5255,14514,2021-03-01
LS10,3157,4214,7371,10303,7505,17808,2021-03-01
LS11,4262,4736,8998,9229,5451,14680,2021-03-01
LS12,3475,4181,7656,12096,8830,20926,2021-03-01
LS13,2712,3589,6301,10799,8701,19500,2021-03-01
LS14,2854,3816,6670,10481,8446,18927,2021-03-01
LS15,1942,2325,4267,12424,10765,23189,2021-03-01
LS16,1875,2226,4101,12965,12100,25065,2021-03-01
LS17,1901,2525,4426,16570,15505,32075,2021-03-01
LS18,1345,1140,2485,8135,7066,15201,2021-03-01
LS19,881,1075,1956,7282,6815,14097,2021-03-01
LS20,535,606,1141,4708,4494,9202,2021-03-01
LS21,763,903,1666,6804,6462,13266,2021-03-01
LS22,509,594,1103,6442,6328,12770,2021-03-01
LS23,306,321,627,3393,3401,6794,2021-03-01
LS24,389,496,885,4658,4402,9060,2021-03-01
LS25,1678,2231,3909,15443,14144,29587,2021-03-01
LS26,1390,1927,3317,10831,9756,20587,2021-03-01
LS27,1978,2600,4578,12767,10785,23552,2021-03-01
LS28,1875,2507,4382,14092,12792,26884,2021-03-01
LS29,1119,1245,2364,12465,12337,24802,2021-03-01
LS42,0,0,0,0,1,1,2021-03-01
LU1,7004,6063,13067,15084,9395,24479,2021-03-01
LU2,4571,5265,9836,21769,17295,39064,2021-03-01
LU3,5624,6820,12444,21637,15951,37588,2021-03-01
LU4,5675,6879,12554,17867,12108,29975,2021-03-01
LU5,2338,2956,5294,15036,12362,27398,2021-03-01
LU6,1419,1757,3176,13384,11812,25196,2021-03-01
LU7,2290,2720,5010,22946,21060,44006,2021-03-01
M0,17,7,24,22,10,32,2021-03-01
M1,1130,818,1948,2534,1249,3783,2021-03-01
M2,17,13,30,56,27,83,2021-03-01
M3,1314,1162,2476,3915,2261,6176,2021-03-01
M4,1210,1032,2242,3850,2504,6354,2021-03-01
M4,0,0,0,1,0,1,2021-03-01
M4,0,0,0,1,0,1,2021-03-01
M5,2058,2103,4161,4940,3217,8157,2021-03-01
M6,3601,3577,7178,9621,6833,16454,2021-03-01
M7,3756,3228,6984,8300,5528,13828,2021-03-01
M8,5199,4719,9918,10091,5770,15861,2021-03-01
M9,4487,5428,9915,11218,8257,19475,2021-03-01
M10,81,66,147,62,19,81,2021-03-01
M11,2899,3439,6338,5817,3925,9742,2021-03-01
M12,3330,2836,6166,4925,2663,7588,2021-03-01
M13,4157,3381,7538,5922,3084,9006,2021-03-01
M14,6761,5725,12486,10630,6455,17085,2021-03-01
M15,2848,2285,5133,5554,3066,8620,2021-03-01
M16,4134,4354,8488,11237,8378,19615,2021-03-01
M17,3,5,8,13,4,17,2021-03-01
M18,2933,3405,6338,6204,4123,10327,2021-03-01
M19,4185,4183,8368,11261,8292,19553,2021-03-01
M20,3622,3912,7534,15612,13670,29282,2021-03-01
M21,2296,2565,4861,9777,8738,18515,2021-03-01
M22,4040,4907,8947,12160,9544,21704,2021-03-01
M23,2686,3299,5985,9310,7791,17101,2021-03-01
M24,3531,4242,7773,15661,12818,28479,2021-03-01
M25,2056,2329,4385,10830,9453,20283,2021-03-01
M26,2214,2753,4967,11938,10314,22252,2021-03-01
M27,2579,3032,5611,13507,11651,25158,2021-03-01
M28,2033,2343,4376,15140,13881,29021,2021-03-01
M29,1065,1238,2303,8671,7923,16594,2021-03-01
M30,2990,3367,6357,11933,9337,21270,2021-03-01
M31,745,908,1653,2471,2121,4592,2021-03-01
M32,2247,2617,4864,9368,8108,17476,2021-03-01
M33,3144,3487,6631,22047,20348,42395,2021-03-01
M34,2777,3289,6066,16107,13885,29992,2021-03-01
M35,1386,1625,3011,6792,5737,12529,2021-03-01
M38,1230,1646,2876,3663,2752,6415,2021-03-01
M39,0,1,1,1,0,1,2021-03-01
M40,4695,5511,10206,11919,8582,20501,2021-03-01
M41,2033,2283,4316,14888,13992,28880,2021-03-01
M43,1542,2113,3655,7710,6190,13900,2021-03-01
M44,1156,1470,2626,6642,5649,12291,2021-03-01
M45,1401,1704,3105,7728,7024,14752,2021-03-01
M46,1226,1487,2713,7479,6291,13770,2021-03-01
M47,1,0,1,0,0,0,2021-03-01
M50,390,380,770,1561,954,2515,2021-03-01
M51,0,0,0,1,0,1,2021-03-01
M52,0,0,0,1,0,1,2021-03-01
M54,0,0,0,1,0,1,2021-03-01
M60,38,16,54,61,14,75,2021-03-01
M61,0,0,0,1,1,2,2021-03-01
M70,4,0,4,4,1,5,2021-03-01
M73,0,0,0,1,0,1,2021-03-01
M74,0,0,0,2,0,2,2021-03-01
M87,0,1,1,0,0,0,2021-03-01
M90,1,0,1,1,0,1,2021-03-01
ME1,1924,2380,4304,11232,9765,20997,2021-03-01
ME2,2420,3027,5447,14923,12887,27810,2021-03-01
ME3,1175,1412,2587,11440,10561,22001,2021-03-01
ME4,3072,3294,6366,10047,7268,17315,2021-03-01
ME5,2645,3480,6125,18867,16663,35530,2021-03-01
ME6,536,688,1224,3994,3697,7691,2021-03-01
ME7,4171,5101,9272,16744,13373,30117,2021-03-01
ME8,2299,2772,5071,18423,16775,35198,2021-03-01
ME9,885,989,1874,9015,8351,17366,2021-03-01
ME10,2914,3417,6331,17318,15012,32330,2021-03-01
ME11,295,373,668,1216,972,2188,2021-03-01
ME12,2289,2896,5185,13846,11495,25341,2021-03-01
ME13,1441,1716,3157,10105,9334,19439,2021-03-01
ME14,1637,1806,3443,12280,10511,22791,2021-03-01
ME15,2826,3404,6230,18382,15769,34151,2021-03-01
ME16,1685,2111,3796,12068,10421,22489,2021-03-01
ME17,871,976,1847,10528,9700,20228,2021-03-01
ME18,244,271,515,2947,2749,5696,2021-03-01
ME19,817,978,1795,9275,9159,18434,2021-03-01
ME20,873,1000,1873,8004,7556,15560,2021-03-01
ME21,0,0,0,1,0,1,2021-03-01
ME22,0,0,0,1,0,1,2021-03-01
ME24,0,1,1,2,4,6,2021-03-01
ME37,0,0,0,0,1,1,2021-03-01
ME38,0,0,0,1,0,1,2021-03-01
ME50,0,0,0,1,0,1,2021-03-01
MK1,71,64,135,297,163,460,2021-03-01
MK2,1521,1956,3477,4983,3716,8699,2021-03-01
MK3,1518,1937,3455,9231,8189,17420,2021-03-01
MK4,1268,1579,2847,8196,7668,15864,2021-03-01
MK5,993,1137,2130,5604,5098,10702,2021-03-01
MK6,3837,4322,8159,9085,6236,15321,2021-03-01
MK7,860,1015,1875,5630,5090,10720,2021-03-01
MK8,809,1064,1873,5127,4546,9673,2021-03-01
MK9,596,496,1092,1410,701,2111,2021-03-01
MK10,1172,1483,2655,7235,6570,13805,2021-03-01
MK11,565,760,1325,3443,3096,6539,2021-03-01
MK12,1232,1447,2679,4767,3676,8443,2021-03-01
MK13,1686,1927,3613,6684,5318,12002,2021-03-01
MK14,1905,2259,4164,7560,5848,13408,2021-03-01
MK15,424,454,878,2750,2599,5349,2021-03-01
MK16,782,943,1725,7235,6755,13990,2021-03-01
MK17,591,669,1260,7900,7818,15718,2021-03-01
MK18,1634,1685,3319,12938,12454,25392,2021-03-01
MK19,416,476,892,4883,4637,9520,2021-03-01
MK20,0,1,1,0,0,0,2021-03-01
MK34,1,0,1,1,0,1,2021-03-01
MK40,3225,3158,6383,12166,9132,21298,2021-03-01
MK41,2501,2841,5342,15272,13918,29190,2021-03-01
MK42,3763,4947,8710,17729,14257,31986,2021-03-01
MK43,1563,1535,3098,15434,14915,30349,2021-03-01
MK44,489,519,1008,6734,6597,13331,2021-03-01
MK45,1674,1838,3512,18879,17962,36841,2021-03-01
MK46,286,358,644,3626,3511,7137,2021-03-01
ML1,3449,4414,7863,18537,15488,34025,2021-03-01
ML2,2445,2985,5430,12311,10258,22569,2021-03-01
ML3,3206,3963,7169,17456,14860,32316,2021-03-01
ML4,1564,2050,3614,6722,5469,12191,2021-03-01
ML5,3110,3877,6987,14264,11779,26043,2021-03-01
ML6,3177,4084,7261,18066,15435,33501,2021-03-01
ML7,808,1077,1885,5014,4193,9207,2021-03-01
ML8,737,1040,1777,7112,6554,13666,2021-03-01
ML9,1286,1735,3021,8037,7015,15052,2021-03-01
ML10,448,516,964,4357,4215,8572,2021-03-01
ML11,1438,1982,3420,12488,11127,23615,2021-03-01
ML12,251,427,678,3549,3264,6813,2021-03-01
N0,1,0,1,1,0,1,2021-03-01
N1,11450,12599,24049,25813,18798,44611,2021-03-01
N1,97,143,240,274,198,472,2021-03-01
N1,0,1,1,0,1,1,2021-03-01
N1,0,1,1,0,0,0,2021-03-01
N1,1,0,1,0,0,0,2021-03-01
N1,0,0,0,0,1,1,2021-03-01
N2,2409,2620,5029,9043,8016,17059,2021-03-01
N2,0,0,0,0,1,1,2021-03-01
N3,2678,2940,5618,11501,9812,21313,2021-03-01
N4,7965,7613,15578,15707,11009,26716,2021-03-01
N5,2720,2982,5702,7678,6167,13845,2021-03-01
N6,1618,1904,3522,7018,6270,13288,2021-03-01
N7,6536,6849,13385,13267,9225,22492,2021-03-01
N8,5165,5114,10279,13289,10609,23898,2021-03-01
N9,7690,8818,16508,15487,10901,26388,2021-03-01
N10,2758,3123,5881,9278,8188,17466,2021-03-01
N11,3347,3667,7014,10859,8242,19101,2021-03-01
N12,2946,3304,6250,12351,10373,22724,2021-03-01
N13,3657,3706,7363,12273,9358,21631,2021-03-01
N14,2305,2713,5018,12070,10094,22164,2021-03-01
N15,8925,7873,16798,13610,7922,21532,2021-03-01
N16,9859,9170,19029,17726,11883,29609,2021-03-01
N17,13193,12890,26083,18967,11602,30569,2021-03-01
N18,5346,5892,11238,9797,6524,16321,2021-03-01
N19,4581,5235,9816,9869,7677,17546,2021-03-01
N20,1504,1661,3165,8005,7318,15323,2021-03-01
N21,1451,1625,3076,8967,8212,17179,2021-03-01
N22,7100,6706,13806,14673,9695,24368,2021-03-01
NE1,975,718,1693,1852,822,2674,2021-03-01
NE2,1658,1442,3100,5483,4010,9493,2021-03-01
NE2,0,0,0,1,0,1,2021-03-01
NE3,3171,3918,7089,17598,15314,32912,2021-03-01
NE4,5645,4764,10409,9370,4958,14328,2021-03-01
NE5,3310,4485,7795,14361,11094,25455,2021-03-01
NE6,4807,5393,10200,11779,8234,20013,2021-03-01
NE7,869,1080,1949,5182,4402,9584,2021-03-01
NE8,3390,3315,6705,8215,4891,13106,2021-03-01
NE9,2322,3052,5374,10969,8722,19691,2021-03-01
NE10,2489,3263,5752,9834,7220,17054,2021-03-01
NE11,992,1337,2329,5059,3934,8993,2021-03-01
NE12,2073,2767,4840,11405,9742,21147,2021-03-01
NE13,670,807,1477,6596,6231,12827,2021-03-01
NE15,2339,2975,5314,10098,7989,18087,2021-03-01
NE16,1058,1475,2533,8661,7595,16256,2021-03-01
NE17,277,351,628,1467,1220,2687,2021-03-01
NE18,24,28,52,384,368,752,2021-03-01
NE19,43,77,120,841,810,1651,2021-03-01
NE20,359,383,742,5073,5020,10093,2021-03-01
NE21,988,1334,2322,5624,4516,10140,2021-03-01
NE22,907,1108,2015,6012,5267,11279,2021-03-01
NE23,1977,2716,4693,13507,11571,25078,2021-03-01
NE24,2232,3079,5311,12465,10418,22883,2021-03-01
NE25,1310,1607,2917,10732,10026,20758,2021-03-01
NE26,925,994,1919,6797,6387,13184,2021-03-01
NE27,752,1046,1798,5043,4494,9537,2021-03-01
NE28,3353,4418,7771,13360,10474,23834,2021-03-01
NE29,2649,3287,5936,10133,8284,18417,2021-03-01
NE30,943,1120,2063,7778,7231,15009,2021-03-01
NE31,1400,1766,3166,6620,5455,12075,2021-03-01
NE32,1706,2230,3936,7288,5758,13046,2021-03-01
NE33,2368,2288,4656,7863,5561,13424,2021-03-01
NE34,3365,4352,7717,15356,12673,28029,2021-03-01
NE35,381,499,880,2060,1692,3752,2021-03-01
NE36,270,323,593,2425,2328,4753,2021-03-01
NE37,1431,1998,3429,5813,4560,10373,2021-03-01
NE38,1902,2537,4439,10654,9023,19677,2021-03-01
NE39,374,533,907,3027,2621,5648,2021-03-01
NE40,691,1025,1716,5298,4643,9941,2021-03-01
NE41,79,72,151,884,825,1709,2021-03-01
NE42,610,865,1475,4259,3895,8154,2021-03-01
NE43,125,153,278,1755,1732,3487,2021-03-01
NE44,28,26,54,413,420,833,2021-03-01
NE45,111,142,253,1390,1390,2780,2021-03-01
NE46,635,785,1420,5539,5293,10832,2021-03-01
NE47,259,304,563,3062,2913,5975,2021-03-01
NE48,128,185,313,1720,1534,3254,2021-03-01
NE49,162,274,436,1553,1247,2800,2021-03-01
NE55,0,0,0,1,0,1,2021-03-01
NE61,1232,1643,2875,12586,11766,24352,2021-03-01
NE62,439,577,1016,3142,2702,5844,2021-03-01
NE63,1785,2303,4088,8635,6938,15573,2021-03-01
NE64,364,505,869,1843,1433,3276,2021-03-01
NE65,697,915,1612,7794,7254,15048,2021-03-01
NE66,598,815,1413,6570,6053,12623,2021-03-01
NE67,25,18,43,369,373,742,2021-03-01
NE68,55,68,123,688,623,1311,2021-03-01
NE69,9,10,19,130,143,273,2021-03-01
NE70,58,73,131,690,665,1355,2021-03-01
NE71,88,117,205,1160,1059,2219,2021-03-01
NE99,4,0,4,4,0,4,2021-03-01
NG1,1207,1052,2259,2097,1128,3225,2021-03-01
NG1,0,0,0,0,1,1,2021-03-01
NG2,4320,4648,8968,18382,15272,33654,2021-03-01
NG3,4200,5183,9383,14702,11370,26072,2021-03-01
NG4,2241,2914,5155,13723,11858,25581,2021-03-01
NG5,6149,8106,14255,27262,23147,50409,2021-03-01
NG6,3150,4286,7436,10497,8150,18647,2021-03-01
NG7,6315,5798,12113,10539,5635,16174,2021-03-01
NG8,5287,7142,12429,18884,14797,33681,2021-03-01
NG9,4267,4861,9128,24576,21189,45765,2021-03-01
NG10,2561,3148,5709,16271,14112,30383,2021-03-01
NG11,2475,3115,5590,12048,10017,22065,2021-03-01
NG12,1315,1586,2901,13160,12478,25638,2021-03-01
NG13,718,821,1539,8376,8080,16456,2021-03-01
NG14,610,770,1380,7446,7053,14499,2021-03-01
NG15,2019,2726,4745,15404,13554,28958,2021-03-01
NG16,2829,3643,6472,23060,20173,43233,2021-03-01
NG17,3992,4888,8880,24522,20742,45264,2021-03-01
NG18,2790,2993,5783,14408,12106,26514,2021-03-01
NG19,2733,3419,6152,18293,15511,33804,2021-03-01
NG20,1613,2176,3789,8856,6985,15841,2021-03-01
NG21,1013,1312,2325,8517,7654,16171,2021-03-01
NG22,1196,1476,2672,10368,9329,19697,2021-03-01
NG23,460,506,966,7480,7322,14802,2021-03-01
NG24,2604,3212,5816,16349,13789,30138,2021-03-01
NG25,312,358,670,3289,3294,6583,2021-03-01
NG31,2585,3245,5830,16014,13455,29469,2021-03-01
NG32,408,449,857,5459,5198,10657,2021-03-01
NG33,316,365,681,4019,3786,7805,2021-03-01
NG34,1676,1907,3583,15800,14684,30484,2021-03-01
NG36,0,0,0,1,0,1,2021-03-01
NG54,0,1,1,0,0,0,2021-03-01
NG56,0,0,0,1,0,1,2021-03-01
NN1,4247,3699,7946,10386,6439,16825,2021-03-01
NN2,3285,3387,6672,13827,10954,24781,2021-03-01
NN3,5551,6754,12305,26860,22373,49233,2021-03-01
NN4,2755,3269,6024,18369,16296,34665,2021-03-01
NN5,2728,3260,5988,14899,12166,27065,2021-03-01
NN6,1080,1180,2260,14813,14315,29128,2021-03-01
NN7,900,1029,1929,11929,11432,23361,2021-03-01
NN8,3891,4515,8406,18145,14489,32634,2021-03-01
NN9,1111,1339,2450,10767,9739,20506,2021-03-01
NN10,1806,2174,3980,14837,13295,28132,2021-03-01
NN11,1974,2508,4482,15280,13085,28365,2021-03-01
NN12,857,995,1852,10451,9756,20207,2021-03-01
NN13,694,832,1526,8377,7857,16234,2021-03-01
NN14,1500,1772,3272,17732,16639,34371,2021-03-01
NN15,1661,2051,3712,14530,13272,27802,2021-03-01
NN16,2393,2759,5152,10304,7688,17992,2021-03-01
NN17,2185,2547,4732,10949,8767,19716,2021-03-01
NN18,3058,3668,6726,12580,9942,22522,2021-03-01
NN28,1,0,1,0,0,0,2021-03-01
NN29,402,454,856,4443,4203,8646,2021-03-01
NO3,0,1,1,0,0,0,2021-03-01
NP0,0,0,0,0,1,1,2021-03-01
NP1,82,87,169,189,127,316,2021-03-01
NP1,0,0,0,0,1,1,2021-03-01
NP2,29,26,55,110,62,172,2021-03-01
NP3,35,39,74,100,59,159,2021-03-01
NP4,1962,2628,4590,15646,13828,29474,2021-03-01
NP5,11,13,24,39,32,71,2021-03-01
NP6,32,30,62,127,73,200,2021-03-01
NP7,990,1204,2194,10089,9609,19698,2021-03-01
NP8,154,202,356,2097,2066,4163,2021-03-01
NP9,67,41,108,152,66,218,2021-03-01
NP10,1042,1272,2314,9233,8821,18054,2021-03-01
NP11,1861,2387,4248,12433,10606,23039,2021-03-01
NP12,1573,2024,3597,11387,10043,21430,2021-03-01
NP13,996,1404,2400,6361,5004,11365,2021-03-01
NP15,142,172,314,3185,3073,6258,2021-03-01
NP16,933,1117,2050,8980,8286,17266,2021-03-01
NP18,600,732,1332,6488,6119,12607,2021-03-01
NP19,4224,4960,9184,17248,13663,30911,2021-03-01
NP20,3850,4516,8366,16364,13048,29412,2021-03-01
NP21,0,0,0,1,0,1,2021-03-01
NP22,1207,1609,2816,6990,5731,12721,2021-03-01
NP23,1687,2240,3927,10772,8831,19603,2021-03-01
NP24,327,393,720,1409,1069,2478,2021-03-01
NP25,577,620,1197,6078,5729,11807,2021-03-01
NP26,841,1056,1897,8836,8119,16955,2021-03-01
NP42,0,0,0,1,0,1,2021-03-01
NP44,2618,3289,5907,16344,14278,30622,2021-03-01
NR0,0,0,0,0,1,1,2021-03-01
NR1,2098,2225,4323,8627,6606,15233,2021-03-01
NR2,1845,2120,3965,7792,6790,14582,2021-03-01
NR3,2824,3022,5846,10363,7955,18318,2021-03-01
NR4,1305,1514,2819,7050,6508,13558,2021-03-01
NR5,2122,2526,4648,8793,7348,16141,2021-03-01
NR6,950,1180,2130,9070,8131,17201,2021-03-01
NR7,1353,1615,2968,12376,11270,23646,2021-03-01
NR8,703,844,1547,8295,7949,16244,2021-03-01
NR9,524,616,1140,7237,7088,14325,2021-03-01
NR10,685,832,1517,9015,8619,17634,2021-03-01
NR11,580,714,1294,7212,6896,14108,2021-03-01
NR12,652,713,1365,8411,7822,16233,2021-03-01
NR13,795,889,1684,10846,10571,21417,2021-03-01
NR14,841,831,1672,10274,9999,20273,2021-03-01
NR15,477,562,1039,6245,6055,12300,2021-03-01
NR16,342,408,750,5088,4908,9996,2021-03-01
NR17,611,672,1283,6537,6054,12591,2021-03-01
NR18,717,834,1551,7359,7116,14475,2021-03-01
NR19,872,1054,1926,7183,6488,13671,2021-03-01
NR20,618,683,1301,7617,7231,14848,2021-03-01
NR21,545,682,1227,6181,5684,11865,2021-03-01
NR22,37,52,89,327,319,646,2021-03-01
NR23,125,138,263,1070,986,2056,2021-03-01
NR24,142,151,293,1724,1645,3369,2021-03-01
NR25,331,336,667,3207,3063,6270,2021-03-01
NR26,326,385,711,2881,2701,5582,2021-03-01
NR27,530,586,1116,4039,3714,7753,2021-03-01
NR28,694,771,1465,6251,5931,12182,2021-03-01
NR29,682,822,1504,8285,7639,15924,2021-03-01
NR30,2601,2693,5294,9062,6628,15690,2021-03-01
NR31,2774,3326,6100,16911,14424,31335,2021-03-01
NR32,2276,2503,4779,13332,11587,24919,2021-03-01
NR33,1860,2149,4009,13722,12299,26021,2021-03-01
NR34,758,936,1694,8436,7785,16221,2021-03-01
NR35,393,473,866,4166,3858,8024,2021-03-01
NW0,3,1,4,2,1,3,2021-03-01
NW1,7744,8404,16148,16129,10805,26934,2021-03-01
NW1,0,1,1,0,0,0,2021-03-01
NW2,12359,10953,23312,25533,16740,42273,2021-03-01
NW3,5281,6128,11409,19448,16353,35801,2021-03-01
NW4,4203,4215,8418,13400,10139,23539,2021-03-01
NW5,3656,4206,7862,8239,6572,14811,2021-03-01
NW5,0,1,1,0,0,0,2021-03-01
NW6,9298,9382,18680,22021,17028,39049,2021-03-01
NW7,2249,2657,4906,10726,9421,20147,2021-03-01
NW8,4321,5163,9484,12244,9374,21618,2021-03-01
NW9,10745,10583,21328,27492,18367,45859,2021-03-01
NW10,18846,17131,35977,30733,20174,50907,2021-03-01
NW11,3933,3802,7735,13848,12001,25849,2021-03-01
NW12,3,1,4,0,1,1,2021-03-01
NW13,0,1,1,2,1,3,2021-03-01
NW14,1,0,1,1,0,1,2021-03-01
NW15,0,0,0,2,0,2,2021-03-01
NW16,4,1,5,3,0,3,2021-03-01
NW17,0,0,0,2,1,3,2021-03-01
NW18,1,0,1,1,1,2,2021-03-01
NW19,0,1,1,1,1,2,2021-03-01
NW20,1,1,2,1,0,1,2021-03-01
NW21,1,0,1,0,0,0,2021-03-01
NW22,1,0,1,2,0,2,2021-03-01
NW24,1,0,1,0,0,0,2021-03-01
NW25,0,0,0,0,1,1,2021-03-01
NW26,1,1,2,0,0,0,2021-03-01
NW28,0,0,0,0,1,1,2021-03-01
NW41,1,0,1,0,0,0,2021-03-01
NW43,0,0,0,1,0,1,2021-03-01
NW44,2,0,2,0,0,0,2021-03-01
NW51,1,0,1,0,0,0,2021-03-01
NW70,1,0,1,0,0,0,2021-03-01
NW77,0,1,1,0,0,0,2021-03-01
NW96,0,0,0,1,0,1,2021-03-01
NW99,2,0,2,0,0,0,2021-03-01
OL0,1,0,1,0,0,0,2021-03-01
OL1,2297,2645,4942,6055,4374,10429,2021-03-01
OL1,1,0,1,0,0,0,2021-03-01
OL2,2201,2652,4853,14244,12519,26763,2021-03-01
OL3,589,578,1167,5963,5765,11728,2021-03-01
OL4,3189,3869,7058,14231,11198,25429,2021-03-01
OL5,590,743,1333,3955,3505,7460,2021-03-01
OL6,2354,2798,5152,9162,6824,15986,2021-03-01
OL7,1300,1665,2965,5334,4029,9363,2021-03-01
OL8,3944,4879,8823,11590,7762,19352,2021-03-01
OL9,3372,3886,7258,12759,9560,22319,2021-03-01
OL10,2057,2488,4545,9154,7609,16763,2021-03-01
OL11,3465,4253,7718,14655,11641,26296,2021-03-01
OL12,2962,3648,6610,15214,12803,28017,2021-03-01
OL13,918,1130,2048,5532,4813,10345,2021-03-01
OL14,871,1157,2028,5190,4676,9866,2021-03-01
OL15,662,777,1439,5404,4879,10283,2021-03-01
OL16,2903,3429,6332,12137,9635,21772,2021-03-01
OX0,1,1,2,0,0,0,2021-03-01
OX1,1835,1523,3358,6038,4688,10726,2021-03-01
OX2,3311,3489,6800,13143,12037,25180,2021-03-01
OX3,3911,4613,8524,13376,11102,24478,2021-03-01
OX4,6680,6715,13395,17708,13489,31197,2021-03-01
OX5,1558,1588,3146,9012,8082,17094,2021-03-01
OX6,32,25,57,63,57,120,2021-03-01
OX7,951,1138,2089,9339,9045,18384,2021-03-01
OX8,47,44,91,137,105,242,2021-03-01
OX9,639,690,1329,5917,5677,11594,2021-03-01
OX10,1237,1394,2631,10247,9691,19938,2021-03-01
OX11,1873,2391,4264,15253,13603,28856,2021-03-01
OX12,1178,1429,2607,10743,9842,20585,2021-03-01
OX13,549,723,1272,6020,5702,11722,2021-03-01
OX14,2346,2713,5059,16663,14913,31576,2021-03-01
OX15,689,758,1447,8383,8245,16628,2021-03-01
OX16,3308,4066,7374,17047,13553,30600,2021-03-01
OX17,530,643,1173,7340,7135,14475,2021-03-01
OX18,980,1279,2259,9777,8955,18732,2021-03-01
OX20,211,272,483,1888,1932,3820,2021-03-01
OX23,0,0,0,1,0,1,2021-03-01
OX25,413,554,967,4308,4182,8490,2021-03-01
OX26,2012,2478,4490,12905,11285,24190,2021-03-01
OX27,264,331,595,2880,2832,5712,2021-03-01
OX28,1410,1654,3064,9702,8884,18586,2021-03-01
OX29,961,1103,2064,9968,9632,19600,2021-03-01
OX33,323,354,677,3090,2925,6015,2021-03-01
OX39,214,263,477,3288,3180,6468,2021-03-01
OX44,246,379,625,3323,3203,6526,2021-03-01
OX49,137,169,306,1688,1707,3395,2021-03-01
PA0,0,0,0,1,0,1,2021-03-01
PA1,1677,1729,3406,6872,5482,12354,2021-03-01
PA2,2416,3075,5491,12945,11419,24364,2021-03-01
PA3,2084,2508,4592,6793,5363,12156,2021-03-01
PA4,1486,1833,3319,8420,7351,15771,2021-03-01
PA5,1476,1907,3383,6965,5918,12883,2021-03-01
PA6,173,232,405,2609,2588,5197,2021-03-01
PA7,236,300,536,3356,3233,6589,2021-03-01
PA8,780,959,1739,5183,4737,9920,2021-03-01
PA9,68,94,162,733,685,1418,2021-03-01
PA10,151,200,351,1430,1379,2809,2021-03-01
PA11,236,278,514,2189,2185,4374,2021-03-01
PA12,158,190,348,1252,1195,2447,2021-03-01
PA13,164,166,330,1758,1805,3563,2021-03-01
PA14,1256,1561,2817,4651,3941,8592,2021-03-01
PA15,1425,1661,3086,4374,3479,7853,2021-03-01
PA16,2045,2295,4340,8868,7974,16842,2021-03-01
PA17,86,84,170,883,833,1716,2021-03-01
PA18,78,105,183,1005,972,1977,2021-03-01
PA19,552,651,1203,3986,3659,7645,2021-03-01
PA20,354,451,805,2033,1687,3720,2021-03-01
PA21,41,31,72,335,279,614,2021-03-01
PA22,17,6,23,134,141,275,2021-03-01
PA23,742,915,1657,4229,3957,8186,2021-03-01
PA24,21,20,41,219,160,379,2021-03-01
PA25,1,4,5,27,25,52,2021-03-01
PA26,9,6,15,58,43,101,2021-03-01
PA27,19,36,55,290,283,573,2021-03-01
PA28,406,476,882,2450,2118,4568,2021-03-01
PA29,107,97,204,880,770,1650,2021-03-01
PA30,74,69,143,473,478,951,2021-03-01
PA31,210,261,471,2009,1790,3799,2021-03-01
PA32,51,65,116,477,438,915,2021-03-01
PA33,38,39,77,291,264,555,2021-03-01
PA34,677,737,1414,3641,3230,6871,2021-03-01
PA35,54,81,135,586,551,1137,2021-03-01
PA36,2,1,3,19,14,33,2021-03-01
PA37,138,154,292,1174,1102,2276,2021-03-01
PA38,33,34,67,353,340,693,2021-03-01
PA39,3,0,3,1,4,5,2021-03-01
PA40,1,2,3,5,1,6,2021-03-01
PA41,10,11,21,58,55,113,2021-03-01
PA42,51,80,131,415,360,775,2021-03-01
PA43,52,61,113,294,271,565,2021-03-01
PA44,6,12,18,119,108,227,2021-03-01
PA45,11,8,19,61,44,105,2021-03-01
PA46,8,7,15,63,66,129,2021-03-01
PA47,5,9,14,64,58,122,2021-03-01
PA48,23,12,35,113,126,239,2021-03-01
PA49,6,13,19,70,68,138,2021-03-01
PA60,9,15,24,87,74,161,2021-03-01
PA61,6,14,20,55,54,109,2021-03-01
PA62,2,3,5,11,7,18,2021-03-01
PA63,1,0,1,3,2,5,2021-03-01
PA64,4,3,7,46,50,96,2021-03-01
PA65,11,10,21,87,91,178,2021-03-01
PA66,9,11,20,72,73,145,2021-03-01
PA67,18,17,35,100,95,195,2021-03-01
PA68,0,0,0,4,3,7,2021-03-01
PA69,1,1,2,10,8,18,2021-03-01
PA70,4,3,7,24,27,51,2021-03-01
PA71,1,0,1,23,14,37,2021-03-01
PA72,19,20,39,193,184,377,2021-03-01
PA73,5,3,8,26,24,50,2021-03-01
PA74,1,3,4,13,9,22,2021-03-01
PA75,75,79,154,561,547,1108,2021-03-01
PA76,4,5,9,58,65,123,2021-03-01
PA77,22,33,55,250,252,502,2021-03-01
PA78,10,15,25,68,66,134,2021-03-01
PA80,15,12,27,124,98,222,2021-03-01
PA81,3,6,9,13,8,21,2021-03-01
PA82,5,5,10,10,10,20,2021-03-01
PA83,0,0,0,1,1,2,2021-03-01
PA84,0,1,1,1,0,1,2021-03-01
PA85,3,2,5,2,4,6,2021-03-01
PA86,21,33,54,59,54,113,2021-03-01
PA87,26,34,60,39,29,68,2021-03-01
PA88,4,2,6,7,4,11,2021-03-01
PE1,5572,5629,11201,16081,10062,26143,2021-03-01
PE2,3309,4126,7435,17325,14234,31559,2021-03-01
PE3,2597,3282,5879,10166,7450,17616,2021-03-01
PE4,1660,2138,3798,10143,8749,18892,2021-03-01
PE5,37,45,82,634,587,1221,2021-03-01
PE6,1270,1650,2920,14969,14156,29125,2021-03-01
PE7,1990,2545,4535,17654,16004,33658,2021-03-01
PE8,656,782,1438,6986,6608,13594,2021-03-01
PE9,1349,1657,3006,12153,11745,23898,2021-03-01
PE10,887,1113,2000,9188,8680,17868,2021-03-01
PE11,2162,2439,4601,16875,14014,30889,2021-03-01
PE12,1391,1720,3111,16055,14262,30317,2021-03-01
PE13,2162,2294,4456,12898,10762,23660,2021-03-01
PE14,744,859,1603,8900,8131,17031,2021-03-01
PE15,1275,1571,2846,11033,9921,20954,2021-03-01
PE16,405,542,947,4179,3659,7838,2021-03-01
PE17,58,42,100,126,79,205,2021-03-01
PE18,50,77,127,96,78,174,2021-03-01
PE19,2055,2366,4421,16946,15510,32456,2021-03-01
PE20,550,653,1203,5761,5225,10986,2021-03-01
PE21,3073,3071,6144,14629,11597,26226,2021-03-01
PE22,564,630,1194,6725,6141,12866,2021-03-01
PE23,317,355,672,3394,3153,6547,2021-03-01
PE24,492,595,1087,4684,3976,8660,2021-03-01
PE25,1454,1577,3031,7184,5827,13011,2021-03-01
PE26,439,548,987,4552,4137,8689,2021-03-01
PE27,1001,1183,2184,7659,6789,14448,2021-03-01
PE28,1657,1947,3604,19427,18703,38130,2021-03-01
PE29,2010,2415,4425,10472,8802,19274,2021-03-01
PE30,3017,3367,6384,14448,12382,26830,2021-03-01
PE31,523,594,1117,7478,7169,14647,2021-03-01
PE32,466,519,985,6297,6035,12332,2021-03-01
PE33,475,583,1058,5970,5585,11555,2021-03-01
PE34,489,588,1077,5588,5191,10779,2021-03-01
PE35,2,2,4,37,34,71,2021-03-01
PE36,246,276,522,2239,2092,4331,2021-03-01
PE37,402,538,940,4232,3787,8019,2021-03-01
PE38,558,651,1209,5821,5272,11093,2021-03-01
PE99,0,0,0,1,0,1,2021-03-01
PH1,2576,3252,5828,14388,12366,26754,2021-03-01
PH2,1700,1843,3543,12792,11898,24690,2021-03-01
PH3,266,324,590,2611,2544,5155,2021-03-01
PH4,39,53,92,354,360,714,2021-03-01
PH5,24,56,80,335,302,637,2021-03-01
PH6,84,97,181,988,969,1957,2021-03-01
PH7,391,488,879,3253,3003,6256,2021-03-01
PH8,93,105,198,768,747,1515,2021-03-01
PH9,19,41,60,355,326,681,2021-03-01
PH10,472,549,1021,4187,3831,8018,2021-03-01
PH11,137,189,326,1325,1153,2478,2021-03-01
PH12,55,81,136,789,727,1516,2021-03-01
PH13,193,219,412,1583,1371,2954,2021-03-01
PH14,52,68,120,831,831,1662,2021-03-01
PH15,179,216,395,1388,1225,2613,2021-03-01
PH16,177,205,382,1503,1374,2877,2021-03-01
PH17,11,6,17,72,65,137,2021-03-01
PH18,29,41,70,301,258,559,2021-03-01
PH19,1,4,5,43,38,81,2021-03-01
PH20,61,86,147,606,544,1150,2021-03-01
PH21,94,111,205,828,753,1581,2021-03-01
PH22,205,250,455,1227,1123,2350,2021-03-01
PH23,28,32,60,324,325,649,2021-03-01
PH24,19,25,44,297,266,563,2021-03-01
PH25,29,34,63,368,359,727,2021-03-01
PH26,161,171,332,1448,1355,2803,2021-03-01
PH30,0,0,0,6,4,10,2021-03-01
PH31,21,27,48,227,240,467,2021-03-01
PH32,38,41,79,280,227,507,2021-03-01
PH33,723,935,1658,4200,3518,7718,2021-03-01
PH34,39,52,91,443,408,851,2021-03-01
PH35,33,22,55,130,107,237,2021-03-01
PH36,37,64,101,520,487,1007,2021-03-01
PH37,5,13,18,61,47,108,2021-03-01
PH38,10,11,21,76,75,151,2021-03-01
PH39,23,24,47,164,168,332,2021-03-01
PH40,18,19,37,123,101,224,2021-03-01
PH41,67,59,126,358,312,670,2021-03-01
PH42,3,7,10,41,34,75,2021-03-01
PH43,1,2,3,10,9,19,2021-03-01
PH44,3,0,3,4,6,10,2021-03-01
PH49,42,60,102,422,365,787,2021-03-01
PH50,48,90,138,323,240,563,2021-03-01
PL0,0,1,1,0,0,0,2021-03-01
PL1,2401,2452,4853,7059,4670,11729,2021-03-01
PL2,2445,2891,5336,9712,8040,17752,2021-03-01
PL3,1840,2243,4083,10511,9349,19860,2021-03-01
PL4,3228,2834,6062,8625,5928,14553,2021-03-01
PL5,2934,3912,6846,13266,11189,24455,2021-03-01
PL6,2083,2623,4706,14951,13351,28302,2021-03-01
PL7,1222,1518,2740,11366,10838,22204,2021-03-01
PL8,214,196,410,2450,2436,4886,2021-03-01
PL9,1135,1326,2461,11364,10707,22071,2021-03-01
PL10,153,196,349,1274,1189,2463,2021-03-01
PL11,537,705,1242,3808,3389,7197,2021-03-01
PL12,933,1069,2002,8167,7684,15851,2021-03-01
PL13,403,500,903,3802,3423,7225,2021-03-01
PL14,981,1254,2235,9013,8519,17532,2021-03-01
PL15,669,868,1537,8053,7532,15585,2021-03-01
PL16,55,67,122,830,780,1610,2021-03-01
PL17,367,387,754,3962,3670,7632,2021-03-01
PL18,189,239,428,2078,2012,4090,2021-03-01
PL19,664,704,1368,6157,5994,12151,2021-03-01
PL20,457,517,974,4607,4468,9075,2021-03-01
PL21,661,780,1441,7114,7046,14160,2021-03-01
PL22,133,156,289,1410,1452,2862,2021-03-01
PL23,136,157,293,1217,1173,2390,2021-03-01
PL24,471,594,1065,3747,3588,7335,2021-03-01
PL25,1323,1470,2793,9276,8435,17711,2021-03-01
PL26,1254,1341,2595,10621,9622,20243,2021-03-01
PL27,420,515,935,4640,4527,9167,2021-03-01
PL28,204,217,421,1571,1523,3094,2021-03-01
PL29,38,28,66,353,362,715,2021-03-01
PL30,289,300,589,4367,4198,8565,2021-03-01
PL31,866,1033,1899,5381,4743,10124,2021-03-01
PL32,154,219,373,1661,1570,3231,2021-03-01
PL33,85,74,159,738,708,1446,2021-03-01
PL34,74,81,155,702,670,1372,2021-03-01
PL35,33,40,73,408,389,797,2021-03-01
PO1,2995,3369,6364,6959,4563,11522,2021-03-01
PO2,3563,4330,7893,13101,9970,23071,2021-03-01
PO3,1327,1509,2836,6909,5836,12745,2021-03-01
PO4,3084,3432,6516,13171,10608,23779,2021-03-01
PO5,2824,2684,5508,7728,5385,13113,2021-03-01
PO6,2775,3320,6095,14028,12130,26158,2021-03-01
PO7,1773,2153,3926,16142,15068,31210,2021-03-01
PO8,1360,1617,2977,13723,12828,26551,2021-03-01
PO9,3294,4292,7586,16373,14413,30786,2021-03-01
PO10,709,831,1540,7278,7047,14325,2021-03-01
PO11,685,729,1414,7043,6593,13636,2021-03-01
PO12,2817,3233,6050,15931,13867,29798,2021-03-01
PO13,2079,2605,4684,12026,11092,23118,2021-03-01
PO14,1281,1411,2692,12444,11896,24340,2021-03-01
PO15,923,1001,1924,8568,8056,16624,2021-03-01
PO16,1322,1431,2753,12139,11172,23311,2021-03-01
PO17,252,236,488,2762,2544,5306,2021-03-01
PO18,507,560,1067,5815,5751,11566,2021-03-01
PO19,1852,2041,3893,10493,10039,20532,2021-03-01
PO20,1296,1429,2725,13462,12947,26409,2021-03-01
PO21,2315,2229,4544,14444,12821,27265,2021-03-01
PO22,1320,1443,2763,11579,11001,22580,2021-03-01
PO30,1639,1849,3488,10130,9423,19553,2021-03-01
PO31,717,830,1547,5292,4994,10286,2021-03-01
PO32,468,509,977,3059,2863,5922,2021-03-01
PO33,1799,2068,3867,10424,9523,19947,2021-03-01
PO34,65,80,145,889,871,1760,2021-03-01
PO35,157,128,285,1427,1364,2791,2021-03-01
PO36,857,982,1839,5848,5330,11178,2021-03-01
PO37,491,511,1002,3347,2957,6304,2021-03-01
PO38,615,690,1305,4732,4415,9147,2021-03-01
PO39,102,125,227,970,902,1872,2021-03-01
PO40,262,272,534,2071,2008,4079,2021-03-01
PO41,71,64,135,932,904,1836,2021-03-01
PR1,6081,6310,12391,20565,15280,35845,2021-03-01
PR2,4628,5476,10104,26399,22708,49107,2021-03-01
PR3,1044,1250,2294,16076,15462,31538,2021-03-01
PR4,2043,2507,4550,24802,23320,48122,2021-03-01
PR5,1780,2149,3929,14824,13240,28064,2021-03-01
PR6,1498,1684,3182,13325,12300,25625,2021-03-01
PR7,2297,2842,5139,22638,20826,43464,2021-03-01
PR8,2864,3399,6263,19180,17640,36820,2021-03-01
PR9,2120,2402,4522,15260,13603,28863,2021-03-01
PR25,1482,1839,3321,11252,10364,21616,2021-03-01
PR26,521,555,1076,5129,4942,10071,2021-03-01
RG1,6170,5772,11942,14597,8921,23518,2021-03-01
RG2,3742,4384,8126,14951,11322,26273,2021-03-01
RG3,28,23,51,78,39,117,2021-03-01
RG4,1926,2329,4255,15091,14041,29132,2021-03-01
RG5,1247,1380,2627,10209,9479,19688,2021-03-01
RG6,2322,2464,4786,14304,12260,26564,2021-03-01
RG7,1269,1499,2768,13757,13215,26972,2021-03-01
RG8,833,766,1599,7786,7559,15345,2021-03-01
RG9,1128,1078,2206,9384,9265,18649,2021-03-01
RG10,672,699,1371,7574,7277,14851,2021-03-01
RG11,32,23,55,78,44,122,2021-03-01
RG12,3367,4114,7481,21304,18509,39813,2021-03-01
RG13,28,38,66,64,44,108,2021-03-01
RG14,2234,2521,4755,14903,12818,27721,2021-03-01
RG15,18,24,42,47,43,90,2021-03-01
RG16,18,20,38,87,47,134,2021-03-01
RG17,668,709,1377,5857,5571,11428,2021-03-01
RG18,813,886,1699,7302,6780,14082,2021-03-01
RG19,802,861,1663,6408,5974,12382,2021-03-01
RG20,665,795,1460,8013,7801,15814,2021-03-01
RG21,2317,2593,4910,10023,7673,17696,2021-03-01
RG22,2176,2850,5026,15166,13352,28518,2021-03-01
RG23,594,730,1324,4991,4563,9554,2021-03-01
RG24,1846,2282,4128,13390,11932,25322,2021-03-01
RG25,321,327,648,3615,3414,7029,2021-03-01
RG26,855,1044,1899,9043,8411,17454,2021-03-01
RG27,743,768,1511,9457,9378,18835,2021-03-01
RG28,250,301,551,2306,2134,4440,2021-03-01
RG29,218,294,512,2624,2527,5151,2021-03-01
RG30,4269,4897,9166,15842,12368,28210,2021-03-01
RG31,1262,1605,2867,10825,9888,20713,2021-03-01
RG34,0,0,0,0,1,1,2021-03-01
RG40,1243,1318,2561,12210,11703,23913,2021-03-01
RG41,1204,1360,2564,11981,11575,23556,2021-03-01
RG42,1237,1285,2522,11169,10773,21942,2021-03-01
RG43,0,0,0,1,0,1,2021-03-01
RG45,528,544,1072,5754,5631,11385,2021-03-01
RH1,2881,3359,6240,17654,16022,33676,2021-03-01
RH2,1180,1351,2531,10039,9651,19690,2021-03-01
RH3,142,136,278,1784,1783,3567,2021-03-01
RH4,757,905,1662,5993,5714,11707,2021-03-01
RH5,717,746,1463,6806,6510,13316,2021-03-01
RH6,1537,1733,3270,12887,11895,24782,2021-03-01
RH7,519,424,943,3801,3342,7143,2021-03-01
RH8,652,713,1365,5954,5918,11872,2021-03-01
RH9,200,236,436,2149,2200,4349,2021-03-01
RH10,4390,4646,9036,26689,22587,49276,2021-03-01
RH11,4982,5835,10817,20080,15691,35771,2021-03-01
RH12,2089,2433,4522,19311,18198,37509,2021-03-01
RH13,1490,1734,3224,15309,14576,29885,2021-03-01
RH14,592,631,1223,6556,6368,12924,2021-03-01
RH15,1589,1778,3367,12078,11418,23496,2021-03-01
RH16,1816,2097,3913,13605,12896,26501,2021-03-01
RH17,742,841,1583,7930,7874,15804,2021-03-01
RH18,296,305,601,1878,1889,3767,2021-03-01
RH19,1577,1791,3368,13681,12833,26514,2021-03-01
RH20,776,799,1575,10700,10586,21286,2021-03-01
RM1,1679,1908,3587,7515,6188,13703,2021-03-01
RM1,0,1,1,0,0,0,2021-03-01
RM2,685,792,1477,4947,4457,9404,2021-03-01
RM3,3372,4387,7759,14604,12231,26835,2021-03-01
RM4,157,173,330,1961,1852,3813,2021-03-01
RM5,1359,1709,3068,6824,6028,12852,2021-03-01
RM6,3792,4314,8106,11592,8560,20152,2021-03-01
RM7,2601,3108,5709,10193,8267,18460,2021-03-01
RM8,5531,6307,11838,13845,9629,23474,2021-03-01
RM9,4429,5325,9754,11305,7712,19017,2021-03-01
RM10,5020,5947,10967,11813,8242,20055,2021-03-01
RM11,1568,1844,3412,12200,11240,23440,2021-03-01
RM12,2057,2422,4479,12460,10878,23338,2021-03-01
RM13,2315,2732,5047,10670,8844,19514,2021-03-01
RM14,1108,1217,2325,10447,9879,20326,2021-03-01
RM15,2110,2542,4652,10864,8900,19764,2021-03-01
RM16,2348,2865,5213,15578,13656,29234,2021-03-01
RM17,2304,2918,5222,10344,7562,17906,2021-03-01
RM18,1658,2124,3782,5878,4651,10529,2021-03-01
RM19,594,791,1385,2688,1863,4551,2021-03-01
RM20,558,723,1281,2626,1754,4380,2021-03-01
S1,804,549,1353,1113,518,1631,2021-03-01
S2,4282,4953,9235,10518,7054,17572,2021-03-01
S3,2210,1792,4002,3650,1665,5315,2021-03-01
S4,1586,1546,3132,3357,1827,5184,2021-03-01
S5,5128,6689,11817,15994,11706,27700,2021-03-01
S6,3476,4082,7558,18577,15703,34280,2021-03-01
S6,0,0,0,0,1,1,2021-03-01
S7,1341,1256,2597,5976,4971,10947,2021-03-01
S7,0,0,0,1,0,1,2021-03-01
S8,2888,3374,6262,14543,12466,27009,2021-03-01
S9,2504,2899,5403,8250,5193,13443,2021-03-01
S10,2442,2337,4779,12955,11505,24460,2021-03-01
S11,1952,1978,3930,10611,9656,20267,2021-03-01
S12,1718,2339,4057,11570,9361,20931,2021-03-01
S13,1677,2220,3897,9629,7793,17422,2021-03-01
S14,886,1174,2060,2115,1420,3535,2021-03-01
S16,0,0,0,0,1,1,2021-03-01
S17,542,623,1165,5991,5841,11832,2021-03-01
S18,792,929,1721,9253,8765,18018,2021-03-01
S19,4,8,12,40,29,69,2021-03-01
S20,1264,1736,3000,10665,9217,19882,2021-03-01
S21,811,1144,1955,7346,6375,13721,2021-03-01
S22,0,1,1,0,1,1,2021-03-01
S24,0,0,0,0,1,1,2021-03-01
S25,912,1177,2089,7516,6681,14197,2021-03-01
S26,928,1334,2262,9403,8368,17771,2021-03-01
S30,29,22,51,120,110,230,2021-03-01
S31,21,28,49,74,30,104,2021-03-01
S32,160,192,352,2288,2285,4573,2021-03-01
S33,160,169,329,1889,1803,3692,2021-03-01
S35,1478,1934,3412,14862,13311,28173,2021-03-01
S36,1060,1311,2371,10623,9677,20300,2021-03-01
S37,1,0,1,1,0,1,2021-03-01
S40,1895,2268,4163,11672,10059,21731,2021-03-01
S41,1963,2477,4440,12174,10365,22539,2021-03-01
S42,1131,1444,2575,10775,9581,20356,2021-03-01
S43,2062,2739,4801,13901,11623,25524,2021-03-01
S44,1089,1416,2505,7706,6448,14154,2021-03-01
S45,640,816,1456,4834,4203,9037,2021-03-01
S46,0,0,0,2,0,2,2021-03-01
S49,0,0,0,1,0,1,2021-03-01
S54,0,0,0,1,0,1,2021-03-01
S60,2015,2658,4673,13894,11551,25445,2021-03-01
S61,2188,2703,4891,11052,8841,19893,2021-03-01
S62,1169,1594,2763,6261,4953,11214,2021-03-01
S63,2649,3395,6044,13249,10698,23947,2021-03-01
S64,1930,2365,4295,10137,8130,18267,2021-03-01
S65,2652,3184,5836,9906,7160,17066,2021-03-01
S66,2161,2989,5150,15740,13549,29289,2021-03-01
S70,2802,3279,6081,12652,9329,21981,2021-03-01
S71,2832,3410,6242,15388,12648,28036,2021-03-01
S72,1430,1886,3316,8606,6964,15570,2021-03-01
S73,1688,2119,3807,9443,7678,17121,2021-03-01
S74,918,1308,2226,5894,4835,10729,2021-03-01
S75,1713,2147,3860,16482,14723,31205,2021-03-01
S80,1959,2215,4174,10038,8040,18078,2021-03-01
S81,1515,1977,3492,13902,12439,26341,2021-03-01
SA1,4677,4681,9358,13696,9135,22831,2021-03-01
SA2,1851,1927,3778,12518,11230,23748,2021-03-01
SA3,897,907,1804,10081,9888,19969,2021-03-01
SA4,1669,2026,3695,16276,15613,31889,2021-03-01
SA5,2313,3078,5391,10946,9189,20135,2021-03-01
SA6,1756,2371,4127,11011,9569,20580,2021-03-01
SA7,619,805,1424,5482,4994,10476,2021-03-01
SA8,516,623,1139,4676,4342,9018,2021-03-01
SA9,599,739,1338,5453,5005,10458,2021-03-01
SA10,1117,1493,2610,10965,9894,20859,2021-03-01
SA11,1779,2380,4159,11720,9822,21542,2021-03-01
SA12,1869,2257,4126,10280,9147,19427,2021-03-01
SA13,1034,1345,2379,6488,5285,11773,2021-03-01
SA14,1277,1573,2850,12340,11523,23863,2021-03-01
SA15,1908,2243,4151,12348,10610,22958,2021-03-01
SA16,351,421,772,3062,2777,5839,2021-03-01
SA17,380,445,825,3511,3214,6725,2021-03-01
SA18,1309,1460,2769,10629,9713,20342,2021-03-01
SA19,316,369,685,3822,3588,7410,2021-03-01
SA20,131,146,277,1266,1140,2406,2021-03-01
SA31,867,996,1863,5502,5196,10698,2021-03-01
SA32,173,205,378,3117,3053,6170,2021-03-01
SA33,328,414,742,4957,4681,9638,2021-03-01
SA34,143,151,294,2018,1894,3912,2021-03-01
SA35,13,26,39,356,314,670,2021-03-01
SA36,13,8,21,133,129,262,2021-03-01
SA37,37,39,76,563,521,1084,2021-03-01
SA38,153,171,324,1772,1655,3427,2021-03-01
SA39,78,85,163,978,928,1906,2021-03-01
SA40,146,144,290,1094,990,2084,2021-03-01
SA41,52,61,113,815,778,1593,2021-03-01
SA42,61,74,135,798,788,1586,2021-03-01
SA43,489,583,1072,4729,4385,9114,2021-03-01
SA44,336,377,713,4484,4296,8780,2021-03-01
SA45,70,56,126,610,558,1168,2021-03-01
SA46,91,111,202,952,862,1814,2021-03-01
SA47,47,43,90,405,386,791,2021-03-01
SA48,411,380,791,3249,3014,6263,2021-03-01
SA61,794,1025,1819,4666,4176,8842,2021-03-01
SA62,598,679,1277,8265,7836,16101,2021-03-01
SA63,31,35,66,505,495,1000,2021-03-01
SA64,95,129,224,850,737,1587,2021-03-01
SA65,171,211,382,1573,1400,2973,2021-03-01
SA66,91,87,178,1241,1230,2471,2021-03-01
SA67,225,292,517,2858,2737,5595,2021-03-01
SA68,93,145,238,1640,1565,3205,2021-03-01
SA69,100,127,227,1402,1309,2711,2021-03-01
SA70,380,466,846,3293,2999,6292,2021-03-01
SA71,473,550,1023,4005,3568,7573,2021-03-01
SA72,586,652,1238,3452,3089,6541,2021-03-01
SA73,899,1161,2060,7215,6347,13562,2021-03-01
SA99,1,0,1,0,0,0,2021-03-01
SE0,0,1,1,0,1,1,2021-03-01
SE1,9570,9562,19132,19374,12017,31391,2021-03-01
SE1,0,0,0,1,0,1,2021-03-01
SE2,3697,4291,7988,7869,5812,13681,2021-03-01
SE3,3063,3630,6693,11504,9867,21371,2021-03-01
SE4,3764,4052,7816,8395,7023,15418,2021-03-01
SE5,8008,8696,16704,12971,9020,21991,2021-03-01
SE6,7202,7868,15070,15756,12664,28420,2021-03-01
SE6,1,0,1,0,0,0,2021-03-01
SE7,2848,3321,6169,6454,4596,11050,2021-03-01
SE8,4906,5211,10117,8311,5753,14064,2021-03-01
SE9,5427,6438,11865,20817,17886,38703,2021-03-01
SE10,3117,3667,6784,10110,7976,18086,2021-03-01
SE11,3502,3656,7158,6554,4206,10760,2021-03-01
SE12,2678,3131,5809,8652,7377,16029,2021-03-01
SE13,5925,6151,12076,12713,10057,22770,2021-03-01
SE14,4221,4293,8514,6928,4879,11807,2021-03-01
SE15,11895,11971,23866,16992,12434,29426,2021-03-01
SE16,6233,7070,13303,14787,10289,25076,2021-03-01
SE17,6487,6663,13150,8567,5084,13651,2021-03-01
SE18,13008,13376,26384,21728,14814,36542,2021-03-01
SE19,3031,3603,6634,9132,7630,16762,2021-03-01
SE20,2863,3198,6061,7020,5954,12974,2021-03-01
SE21,1580,1690,3270,4928,4623,9551,2021-03-01
SE22,3416,3653,7069,9398,8198,17596,2021-03-01
SE23,3689,4255,7944,10256,8926,19182,2021-03-01
SE24,2084,2173,4257,5716,5055,10771,2021-03-01
SE25,4422,5032,9454,10702,8940,19642,2021-03-01
SE26,3434,4123,7557,8827,7519,16346,2021-03-01
SE27,2852,3044,5896,6382,5353,11735,2021-03-01
SE28,4030,4960,8990,7755,5599,13354,2021-03-01
SE29,1,3,4,2,0,2,2021-03-01
SE31,0,1,1,0,0,0,2021-03-01
SE33,0,1,1,0,0,0,2021-03-01
SE35,0,1,1,0,0,0,2021-03-01
SE37,0,1,1,0,0,0,2021-03-01
SE50,0,0,0,1,0,1,2021-03-01
SE57,0,1,1,0,0,0,2021-03-01
SE59,0,0,0,1,0,1,2021-03-01
SE60,0,0,0,1,0,1,2021-03-01
SE72,1,0,1,0,0,0,2021-03-01
SE73,0,0,0,1,0,1,2021-03-01
SE74,0,1,1,1,0,1,2021-03-01
SE75,1,0,1,0,0,0,2021-03-01
SE77,1,1,2,0,0,0,2021-03-01
SE88,0,0,0,1,0,1,2021-03-01
SE91,0,1,1,0,0,0,2021-03-01
SE99,0,0,0,0,1,1,2021-03-01
SG0,0,0,0,0,1,1,2021-03-01
SG1,3656,4178,7834,18614,15705,34319,2021-03-01
SG2,2369,2908,5277,15189,13472,28661,2021-03-01
SG3,257,326,583,2823,2674,5497,2021-03-01
SG4,1328,1502,2830,11162,10685,21847,2021-03-01
SG5,1518,1722,3240,12614,11970,24584,2021-03-01
SG6,1943,2286,4229,11756,10671,22427,2021-03-01
SG7,596,639,1235,5141,4916,10057,2021-03-01
SG8,1514,1694,3208,15507,14382,29889,2021-03-01
SG9,300,340,640,4844,4760,9604,2021-03-01
SG10,56,62,118,816,812,1628,2021-03-01
SG11,275,278,553,3475,3370,6845,2021-03-01
SG12,1340,1433,2773,11417,10696,22113,2021-03-01
SG13,796,829,1625,6557,6329,12886,2021-03-01
SG14,922,1051,1973,7614,7127,14741,2021-03-01
SG15,258,286,544,2186,2047,4233,2021-03-01
SG16,203,228,431,2504,2460,4964,2021-03-01
SG17,535,539,1074,5405,5124,10529,2021-03-01
SG18,1094,1341,2435,11038,10175,21213,2021-03-01
SG19,893,1168,2061,9834,9179,19013,2021-03-01
SK0,0,0,0,0,1,1,2021-03-01
SK1,821,1006,1827,3747,2941,6688,2021-03-01
SK2,1693,1904,3597,10271,9424,19695,2021-03-01
SK3,1932,2372,4304,8862,7720,16582,2021-03-01
SK4,2077,2138,4215,13032,11905,24937,2021-03-01
SK5,2295,2867,5162,9131,7511,16642,2021-03-01
SK6,2127,2506,4633,18898,17640,36538,2021-03-01
SK7,1626,1708,3334,16040,15602,31642,2021-03-01
SK8,2692,2980,5672,22932,21795,44727,2021-03-01
SK9,1566,1765,3331,15381,14786,30167,2021-03-01
SK10,1693,1749,3442,15520,15093,30613,2021-03-01
SK11,1873,2067,3940,13526,12153,25679,2021-03-01
SK12,638,643,1281,7693,7545,15238,2021-03-01
SK13,1620,2028,3648,11813,10871,22684,2021-03-01
SK14,2979,3574,6553,16220,13983,30203,2021-03-01
SK15,1704,1910,3614,9474,8266,17740,2021-03-01
SK16,1235,1448,2683,6455,5385,11840,2021-03-01
SK17,1340,1503,2843,11506,10192,21698,2021-03-01
SK22,549,632,1181,4627,4100,8727,2021-03-01
SK23,654,691,1345,7049,6561,13610,2021-03-01
SL0,478,515,993,4876,4435,9311,2021-03-01
SL1,7967,7921,15888,26329,19300,45629,2021-03-01
SL2,5198,5936,11134,20210,15887,36097,2021-03-01
SL3,3147,4054,7201,18306,15243,33549,2021-03-01
SL4,2269,2659,4928,17147,15836,32983,2021-03-01
SL5,1252,1374,2626,10164,10322,20486,2021-03-01
SL6,4212,4720,8932,32240,29590,61830,2021-03-01
SL7,813,912,1725,8315,8336,16651,2021-03-01
SL8,236,221,457,2639,2654,5293,2021-03-01
SL9,957,1035,1992,9177,9264,18441,2021-03-01
SM1,3111,3705,6816,14220,11873,26093,2021-03-01
SM2,1724,2082,3806,10752,9705,20457,2021-03-01
SM3,1352,1509,2861,7883,7083,14966,2021-03-01
SM4,3630,3795,7425,13603,10435,24038,2021-03-01
SM5,2879,3511,6390,13507,12316,25823,2021-03-01
SM6,2712,3244,5956,13161,11778,24939,2021-03-01
SM7,689,729,1418,7167,7182,14349,2021-03-01
SN0,0,0,0,1,0,1,2021-03-01
SN1,3873,3517,7390,11016,7177,18193,2021-03-01
SN2,3277,3940,7217,14440,11061,25501,2021-03-01
SN3,3300,4103,7403,18894,15851,34745,2021-03-01
SN4,1147,1351,2498,11218,10601,21819,2021-03-01
SN5,1733,2336,4069,13465,11828,25293,2021-03-01
SN6,897,1003,1900,8903,8440,17343,2021-03-01
SN7,532,694,1226,5730,5397,11127,2021-03-01
SN8,1034,1135,2169,9359,8929,18288,2021-03-01
SN9,267,341,608,3220,3141,6361,2021-03-01
SN10,1278,1529,2807,11798,11111,22909,2021-03-01
SN11,971,1221,2192,8925,8359,17284,2021-03-01
SN12,1111,1210,2321,10288,9501,19789,2021-03-01
SN13,684,842,1526,6381,6198,12579,2021-03-01
SN14,1238,1362,2600,10566,9800,20366,2021-03-01
SN15,1714,1930,3644,14337,12251,26588,2021-03-01
SN16,453,483,936,5804,5555,11359,2021-03-01
SN20,0,0,0,1,0,1,2021-03-01
SN24,0,1,1,0,1,1,2021-03-01
SN25,1573,2024,3597,15344,13775,29119,2021-03-01
SN26,54,61,115,874,800,1674,2021-03-01
SN27,0,0,0,1,0,1,2021-03-01
SN31,0,0,0,0,1,1,2021-03-01
SN34,0,0,0,0,1,1,2021-03-01
SN48,0,0,0,1,0,1,2021-03-01
SN66,0,1,1,0,0,0,2021-03-01
SO0,0,0,0,0,1,1,2021-03-01
SO1,49,41,90,134,54,188,2021-03-01
SO2,74,42,116,130,58,188,2021-03-01
SO3,30,21,51,116,74,190,2021-03-01
SO3,0,0,0,0,1,1,2021-03-01
SO4,33,28,61,119,93,212,2021-03-01
SO5,33,18,51,112,60,172,2021-03-01
SO6,0,0,0,1,0,1,2021-03-01
SO9,17,14,31,28,11,39,2021-03-01
SO14,3660,3014,6674,7787,4013,11800,2021-03-01
SO15,3265,3382,6647,13285,10060,23345,2021-03-01
SO16,4765,5789,10554,22437,18279,40716,2021-03-01
SO17,1619,1519,3138,5301,3705,9006,2021-03-01
SO18,2190,2574,4764,12668,10716,23384,2021-03-01
SO19,3680,4668,8348,18858,15928,34786,2021-03-01
SO20,326,309,635,3391,3205,6596,2021-03-01
SO21,699,787,1486,7900,7678,15578,2021-03-01
SO22,1618,1805,3423,9316,8860,18176,2021-03-01
SO23,1358,1417,2775,7223,6738,13961,2021-03-01
SO24,403,442,845,4587,4538,9125,2021-03-01
SO30,1054,1173,2227,12405,12056,24461,2021-03-01
SO31,1663,1816,3479,18312,17714,36026,2021-03-01
SO32,652,664,1316,9098,9058,18156,2021-03-01
SO33,0,0,0,1,1,2,2021-03-01
SO40,1517,1715,3232,15589,14620,30209,2021-03-01
SO41,1050,1075,2125,12539,12706,25245,2021-03-01
SO42,171,179,350,1969,1942,3911,2021-03-01
SO43,138,139,277,1828,1741,3569,2021-03-01
SO45,1379,1687,3066,12943,12269,25212,2021-03-01
SO50,2405,2887,5292,17870,16268,34138,2021-03-01
SO51,938,1132,2070,11429,11282,22711,2021-03-01
SO52,191,244,435,2685,2586,5271,2021-03-01
SO53,1181,1304,2485,12178,11830,24008,2021-03-01
SP1,1213,1235,2448,7610,7068,14678,2021-03-01
SP2,1777,2007,3784,10269,9236,19505,2021-03-01
SP3,364,449,813,4624,4516,9140,2021-03-01
SP4,1776,2044,3820,13848,11795,25643,2021-03-01
SP5,641,695,1336,9126,9035,18161,2021-03-01
SP6,408,438,846,5801,5632,11433,2021-03-01
SP7,504,668,1172,5611,5522,11133,2021-03-01
SP8,494,578,1072,5427,5276,10703,2021-03-01
SP9,525,959,1484,3620,2806,6426,2021-03-01
SP10,2412,2968,5380,13980,11744,25724,2021-03-01
SP11,1117,1440,2557,12284,11430,23714,2021-03-01
SR1,610,464,1074,1206,477,1683,2021-03-01
SR2,2563,2691,5254,9956,7635,17591,2021-03-01
SR3,2199,2952,5151,12136,9945,22081,2021-03-01
SR4,3292,4074,7366,11545,8660,20205,2021-03-01
SR5,2680,3319,5999,9126,6747,15873,2021-03-01
SR6,1389,1560,2949,10481,9190,19671,2021-03-01
SR7,1713,2294,4007,9447,7600,17047,2021-03-01
SR8,2309,3122,5431,10536,8333,18869,2021-03-01
SS0,3581,3834,7415,13558,11184,24742,2021-03-01
SS1,2200,2356,4556,9009,7673,16682,2021-03-01
SS2,2871,3497,6368,11916,9962,21878,2021-03-01
SS3,1742,2047,3789,9989,9225,19214,2021-03-01
SS4,944,1151,2095,7893,7430,15323,2021-03-01
SS5,852,759,1611,8741,8274,17015,2021-03-01
SS6,1254,1440,2694,11895,11115,23010,2021-03-01
SS7,2005,2290,4295,19189,17846,37035,2021-03-01
SS8,2042,2684,4726,13959,11904,25863,2021-03-01
SS9,2347,2557,4904,18454,17164,35618,2021-03-01
SS11,743,867,1610,7311,6678,13989,2021-03-01
SS12,752,892,1644,7141,6546,13687,2021-03-01
SS13,1740,2290,4030,7671,6253,13924,2021-03-01
SS14,2306,3115,5421,8667,6849,15516,2021-03-01
SS15,2392,2910,5302,10703,9329,20032,2021-03-01
SS16,2149,2910,5059,10821,8945,19766,2021-03-01
SS17,1494,1868,3362,12455,11155,23610,2021-03-01
SS20,0,0,0,0,1,1,2021-03-01
SS30,0,0,0,0,1,1,2021-03-01
SS31,0,0,0,1,0,1,2021-03-01
SS39,0,1,1,0,0,0,2021-03-01
SS50,0,0,0,1,0,1,2021-03-01
SS92,0,0,0,1,0,1,2021-03-01
SS95,1,0,1,0,0,0,2021-03-01
SS99,0,1,1,0,0,0,2021-03-01
ST0,0,0,0,1,0,1,2021-03-01
ST1,2873,3137,6010,9742,6503,16245,2021-03-01
ST2,2292,2978,5270,10424,8176,18600,2021-03-01
ST3,4131,5257,9388,21676,17434,39110,2021-03-01
ST4,4348,4671,9019,17736,13736,31472,2021-03-01
ST5,4622,5286,9908,26726,22683,49409,2021-03-01
ST6,4782,6043,10825,20258,14964,35222,2021-03-01
ST7,2214,2618,4832,20283,18502,38785,2021-03-01
ST8,695,896,1591,7469,6767,14236,2021-03-01
ST9,325,371,696,4784,4431,9215,2021-03-01
ST10,811,1015,1826,9673,8733,18406,2021-03-01
ST11,302,322,624,3867,3494,7361,2021-03-01
ST12,129,130,259,1501,1473,2974,2021-03-01
ST13,1126,1403,2529,10011,9043,19054,2021-03-01
ST14,846,1083,1929,7548,6705,14253,2021-03-01
ST15,741,922,1663,8443,7887,16330,2021-03-01
ST16,1899,2188,4087,10921,9135,20056,2021-03-01
ST17,1948,2361,4309,13513,12175,25688,2021-03-01
ST18,468,477,945,7266,6776,14042,2021-03-01
ST19,484,561,1045,5946,5689,11635,2021-03-01
ST20,189,223,412,2845,2674,5519,2021-03-01
ST21,138,186,324,2552,2483,5035,2021-03-01
SW0,1,1,2,1,2,3,2021-03-01
SW1,40,42,82,57,36,93,2021-03-01
SW1,95,83,178,323,164,487,2021-03-01
SW1,1,0,1,0,1,1,2021-03-01
SW1,0,0,0,0,1,1,2021-03-01
SW1,124,91,215,449,248,697,2021-03-01
SW1,65,64,129,365,201,566,2021-03-01
SW1,0,1,1,0,0,0,2021-03-01
SW1,0,0,0,1,2,3,2021-03-01
SW1,0,1,1,1,0,1,2021-03-01
SW1,1326,1593,2919,4082,2835,6917,2021-03-01
SW1,0,0,0,0,1,1,2021-03-01
SW1,2346,2710,5056,6884,5102,11986,2021-03-01
SW1,909,1015,1924,2609,2170,4779,2021-03-01
SW1,769,940,1709,2427,1940,4367,2021-03-01
SW1,83,59,142,348,162,510,2021-03-01
SW1,1,1,2,1,0,1,2021-03-01
SW2,7762,8250,16012,16255,12513,28768,2021-03-01
SW3,2217,2718,4935,8437,7270,15707,2021-03-01
SW4,5108,5178,10286,13672,10267,23939,2021-03-01
SW5,2344,2015,4359,5836,3848,9684,2021-03-01
SW6,6620,7473,14093,22069,18777,40846,2021-03-01
SW7,3024,2564,5588,8603,5832,14435,2021-03-01
SW8,5802,5992,11794,11363,7314,18677,2021-03-01
SW9,7980,8054,16034,13216,8553,21769,2021-03-01
SW10,2103,2395,4498,6488,5335,11823,2021-03-01
SW11,7293,8541,15834,24528,19988,44516,2021-03-01
SW12,2692,2895,5587,10927,9676,20603,2021-03-01
SW13,1152,1400,2552,6130,5849,11979,2021-03-01
SW14,1180,1320,2500,6406,6209,12615,2021-03-01
SW15,5847,6723,12570,22577,19009,41586,2021-03-01
SW16,11149,10820,21969,27563,21294,48857,2021-03-01
SW17,8812,8064,16876,20768,16716,37484,2021-03-01
SW18,5065,6022,11087,23213,20333,43546,2021-03-01
SW19,7266,8106,15372,31454,26756,58210,2021-03-01
SW20,2294,2557,4851,12123,10858,22981,2021-03-01
SY1,1678,1972,3650,8909,7356,16265,2021-03-01
SY2,937,1055,1992,6260,5710,11970,2021-03-01
SY3,1503,1756,3259,12205,11539,23744,2021-03-01
SY4,881,1015,1896,9988,9536,19524,2021-03-01
SY5,763,760,1523,8612,8179,16791,2021-03-01
SY6,199,215,414,2774,2635,5409,2021-03-01
SY7,343,434,777,4402,4103,8505,2021-03-01
SY8,619,740,1359,7089,6582,13671,2021-03-01
SY9,98,102,200,1101,958,2059,2021-03-01
SY10,438,564,1002,6255,5796,12051,2021-03-01
SY11,1245,1480,2725,9262,8372,17634,2021-03-01
SY12,300,337,637,3238,2984,6222,2021-03-01
SY13,794,848,1642,7724,6973,14697,2021-03-01
SY14,177,229,406,2756,2736,5492,2021-03-01
SY15,142,153,295,2140,2082,4222,2021-03-01
SY16,858,935,1793,5429,4740,10169,2021-03-01
SY17,90,122,212,1499,1369,2868,2021-03-01
SY18,140,148,288,1737,1557,3294,2021-03-01
SY19,22,28,50,440,385,825,2021-03-01
SY20,270,312,582,2496,2297,4793,2021-03-01
SY21,619,805,1424,6305,5761,12066,2021-03-01
SY22,290,290,580,3648,3383,7031,2021-03-01
SY23,1408,1544,2952,8548,7626,16174,2021-03-01
SY24,191,211,402,1726,1593,3319,2021-03-01
SY25,152,187,339,1697,1567,3264,2021-03-01
TA1,2230,2567,4797,13834,12717,26551,2021-03-01
TA2,1344,1556,2900,10713,9984,20697,2021-03-01
TA3,407,426,833,6215,6089,12304,2021-03-01
TA4,618,691,1309,7695,7629,15324,2021-03-01
TA5,312,391,703,4658,4481,9139,2021-03-01
TA6,2884,3157,6041,16952,14260,31212,2021-03-01
TA7,463,483,946,6551,6337,12888,2021-03-01
TA8,625,711,1336,6428,5719,12147,2021-03-01
TA9,599,661,1260,4972,4453,9425,2021-03-01
TA10,325,317,642,4055,3996,8051,2021-03-01
TA11,282,320,602,3939,3902,7841,2021-03-01
TA12,183,223,406,2446,2411,4857,2021-03-01
TA13,115,134,249,1672,1662,3334,2021-03-01
TA14,96,130,226,1266,1196,2462,2021-03-01
TA15,21,26,47,264,262,526,2021-03-01
TA16,53,67,120,765,737,1502,2021-03-01
TA17,8,13,21,222,244,466,2021-03-01
TA18,327,419,746,4035,3757,7792,2021-03-01
TA19,315,400,715,4693,4584,9277,2021-03-01
TA20,854,885,1739,7765,6999,14764,2021-03-01
TA21,786,902,1688,7555,7121,14676,2021-03-01
TA22,60,84,144,1052,1062,2114,2021-03-01
TA23,254,300,554,2102,1937,4039,2021-03-01
TA24,741,886,1627,6777,6187,12964,2021-03-01
TD1,954,1232,2186,6270,5399,11669,2021-03-01
TD2,82,98,180,1058,1041,2099,2021-03-01
TD3,36,47,83,430,373,803,2021-03-01
TD4,90,96,186,881,834,1715,2021-03-01
TD5,389,459,848,4235,4164,8399,2021-03-01
TD6,250,332,582,3101,3036,6137,2021-03-01
TD7,339,371,710,2632,2468,5100,2021-03-01
TD8,241,296,537,2247,2085,4332,2021-03-01
TD9,825,1032,1857,6412,5517,11929,2021-03-01
TD10,35,52,87,427,403,830,2021-03-01
TD11,268,344,612,2948,2724,5672,2021-03-01
TD12,128,187,315,1683,1575,3258,2021-03-01
TD13,27,48,75,366,346,712,2021-03-01
TD14,242,352,594,2403,2098,4501,2021-03-01
TD15,832,1041,1873,6336,5554,11890,2021-03-01
TF1,2557,2968,5525,13816,11448,25264,2021-03-01
TF2,2190,2623,4813,13686,11905,25591,2021-03-01
TF3,2029,2538,4567,8184,6499,14683,2021-03-01
TF4,1091,1407,2498,7275,6515,13790,2021-03-01
TF5,196,221,417,1990,1930,3920,2021-03-01
TF6,156,176,332,2395,2164,4559,2021-03-01
TF7,1506,1883,3389,5272,4156,9428,2021-03-01
TF8,101,102,203,1227,1155,2382,2021-03-01
TF9,952,1173,2125,9968,8774,18742,2021-03-01
TF10,678,683,1361,7221,6742,13963,2021-03-01
TF11,418,452,870,4652,4393,9045,2021-03-01
TF12,208,241,449,2006,1902,3908,2021-03-01
TF13,128,138,266,1409,1416,2825,2021-03-01
TN1,867,990,1857,4082,3297,7379,2021-03-01
TN2,1398,1717,3115,10507,9823,20330,2021-03-01
TN3,351,425,776,4723,4635,9358,2021-03-01
TN3,0,0,0,1,0,1,2021-03-01
TN4,1717,1955,3672,10907,10222,21129,2021-03-01
TN5,319,372,691,3504,3533,7037,2021-03-01
TN6,882,1093,1975,10164,9560,19724,2021-03-01
TN7,82,105,187,979,989,1968,2021-03-01
TN8,561,670,1231,5256,5157,10413,2021-03-01
TN9,1133,1255,2388,6343,5785,12128,2021-03-01
TN10,855,963,1818,5751,5570,11321,2021-03-01
TN11,504,584,1088,5634,5539,11173,2021-03-01
TN12,1158,1407,2565,11950,11269,23219,2021-03-01
TN13,1100,1251,2351,9476,9269,18745,2021-03-01
TN14,555,593,1148,6524,6205,12729,2021-03-01
TN15,851,1011,1862,10296,10061,20357,2021-03-01
TN16,747,808,1555,7778,7494,15272,2021-03-01
TN17,628,719,1347,5445,5225,10670,2021-03-01
TN18,238,271,509,2601,2545,5146,2021-03-01
TN19,170,195,365,2120,2035,4155,2021-03-01
TN20,130,160,290,1537,1535,3072,2021-03-01
TN21,505,565,1070,6798,6606,13404,2021-03-01
TN22,1089,1220,2309,10779,10583,21362,2021-03-01
TN23,2732,3331,6063,14554,12447,27001,2021-03-01
TN24,2048,2456,4504,11604,10190,21794,2021-03-01
TN25,615,652,1267,7498,7160,14658,2021-03-01
TN26,396,425,821,4999,4764,9763,2021-03-01
TN27,410,494,904,5708,5542,11250,2021-03-01
TN28,345,406,751,3430,3108,6538,2021-03-01
TN29,563,660,1223,5156,4541,9697,2021-03-01
TN30,327,415,742,3802,3821,7623,2021-03-01
TN31,613,670,1283,5435,5113,10548,2021-03-01
TN32,207,218,425,2114,1985,4099,2021-03-01
TN33,573,586,1159,4786,4769,9555,2021-03-01
TN34,2375,2652,5027,9752,8298,18050,2021-03-01
TN35,1139,1328,2467,6087,5660,11747,2021-03-01
TN36,84,97,181,942,873,1815,2021-03-01
TN37,1505,1660,3165,6643,5498,12141,2021-03-01
TN38,2020,2348,4368,9190,8037,17227,2021-03-01
TN39,1150,1363,2513,9535,9111,18646,2021-03-01
TN40,939,1115,2054,5957,5628,11585,2021-03-01
TQ1,2088,2253,4341,11048,9460,20508,2021-03-01
TQ2,2159,2540,4699,11907,10598,22505,2021-03-01
TQ3,1731,1945,3676,10911,9918,20829,2021-03-01
TQ4,903,1049,1952,7401,6663,14064,2021-03-01
TQ5,896,1045,1941,7036,6321,13357,2021-03-01
TQ6,331,435,766,2959,2695,5654,2021-03-01
TQ7,613,723,1336,6526,6411,12937,2021-03-01
TQ8,70,73,143,701,651,1352,2021-03-01
TQ9,919,1002,1921,7204,7349,14553,2021-03-01
TQ10,134,179,313,1568,1555,3123,2021-03-01
TQ11,200,265,465,1551,1481,3032,2021-03-01
TQ12,2354,2708,5062,21005,19963,40968,2021-03-01
TQ13,875,899,1774,9364,9438,18802,2021-03-01
TQ14,878,997,1875,7201,6814,14015,2021-03-01
TR1,1305,1536,2841,7403,7109,14512,2021-03-01
TR2,353,438,791,4063,3955,8018,2021-03-01
TR3,431,446,877,5064,4960,10024,2021-03-01
TR4,437,472,909,4942,4757,9699,2021-03-01
TR5,172,154,326,1610,1619,3229,2021-03-01
TR6,160,192,352,1520,1422,2942,2021-03-01
TR7,1335,1411,2746,8062,7241,15303,2021-03-01
TR8,359,396,755,4143,3922,8065,2021-03-01
TR9,331,425,756,3151,2864,6015,2021-03-01
TR10,570,643,1213,3504,3247,6751,2021-03-01
TR11,1456,1610,3066,9991,9615,19606,2021-03-01
TR12,337,339,676,3713,3504,7217,2021-03-01
TR13,766,934,1700,7594,7300,14894,2021-03-01
TR14,1487,1519,3006,9347,8279,17626,2021-03-01
TR15,1147,1233,2380,7335,6632,13967,2021-03-01
TR16,590,668,1258,6292,6003,12295,2021-03-01
TR17,69,78,147,563,538,1101,2021-03-01
TR18,1290,1441,2731,6260,5623,11883,2021-03-01
TR19,430,465,895,3294,3208,6502,2021-03-01
TR20,335,366,701,3865,3660,7525,2021-03-01
TR21,82,98,180,566,450,1016,2021-03-01
TR22,8,5,13,22,18,40,2021-03-01
TR23,2,8,10,30,24,54,2021-03-01
TR24,4,7,11,40,27,67,2021-03-01
TR25,3,4,7,52,39,91,2021-03-01
TR26,619,671,1290,3955,3670,7625,2021-03-01
TR27,669,793,1462,5783,5362,11145,2021-03-01
TS1,2790,2020,4810,3111,1296,4407,2021-03-01
TS2,140,149,289,225,128,353,2021-03-01
TS3,2793,3430,6223,6622,4726,11348,2021-03-01
TS4,1662,1984,3646,4590,3410,8000,2021-03-01
TS5,2310,2891,5201,13533,11486,25019,2021-03-01
TS6,1923,2590,4513,9116,7393,16509,2021-03-01
TS7,767,999,1766,8549,7723,16272,2021-03-01
TS8,1042,1412,2454,7431,6831,14262,2021-03-01
TS9,324,416,740,5224,5043,10267,2021-03-01
TS10,2129,2637,4766,12173,10365,22538,2021-03-01
TS11,419,535,954,4241,3832,8073,2021-03-01
TS12,1111,1323,2434,7809,6841,14650,2021-03-01
TS13,592,733,1325,3273,2574,5847,2021-03-01
TS14,638,873,1511,6822,6230,13052,2021-03-01
TS15,425,441,866,5722,5385,11107,2021-03-01
TS16,355,469,824,3952,3780,7732,2021-03-01
TS17,2224,2781,5005,15415,13673,29088,2021-03-01
TS18,1647,1775,3422,8030,6612,14642,2021-03-01
TS19,2232,2999,5231,10835,9477,20312,2021-03-01
TS20,1116,1373,2489,6545,5635,12180,2021-03-01
TS21,403,499,902,5069,4650,9719,2021-03-01
TS22,222,273,495,4011,3701,7712,2021-03-01
TS23,1680,2146,3826,9159,7823,16982,2021-03-01
TS24,1653,2076,3729,5973,4561,10534,2021-03-01
TS25,2175,2771,4946,11741,9971,21712,2021-03-01
TS26,1318,1455,2773,8467,7610,16077,2021-03-01
TS27,474,619,1093,4304,3899,8203,2021-03-01
TS28,270,320,590,1755,1570,3325,2021-03-01
TS29,331,425,756,2029,1652,3681,2021-03-01
TS90,0,0,0,1,0,1,2021-03-01
TW0,0,0,0,0,1,1,2021-03-01
TW1,1715,2004,3719,10228,9401,19629,2021-03-01
TW2,1980,2218,4198,11188,10324,21512,2021-03-01
TW2,0,0,0,1,0,1,2021-03-01
TW3,9624,7223,16847,14992,9151,24143,2021-03-01
TW4,6497,5369,11866,10314,6240,16554,2021-03-01
TW5,5830,4862,10692,11821,7706,19527,2021-03-01
TW6,7,2,9,18,13,31,2021-03-01
TW7,3921,4427,8348,14557,11447,26004,2021-03-01
TW8,2335,2633,4968,8070,6156,14226,2021-03-01
TW9,1667,1995,3662,9004,8147,17151,2021-03-01
TW10,1570,1818,3388,7698,6936,14634,2021-03-01
TW11,1498,1767,3265,8908,8514,17422,2021-03-01
TW12,1446,1676,3122,8615,8230,16845,2021-03-01
TW13,3866,4322,8188,12770,9328,22098,2021-03-01
TW14,3493,3830,7323,10470,7316,17786,2021-03-01
TW15,1407,1543,2950,11065,9844,20909,2021-03-01
TW16,1137,1347,2484,8311,7484,15795,2021-03-01
TW17,568,620,1188,5782,5579,11361,2021-03-01
TW18,1457,1489,2946,10213,9142,19355,2021-03-01
TW19,1200,1361,2561,7015,5741,12756,2021-03-01
TW20,1732,1740,3472,8673,7514,16187,2021-03-01
UB1,11152,8092,19244,14101,8106,22207,2021-03-01
UB1,0,0,0,0,1,1,2021-03-01
UB2,8600,6415,15015,11830,7117,18947,2021-03-01
UB3,8548,8042,16590,18617,11901,30518,2021-03-01
UB4,5332,5167,10499,14307,10357,24664,2021-03-01
UB5,5572,6634,12206,16241,11718,27959,2021-03-01
UB6,6980,6621,13601,21003,14048,35051,2021-03-01
UB7,3504,4018,7522,11923,8503,20426,2021-03-01
UB8,3241,3364,6605,11586,8923,20509,2021-03-01
UB9,774,861,1635,6052,5508,11560,2021-03-01
UB10,2351,2708,5059,13879,12048,25927,2021-03-01
UB11,1,1,2,12,3,15,2021-03-01
UNKNOWNNA,1729,1382,3111,21042,14165,35207,2021-03-01
W1,38,29,67,52,33,85,2021-03-01
W1,105,32,137,97,40,137,2021-03-01
W1,72,75,147,307,168,475,2021-03-01
W1,16,9,25,19,7,26,2021-03-01
W1,220,116,336,383,153,536,2021-03-01
W1,2,0,2,2,1,3,2021-03-01
W1,185,160,345,543,254,797,2021-03-01
W1,256,247,503,1032,768,1800,2021-03-01
W1,924,814,1738,2281,1459,3740,2021-03-01
W1,203,163,366,712,426,1138,2021-03-01
W1,399,403,802,1064,652,1716,2021-03-01
W1,68,52,120,69,57,126,2021-03-01
W1,55,66,121,97,52,149,2021-03-01
W1,0,1,1,0,0,0,2021-03-01
W1,65,66,131,88,36,124,2021-03-01
W1,60,14,74,50,7,57,2021-03-01
W1,46,40,86,144,61,205,2021-03-01
W1,501,353,854,1122,570,1692,2021-03-01
W1,551,559,1110,1771,1171,2942,2021-03-01
W1,88,61,149,99,48,147,2021-03-01
W1,454,502,956,1135,688,1823,2021-03-01
W1,54,20,74,86,41,127,2021-03-01
W1,60,55,115,106,58,164,2021-03-01
W2,7755,7090,14845,16732,10892,27624,2021-03-01
W2,1,0,1,0,0,0,2021-03-01
W3,7751,7449,15200,21687,15338,37025,2021-03-01
W4,3916,4502,8418,17396,15156,32552,2021-03-01
W5,5107,5296,10403,21097,17005,38102,2021-03-01
W6,4278,4223,8501,11529,9114,20643,2021-03-01
W7,3454,3669,7123,10017,8222,18239,2021-03-01
W8,2273,2677,4950,8060,6880,14940,2021-03-01
W9,4807,5169,9976,12469,9258,21727,2021-03-01
W10,4876,5534,10410,9227,6911,16138,2021-03-01
W11,3986,4472,8458,10029,8129,18158,2021-03-01
W12,7403,7411,14814,14532,10468,25000,2021-03-01
W13,3684,3633,7317,12508,9917,22425,2021-03-01
W14,4854,5261,10115,12645,9797,22442,2021-03-01
W15,4,1,5,7,6,13,2021-03-01
W16,5,1,6,0,2,2,2021-03-01
W17,8,7,15,9,8,17,2021-03-01
W18,2,2,4,2,1,3,2021-03-01
W19,2,6,8,6,2,8,2021-03-01
W21,0,3,3,0,0,0,2021-03-01
W22,3,1,4,5,0,5,2021-03-01
W23,0,1,1,0,0,0,2021-03-01
W26,0,1,1,0,1,1,2021-03-01
W27,0,0,0,1,0,1,2021-03-01
W28,0,1,1,0,0,0,2021-03-01
W30,0,0,0,1,0,1,2021-03-01
W32,1,0,1,0,0,0,2021-03-01
W38,0,0,0,1,0,1,2021-03-01
W40,0,0,0,0,1,1,2021-03-01
W43,0,0,0,0,1,1,2021-03-01
WA1,1219,1298,2517,8288,7094,15382,2021-03-01
WA2,2863,3310,6173,13163,10808,23971,2021-03-01
WA3,1964,2463,4427,17713,16187,33900,2021-03-01
WA4,2000,2186,4186,18609,17256,35865,2021-03-01
WA5,2897,3501,6398,22492,20096,42588,2021-03-01
WA6,662,731,1393,7689,7336,15025,2021-03-01
WA7,4476,5560,10036,20635,17286,37921,2021-03-01
WA8,3758,4744,8502,21849,18394,40243,2021-03-01
WA9,3442,4419,7861,15768,12532,28300,2021-03-01
WA10,2346,2722,5068,12962,10940,23902,2021-03-01
WA11,1837,2412,4249,14160,12382,26542,2021-03-01
WA12,1319,1700,3019,8320,7149,15469,2021-03-01
WA13,371,463,834,5189,5048,10237,2021-03-01
WA14,1635,1613,3248,11430,10607,22037,2021-03-01
WA15,1990,2083,4073,16467,15413,31880,2021-03-01
WA16,870,904,1774,9540,9135,18675,2021-03-01
WC1,19,25,44,31,19,50,2021-03-01
WC1,103,102,205,302,129,431,2021-03-01
WC1,201,221,422,356,225,581,2021-03-01
WC1,246,250,496,449,298,747,2021-03-01
WC1,0,1,1,0,0,0,2021-03-01
WC1,1014,954,1968,1771,962,2733,2021-03-01
WC1,0,1,1,1,0,1,2021-03-01
WC1,832,809,1641,1822,1129,2951,2021-03-01
WC1,0,0,0,1,0,1,2021-03-01
WC1,1,0,1,0,0,0,2021-03-01
WC1,57,39,96,177,102,279,2021-03-01
WC1,1,0,1,0,0,0,2021-03-01
WC1,64,45,109,97,48,145,2021-03-01
WC1,1057,1001,2058,1887,1176,3063,2021-03-01
WC1,0,0,0,1,0,1,2021-03-01
WC1,2,1,3,0,0,0,2021-03-01
WC2,7,3,10,14,4,18,2021-03-01
WC2,19,15,34,91,53,144,2021-03-01
WC2,212,168,380,466,274,740,2021-03-01
WC2,78,58,136,226,124,350,2021-03-01
WC2,414,318,732,793,375,1168,2021-03-01
WC2,92,59,151,249,117,366,2021-03-01
WC2,45,34,79,140,83,223,2021-03-01
WC2,0,0,0,0,1,1,2021-03-01
WC2,0,0,0,0,1,1,2021-03-01
WC4,1,0,1,0,0,0,2021-03-01
WC12,1,0,1,0,0,0,2021-03-01
WC13,0,2,2,2,0,2,2021-03-01
WC14,3,1,4,0,1,1,2021-03-01
WC18,1,0,1,0,0,0,2021-03-01
WC19,1,1,2,0,0,0,2021-03-01
WC23,0,0,0,2,0,2,2021-03-01
WC24,2,0,2,5,1,6,2021-03-01
WC26,0,0,0,1,0,1,2021-03-01
WC28,1,0,1,0,2,2,2021-03-01
WC44,0,0,0,1,0,1,2021-03-01
WC78,1,0,1,0,0,0,2021-03-01
WD1,59,51,110,130,66,196,2021-03-01
WD2,98,72,170,201,84,285,2021-03-01
WD3,1891,1995,3886,16422,16043,32465,2021-03-01
WD4,418,410,828,4620,4437,9057,2021-03-01
WD5,531,551,1082,4336,4238,8574,2021-03-01
WD6,2884,3316,6200,14992,12710,27702,2021-03-01
WD7,534,616,1150,5225,5162,10387,2021-03-01
WD17,1303,1399,2702,6878,5609,12487,2021-03-01
WD18,2856,3277,6133,9158,6500,15658,2021-03-01
WD19,1792,2053,3845,10380,9376,19756,2021-03-01
WD22,0,0,0,0,1,1,2021-03-01
WD23,1360,1585,2945,10268,10111,20379,2021-03-01
WD24,1914,2117,4031,8587,6747,15334,2021-03-01
WD25,1737,2089,3826,10901,9831,20732,2021-03-01
WF0,0,0,0,1,0,1,2021-03-01
WF1,2817,3235,6052,12092,8967,21059,2021-03-01
WF2,3115,3919,7034,17256,14497,31753,2021-03-01
WF3,1411,1890,3301,12145,11121,23266,2021-03-01
WF4,1921,2413,4334,16126,14285,30411,2021-03-01
WF5,963,1237,2200,7418,6780,14198,2021-03-01
WF6,1248,1644,2892,7386,6008,13394,2021-03-01
WF7,1088,1569,2657,7501,6457,13958,2021-03-01
WF8,1794,2361,4155,11951,10310,22261,2021-03-01
WF9,2637,3438,6075,13091,10276,23367,2021-03-01
WF10,3042,4086,7128,16073,12889,28962,2021-03-01
WF11,1064,1394,2458,5695,4653,10348,2021-03-01
WF12,2262,2981,5243,11218,8765,19983,2021-03-01
WF13,2449,3044,5493,7998,5305,13303,2021-03-01
WF14,757,1032,1789,7160,6607,13767,2021-03-01
WF15,905,1149,2054,5956,5279,11235,2021-03-01
WF16,793,1025,1818,3911,2918,6829,2021-03-01
WF17,2918,3903,6821,13648,10210,23858,2021-03-01
WF21,0,0,0,1,0,1,2021-03-01
WN1,1215,1299,2514,6695,5256,11951,2021-03-01
WN2,2728,3489,6217,17559,14722,32281,2021-03-01
WN3,1557,1994,3551,10654,8885,19539,2021-03-01
WN4,1294,1597,2891,10081,8750,18831,2021-03-01
WN5,2400,2984,5384,14633,12083,26716,2021-03-01
WN6,1731,2066,3797,14961,13565,28526,2021-03-01
WN7,3000,3617,6617,15966,12922,28888,2021-03-01
WN8,3417,4112,7529,15105,12390,27495,2021-03-01
WR1,839,743,1582,3338,2476,5814,2021-03-01
WR2,1360,1507,2867,10750,9790,20540,2021-03-01
WR3,930,1024,1954,8083,7369,15452,2021-03-01
WR4,1731,2102,3833,8529,7288,15817,2021-03-01
WR5,1587,2037,3624,12302,11023,23325,2021-03-01
WR6,356,361,717,5504,5335,10839,2021-03-01
WR7,127,143,270,2438,2405,4843,2021-03-01
WR8,247,254,501,3491,3363,6854,2021-03-01
WR9,1413,1606,3019,12345,11742,24087,2021-03-01
WR10,551,763,1314,7683,7327,15010,2021-03-01
WR11,1907,2260,4167,17643,15564,33207,2021-03-01
WR12,173,214,387,2486,2439,4925,2021-03-01
WR13,237,241,478,3652,3576,7228,2021-03-01
WR14,1769,2090,3859,12279,11526,23805,2021-03-01
WR15,265,265,530,2910,2671,5581,2021-03-01
WS0,0,0,0,0,1,1,2021-03-01
WS1,2761,3178,5939,7685,4792,12477,2021-03-01
WS2,3628,4851,8479,10982,7245,18227,2021-03-01
WS3,3732,4713,8445,15419,12151,27570,2021-03-01
WS4,967,1124,2091,5969,5085,11054,2021-03-01
WS5,1163,1691,2854,7627,6450,14077,2021-03-01
WS6,622,780,1402,6482,5720,12202,2021-03-01
WS7,1042,1329,2371,11250,10040,21290,2021-03-01
WS8,902,1038,1940,5362,4594,9956,2021-03-01
WS9,1002,1265,2267,9612,8712,18324,2021-03-01
WS10,3700,4850,8550,14066,10381,24447,2021-03-01
WS11,2043,2571,4614,15135,13166,28301,2021-03-01
WS12,1358,1829,3187,13326,11789,25115,2021-03-01
WS13,1284,1469,2753,10016,9063,19079,2021-03-01
WS14,608,660,1268,6783,6445,13228,2021-03-01
WS15,1673,2057,3730,14010,12437,26447,2021-03-01
WV0,0,2,2,0,0,0,2021-03-01
WV1,2172,2095,4267,4344,2630,6974,2021-03-01
WV2,2350,2485,4835,4817,3160,7977,2021-03-01
WV3,2306,2540,4846,9951,8023,17974,2021-03-01
WV4,2052,2597,4649,11925,9857,21782,2021-03-01
WV5,469,563,1032,5858,5442,11300,2021-03-01
WV6,2983,3345,6328,15685,13356,29041,2021-03-01
WV7,400,283,683,2265,2027,4292,2021-03-01
WV8,776,1080,1856,5459,5021,10480,2021-03-01
WV9,316,386,702,2560,2325,4885,2021-03-01
WV10,4953,6324,11277,16873,13398,30271,2021-03-01
WV11,2163,2788,4951,11489,9218,20707,2021-03-01
WV12,1354,1836,3190,8565,7072,15637,2021-03-01
WV13,1720,2141,3861,6590,5056,11646,2021-03-01
WV14,3578,4565,8143,14867,11529,26396,2021-03-01
WV15,299,341,640,3444,3030,6474,2021-03-01
WV16,564,693,1257,6840,6244,13084,2021-03-01
YL55,0,0,0,0,1,1,2021-03-01
YO0,0,0,0,1,0,1,2021-03-01
YO1,410,397,807,1399,1071,2470,2021-03-01
YO1,0,0,0,1,0,1,2021-03-01
YO2,33,34,67,66,21,87,2021-03-01
YO3,34,27,61,79,51,130,2021-03-01
YO3,0,0,0,0,1,1,2021-03-01
YO4,12,11,23,89,67,156,2021-03-01
YO5,8,8,16,28,18,46,2021-03-01
YO6,18,27,45,105,55,160,2021-03-01
YO7,683,818,1501,8034,7466,15500,2021-03-01
YO8,1963,2543,4506,17304,15447,32751,2021-03-01
YO9,2,0,2,0,0,0,2021-03-01
YO10,1629,1942,3571,6911,5871,12782,2021-03-01
YO11,1539,1743,3282,7343,5849,13192,2021-03-01
YO12,2394,2843,5237,12759,10973,23732,2021-03-01
YO13,271,329,600,4150,4070,8220,2021-03-01
YO14,435,554,989,4177,3761,7938,2021-03-01
YO15,781,838,1619,4635,3701,8336,2021-03-01
YO16,1227,1601,2828,8332,6931,15263,2021-03-01
YO17,880,978,1858,8595,7779,16374,2021-03-01
YO18,352,433,785,4410,4156,8566,2021-03-01
YO19,416,497,913,5032,4738,9770,2021-03-01
YO20,0,0,0,0,1,1,2021-03-01
YO21,563,629,1192,5197,4744,9941,2021-03-01
YO22,394,445,839,3157,2830,5987,2021-03-01
YO23,862,1013,1875,7003,6818,13821,2021-03-01
YO24,1811,2297,4108,9745,8928,18673,2021-03-01
YO25,1107,1375,2482,13141,12168,25309,2021-03-01
YO26,1535,1894,3429,10641,9778,20419,2021-03-01
YO29,0,0,0,1,0,1,2021-03-01
YO30,1538,1790,3328,8876,7895,16771,2021-03-01
YO31,1686,2036,3722,8422,7469,15891,2021-03-01
YO32,1033,1319,2352,10289,9974,20263,2021-03-01
YO34,1,0,1,1,0,1,2021-03-01
YO35,0,0,0,0,1,1,2021-03-01
YO41,266,363,629,4446,4332,8778,2021-03-01
YO42,502,628,1130,6080,5885,11965,2021-03-01
YO43,372,447,819,5001,4707,9708,2021-03-01
YO45,0,0,0,0,1,1,2021-03-01
YO51,164,198,362,2462,2413,4875,2021-03-01
YO60,114,124,238,1908,1898,3806,2021-03-01
YO61,398,497,895,5674,5593,11267,2021-03-01
YO62,396,401,797,4634,4451,9085,2021-03-01
YO69,0,0,0,1,0,1,2021-03-01
ZE0,0,0,0,0,1,1,2021-03-01
ZE1,454,559,1013,2689,2264,4953,2021-03-01
ZE2,629,785,1414,5353,4803,10156,2021-03-01
ZE3,19,21,40,159,139,298,2021-03-01
TotalNA,4212978,4752438,8965416,21746144,18736699,40482843,2021-03-01
AB1,51,64,115,204,130,334,2012-11-01
AB2,29,30,59,152,80,232,2012-11-01
AB3,1,5,6,41,41,82,2012-11-01
AB4,0,0,0,6,9,15,2012-11-01
AB5,0,1,1,11,4,15,2012-11-01
AB9,30,17,47,67,11,78,2012-11-01
AB10,1326,1475,2801,7610,5900,13510,2012-11-01
AB11,1753,1828,3581,6317,4145,10462,2012-11-01
AB12,1145,1524,2669,9714,8260,17974,2012-11-01
AB13,108,107,215,1323,1286,2609,2012-11-01
AB14,206,249,455,1949,1787,3736,2012-11-01
AB15,1343,1714,3057,14964,13830,28794,2012-11-01
AB16,2119,2865,4984,8328,5980,14308,2012-11-01
AB21,806,1022,1828,8329,7152,15481,2012-11-01
AB22,627,869,1496,6508,5652,12160,2012-11-01
AB23,370,501,871,4459,3837,8296,2012-11-01
AB24,2808,2915,5723,8919,5386,14305,2012-11-01
AB25,1331,1345,2676,5113,3604,8717,2012-11-01
AB30,185,266,451,2835,2588,5423,2012-11-01
AB31,410,516,926,6336,5863,12199,2012-11-01
AB32,411,514,925,5197,4959,10156,2012-11-01
AB33,122,141,263,2149,1908,4057,2012-11-01
AB34,168,216,384,2053,1968,4021,2012-11-01
AB35,89,119,208,981,896,1877,2012-11-01
AB36,15,14,29,202,193,395,2012-11-01
AB37,44,57,101,523,436,959,2012-11-01
AB38,128,193,321,1719,1446,3165,2012-11-01
AB39,592,715,1307,6664,6240,12904,2012-11-01
AB41,577,871,1448,8407,7536,15943,2012-11-01
AB42,1412,1740,3152,11905,9985,21890,2012-11-01
AB43,993,1283,2276,8099,6898,14997,2012-11-01
AB44,175,237,412,1350,1174,2524,2012-11-01
AB45,423,519,942,3971,3405,7376,2012-11-01
AB51,915,1213,2128,13199,11926,25125,2012-11-01
AB52,105,162,267,1910,1763,3673,2012-11-01
AB53,335,490,825,4812,4111,8923,2012-11-01
AB54,367,470,837,4262,3694,7956,2012-11-01
AB55,286,424,710,3384,2820,6204,2012-11-01
AB56,646,781,1427,4874,4218,9092,2012-11-01
AL1,1700,1840,3540,13054,11500,24554,2012-11-01
AL2,820,988,1808,9253,8335,17588,2012-11-01
AL3,991,1217,2208,10440,9730,20170,2012-11-01
AL4,856,1030,1886,10398,9789,20187,2012-11-01
AL5,936,1063,1999,11834,11458,23292,2012-11-01
AL6,306,334,640,4747,4502,9249,2012-11-01
AL7,1755,2213,3968,11405,9849,21254,2012-11-01
AL8,507,666,1173,4878,4519,9397,2012-11-01
AL9,335,390,725,4560,4189,8749,2012-11-01
AL10,2496,2300,4796,9449,6849,16298,2012-11-01
B1,642,516,1158,1643,864,2507,2012-11-01
B2,40,43,83,76,28,104,2012-11-01
B3,101,99,200,495,322,817,2012-11-01
B4,154,82,236,231,57,288,2012-11-01
B5,1047,1083,2130,2508,1465,3973,2012-11-01
B6,2327,2501,4828,4397,2141,6538,2012-11-01
B7,949,1118,2067,1496,766,2262,2012-11-01
B8,4502,4650,9152,9381,4656,14037,2012-11-01
B9,2436,2909,5345,5288,2795,8083,2012-11-01
B10,3083,3239,6322,6079,2828,8907,2012-11-01
B11,5058,5058,10116,10898,5451,16349,2012-11-01
B12,2399,2354,4753,4175,2011,6186,2012-11-01
B13,2600,3145,5745,11623,8848,20471,2012-11-01
B14,2767,3539,6306,12564,9928,22492,2012-11-01
B15,1226,1332,2558,4513,3377,7890,2012-11-01
B16,2299,2432,4731,5489,3290,8779,2012-11-01
B17,1439,1769,3208,7814,6606,14420,2012-11-01
B18,1799,2140,3939,3030,1865,4895,2012-11-01
B19,2672,2724,5396,3645,1768,5413,2012-11-01
B20,3317,3871,7188,9494,6456,15950,2012-11-01
B21,4063,4070,8133,6677,3756,10433,2012-11-01
B23,3212,4052,7264,11333,8448,19781,2012-11-01
B24,1854,2376,4230,8117,6192,14309,2012-11-01
B25,1295,1594,2889,4186,2790,6976,2012-11-01
B26,1779,2254,4033,10451,7861,18312,2012-11-01
B27,1888,2325,4213,7053,4943,11996,2012-11-01
B28,1598,2008,3606,10225,8199,18424,2012-11-01
B29,2632,3167,5799,9093,6672,15765,2012-11-01
B30,1669,2083,3752,8607,7582,16189,2012-11-01
B31,3521,4666,8187,15856,12290,28146,2012-11-01
B32,2552,3626,6178,10752,8260,19012,2012-11-01
B33,2456,3367,5823,8758,6068,14826,2012-11-01
B34,1166,1597,2763,5152,3817,8969,2012-11-01
B35,756,1012,1768,2309,1729,4038,2012-11-01
B36,2152,3005,5157,10972,8299,19271,2012-11-01
B37,2523,3356,5879,10137,7520,17657,2012-11-01
B38,1359,1915,3274,5775,4645,10420,2012-11-01
B42,1296,1719,3015,7231,5804,13035,2012-11-01
B43,1231,1670,2901,10129,8351,18480,2012-11-01
B44,2416,3276,5692,10195,7770,17965,2012-11-01
B45,1714,2317,4031,9963,8057,18020,2012-11-01
B46,369,487,856,4849,4354,9203,2012-11-01
B47,300,309,609,3876,3603,7479,2012-11-01
B48,164,175,339,2282,2027,4309,2012-11-01
B49,359,454,813,3953,3693,7646,2012-11-01
B50,171,202,373,2087,1987,4074,2012-11-01
B60,803,994,1797,9928,9204,19132,2012-11-01
B61,900,1160,2060,8900,7813,16713,2012-11-01
B62,909,1162,2071,8863,7499,16362,2012-11-01
B63,1530,2048,3578,12460,10221,22681,2012-11-01
B64,872,1131,2003,4962,3768,8730,2012-11-01
B65,1272,1781,3053,7153,5258,12411,2012-11-01
B66,2472,2701,5173,4685,2585,7270,2012-11-01
B67,2600,2969,5569,8058,5488,13546,2012-11-01
B68,1866,2563,4429,9366,6952,16318,2012-11-01
B69,1746,2300,4046,8398,5967,14365,2012-11-01
B70,2278,2796,5074,6994,4200,11194,2012-11-01
B71,1874,2431,4305,8667,6034,14701,2012-11-01
B72,352,431,783,3693,3257,6950,2012-11-01
B73,860,1019,1879,8742,7805,16547,2012-11-01
B74,756,1009,1765,12740,11804,24544,2012-11-01
B75,945,1331,2276,9642,8855,18497,2012-11-01
B76,894,843,1737,8867,7708,16575,2012-11-01
B77,2540,3823,6363,19475,16059,35534,2012-11-01
B78,799,1158,1957,8843,7627,16470,2012-11-01
B79,818,1153,1971,7719,6540,14259,2012-11-01
B80,229,277,506,2676,2463,5139,2012-11-01
B90,1504,1847,3351,17488,15632,33120,2012-11-01
B91,1059,1222,2281,13271,12546,25817,2012-11-01
B92,1449,1857,3306,13346,11711,25057,2012-11-01
B93,470,494,964,7910,7645,15555,2012-11-01
B94,149,182,331,3124,3028,6152,2012-11-01
B95,171,190,361,2438,2338,4776,2012-11-01
B96,112,136,248,2050,1956,4006,2012-11-01
B97,1152,1494,2646,11438,9868,21306,2012-11-01
B98,2631,3794,6425,16949,13396,30345,2012-11-01
BA1,1950,2278,4228,13634,12179,25813,2012-11-01
BA2,3236,3697,6933,23290,20402,43692,2012-11-01
BA3,1211,1225,2436,12946,11647,24593,2012-11-01
BA4,570,707,1277,6635,5924,12559,2012-11-01
BA5,588,678,1266,6707,6191,12898,2012-11-01
BA6,571,634,1205,4863,4556,9419,2012-11-01
BA7,94,142,236,1342,1295,2637,2012-11-01
BA8,129,184,313,1710,1577,3287,2012-11-01
BA9,221,297,518,2744,2465,5209,2012-11-01
BA10,134,170,304,1305,1217,2522,2012-11-01
BA11,1147,1591,2738,11669,10692,22361,2012-11-01
BA12,1051,1371,2422,10867,9579,20446,2012-11-01
BA13,627,813,1440,7280,6519,13799,2012-11-01
BA14,1822,2109,3931,16713,14853,31566,2012-11-01
BA15,398,523,921,5002,4925,9927,2012-11-01
BA16,546,584,1130,4379,3941,8320,2012-11-01
BA20,402,482,884,4059,3401,7460,2012-11-01
BA21,1405,1938,3343,11385,9367,20752,2012-11-01
BA22,464,539,1003,7083,6480,13563,2012-11-01
BB1,3773,4917,8690,20005,14064,34069,2012-11-01
BB2,3173,4083,7256,18422,14123,32545,2012-11-01
BB3,1586,2108,3694,11157,9113,20270,2012-11-01
BB4,1597,2205,3802,14531,12484,27015,2012-11-01
BB5,3135,3944,7079,19349,15005,34354,2012-11-01
BB6,563,689,1252,5314,4549,9863,2012-11-01
BB7,924,1117,2041,11824,10903,22727,2012-11-01
BB8,997,1274,2271,7781,6553,14334,2012-11-01
BB9,2312,2965,5277,13808,10244,24052,2012-11-01
BB10,1842,2462,4304,12255,9318,21573,2012-11-01
BB11,1363,1749,3112,6708,5078,11786,2012-11-01
BB12,1554,1934,3488,12024,9905,21929,2012-11-01
BB18,581,834,1415,5936,5060,10996,2012-11-01
BD1,408,247,655,674,244,918,2012-11-01
BD2,1592,2150,3742,9093,7004,16097,2012-11-01
BD3,3147,3425,6572,7326,3674,11000,2012-11-01
BD4,2012,2820,4832,7697,5315,13012,2012-11-01
BD5,2618,3042,5660,6565,3309,9874,2012-11-01
BD6,1553,2243,3796,8761,6806,15567,2012-11-01
BD7,3065,3126,6191,8686,4967,13653,2012-11-01
BD8,2615,3012,5627,7274,3850,11124,2012-11-01
BD9,1852,2479,4331,7340,4961,12301,2012-11-01
BD10,1233,1572,2805,8084,6817,14901,2012-11-01
BD11,326,492,818,3914,3483,7397,2012-11-01
BD12,814,1075,1889,5627,4501,10128,2012-11-01
BD13,1006,1354,2360,8762,7531,16293,2012-11-01
BD14,377,494,871,2654,2235,4889,2012-11-01
BD15,720,1006,1726,4993,3992,8985,2012-11-01
BD16,886,1101,1987,9134,8301,17435,2012-11-01
BD17,642,778,1420,6541,5817,12358,2012-11-01
BD18,1472,1910,3382,8184,6543,14727,2012-11-01
BD19,848,1055,1903,7486,6460,13946,2012-11-01
BD20,1081,1461,2542,13155,11724,24879,2012-11-01
BD21,1660,2234,3894,7059,4552,11611,2012-11-01
BD22,1219,1710,2929,10074,8492,18566,2012-11-01
BD23,848,1175,2023,11078,10205,21283,2012-11-01
BD24,157,204,361,1964,1789,3753,2012-11-01
BD99,0,0,0,0,1,1,2012-11-01
BH1,1517,1433,2950,5940,3951,9891,2012-11-01
BH2,594,532,1126,2716,1918,4634,2012-11-01
BH3,248,273,521,2073,1785,3858,2012-11-01
BH4,411,399,810,3584,2980,6564,2012-11-01
BH5,576,597,1173,3397,2698,6095,2012-11-01
BH6,832,1008,1840,8178,7602,15780,2012-11-01
BH7,572,612,1184,4126,3718,7844,2012-11-01
BH8,1606,1650,3256,9122,7542,16664,2012-11-01
BH9,1404,1574,2978,9696,8685,18381,2012-11-01
BH10,752,889,1641,7247,6396,13643,2012-11-01
BH11,906,1214,2120,6913,5979,12892,2012-11-01
BH12,1660,1967,3627,12174,10377,22551,2012-11-01
BH13,139,170,309,3272,3125,6397,2012-11-01
BH14,838,820,1658,8953,8259,17212,2012-11-01
BH15,1415,1625,3040,11676,10011,21687,2012-11-01
BH16,577,777,1354,5760,5308,11068,2012-11-01
BH17,900,1119,2019,8331,7711,16042,2012-11-01
BH18,233,253,486,4976,4709,9685,2012-11-01
BH19,376,567,943,4334,3837,8171,2012-11-01
BH20,924,847,1771,8127,7073,15200,2012-11-01
BH21,994,1177,2171,16403,15884,32287,2012-11-01
BH22,595,723,1318,10978,10378,21356,2012-11-01
BH23,1658,1890,3548,20105,19024,39129,2012-11-01
BH24,621,667,1288,9597,9185,18782,2012-11-01
BH25,756,875,1631,9538,9132,18670,2012-11-01
BH31,293,326,619,5198,5153,10351,2012-11-01
BL0,523,718,1241,6532,5932,12464,2012-11-01
BL1,3290,3829,7119,19661,15205,34866,2012-11-01
BL2,2325,2885,5210,14920,12274,27194,2012-11-01
BL3,3982,4792,8774,19189,13480,32669,2012-11-01
BL4,1841,2468,4309,10151,7474,17625,2012-11-01
BL5,957,1151,2108,9856,8856,18712,2012-11-01
BL6,1079,1335,2414,10849,9520,20369,2012-11-01
BL7,387,450,837,6081,5812,11893,2012-11-01
BL8,1204,1485,2689,13489,12009,25498,2012-11-01
BL9,2621,3241,5862,15716,12276,27992,2012-11-01
BN1,5341,5342,10683,25109,20732,45841,2012-11-01
BN2,6097,6732,12829,26957,20844,47801,2012-11-01
BN3,4782,5138,9920,26673,22213,48886,2012-11-01
BN5,185,241,426,2879,2839,5718,2012-11-01
BN6,542,540,1082,6526,6477,13003,2012-11-01
BN7,1009,1205,2214,6857,6472,13329,2012-11-01
BN8,469,572,1041,6313,6059,12372,2012-11-01
BN9,657,891,1548,4440,3711,8151,2012-11-01
BN10,729,979,1708,6667,5602,12269,2012-11-01
BN11,1665,1887,3552,10290,8593,18883,2012-11-01
BN12,711,831,1542,7708,7271,14979,2012-11-01
BN13,1061,1245,2306,10001,9296,19297,2012-11-01
BN14,1214,1423,2637,11001,10111,21112,2012-11-01
BN15,1126,1446,2572,9883,8459,18342,2012-11-01
BN16,763,903,1666,10659,10283,20942,2012-11-01
BN17,1407,1768,3175,9827,8240,18067,2012-11-01
BN18,481,507,988,5097,4832,9929,2012-11-01
BN20,698,891,1589,7477,7296,14773,2012-11-01
BN21,1348,1365,2713,7628,6322,13950,2012-11-01
BN22,1639,2157,3796,10258,8848,19106,2012-11-01
BN23,1121,1609,2730,9644,8493,18137,2012-11-01
BN24,219,276,495,3537,3284,6821,2012-11-01
BN25,794,1142,1936,8750,7995,16745,2012-11-01
BN26,313,397,710,4158,3867,8025,2012-11-01
BN27,961,1211,2172,9918,9047,18965,2012-11-01
BN41,1196,1552,2748,6627,5742,12369,2012-11-01
BN42,493,574,1067,3595,3130,6725,2012-11-01
BN43,1007,1139,2146,8121,7316,15437,2012-11-01
BN44,287,340,627,4053,3909,7962,2012-11-01
BN45,16,22,38,254,210,464,2012-11-01
BR1,3456,4403,7859,18456,16378,34834,2012-11-01
BR2,2000,2271,4271,16515,15265,31780,2012-11-01
BR3,2280,2609,4889,17398,16151,33549,2012-11-01
BR4,807,769,1576,7383,6969,14352,2012-11-01
BR5,2435,3143,5578,14973,13348,28321,2012-11-01
BR6,1813,2065,3878,17712,16618,34330,2012-11-01
BR7,554,784,1338,6794,6477,13271,2012-11-01
BR8,939,1321,2260,8126,6952,15078,2012-11-01
BS1,620,552,1172,2652,1366,4018,2012-11-01
BS2,1497,1529,3026,3587,2297,5884,2012-11-01
BS3,1945,2242,4187,11416,9277,20693,2012-11-01
BS4,2688,3408,6096,15267,12108,27375,2012-11-01
BS5,4233,4513,8746,15118,10819,25937,2012-11-01
BS6,1682,1778,3460,10027,8899,18926,2012-11-01
BS7,2264,2458,4722,12470,10268,22738,2012-11-01
BS8,1115,1154,2269,8171,6866,15037,2012-11-01
BS9,1101,1160,2261,12043,11078,23121,2012-11-01
BS10,1576,2147,3723,8649,7058,15707,2012-11-01
BS11,1049,1384,2433,5436,4181,9617,2012-11-01
BS12,16,12,28,93,36,129,2012-11-01
BS13,1703,2324,4027,8729,6580,15309,2012-11-01
BS14,1089,1397,2486,10521,8952,19473,2012-11-01
BS15,1733,2175,3908,16789,14372,31161,2012-11-01
BS16,3024,3400,6424,25228,21778,47006,2012-11-01
BS17,10,16,26,85,52,137,2012-11-01
BS18,12,10,22,93,53,146,2012-11-01
BS19,3,8,11,68,52,120,2012-11-01
BS20,803,969,1772,11691,10724,22415,2012-11-01
BS21,713,941,1654,8977,8290,17267,2012-11-01
BS22,1184,1713,2897,13977,12287,26264,2012-11-01
BS23,1762,2119,3881,10924,8474,19398,2012-11-01
BS24,514,728,1242,6928,6355,13283,2012-11-01
BS25,163,167,330,2602,2447,5049,2012-11-01
BS26,145,134,279,2002,1951,3953,2012-11-01
BS27,193,193,386,2737,2599,5336,2012-11-01
BS28,86,74,160,1380,1359,2739,2012-11-01
BS29,79,86,165,1071,925,1996,2012-11-01
BS30,824,1027,1851,11335,10531,21866,2012-11-01
BS31,687,851,1538,7497,6809,14306,2012-11-01
BS32,753,881,1634,8787,8049,16836,2012-11-01
BS34,1366,1610,2976,10527,8881,19408,2012-11-01
BS35,666,802,1468,8926,8098,17024,2012-11-01
BS36,447,468,915,6283,5872,12155,2012-11-01
BS37,1248,1665,2913,14369,12656,27025,2012-11-01
BS39,333,462,795,6065,5559,11624,2012-11-01
BS40,261,318,579,5321,5108,10429,2012-11-01
BS41,139,171,310,2349,2202,4551,2012-11-01
BS48,691,838,1529,9356,8776,18132,2012-11-01
BS49,368,424,792,4535,4347,8882,2012-11-01
BS99,1,0,1,2,1,3,2012-11-01
BT4,0,0,0,1,0,1,2012-11-01
BT8,0,0,0,0,1,1,2012-11-01
BT9,0,1,1,1,0,1,2012-11-01
BT14,0,0,0,1,0,1,2012-11-01
BT15,0,0,0,0,2,2,2012-11-01
BT16,0,0,0,1,0,1,2012-11-01
BT17,0,0,0,0,1,1,2012-11-01
BT18,0,0,0,1,0,1,2012-11-01
BT19,0,0,0,9,3,12,2012-11-01
BT20,0,0,0,2,3,5,2012-11-01
BT21,0,0,0,0,1,1,2012-11-01
BT22,0,0,0,1,1,2,2012-11-01
BT23,0,2,2,2,1,3,2012-11-01
BT24,0,0,0,0,4,4,2012-11-01
BT25,0,0,0,1,3,4,2012-11-01
BT26,0,0,0,1,0,1,2012-11-01
BT27,0,1,1,1,1,2,2012-11-01
BT28,0,0,0,4,4,8,2012-11-01
BT29,0,0,0,2,3,5,2012-11-01
BT30,0,0,0,1,0,1,2012-11-01
BT32,0,0,0,4,1,5,2012-11-01
BT33,0,0,0,3,1,4,2012-11-01
BT34,0,0,0,4,3,7,2012-11-01
BT35,0,2,2,3,1,4,2012-11-01
BT36,1,0,1,2,2,4,2012-11-01
BT37,0,0,0,2,1,3,2012-11-01
BT38,0,1,1,2,4,6,2012-11-01
BT39,0,0,0,1,2,3,2012-11-01
BT40,0,1,1,3,3,6,2012-11-01
BT41,0,0,0,3,2,5,2012-11-01
BT42,0,0,0,2,2,4,2012-11-01
BT43,0,0,0,0,1,1,2012-11-01
BT44,0,0,0,0,1,1,2012-11-01
BT45,0,1,1,1,3,4,2012-11-01
BT47,0,1,1,2,0,2,2012-11-01
BT48,0,0,0,1,1,2,2012-11-01
BT49,0,1,1,0,1,1,2012-11-01
BT51,0,0,0,1,2,3,2012-11-01
BT52,0,0,0,0,1,1,2012-11-01
BT53,0,0,0,1,1,2,2012-11-01
BT54,0,0,0,2,3,5,2012-11-01
BT55,0,1,1,1,1,2,2012-11-01
BT56,0,0,0,1,0,1,2012-11-01
BT60,0,0,0,2,2,4,2012-11-01
BT62,0,0,0,0,1,1,2012-11-01
BT63,0,0,0,1,0,1,2012-11-01
BT65,0,0,0,1,1,2,2012-11-01
BT66,0,0,0,1,3,4,2012-11-01
BT67,0,0,0,1,0,1,2012-11-01
BT70,0,0,0,0,1,1,2012-11-01
BT71,1,0,1,1,3,4,2012-11-01
BT74,0,1,1,0,4,4,2012-11-01
BT78,0,0,0,0,1,1,2012-11-01
BT79,0,0,0,1,0,1,2012-11-01
BT81,0,0,0,0,1,1,2012-11-01
BT82,0,0,0,0,2,2,2012-11-01
BT93,0,0,0,0,1,1,2012-11-01
CA1,1180,1629,2809,7104,5502,12606,2012-11-01
CA2,1679,2427,4106,12386,9603,21989,2012-11-01
CA3,449,568,1017,5100,4522,9622,2012-11-01
CA4,185,242,427,3793,3660,7453,2012-11-01
CA5,170,202,372,2822,2611,5433,2012-11-01
CA6,232,312,544,3640,3124,6764,2012-11-01
CA7,686,926,1612,8649,7694,16343,2012-11-01
CA8,266,421,687,3981,3516,7497,2012-11-01
CA9,72,118,190,881,722,1603,2012-11-01
CA10,320,417,737,5628,5134,10762,2012-11-01
CA11,654,904,1558,7912,6926,14838,2012-11-01
CA12,271,356,627,3014,2654,5668,2012-11-01
CA13,438,592,1030,5787,5224,11011,2012-11-01
CA14,1385,2064,3449,12185,9570,21755,2012-11-01
CA15,668,963,1631,5377,4183,9560,2012-11-01
CA16,127,198,325,2434,2203,4637,2012-11-01
CA17,113,173,286,1907,1635,3542,2012-11-01
CA18,9,10,19,127,125,252,2012-11-01
CA19,30,32,62,475,420,895,2012-11-01
CA20,81,104,185,1362,1210,2572,2012-11-01
CA21,20,23,43,362,299,661,2012-11-01
CA22,420,567,987,3192,2562,5754,2012-11-01
CA23,46,84,130,579,451,1030,2012-11-01
CA24,39,53,92,385,316,701,2012-11-01
CA25,320,385,705,1899,1464,3363,2012-11-01
CA26,149,208,357,1307,1039,2346,2012-11-01
CA27,59,67,126,644,558,1202,2012-11-01
CA28,1333,1706,3039,9391,7339,16730,2012-11-01
CB1,2981,3269,6250,17349,14894,32243,2012-11-01
CB2,1211,1267,2478,8337,7315,15652,2012-11-01
CB3,1025,1265,2290,9205,8542,17747,2012-11-01
CB4,3128,3618,6746,19073,16009,35082,2012-11-01
CB5,905,1114,2019,6374,5418,11792,2012-11-01
CB6,1040,1422,2462,13666,12196,25862,2012-11-01
CB7,786,998,1784,9463,8266,17729,2012-11-01
CB8,1277,1537,2814,11518,10339,21857,2012-11-01
CB9,1324,1882,3206,10793,8922,19715,2012-11-01
CB10,414,550,964,5227,4866,10093,2012-11-01
CB11,595,672,1267,6822,6238,13060,2012-11-01
CB21,243,286,529,3398,3054,6452,2012-11-01
CB22,407,451,858,5019,4411,9430,2012-11-01
CB23,630,693,1323,6913,6338,13251,2012-11-01
CB24,635,646,1281,6968,6096,13064,2012-11-01
CB25,287,313,600,3724,3245,6969,2012-11-01
CF1,60,47,107,112,38,150,2012-11-01
CF2,35,28,63,111,60,171,2012-11-01
CF3,2264,3012,5276,12698,10942,23640,2012-11-01
CF4,32,21,53,154,93,247,2012-11-01
CF5,3282,4189,7471,19922,17387,37309,2012-11-01
CF6,75,64,139,103,51,154,2012-11-01
CF7,10,5,15,56,45,101,2012-11-01
CF8,26,30,56,128,78,206,2012-11-01
CF10,988,839,1827,3347,2063,5410,2012-11-01
CF11,2709,2569,5278,9720,6883,16603,2012-11-01
CF14,2670,3170,5840,25473,23358,48831,2012-11-01
CF15,478,627,1105,6779,6535,13314,2012-11-01
CF23,1948,2671,4619,15344,14141,29485,2012-11-01
CF24,4119,3664,7783,10894,7501,18395,2012-11-01
CF31,1569,2176,3745,15439,13659,29098,2012-11-01
CF32,1232,1785,3017,10218,8074,18292,2012-11-01
CF33,617,947,1564,4792,3843,8635,2012-11-01
CF34,921,1315,2236,6688,5018,11706,2012-11-01
CF35,379,538,917,5694,5068,10762,2012-11-01
CF36,447,632,1079,6074,5381,11455,2012-11-01
CF37,1910,2247,4157,11730,8969,20699,2012-11-01
CF38,677,1052,1729,8262,7400,15662,2012-11-01
CF39,1326,1939,3265,9087,7017,16104,2012-11-01
CF40,927,1385,2312,6372,4589,10961,2012-11-01
CF41,442,696,1138,3441,2539,5980,2012-11-01
CF42,605,875,1480,4127,3039,7166,2012-11-01
CF43,619,980,1599,3560,2410,5970,2012-11-01
CF44,1729,2686,4415,12829,9754,22583,2012-11-01
CF45,1044,1497,2541,5887,4290,10177,2012-11-01
CF46,555,868,1423,4874,4003,8877,2012-11-01
CF47,1205,1666,2871,6424,4544,10968,2012-11-01
CF48,1260,1843,3103,8526,6602,15128,2012-11-01
CF61,437,549,986,3759,3350,7109,2012-11-01
CF62,1749,2171,3920,13674,12233,25907,2012-11-01
CF63,1174,1540,2714,6273,5262,11535,2012-11-01
CF64,1272,1634,2906,13134,12225,25359,2012-11-01
CF71,196,202,398,3844,3587,7431,2012-11-01
CF72,727,1056,1783,9204,8406,17610,2012-11-01
CF81,878,1351,2229,4908,3378,8286,2012-11-01
CF82,809,1216,2025,6545,5233,11778,2012-11-01
CF83,2367,3233,5600,17359,14416,31775,2012-11-01
CH1,1720,2163,3883,8975,6850,15825,2012-11-01
CH2,1369,1762,3131,12331,10637,22968,2012-11-01
CH3,1084,1239,2323,12752,11887,24639,2012-11-01
CH4,1361,1798,3159,11641,10316,21957,2012-11-01
CH5,1882,2432,4314,14427,12063,26490,2012-11-01
CH6,813,1173,1986,5426,4342,9768,2012-11-01
CH7,1580,2136,3716,18549,16649,35198,2012-11-01
CH8,877,1227,2104,7508,6338,13846,2012-11-01
CH41,1486,1679,3165,4204,2859,7063,2012-11-01
CH42,2217,2658,4875,8148,6398,14546,2012-11-01
CH43,1868,2227,4095,12417,10639,23056,2012-11-01
CH44,1963,2489,4452,8111,6080,14191,2012-11-01
CH45,1537,1820,3357,10267,8931,19198,2012-11-01
CH46,1297,1724,3021,8180,6745,14925,2012-11-01
CH47,390,495,885,4040,3929,7969,2012-11-01
CH48,542,565,1107,5649,5451,11100,2012-11-01
CH49,1266,1684,2950,9787,8714,18501,2012-11-01
CH60,288,310,598,5295,5190,10485,2012-11-01
CH61,511,689,1200,6540,6284,12824,2012-11-01
CH62,1395,1736,3131,9549,8124,17673,2012-11-01
CH63,1118,1349,2467,11007,10227,21234,2012-11-01
CH64,532,672,1204,7495,6839,14334,2012-11-01
CH65,1584,2105,3689,8126,6423,14549,2012-11-01
CH66,1380,1762,3142,12746,11175,23921,2012-11-01
CM0,537,740,1277,6362,5567,11929,2012-11-01
CM1,2670,3205,5875,22085,19163,41248,2012-11-01
CM2,2292,2874,5166,21590,19148,40738,2012-11-01
CM3,1556,2056,3612,21902,20012,41914,2012-11-01
CM4,302,351,653,4162,3984,8146,2012-11-01
CM5,331,378,709,4237,3911,8148,2012-11-01
CM6,629,734,1363,9822,9039,18861,2012-11-01
CM7,1962,2567,4529,17087,14410,31497,2012-11-01
CM8,1409,1958,3367,11309,9588,20897,2012-11-01
CM9,1124,1448,2572,12850,11485,24335,2012-11-01
CM11,679,758,1437,7717,7081,14798,2012-11-01
CM12,660,715,1375,7988,7379,15367,2012-11-01
CM13,881,1024,1905,9529,8846,18375,2012-11-01
CM14,769,998,1767,7176,6386,13562,2012-11-01
CM15,781,876,1657,9297,8692,17989,2012-11-01
CM16,698,810,1508,8762,7899,16661,2012-11-01
CM17,741,991,1732,7632,6913,14545,2012-11-01
CM18,1485,2031,3516,8054,6259,14313,2012-11-01
CM19,1206,1504,2710,7274,5712,12986,2012-11-01
CM20,1533,1894,3427,6747,4969,11716,2012-11-01
CM21,321,391,712,4389,3930,8319,2012-11-01
CM22,388,453,841,5571,5144,10715,2012-11-01
CM23,1469,1724,3193,15077,13678,28755,2012-11-01
CM24,225,245,470,2686,2404,5090,2012-11-01
CM77,441,486,927,5717,5474,11191,2012-11-01
CO1,928,1090,2018,4493,3523,8016,2012-11-01
CO2,1794,2417,4211,11251,8837,20088,2012-11-01
CO3,1219,1382,2601,10547,9575,20122,2012-11-01
CO4,2384,3074,5458,15095,12383,27478,2012-11-01
CO5,785,1034,1819,11237,10163,21400,2012-11-01
CO6,783,955,1738,11179,10417,21596,2012-11-01
CO7,1094,1265,2359,12907,11627,24534,2012-11-01
CO8,60,73,133,910,859,1769,2012-11-01
CO9,792,1024,1816,9456,8415,17871,2012-11-01
CO10,1620,2134,3754,17298,15053,32351,2012-11-01
CO11,419,543,962,4964,4473,9437,2012-11-01
CO12,917,1247,2164,7644,6066,13710,2012-11-01
CO13,316,418,734,4651,4247,8898,2012-11-01
CO14,247,341,588,2247,1813,4060,2012-11-01
CO15,1914,2347,4261,14770,11616,26386,2012-11-01
CO16,863,1112,1975,8822,7456,16278,2012-11-01
CR0,14462,15994,30456,46014,35278,81292,2012-11-01
CR2,2548,2942,5490,17305,15593,32898,2012-11-01
CR3,1101,1284,2385,10487,9904,20391,2012-11-01
CR4,7582,7444,15026,18251,12286,30537,2012-11-01
CR5,1195,1517,2712,10694,9876,20570,2012-11-01
CR6,302,354,656,3867,3664,7531,2012-11-01
CR7,6186,5881,12067,13058,9549,22607,2012-11-01
CR8,1548,1743,3291,11941,10998,22939,2012-11-01
CR9,55,43,98,68,27,95,2012-11-01
CT1,1730,1947,3677,7443,5984,13427,2012-11-01
CT2,1461,1737,3198,8360,7025,15385,2012-11-01
CT3,680,900,1580,6307,5644,11951,2012-11-01
CT4,494,599,1093,6718,6324,13042,2012-11-01
CT5,1181,1449,2630,12075,11073,23148,2012-11-01
CT6,1398,1667,3065,13687,12073,25760,2012-11-01
CT7,339,470,809,4399,3800,8199,2012-11-01
CT8,391,438,829,2345,2085,4430,2012-11-01
CT9,2617,3049,5666,12626,10143,22769,2012-11-01
CT10,1088,1293,2381,8744,7911,16655,2012-11-01
CT11,1794,2045,3839,8928,7259,16187,2012-11-01
CT12,968,1243,2211,5928,4765,10693,2012-11-01
CT13,366,406,772,3145,2852,5997,2012-11-01
CT14,1476,1917,3393,12177,10361,22538,2012-11-01
CT15,413,585,998,5184,4628,9812,2012-11-01
CT16,1105,1280,2385,6354,4952,11306,2012-11-01
CT17,1153,1458,2611,6399,4872,11271,2012-11-01
CT18,388,499,887,5372,4934,10306,2012-11-01
CT19,1601,1957,3558,8785,7142,15927,2012-11-01
CT20,1259,1366,2625,7134,5335,12469,2012-11-01
CT21,524,671,1195,6388,5864,12252,2012-11-01
CV1,3471,2838,6309,6347,2745,9092,2012-11-01
CV2,4638,5989,10627,18882,13587,32469,2012-11-01
CV3,3723,4645,8368,21419,17012,38431,2012-11-01
CV4,1954,2286,4240,9262,7127,16389,2012-11-01
CV5,2178,2425,4603,16903,14178,31081,2012-11-01
CV6,6152,7924,14076,25754,18485,44239,2012-11-01
CV7,999,1285,2284,10634,9365,19999,2012-11-01
CV8,970,1106,2076,12283,11389,23672,2012-11-01
CV9,804,1042,1846,7790,6504,14294,2012-11-01
CV10,2288,3175,5463,16892,13668,30560,2012-11-01
CV11,1741,2135,3876,13909,11339,25248,2012-11-01
CV12,1318,1882,3200,10860,8793,19653,2012-11-01
CV13,235,323,558,4316,3939,8255,2012-11-01
CV21,1926,2454,4380,11793,8894,20687,2012-11-01
CV22,1318,1628,2946,12796,11135,23931,2012-11-01
CV23,571,707,1278,8614,7728,16342,2012-11-01
CV31,1612,2000,3612,9498,7526,17024,2012-11-01
CV32,1292,1568,2860,11475,10009,21484,2012-11-01
CV33,187,243,430,2657,2450,5107,2012-11-01
CV34,1204,1457,2661,11038,9708,20746,2012-11-01
CV35,610,752,1362,10015,9687,19702,2012-11-01
CV36,229,314,543,3824,3574,7398,2012-11-01
CV37,1421,1733,3154,15296,14193,29489,2012-11-01
CV47,487,699,1186,6659,5999,12658,2012-11-01
CW1,2070,2617,4687,12914,10479,23393,2012-11-01
CW2,1751,2009,3760,13795,11752,25547,2012-11-01
CW3,238,314,552,3665,3376,7041,2012-11-01
CW4,231,242,473,3901,3732,7633,2012-11-01
CW5,796,958,1754,10952,10211,21163,2012-11-01
CW6,263,330,593,5134,5024,10158,2012-11-01
CW7,1546,2064,3610,10706,8855,19561,2012-11-01
CW8,1064,1273,2337,13807,12643,26450,2012-11-01
CW9,1044,1312,2356,12330,10837,23167,2012-11-01
CW10,394,527,921,5544,5091,10635,2012-11-01
CW11,648,800,1448,8678,8021,16699,2012-11-01
CW12,832,1016,1848,11329,10239,21568,2012-11-01
DA1,2959,3626,6585,17577,14133,31710,2012-11-01
DA2,821,1148,1969,7923,6979,14902,2012-11-01
DA3,558,629,1187,6911,6465,13376,2012-11-01
DA4,294,335,629,3637,3355,6992,2012-11-01
DA5,709,815,1524,7939,7244,15183,2012-11-01
DA6,466,571,1037,3606,3110,6716,2012-11-01
DA7,1388,1807,3195,12719,11076,23795,2012-11-01
DA8,2371,3187,5558,10042,7955,17997,2012-11-01
DA9,499,607,1106,4355,3738,8093,2012-11-01
DA10,353,491,844,2051,1566,3617,2012-11-01
DA11,2155,2614,4769,12019,9276,21295,2012-11-01
DA12,2534,3144,5678,15478,12409,27887,2012-11-01
DA13,376,427,803,5991,5637,11628,2012-11-01
DA14,942,1242,2184,7216,6565,13781,2012-11-01
DA15,1103,1389,2492,10605,9418,20023,2012-11-01
DA16,1778,2326,4104,12463,10569,23032,2012-11-01
DA17,1177,1521,2698,5435,4321,9756,2012-11-01
DA18,616,773,1389,1233,799,2032,2012-11-01
DD1,926,773,1699,1949,1328,3277,2012-11-01
DD2,2389,3126,5515,12090,9965,22055,2012-11-01
DD3,2478,3002,5480,10710,7920,18630,2012-11-01
DD4,2933,3826,6759,12199,9146,21345,2012-11-01
DD5,941,1199,2140,11952,11044,22996,2012-11-01
DD6,383,497,880,3457,3232,6689,2012-11-01
DD7,414,625,1039,4596,4021,8617,2012-11-01
DD8,997,1379,2376,10440,8969,19409,2012-11-01
DD9,474,652,1126,3933,3472,7405,2012-11-01
DD10,810,1136,1946,7756,6439,14195,2012-11-01
DD11,1213,1595,2808,9408,7717,17125,2012-11-01
DE1,972,912,1884,3449,1985,5434,2012-11-01
DE2,18,9,27,42,17,59,2012-11-01
DE3,509,672,1181,6671,5925,12596,2012-11-01
DE4,1024,1416,2440,12885,11241,24126,2012-11-01
DE5,760,1063,1823,7801,6459,14260,2012-11-01
DE6,646,826,1472,9757,8928,18685,2012-11-01
DE7,2075,2927,5002,16653,13166,29819,2012-11-01
DE11,1641,2229,3870,14807,12479,27286,2012-11-01
DE12,613,839,1452,7760,6653,14413,2012-11-01
DE13,1243,1649,2892,14876,13212,28088,2012-11-01
DE14,1717,2121,3838,8575,5986,14561,2012-11-01
DE15,1111,1431,2542,7955,6476,14431,2012-11-01
DE21,2623,3719,6342,19216,15355,34571,2012-11-01
DE22,2106,2595,4701,14168,11512,25680,2012-11-01
DE23,4071,4722,8793,17064,12377,29441,2012-11-01
DE24,3253,4525,7778,16274,11807,28081,2012-11-01
DE45,218,281,499,3369,3189,6558,2012-11-01
DE55,1848,2532,4380,17266,13997,31263,2012-11-01
DE56,1149,1537,2686,14693,13083,27776,2012-11-01
DE65,636,743,1379,8317,7726,16043,2012-11-01
DE72,593,866,1459,7867,7199,15066,2012-11-01
DE73,524,722,1246,6896,6408,13304,2012-11-01
DE74,377,447,824,4231,3659,7890,2012-11-01
DE75,771,1015,1786,6059,4971,11030,2012-11-01
DG1,1022,1359,2381,9593,8465,18058,2012-11-01
DG2,1225,1607,2832,7725,6465,14190,2012-11-01
DG3,167,258,425,1743,1549,3292,2012-11-01
DG4,226,363,589,1478,1016,2494,2012-11-01
DG5,210,250,460,1924,1738,3662,2012-11-01
DG6,233,290,523,1936,1741,3677,2012-11-01
DG7,401,498,899,4634,4347,8981,2012-11-01
DG8,483,680,1163,4741,4081,8822,2012-11-01
DG9,735,1021,1756,5692,4679,10371,2012-11-01
DG10,165,172,337,1469,1263,2732,2012-11-01
DG11,461,631,1092,4951,4306,9257,2012-11-01
DG12,593,756,1349,4302,3524,7826,2012-11-01
DG13,134,146,280,1093,904,1997,2012-11-01
DG14,36,48,84,568,482,1050,2012-11-01
DG16,127,193,320,1398,1122,2520,2012-11-01
DH1,1693,2047,3740,13527,11570,25097,2012-11-01
DH2,1263,1889,3152,10333,8293,18626,2012-11-01
DH3,1096,1567,2663,8541,6738,15279,2012-11-01
DH4,1411,1976,3387,10987,8700,19687,2012-11-01
DH5,925,1377,2302,6187,4453,10640,2012-11-01
DH6,1376,2066,3442,11031,8492,19523,2012-11-01
DH7,1651,2525,4176,13756,11052,24808,2012-11-01
DH8,1502,2180,3682,12506,10130,22636,2012-11-01
DH9,1806,2541,4347,11145,8162,19307,2012-11-01
DL1,2463,3271,5734,14281,10497,24778,2012-11-01
DL2,395,457,852,6734,6359,13093,2012-11-01
DL3,1888,2495,4383,14766,12234,27000,2012-11-01
DL4,561,712,1273,2841,2066,4907,2012-11-01
DL5,1336,1983,3319,9797,7899,17696,2012-11-01
DL6,462,664,1126,5831,5222,11053,2012-11-01
DL7,324,496,820,5945,5504,11449,2012-11-01
DL8,406,563,969,7419,6763,14182,2012-11-01
DL9,1527,1206,2733,4764,3001,7765,2012-11-01
DL10,582,855,1437,7189,6341,13530,2012-11-01
DL11,85,130,215,2130,1985,4115,2012-11-01
DL12,350,439,789,4501,4016,8517,2012-11-01
DL13,413,594,1007,5299,4361,9660,2012-11-01
DL14,1487,2162,3649,12231,9801,22032,2012-11-01
DL15,827,1298,2125,7414,5768,13182,2012-11-01
DL16,802,1132,1934,6584,5210,11794,2012-11-01
DL17,763,1269,2032,5843,4276,10119,2012-11-01
DN1,786,762,1548,2065,902,2967,2012-11-01
DN2,1387,1887,3274,7294,5379,12673,2012-11-01
DN3,968,1510,2478,10586,8687,19273,2012-11-01
DN4,2507,3316,5823,16636,12894,29530,2012-11-01
DN5,1753,2449,4202,13174,10737,23911,2012-11-01
DN6,1661,2234,3895,9560,7190,16750,2012-11-01
DN7,1055,1457,2512,7323,5679,13002,2012-11-01
DN8,881,1209,2090,5561,4066,9627,2012-11-01
DN9,500,695,1195,7734,7126,14860,2012-11-01
DN10,320,424,744,4917,4392,9309,2012-11-01
DN11,1227,1811,3038,9325,7476,16801,2012-11-01
DN12,1451,1893,3344,6690,4834,11524,2012-11-01
DN14,1722,2622,4344,16195,12972,29167,2012-11-01
DN15,1918,2375,4293,11417,8724,20141,2012-11-01
DN16,1408,1816,3224,9900,7811,17711,2012-11-01
DN17,1626,2053,3679,12807,10550,23357,2012-11-01
DN18,438,677,1115,4149,3265,7414,2012-11-01
DN19,184,245,429,2385,2111,4496,2012-11-01
DN20,555,789,1344,7279,6211,13490,2012-11-01
DN21,1401,1980,3381,12949,10953,23902,2012-11-01
DN22,1244,1716,2960,12582,10806,23388,2012-11-01
DN31,742,866,1608,2291,1463,3754,2012-11-01
DN32,2136,2461,4597,7710,5363,13073,2012-11-01
DN33,1099,1298,2397,5901,4774,10675,2012-11-01
DN34,1014,1364,2378,6203,4755,10958,2012-11-01
DN35,1820,2332,4152,10976,8435,19411,2012-11-01
DN36,565,709,1274,7754,6892,14646,2012-11-01
DN37,860,1119,1979,8003,6845,14848,2012-11-01
DN38,72,107,179,1109,997,2106,2012-11-01
DN39,72,108,180,1125,931,2056,2012-11-01
DN40,631,950,1581,4208,3145,7353,2012-11-01
DN41,133,224,357,2527,2309,4836,2012-11-01
DT1,727,857,1584,6575,5937,12512,2012-11-01
DT2,633,718,1351,10173,9801,19974,2012-11-01
DT3,784,989,1773,8963,8005,16968,2012-11-01
DT4,1946,2274,4220,12577,10356,22933,2012-11-01
DT5,643,836,1479,4000,3257,7257,2012-11-01
DT6,685,825,1510,8359,7862,16221,2012-11-01
DT7,177,232,409,2103,2015,4118,2012-11-01
DT8,158,207,365,2360,2270,4630,2012-11-01
DT9,618,793,1411,7897,7461,15358,2012-11-01
DT10,306,309,615,4688,4389,9077,2012-11-01
DT11,1114,1246,2360,11951,10367,22318,2012-11-01
DY1,1702,2122,3824,9581,7164,16745,2012-11-01
DY2,2079,2708,4787,9895,6784,16679,2012-11-01
DY3,1145,1559,2704,11946,9888,21834,2012-11-01
DY4,2482,3293,5775,12083,8483,20566,2012-11-01
DY5,1962,2648,4610,13398,10425,23823,2012-11-01
DY6,712,985,1697,10758,9385,20143,2012-11-01
DY7,207,228,435,3201,3018,6219,2012-11-01
DY8,1785,2363,4148,17846,15337,33183,2012-11-01
DY9,1174,1512,2686,10508,9029,19537,2012-11-01
DY10,1448,1873,3321,12574,10981,23555,2012-11-01
DY11,1206,1651,2857,10784,8984,19768,2012-11-01
DY12,341,448,789,5034,4424,9458,2012-11-01
DY13,744,976,1720,8525,7393,15918,2012-11-01
DY14,201,221,422,3344,3055,6399,2012-11-01
E1,10882,7191,18073,14442,6835,21277,2012-11-01
E1,902,993,1895,4012,2570,6582,2012-11-01
E2,5187,4739,9926,9900,5609,15509,2012-11-01
E3,6052,5403,11455,11382,6750,18132,2012-11-01
E4,3704,4320,8024,20621,17139,37760,2012-11-01
E5,6771,6828,13599,10479,6606,17085,2012-11-01
E6,15635,10924,26559,19861,10203,30064,2012-11-01
E7,12172,7632,19804,13678,7104,20782,2012-11-01
E8,5019,5394,10413,8819,5933,14752,2012-11-01
E9,5100,5634,10734,8314,5425,13739,2012-11-01
E10,7351,5814,13165,12335,6770,19105,2012-11-01
E11,6267,5842,12109,16730,12138,28868,2012-11-01
E12,9103,5829,14932,10580,5579,16159,2012-11-01
E13,9133,6601,15734,10852,5602,16454,2012-11-01
E14,8309,7978,16287,20283,11349,31632,2012-11-01
E15,8410,7083,15493,12490,6648,19138,2012-11-01
E16,5757,6219,11976,10819,6308,17127,2012-11-01
E17,13953,12274,26227,29185,18824,48009,2012-11-01
E18,1158,1250,2408,6627,5794,12421,2012-11-01
E98,0,0,0,1,0,1,2012-11-01
EC1,63,46,109,283,149,432,2012-11-01
EC1,86,76,162,443,249,692,2012-11-01
EC1,274,288,562,659,311,970,2012-11-01
EC1,1,2,3,4,0,4,2012-11-01
EC1,484,547,1031,1369,892,2261,2012-11-01
EC1,1325,1218,2543,3049,1805,4854,2012-11-01
EC1,325,322,647,941,513,1454,2012-11-01
EC2,103,63,166,508,208,716,2012-11-01
EC2,13,7,20,184,36,220,2012-11-01
EC2,4,3,7,31,4,35,2012-11-01
EC2,0,1,1,13,2,15,2012-11-01
EC2,2,1,3,44,12,56,2012-11-01
EC2,4,6,10,116,32,148,2012-11-01
EC2,156,133,289,1318,924,2242,2012-11-01
EC3,11,2,13,62,9,71,2012-11-01
EC3,9,4,13,20,10,30,2012-11-01
EC3,14,14,28,134,60,194,2012-11-01
EC3,1,0,1,4,4,8,2012-11-01
EC3,5,4,9,51,20,71,2012-11-01
EC3,6,2,8,48,14,62,2012-11-01
EC4,44,14,58,135,81,216,2012-11-01
EC4,10,10,20,153,53,206,2012-11-01
EC4,5,2,7,59,15,74,2012-11-01
EC4,0,0,0,15,6,21,2012-11-01
EC4,3,6,9,52,16,68,2012-11-01
EC4,25,17,42,174,85,259,2012-11-01
EC4,11,12,23,127,65,192,2012-11-01
EH1,466,429,895,1352,929,2281,2012-11-01
EH2,73,60,133,268,179,447,2012-11-01
EH3,1525,1580,3105,6860,5824,12684,2012-11-01
EH4,3289,3797,7086,16972,14812,31784,2012-11-01
EH5,1249,1512,2761,5509,4479,9988,2012-11-01
EH6,2678,2836,5514,10716,8440,19156,2012-11-01
EH7,2323,2552,4875,9188,7208,16396,2012-11-01
EH8,1573,1628,3201,5692,4488,10180,2012-11-01
EH9,1102,1248,2350,6226,5722,11948,2012-11-01
EH10,1693,1688,3381,12631,11092,23723,2012-11-01
EH11,3026,3328,6354,9670,6924,16594,2012-11-01
EH12,1621,2180,3801,13350,12204,25554,2012-11-01
EH13,816,973,1789,4750,4252,9002,2012-11-01
EH14,2332,2667,4999,12634,10525,23159,2012-11-01
EH15,1231,1425,2656,6532,5648,12180,2012-11-01
EH16,2063,2388,4451,7896,6397,14293,2012-11-01
EH17,1176,1670,2846,5411,4143,9554,2012-11-01
EH18,87,147,234,824,758,1582,2012-11-01
EH19,589,808,1397,4455,3872,8327,2012-11-01
EH20,307,464,771,2175,1660,3835,2012-11-01
EH21,1347,1769,3116,7335,6163,13498,2012-11-01
EH22,1631,2167,3798,9430,7612,17042,2012-11-01
EH23,417,584,1001,2426,1932,4358,2012-11-01
EH24,63,111,174,552,474,1026,2012-11-01
EH25,131,172,303,1088,916,2004,2012-11-01
EH26,863,1155,2018,6043,5120,11163,2012-11-01
EH27,136,138,274,988,979,1967,2012-11-01
EH28,148,183,331,1052,909,1961,2012-11-01
EH29,151,212,363,1235,1092,2327,2012-11-01
EH30,443,652,1095,3374,2991,6365,2012-11-01
EH31,76,92,168,986,920,1906,2012-11-01
EH32,816,1103,1919,6576,5405,11981,2012-11-01
EH33,584,793,1377,4440,3707,8147,2012-11-01
EH34,72,87,159,1013,932,1945,2012-11-01
EH35,91,145,236,771,606,1377,2012-11-01
EH36,13,11,24,149,148,297,2012-11-01
EH37,43,88,131,602,553,1155,2012-11-01
EH38,11,16,27,160,163,323,2012-11-01
EH39,334,441,775,3263,3041,6304,2012-11-01
EH40,54,80,134,812,761,1573,2012-11-01
EH41,494,593,1087,4306,3758,8064,2012-11-01
EH42,407,556,963,3618,3092,6710,2012-11-01
EH43,32,62,94,286,238,524,2012-11-01
EH44,95,162,257,1230,1106,2336,2012-11-01
EH45,349,517,866,3776,3540,7316,2012-11-01
EH46,112,122,234,1331,1331,2662,2012-11-01
EH47,1296,1983,3279,8701,6544,15245,2012-11-01
EH48,1431,2117,3548,11805,9753,21558,2012-11-01
EH49,624,803,1427,6136,5521,11657,2012-11-01
EH51,675,916,1591,4987,4105,9092,2012-11-01
EH52,867,1252,2119,6544,5282,11826,2012-11-01
EH53,431,625,1056,3642,3096,6738,2012-11-01
EH54,3267,4528,7795,17685,14370,32055,2012-11-01
EH55,394,550,944,2836,2296,5132,2012-11-01
EN1,2865,3692,6557,14592,12281,26873,2012-11-01
EN2,1364,1772,3136,10344,9189,19533,2012-11-01
EN3,5054,6473,11527,16488,11995,28483,2012-11-01
EN4,1242,1558,2800,9391,8427,17818,2012-11-01
EN5,2061,2725,4786,13371,11998,25369,2012-11-01
EN6,1085,1218,2303,11089,10338,21427,2012-11-01
EN7,717,914,1631,8390,7739,16129,2012-11-01
EN8,1758,2245,4003,12260,9998,22258,2012-11-01
EN9,941,1144,2085,9125,7738,16863,2012-11-01
EN10,549,726,1275,6395,5967,12362,2012-11-01
EN11,795,961,1756,8171,7093,15264,2012-11-01
EX1,1005,1181,2186,6255,5469,11724,2012-11-01
EX2,1814,2196,4010,13794,12078,25872,2012-11-01
EX3,133,134,267,1880,1828,3708,2012-11-01
EX4,2623,3132,5755,15658,12985,28643,2012-11-01
EX5,441,612,1053,7557,7250,14807,2012-11-01
EX6,329,394,723,5769,5390,11159,2012-11-01
EX7,469,618,1087,4416,3934,8350,2012-11-01
EX8,1475,1986,3461,13155,11834,24989,2012-11-01
EX9,136,206,342,2537,2576,5113,2012-11-01
EX10,439,591,1030,6382,6170,12552,2012-11-01
EX11,226,231,457,3158,3145,6303,2012-11-01
EX12,261,367,628,3565,3183,6748,2012-11-01
EX13,328,424,752,4533,4231,8764,2012-11-01
EX14,594,817,1411,8117,7434,15551,2012-11-01
EX15,595,739,1334,8069,7361,15430,2012-11-01
EX16,1084,1314,2398,11657,10319,21976,2012-11-01
EX17,598,761,1359,7438,6751,14189,2012-11-01
EX18,92,97,189,1273,1195,2468,2012-11-01
EX19,67,80,147,1525,1406,2931,2012-11-01
EX20,584,819,1403,7882,7006,14888,2012-11-01
EX21,105,96,201,1842,1661,3503,2012-11-01
EX22,259,332,591,4364,3786,8150,2012-11-01
EX23,500,654,1154,5933,5301,11234,2012-11-01
EX24,90,126,216,1476,1470,2946,2012-11-01
EX31,765,1063,1828,9386,8441,17827,2012-11-01
EX32,1120,1439,2559,8022,6760,14782,2012-11-01
EX33,303,441,744,3951,3558,7509,2012-11-01
EX34,797,1067,1864,6240,5213,11453,2012-11-01
EX35,67,80,147,680,608,1288,2012-11-01
EX36,258,324,582,3336,2957,6293,2012-11-01
EX37,91,105,196,1526,1460,2986,2012-11-01
EX38,254,355,609,2989,2701,5690,2012-11-01
EX39,1367,1797,3164,13687,12069,25756,2012-11-01
FK1,1296,1768,3064,9599,7777,17376,2012-11-01
FK2,1904,2627,4531,15673,13177,28850,2012-11-01
FK3,953,1280,2233,5331,4185,9516,2012-11-01
FK4,566,812,1378,4552,3792,8344,2012-11-01
FK5,643,971,1614,6491,5890,12381,2012-11-01
FK6,644,905,1549,4577,3718,8295,2012-11-01
FK7,1369,2045,3414,10096,8555,18651,2012-11-01
FK8,908,1065,1973,5682,4928,10610,2012-11-01
FK9,560,692,1252,4163,3687,7850,2012-11-01
FK10,1729,2520,4249,11861,9880,21741,2012-11-01
FK11,85,130,215,1026,961,1987,2012-11-01
FK12,229,289,518,1801,1528,3329,2012-11-01
FK13,297,357,654,2138,1801,3939,2012-11-01
FK14,195,190,385,1788,1708,3496,2012-11-01
FK15,355,466,821,3911,3768,7679,2012-11-01
FK16,61,76,137,769,678,1447,2012-11-01
FK17,137,183,320,1394,1260,2654,2012-11-01
FK18,4,9,13,95,93,188,2012-11-01
FK19,18,27,45,248,219,467,2012-11-01
FK20,21,42,63,158,134,292,2012-11-01
FK21,32,49,81,390,322,712,2012-11-01
FY1,2908,2936,5844,9352,5885,15237,2012-11-01
FY2,1208,1372,2580,8091,6692,14783,2012-11-01
FY3,1830,2298,4128,9983,8254,18237,2012-11-01
FY4,2338,3014,5352,14405,11505,25910,2012-11-01
FY5,1504,1846,3350,16071,14167,30238,2012-11-01
FY6,699,926,1625,11018,10131,21149,2012-11-01
FY7,1707,1951,3658,7784,6004,13788,2012-11-01
FY8,1645,1940,3585,16228,14749,30977,2012-11-01
G1,419,302,721,1360,732,2092,2012-11-01
G2,226,133,359,460,186,646,2012-11-01
G3,1643,1371,3014,4176,2597,6773,2012-11-01
G4,1070,826,1896,2344,1217,3561,2012-11-01
G5,1161,967,2128,2382,1310,3692,2012-11-01
G11,1235,1373,2608,5530,4715,10245,2012-11-01
G12,1517,1424,2941,7598,6711,14309,2012-11-01
G13,2005,2348,4353,9206,7325,16531,2012-11-01
G14,1315,1566,2881,4660,3882,8542,2012-11-01
G15,1606,1826,3432,3741,2768,6509,2012-11-01
G20,2669,2864,5533,6920,5156,12076,2012-11-01
G21,3085,3465,6550,6223,3851,10074,2012-11-01
G22,1720,2041,3761,3865,2416,6281,2012-11-01
G23,506,704,1210,1959,1515,3474,2012-11-01
G31,2302,2463,4765,4939,3234,8173,2012-11-01
G32,2295,2946,5241,10115,7300,17415,2012-11-01
G33,3148,3882,7030,10800,8297,19097,2012-11-01
G34,1026,1254,2280,1730,1109,2839,2012-11-01
G40,1003,1162,2165,2282,1422,3704,2012-11-01
G41,2573,2558,5131,10205,8160,18365,2012-11-01
G42,3361,2916,6277,7534,5005,12539,2012-11-01
G43,1106,1283,2389,5064,4165,9229,2012-11-01
G44,1624,2208,3832,9315,8044,17359,2012-11-01
G45,1516,1761,3277,3002,1888,4890,2012-11-01
G46,1580,1859,3439,8404,7629,16033,2012-11-01
G51,2514,2459,4973,5171,3198,8369,2012-11-01
G52,2026,2630,4656,7745,5927,13672,2012-11-01
G53,2528,3072,5600,8345,6524,14869,2012-11-01
G60,223,294,517,1927,1828,3755,2012-11-01
G61,1036,1234,2270,10837,10390,21227,2012-11-01
G62,549,670,1219,5009,4763,9772,2012-11-01
G63,250,356,606,3655,3676,7331,2012-11-01
G64,1163,1605,2768,9546,8584,18130,2012-11-01
G65,749,1039,1788,4138,3179,7317,2012-11-01
G66,1886,2501,4387,12905,11197,24102,2012-11-01
G67,2465,3510,5975,10726,7826,18552,2012-11-01
G68,685,958,1643,6429,5665,12094,2012-11-01
G69,1673,2186,3859,11208,9404,20612,2012-11-01
G71,1327,1792,3119,9612,8324,17936,2012-11-01
G72,2529,3302,5831,14597,12093,26690,2012-11-01
G73,1994,2531,4525,9474,7701,17175,2012-11-01
G74,1676,2317,3993,12785,10526,23311,2012-11-01
G75,2212,3157,5369,12545,10231,22776,2012-11-01
G76,871,1034,1905,7997,7730,15727,2012-11-01
G77,709,902,1611,8901,8826,17727,2012-11-01
G78,1346,1740,3086,7559,6337,13896,2012-11-01
G81,2680,3470,6150,11007,8509,19516,2012-11-01
G82,1535,1930,3465,8093,6713,14806,2012-11-01
G83,1457,2037,3494,8164,6689,14853,2012-11-01
G84,1126,1420,2546,7867,6935,14802,2012-11-01
GL1,2455,2666,5121,9956,7076,17032,2012-11-01
GL2,1604,2050,3654,19229,17395,36624,2012-11-01
GL3,1071,1429,2500,10985,9899,20884,2012-11-01
GL4,2038,2739,4777,16424,14302,30726,2012-11-01
GL5,1301,1457,2758,11158,10044,21202,2012-11-01
GL6,735,866,1601,9747,9292,19039,2012-11-01
GL7,1389,1771,3160,16284,14975,31259,2012-11-01
GL8,243,308,551,3301,3141,6442,2012-11-01
GL9,53,53,106,1086,1006,2092,2012-11-01
GL10,555,595,1150,5146,4485,9631,2012-11-01
GL11,522,751,1273,6922,6158,13080,2012-11-01
GL12,466,494,960,5722,5350,11072,2012-11-01
GL13,143,175,318,2293,1999,4292,2012-11-01
GL14,581,821,1402,5484,4502,9986,2012-11-01
GL15,660,871,1531,7968,6949,14917,2012-11-01
GL16,425,564,989,4913,4376,9289,2012-11-01
GL17,382,523,905,4459,3895,8354,2012-11-01
GL18,262,281,543,3022,2701,5723,2012-11-01
GL19,206,230,436,3602,3385,6987,2012-11-01
GL20,959,1118,2077,10505,9482,19987,2012-11-01
GL50,997,1213,2210,6949,5812,12761,2012-11-01
GL51,2424,2999,5423,17349,14792,32141,2012-11-01
GL52,1713,1948,3661,15399,14153,29552,2012-11-01
GL53,678,738,1416,7382,7198,14580,2012-11-01
GL54,638,786,1424,8955,8360,17315,2012-11-01
GL55,138,157,295,2078,2098,4176,2012-11-01
GL56,268,320,588,3296,3248,6544,2012-11-01
GU1,1521,1725,3246,10847,9399,20246,2012-11-01
GU2,1753,1940,3693,10378,8585,18963,2012-11-01
GU3,321,406,727,4668,4396,9064,2012-11-01
GU4,462,543,1005,6359,6381,12740,2012-11-01
GU5,309,365,674,4292,4284,8576,2012-11-01
GU6,492,509,1001,5713,5508,11221,2012-11-01
GU7,912,1097,2009,8341,7694,16035,2012-11-01
GU8,519,623,1142,6861,6836,13697,2012-11-01
GU9,993,1274,2267,10839,10202,21041,2012-11-01
GU10,600,702,1302,9245,8954,18199,2012-11-01
GU11,1579,1792,3371,7998,6041,14039,2012-11-01
GU12,1396,1764,3160,11656,10047,21703,2012-11-01
GU13,775,10,785,640,38,678,2012-11-01
GU14,2687,3174,5861,20027,17231,37258,2012-11-01
GU15,1656,1799,3455,13662,12186,25848,2012-11-01
GU16,1067,999,2066,9649,8534,18183,2012-11-01
GU17,563,484,1047,5330,3897,9227,2012-11-01
GU18,130,152,282,3040,2900,5940,2012-11-01
GU19,170,194,364,2319,2129,4448,2012-11-01
GU20,113,119,232,1943,1901,3844,2012-11-01
GU21,2571,2912,5483,18653,16247,34900,2012-11-01
GU22,1531,1796,3327,13097,11774,24871,2012-11-01
GU23,174,212,386,2719,2622,5341,2012-11-01
GU24,988,754,1742,6983,6311,13294,2012-11-01
GU25,312,345,657,2605,2665,5270,2012-11-01
GU26,237,216,453,2996,2865,5861,2012-11-01
GU27,610,754,1364,6814,6479,13293,2012-11-01
GU28,239,238,477,2685,2556,5241,2012-11-01
GU29,279,409,688,3615,3612,7227,2012-11-01
GU30,323,366,689,3735,3550,7285,2012-11-01
GU31,369,416,785,4352,4094,8446,2012-11-01
GU32,459,575,1034,4320,4013,8333,2012-11-01
GU33,249,343,592,3266,3102,6368,2012-11-01
GU34,975,1211,2186,11477,10650,22127,2012-11-01
GU35,1064,1244,2308,9769,8114,17883,2012-11-01
GU46,406,511,917,6268,5842,12110,2012-11-01
GU47,645,746,1391,7699,6990,14689,2012-11-01
GU51,642,701,1343,8968,8361,17329,2012-11-01
GU52,367,461,828,6314,6026,12340,2012-11-01
HA0,9644,7245,16889,16722,10154,26876,2012-11-01
HA1,3575,3706,7281,12941,9901,22842,2012-11-01
HA2,4982,5391,10373,19598,14920,34518,2012-11-01
HA3,6644,6694,13338,25969,19968,45937,2012-11-01
HA4,2227,2594,4821,18495,16548,35043,2012-11-01
HA5,2015,2311,4326,17547,16285,33832,2012-11-01
HA6,993,1251,2244,9090,8568,17658,2012-11-01
HA7,2112,2593,4705,13570,11908,25478,2012-11-01
HA8,6480,6836,13316,23613,18110,41723,2012-11-01
HA9,7630,6053,13683,16891,11073,27964,2012-11-01
HD1,1994,1842,3836,5553,3267,8820,2012-11-01
HD2,1763,2375,4138,8692,6845,15537,2012-11-01
HD3,1214,1757,2971,9866,8481,18347,2012-11-01
HD4,1518,2029,3547,9106,7230,16336,2012-11-01
HD5,1545,2169,3714,9483,7755,17238,2012-11-01
HD6,1074,1438,2512,9328,7797,17125,2012-11-01
HD7,869,1207,2076,8153,6939,15092,2012-11-01
HD8,912,1251,2163,12398,11280,23678,2012-11-01
HD9,1149,1488,2637,12597,11290,23887,2012-11-01
HG1,1380,1807,3187,11860,10373,22233,2012-11-01
HG2,1164,1424,2588,11564,10977,22541,2012-11-01
HG3,744,944,1688,10247,9776,20023,2012-11-01
HG4,794,1146,1940,9355,8313,17668,2012-11-01
HG5,500,685,1185,7050,6423,13473,2012-11-01
HP1,1074,1268,2342,8790,7844,16634,2012-11-01
HP2,2060,2708,4768,13232,10996,24228,2012-11-01
HP3,1329,1608,2937,11590,10190,21780,2012-11-01
HP4,767,808,1575,9112,8896,18008,2012-11-01
HP5,1058,1231,2289,9359,8443,17802,2012-11-01
HP6,501,548,1049,5344,5178,10522,2012-11-01
HP7,355,432,787,4158,3950,8108,2012-11-01
HP8,187,199,386,2909,2958,5867,2012-11-01
HP9,574,636,1210,6979,7021,14000,2012-11-01
HP10,508,635,1143,7916,7681,15597,2012-11-01
HP11,813,926,1739,4684,3745,8429,2012-11-01
HP12,1227,1593,2820,7468,5677,13145,2012-11-01
HP13,2083,2667,4750,14577,12069,26646,2012-11-01
HP14,528,606,1134,7143,6610,13753,2012-11-01
HP15,415,509,924,7181,6748,13929,2012-11-01
HP16,338,357,695,4916,4891,9807,2012-11-01
HP17,281,279,560,3990,3905,7895,2012-11-01
HP18,408,444,852,5359,5088,10447,2012-11-01
HP19,1029,1409,2438,7653,6432,14085,2012-11-01
HP20,772,924,1696,4757,3881,8638,2012-11-01
HP21,1478,1985,3463,11415,9791,21206,2012-11-01
HP22,705,763,1468,9819,9560,19379,2012-11-01
HP23,552,698,1250,6815,6448,13263,2012-11-01
HP27,332,435,767,4874,4681,9555,2012-11-01
HR1,1162,1437,2599,11586,10475,22061,2012-11-01
HR2,1616,2209,3825,13319,11395,24714,2012-11-01
HR3,162,220,382,3042,2802,5844,2012-11-01
HR4,1214,1411,2625,10613,9249,19862,2012-11-01
HR5,120,163,283,1795,1586,3381,2012-11-01
HR6,739,922,1661,7655,6693,14348,2012-11-01
HR7,166,259,425,2782,2400,5182,2012-11-01
HR8,396,554,950,5261,4807,10068,2012-11-01
HR9,587,783,1370,8024,7454,15478,2012-11-01
HS1,287,370,657,1532,1255,2787,2012-11-01
HS2,506,732,1238,4971,3974,8945,2012-11-01
HS3,63,79,142,472,332,804,2012-11-01
HS4,16,11,27,86,69,155,2012-11-01
HS5,15,24,39,111,80,191,2012-11-01
HS6,61,112,173,611,517,1128,2012-11-01
HS7,75,114,189,472,360,832,2012-11-01
HS8,104,123,227,705,521,1226,2012-11-01
HS9,79,59,138,409,362,771,2012-11-01
HU1,252,192,444,808,373,1181,2012-11-01
HU2,381,325,706,880,346,1226,2012-11-01
HU3,2678,2731,5409,6136,3101,9237,2012-11-01
HU4,1343,1684,3027,7215,5369,12584,2012-11-01
HU5,3063,3541,6604,13898,10320,24218,2012-11-01
HU6,2442,3039,5481,8397,5679,14076,2012-11-01
HU7,2842,3511,6353,12054,8804,20858,2012-11-01
HU8,2048,2638,4686,10631,7713,18344,2012-11-01
HU9,2878,3528,6406,10350,6679,17029,2012-11-01
HU10,572,760,1332,7217,6589,13806,2012-11-01
HU11,374,483,857,5151,4449,9600,2012-11-01
HU12,845,1189,2034,9967,8450,18417,2012-11-01
HU13,558,809,1367,5261,4467,9728,2012-11-01
HU14,218,235,453,3366,3252,6618,2012-11-01
HU15,566,802,1368,8967,8306,17273,2012-11-01
HU16,561,652,1213,5739,5123,10862,2012-11-01
HU17,1451,1891,3342,16161,14358,30519,2012-11-01
HU18,347,471,818,3177,2660,5837,2012-11-01
HU19,397,511,908,2327,1504,3831,2012-11-01
HU20,23,31,54,382,376,758,2012-11-01
HX1,1576,2177,3753,6285,3776,10061,2012-11-01
HX2,1728,2442,4170,11951,9701,21652,2012-11-01
HX3,1952,2600,4552,15386,12799,28185,2012-11-01
HX4,391,550,941,4398,3948,8346,2012-11-01
HX5,452,656,1108,3170,2557,5727,2012-11-01
HX6,771,1044,1815,6501,5434,11935,2012-11-01
HX7,607,724,1331,4573,4335,8908,2012-11-01
IG1,10500,7609,18109,18965,11630,30595,2012-11-01
IG2,2525,2525,5050,8986,6584,15570,2012-11-01
IG3,4635,3835,8470,11840,7800,19640,2012-11-01
IG4,739,805,1544,3339,2571,5910,2012-11-01
IG5,1011,1208,2219,5869,4891,10760,2012-11-01
IG6,1751,2049,3800,9073,7573,16646,2012-11-01
IG7,963,1283,2246,7306,6472,13778,2012-11-01
IG8,1854,2270,4124,12943,11591,24534,2012-11-01
IG9,458,563,1021,4850,4608,9458,2012-11-01
IG10,1297,1642,2939,11321,10443,21764,2012-11-01
IG11,7717,6510,14227,13906,8062,21968,2012-11-01
IP1,2167,2511,4678,12295,9338,21633,2012-11-01
IP2,1618,2118,3736,9755,7189,16944,2012-11-01
IP3,1503,1977,3480,10866,8435,19301,2012-11-01
IP4,1551,1880,3431,12192,10315,22507,2012-11-01
IP5,483,551,1034,7342,6737,14079,2012-11-01
IP6,399,523,922,6403,5760,12163,2012-11-01
IP7,450,617,1067,6161,5470,11631,2012-11-01
IP8,268,384,652,4369,3910,8279,2012-11-01
IP9,300,386,686,4437,4085,8522,2012-11-01
IP10,76,89,165,1439,1309,2748,2012-11-01
IP11,1007,1478,2485,10976,9198,20174,2012-11-01
IP12,782,920,1702,9197,8649,17846,2012-11-01
IP13,570,612,1182,7062,6677,13739,2012-11-01
IP14,1124,1419,2543,14460,12761,27221,2012-11-01
IP15,69,84,153,904,957,1861,2012-11-01
IP16,287,333,620,2358,1981,4339,2012-11-01
IP17,339,429,768,4428,4131,8559,2012-11-01
IP18,113,129,242,1418,1393,2811,2012-11-01
IP19,267,313,580,3919,3659,7578,2012-11-01
IP20,217,262,479,3040,2748,5788,2012-11-01
IP21,254,348,602,4465,4050,8515,2012-11-01
IP22,636,752,1388,8215,7421,15636,2012-11-01
IP23,210,257,467,2822,2576,5398,2012-11-01
IP24,1388,1825,3213,8582,6766,15348,2012-11-01
IP25,524,719,1243,6357,5492,11849,2012-11-01
IP26,274,348,622,3257,2919,6176,2012-11-01
IP27,811,1017,1828,5522,4752,10274,2012-11-01
IP28,838,1104,1942,8000,7343,15343,2012-11-01
IP29,213,260,473,3516,3359,6875,2012-11-01
IP30,356,422,778,5366,5043,10409,2012-11-01
IP31,483,704,1187,8148,7311,15459,2012-11-01
IP32,632,843,1475,5411,4738,10149,2012-11-01
IP33,875,1206,2081,8200,7180,15380,2012-11-01
IV1,147,140,287,911,756,1667,2012-11-01
IV2,2047,2723,4770,16380,14552,30932,2012-11-01
IV3,1213,1506,2719,5742,4469,10211,2012-11-01
IV4,150,191,341,1667,1498,3165,2012-11-01
IV5,46,61,107,483,454,937,2012-11-01
IV6,157,165,322,1684,1495,3179,2012-11-01
IV7,185,263,448,2224,2040,4264,2012-11-01
IV8,30,39,69,348,299,647,2012-11-01
IV9,45,59,104,437,407,844,2012-11-01
IV10,104,124,228,968,893,1861,2012-11-01
IV11,58,58,116,316,283,599,2012-11-01
IV12,612,708,1320,4393,3897,8290,2012-11-01
IV13,17,18,35,243,185,428,2012-11-01
IV14,78,99,177,798,723,1521,2012-11-01
IV15,317,354,671,1892,1680,3572,2012-11-01
IV16,53,68,121,702,630,1332,2012-11-01
IV17,357,444,801,2053,1662,3715,2012-11-01
IV18,291,380,671,2072,1709,3781,2012-11-01
IV19,217,281,498,1689,1491,3180,2012-11-01
IV20,148,191,339,1126,980,2106,2012-11-01
IV21,40,41,81,453,383,836,2012-11-01
IV22,58,72,130,584,520,1104,2012-11-01
IV23,36,41,77,341,286,627,2012-11-01
IV24,47,67,114,560,532,1092,2012-11-01
IV25,72,121,193,895,825,1720,2012-11-01
IV26,91,134,225,694,646,1340,2012-11-01
IV27,169,179,348,1460,1260,2720,2012-11-01
IV28,11,17,28,179,178,357,2012-11-01
IV30,1477,1972,3449,11366,9749,21115,2012-11-01
IV31,355,451,806,2618,2063,4681,2012-11-01
IV32,201,202,403,1833,1670,3503,2012-11-01
IV33,1,0,1,0,0,0,2012-11-01
IV36,620,873,1493,5566,4890,10456,2012-11-01
IV40,125,167,292,914,792,1706,2012-11-01
IV41,28,20,48,141,110,251,2012-11-01
IV42,17,23,40,190,158,348,2012-11-01
IV43,12,17,29,108,95,203,2012-11-01
IV44,12,9,21,100,98,198,2012-11-01
IV45,8,9,17,108,91,199,2012-11-01
IV46,2,4,6,31,31,62,2012-11-01
IV47,18,29,47,221,192,413,2012-11-01
IV48,1,5,6,40,36,76,2012-11-01
IV49,47,63,110,421,350,771,2012-11-01
IV51,219,288,507,1913,1662,3575,2012-11-01
IV52,18,24,42,132,144,276,2012-11-01
IV53,8,5,13,57,57,114,2012-11-01
IV54,54,78,132,554,462,1016,2012-11-01
IV55,58,47,105,513,449,962,2012-11-01
IV56,8,10,18,137,117,254,2012-11-01
IV63,103,132,235,939,865,1804,2012-11-01
KA1,1316,1743,3059,9470,7782,17252,2012-11-01
KA2,271,401,672,2563,2205,4768,2012-11-01
KA3,1726,2369,4095,12660,10814,23474,2012-11-01
KA4,214,342,556,1920,1674,3594,2012-11-01
KA5,385,627,1012,3555,2825,6380,2012-11-01
KA6,965,1315,2280,6347,5041,11388,2012-11-01
KA7,1112,1375,2487,10356,9443,19799,2012-11-01
KA8,1086,1498,2584,5439,3969,9408,2012-11-01
KA9,627,782,1409,5865,5263,11128,2012-11-01
KA10,614,807,1421,5808,5278,11086,2012-11-01
KA11,1087,1629,2716,6845,5557,12402,2012-11-01
KA12,1126,1509,2635,5426,4040,9466,2012-11-01
KA13,925,1312,2237,5457,4456,9913,2012-11-01
KA14,32,32,64,197,157,354,2012-11-01
KA15,307,431,738,2521,2196,4717,2012-11-01
KA16,159,177,336,1140,873,2013,2012-11-01
KA17,138,199,337,1522,1240,2762,2012-11-01
KA18,1036,1485,2521,7057,5293,12350,2012-11-01
KA19,334,461,795,2678,2259,4937,2012-11-01
KA20,614,817,1431,2617,1938,4555,2012-11-01
KA21,772,889,1661,3773,2996,6769,2012-11-01
KA22,629,898,1527,3465,2807,6272,2012-11-01
KA23,183,255,438,2026,1894,3920,2012-11-01
KA24,244,406,650,2077,1716,3793,2012-11-01
KA25,387,506,893,2212,1727,3939,2012-11-01
KA26,477,685,1162,3748,3024,6772,2012-11-01
KA27,198,273,471,1770,1626,3396,2012-11-01
KA28,48,68,116,446,373,819,2012-11-01
KA29,46,61,107,595,554,1149,2012-11-01
KA30,401,595,996,4182,3615,7797,2012-11-01
KT1,1565,1645,3210,7178,5613,12791,2012-11-01
KT2,1791,2152,3943,11095,10021,21116,2012-11-01
KT3,2807,2979,5786,14806,12562,27368,2012-11-01
KT4,1318,1536,2854,11226,10065,21291,2012-11-01
KT5,1110,1178,2288,7388,6338,13726,2012-11-01
KT6,1648,1949,3597,11071,9569,20640,2012-11-01
KT7,387,389,776,3876,3889,7765,2012-11-01
KT8,887,1036,1923,7660,7154,14814,2012-11-01
KT9,1114,1276,2390,7641,6628,14269,2012-11-01
KT10,776,838,1614,8843,8853,17696,2012-11-01
KT11,714,792,1506,6945,7150,14095,2012-11-01
KT12,1487,1675,3162,14432,13700,28132,2012-11-01
KT13,833,944,1777,9789,9601,19390,2012-11-01
KT14,485,558,1043,5227,5005,10232,2012-11-01
KT15,1033,1126,2159,10652,9636,20288,2012-11-01
KT16,719,904,1623,7335,6631,13966,2012-11-01
KT17,945,919,1864,9125,8379,17504,2012-11-01
KT18,582,739,1321,6395,6125,12520,2012-11-01
KT19,1689,1960,3649,12520,11211,23731,2012-11-01
KT20,618,756,1374,8168,7772,15940,2012-11-01
KT21,400,461,861,5352,5325,10677,2012-11-01
KT22,891,952,1843,9494,8958,18452,2012-11-01
KT23,316,321,637,4372,4363,8735,2012-11-01
KT24,243,267,510,3877,4010,7887,2012-11-01
KW1,488,591,1079,3841,3171,7012,2012-11-01
KW2,5,4,9,28,28,56,2012-11-01
KW3,38,53,91,401,303,704,2012-11-01
KW5,10,9,19,132,106,238,2012-11-01
KW6,14,13,27,154,118,272,2012-11-01
KW7,1,5,6,38,40,78,2012-11-01
KW8,24,42,66,321,263,584,2012-11-01
KW9,70,94,164,646,581,1227,2012-11-01
KW10,84,91,175,595,517,1112,2012-11-01
KW11,6,9,15,51,37,88,2012-11-01
KW12,41,68,109,659,573,1232,2012-11-01
KW13,2,6,8,40,41,81,2012-11-01
KW14,622,782,1404,4477,3657,8134,2012-11-01
KW15,384,525,909,2717,2379,5096,2012-11-01
KW16,164,241,405,1330,1158,2488,2012-11-01
KW17,383,515,898,3340,2954,6294,2012-11-01
KY1,1226,1589,2815,7777,6191,13968,2012-11-01
KY2,1367,1923,3290,10040,8406,18446,2012-11-01
KY3,468,644,1112,3809,3373,7182,2012-11-01
KY4,994,1438,2432,7059,5366,12425,2012-11-01
KY5,960,1467,2427,6345,4665,11010,2012-11-01
KY6,978,1342,2320,6376,5173,11549,2012-11-01
KY7,1297,1886,3183,9371,7860,17231,2012-11-01
KY8,1773,2369,4142,11140,8878,20018,2012-11-01
KY9,49,78,127,781,729,1510,2012-11-01
KY10,331,477,808,3279,2860,6139,2012-11-01
KY11,2701,3645,6346,20163,17246,37409,2012-11-01
KY12,1587,2107,3694,13985,11955,25940,2012-11-01
KY13,332,378,710,4290,4135,8425,2012-11-01
KY14,209,301,510,2584,2246,4830,2012-11-01
KY15,739,973,1712,7974,7353,15327,2012-11-01
KY16,1035,1286,2321,6546,5739,12285,2012-11-01
L1,379,370,749,1051,605,1656,2012-11-01
L2,60,31,91,186,96,282,2012-11-01
L3,735,721,1456,2603,1637,4240,2012-11-01
L4,3334,4331,7665,9436,5998,15434,2012-11-01
L5,1275,1583,2858,2709,1491,4200,2012-11-01
L6,2051,2385,4436,4646,2595,7241,2012-11-01
L7,2015,1921,3936,3335,1681,5016,2012-11-01
L8,3527,3556,7083,5992,3450,9442,2012-11-01
L9,1965,2695,4660,8753,6353,15106,2012-11-01
L10,786,1181,1967,4948,3890,8838,2012-11-01
L11,2127,2886,5013,6046,4091,10137,2012-11-01
L12,1528,2030,3558,10389,8916,19305,2012-11-01
L13,2289,2924,5213,8143,5546,13689,2012-11-01
L14,1897,2761,4658,6905,5083,11988,2012-11-01
L15,2019,2446,4465,6811,4966,11777,2012-11-01
L16,614,767,1381,5366,4783,10149,2012-11-01
L17,1397,1510,2907,6493,5437,11930,2012-11-01
L18,1130,1413,2543,8599,7837,16436,2012-11-01
L19,1323,1510,2833,7074,5899,12973,2012-11-01
L20,2752,3253,6005,7681,4987,12668,2012-11-01
L21,1761,2250,4011,6725,4871,11596,2012-11-01
L22,847,983,1830,4431,3590,8021,2012-11-01
L23,1440,1805,3245,10639,9661,20300,2012-11-01
L24,1137,1502,2639,3876,2682,6558,2012-11-01
L25,1744,2251,3995,11064,8995,20059,2012-11-01
L26,902,1161,2063,4904,4133,9037,2012-11-01
L27,505,714,1219,1593,1079,2672,2012-11-01
L28,567,757,1324,1539,833,2372,2012-11-01
L29,24,23,47,190,179,369,2012-11-01
L30,1328,1762,3090,5458,3932,9390,2012-11-01
L31,1131,1496,2627,11530,10082,21612,2012-11-01
L32,1562,2157,3719,5508,3740,9248,2012-11-01
L33,1401,1869,3270,4480,3153,7633,2012-11-01
L34,511,671,1182,4148,3371,7519,2012-11-01
L35,1487,2186,3673,10411,8116,18527,2012-11-01
L36,2821,3859,6680,11314,8492,19806,2012-11-01
L37,708,860,1568,9233,8806,18039,2012-11-01
L38,71,103,174,1102,1067,2169,2012-11-01
L39,852,1061,1913,9922,9084,19006,2012-11-01
L40,517,597,1114,7288,6548,13836,2012-11-01
L41,90,79,169,60,25,85,2012-11-01
L42,49,38,87,80,37,117,2012-11-01
L43,90,141,231,220,197,417,2012-11-01
L44,41,29,70,61,26,87,2012-11-01
L45,16,21,37,65,42,107,2012-11-01
L46,14,18,32,64,31,95,2012-11-01
L47,14,13,27,61,44,105,2012-11-01
L48,12,11,23,87,80,167,2012-11-01
L49,20,30,50,57,47,104,2012-11-01
L60,4,16,20,181,172,353,2012-11-01
L61,10,10,20,79,77,156,2012-11-01
L62,26,27,53,65,59,124,2012-11-01
L63,14,11,25,95,53,148,2012-11-01
L64,21,25,46,161,151,312,2012-11-01
L65,17,20,37,48,41,89,2012-11-01
L66,24,43,67,173,143,316,2012-11-01
L69,21,5,26,39,5,44,2012-11-01
L71,0,1,1,0,0,0,2012-11-01
LA1,2690,3328,6018,14411,11692,26103,2012-11-01
LA2,562,735,1297,8213,7642,15855,2012-11-01
LA3,1172,1479,2651,8649,7221,15870,2012-11-01
LA4,1273,1562,2835,8508,6948,15456,2012-11-01
LA5,438,623,1061,6257,5959,12216,2012-11-01
LA6,278,379,657,5355,5054,10409,2012-11-01
LA7,126,149,275,2036,1928,3964,2012-11-01
LA8,183,205,388,3750,3586,7336,2012-11-01
LA9,1052,1331,2383,10875,9746,20621,2012-11-01
LA10,103,96,199,1372,1276,2648,2012-11-01
LA11,213,303,516,3880,3746,7626,2012-11-01
LA12,671,810,1481,7857,7010,14867,2012-11-01
LA13,937,1147,2084,6671,5589,12260,2012-11-01
LA14,2285,2827,5112,11859,9046,20905,2012-11-01
LA15,318,455,773,2740,2328,5068,2012-11-01
LA16,107,151,258,1258,1087,2345,2012-11-01
LA17,16,27,43,492,453,945,2012-11-01
LA18,339,481,820,2899,2300,5199,2012-11-01
LA19,26,34,60,409,369,778,2012-11-01
LA20,19,35,54,562,511,1073,2012-11-01
LA21,27,37,64,428,367,795,2012-11-01
LA22,199,237,436,1882,1738,3620,2012-11-01
LA23,370,417,787,3300,3036,6336,2012-11-01
LD1,344,448,792,4256,3730,7986,2012-11-01
LD2,158,175,333,2167,1936,4103,2012-11-01
LD3,714,846,1560,7293,6502,13795,2012-11-01
LD4,11,26,37,319,286,605,2012-11-01
LD5,36,40,76,453,382,835,2012-11-01
LD6,81,121,202,1033,933,1966,2012-11-01
LD7,121,159,280,1842,1618,3460,2012-11-01
LD8,117,140,257,1785,1622,3407,2012-11-01
LE1,1115,1082,2197,2029,893,2922,2012-11-01
LE2,7457,8669,16126,33088,25771,58859,2012-11-01
LE3,6072,7667,13739,29585,22356,51941,2012-11-01
LE4,6884,8946,15830,30096,21764,51860,2012-11-01
LE5,6545,7589,14134,24942,17636,42578,2012-11-01
LE6,338,457,795,4709,4234,8943,2012-11-01
LE7,1240,1688,2928,17318,15621,32939,2012-11-01
LE8,938,1236,2174,13226,12234,25460,2012-11-01
LE9,1620,2162,3782,21129,18499,39628,2012-11-01
LE10,1495,1911,3406,17996,15554,33550,2012-11-01
LE11,3111,3456,6567,17738,13398,31136,2012-11-01
LE12,1807,2356,4163,23380,20991,44371,2012-11-01
LE13,968,1245,2213,9498,8098,17596,2012-11-01
LE14,380,533,913,6980,6390,13370,2012-11-01
LE15,940,1355,2295,11888,10884,22772,2012-11-01
LE16,1012,1319,2331,12646,11558,24204,2012-11-01
LE17,466,669,1135,8428,7489,15917,2012-11-01
LE18,1247,1741,2988,11331,9470,20801,2012-11-01
LE19,419,597,1016,5448,4886,10334,2012-11-01
LE65,470,611,1081,5250,4633,9883,2012-11-01
LE67,1983,2634,4617,20890,17549,38439,2012-11-01
LL11,1619,2145,3764,12278,10038,22316,2012-11-01
LL12,1076,1314,2390,10333,8967,19300,2012-11-01
LL13,1947,2284,4231,10345,8242,18587,2012-11-01
LL14,1480,2223,3703,10664,8301,18965,2012-11-01
LL15,335,458,793,3838,3565,7403,2012-11-01
LL16,578,799,1377,5497,4921,10418,2012-11-01
LL17,169,232,401,2039,1865,3904,2012-11-01
LL18,2194,2999,5193,13256,10963,24219,2012-11-01
LL19,867,1213,2080,6960,5905,12865,2012-11-01
LL20,312,364,676,3043,2587,5630,2012-11-01
LL21,209,286,495,2508,2174,4682,2012-11-01
LL22,592,845,1437,6648,5681,12329,2012-11-01
LL23,108,151,259,1546,1308,2854,2012-11-01
LL24,61,86,147,887,726,1613,2012-11-01
LL25,20,18,38,177,158,335,2012-11-01
LL26,159,258,417,1579,1335,2914,2012-11-01
LL27,34,53,87,315,237,552,2012-11-01
LL28,440,589,1029,4970,4619,9589,2012-11-01
LL29,1068,1382,2450,6586,5595,12181,2012-11-01
LL30,995,1220,2215,7117,6118,13235,2012-11-01
LL31,354,490,844,3175,2875,6050,2012-11-01
LL32,285,367,652,2393,2166,4559,2012-11-01
LL33,178,226,404,1367,1183,2550,2012-11-01
LL34,217,269,486,1473,1276,2749,2012-11-01
LL35,23,23,46,306,258,564,2012-11-01
LL36,146,230,376,1635,1386,3021,2012-11-01
LL37,17,22,39,222,181,403,2012-11-01
LL38,12,33,45,270,215,485,2012-11-01
LL39,9,14,23,96,65,161,2012-11-01
LL40,137,183,320,1513,1336,2849,2012-11-01
LL41,321,440,761,2134,1608,3742,2012-11-01
LL42,139,187,326,770,616,1386,2012-11-01
LL43,9,13,22,209,187,396,2012-11-01
LL44,25,44,69,364,357,721,2012-11-01
LL45,22,24,46,238,210,448,2012-11-01
LL46,50,65,115,679,623,1302,2012-11-01
LL47,14,28,42,220,184,404,2012-11-01
LL48,73,134,207,866,734,1600,2012-11-01
LL49,194,196,390,1517,1229,2746,2012-11-01
LL51,21,32,53,347,280,627,2012-11-01
LL52,75,103,178,974,890,1864,2012-11-01
LL53,445,586,1031,5962,5252,11214,2012-11-01
LL54,372,513,885,3949,3407,7356,2012-11-01
LL55,873,1181,2054,6998,5892,12890,2012-11-01
LL56,89,84,173,731,636,1367,2012-11-01
LL57,1402,1562,2964,7178,5761,12939,2012-11-01
LL58,128,180,308,1413,1296,2709,2012-11-01
LL59,247,241,488,1984,1933,3917,2012-11-01
LL60,77,105,182,1075,1001,2076,2012-11-01
LL61,184,221,405,2292,2133,4425,2012-11-01
LL62,62,56,118,668,625,1293,2012-11-01
LL63,38,64,102,527,468,995,2012-11-01
LL64,39,35,74,342,313,655,2012-11-01
LL65,1127,1388,2515,8025,6639,14664,2012-11-01
LL66,11,7,18,111,95,206,2012-11-01
LL67,62,89,151,522,430,952,2012-11-01
LL68,225,330,555,2224,1888,4112,2012-11-01
LL69,30,38,68,253,218,471,2012-11-01
LL70,8,14,22,114,109,223,2012-11-01
LL71,76,79,155,725,609,1334,2012-11-01
LL72,34,42,76,283,273,556,2012-11-01
LL73,1,6,7,108,93,201,2012-11-01
LL74,65,73,138,936,876,1812,2012-11-01
LL75,54,58,112,564,518,1082,2012-11-01
LL76,11,7,18,117,92,209,2012-11-01
LL77,238,358,596,2389,2193,4582,2012-11-01
LL78,13,14,27,205,191,396,2012-11-01
LN1,1002,1240,2242,9029,7659,16688,2012-11-01
LN2,1815,2224,4039,12575,10681,23256,2012-11-01
LN3,210,332,542,3517,3059,6576,2012-11-01
LN4,1156,1608,2764,14621,12802,27423,2012-11-01
LN5,1496,1789,3285,10847,8790,19637,2012-11-01
LN6,2137,2800,4937,19657,16953,36610,2012-11-01
LN7,191,259,450,2516,2167,4683,2012-11-01
LN8,486,661,1147,6681,5947,12628,2012-11-01
LN9,281,349,630,3643,3199,6842,2012-11-01
LN10,125,182,307,2390,2118,4508,2012-11-01
LN11,928,1249,2177,10638,9392,20030,2012-11-01
LN12,518,680,1198,4779,3512,8291,2012-11-01
LN13,275,312,587,3075,2668,5743,2012-11-01
LS1,166,159,325,690,376,1066,2012-11-01
LS2,702,559,1261,1158,523,1681,2012-11-01
LS3,293,259,552,488,228,716,2012-11-01
LS4,631,682,1313,1990,1335,3325,2012-11-01
LS5,510,613,1123,2119,1590,3709,2012-11-01
LS6,2751,2602,5353,7890,5695,13585,2012-11-01
LS7,2763,3154,5917,7519,5753,13272,2012-11-01
LS8,3919,4329,8248,13765,10442,24207,2012-11-01
LS9,3472,4067,7539,7975,4242,12217,2012-11-01
LS10,2310,3244,5554,8910,5778,14688,2012-11-01
LS11,3100,3436,6536,8211,4484,12695,2012-11-01
LS12,2630,3191,5821,11292,7895,19187,2012-11-01
LS13,2167,3058,5225,10444,7779,18223,2012-11-01
LS14,2267,3132,5399,9387,6722,16109,2012-11-01
LS15,1563,2067,3630,12116,10036,22152,2012-11-01
LS16,1576,1968,3544,12557,11196,23753,2012-11-01
LS17,1576,2223,3799,16449,14907,31356,2012-11-01
LS18,1067,962,2029,7585,6339,13924,2012-11-01
LS19,703,1005,1708,7188,6513,13701,2012-11-01
LS20,402,527,929,4588,4166,8754,2012-11-01
LS21,625,807,1432,6610,5900,12510,2012-11-01
LS22,443,547,990,6173,5873,12046,2012-11-01
LS23,239,290,529,3224,3099,6323,2012-11-01
LS24,375,458,833,4492,4037,8529,2012-11-01
LS25,1453,2021,3474,14685,12633,27318,2012-11-01
LS26,1153,1736,2889,10480,8755,19235,2012-11-01
LS27,1583,2225,3808,11888,9535,21423,2012-11-01
LS28,1479,2159,3638,13183,11482,24665,2012-11-01
LS29,885,1061,1946,11903,11629,23532,2012-11-01
LU1,4651,4098,8749,12313,7734,20047,2012-11-01
LU2,3283,4095,7378,19872,16123,35995,2012-11-01
LU3,4531,5374,9905,20300,14939,35239,2012-11-01
LU4,4414,5392,9806,16169,10675,26844,2012-11-01
LU5,1776,2400,4176,13524,11156,24680,2012-11-01
LU6,1124,1484,2608,12335,10838,23173,2012-11-01
LU7,1725,2244,3969,21318,19019,40337,2012-11-01
M1,653,444,1097,2122,1011,3133,2012-11-01
M2,9,8,17,31,14,45,2012-11-01
M3,731,603,1334,2647,1481,4128,2012-11-01
M4,601,498,1099,2040,1192,3232,2012-11-01
M5,1357,1380,2737,3609,2219,5828,2012-11-01
M6,2522,2739,5261,8793,6014,14807,2012-11-01
M7,2457,2183,4640,6912,4489,11401,2012-11-01
M8,4370,3428,7798,8442,4649,13091,2012-11-01
M9,3063,3858,6921,9778,6947,16725,2012-11-01
M10,67,49,116,51,16,67,2012-11-01
M11,2059,2492,4551,4548,2653,7201,2012-11-01
M12,2810,2118,4928,3864,1910,5774,2012-11-01
M13,3448,2491,5939,4952,2403,7355,2012-11-01
M14,4932,4178,9110,9157,5394,14551,2012-11-01
M15,1981,1599,3580,4431,2295,6726,2012-11-01
M16,3268,3473,6741,9873,7106,16979,2012-11-01
M17,0,2,2,12,6,18,2012-11-01
M18,2029,2401,4430,5218,3351,8569,2012-11-01
M19,3616,3333,6949,9972,7120,17092,2012-11-01
M20,2779,3134,5913,14334,12021,26355,2012-11-01
M21,1857,2080,3937,9103,8033,17136,2012-11-01
M22,3065,3829,6894,10980,8107,19087,2012-11-01
M23,1959,2601,4560,8641,6747,15388,2012-11-01
M24,2726,3375,6101,14555,11363,25918,2012-11-01
M25,1533,1908,3441,10558,8837,19395,2012-11-01
M26,1649,2113,3762,11393,9340,20733,2012-11-01
M27,1875,2488,4363,13004,10602,23606,2012-11-01
M28,1444,1910,3354,13999,12230,26229,2012-11-01
M29,853,1149,2002,8319,7135,15454,2012-11-01
M30,2230,2699,4929,10612,7953,18565,2012-11-01
M31,651,758,1409,2396,1880,4276,2012-11-01
M32,1751,2040,3791,8851,7311,16162,2012-11-01
M33,2410,2952,5362,21454,19334,40788,2012-11-01
M34,2218,2898,5116,15558,12525,28083,2012-11-01
M35,1035,1347,2382,6701,5290,11991,2012-11-01
M38,905,1218,2123,3416,2243,5659,2012-11-01
M40,3431,4080,7511,10496,7107,17603,2012-11-01
M41,1654,2012,3666,14733,13311,28044,2012-11-01
M43,1188,1783,2971,7443,5921,13364,2012-11-01
M44,931,1315,2246,6363,5111,11474,2012-11-01
M45,1040,1385,2425,7768,6729,14497,2012-11-01
M46,938,1257,2195,7184,5475,12659,2012-11-01
M50,156,165,321,921,544,1465,2012-11-01
M60,37,13,50,69,15,84,2012-11-01
M90,1,0,1,1,0,1,2012-11-01
ME1,1509,1873,3382,10186,8494,18680,2012-11-01
ME2,1734,2424,4158,13791,11530,25321,2012-11-01
ME3,876,1253,2129,10327,9120,19447,2012-11-01
ME4,2066,2448,4514,8438,5787,14225,2012-11-01
ME5,2272,3233,5505,18802,15902,34704,2012-11-01
ME6,412,561,973,3540,3090,6630,2012-11-01
ME7,3004,3897,6901,15675,12181,27856,2012-11-01
ME8,1905,2560,4465,18266,15891,34157,2012-11-01
ME9,650,821,1471,8221,7357,15578,2012-11-01
ME10,2055,2623,4678,15747,13196,28943,2012-11-01
ME11,219,326,545,1009,772,1781,2012-11-01
ME12,1797,2444,4241,12345,9651,21996,2012-11-01
ME13,1068,1416,2484,9726,8567,18293,2012-11-01
ME14,1174,1364,2538,11672,9923,21595,2012-11-01
ME15,2030,2625,4655,16580,13836,30416,2012-11-01
ME16,1110,1525,2635,10870,9142,20012,2012-11-01
ME17,590,757,1347,8954,8025,16979,2012-11-01
ME18,216,239,455,2799,2619,5418,2012-11-01
ME19,626,757,1383,7682,7315,14997,2012-11-01
ME20,663,916,1579,7730,6877,14607,2012-11-01
MK1,66,63,129,277,152,429,2012-11-01
MK2,1047,1447,2494,4484,3173,7657,2012-11-01
MK3,1111,1470,2581,7965,6755,14720,2012-11-01
MK4,723,1055,1778,7262,6719,13981,2012-11-01
MK5,667,813,1480,5306,4925,10231,2012-11-01
MK6,2933,3450,6383,8106,5500,13606,2012-11-01
MK7,628,839,1467,5140,4760,9900,2012-11-01
MK8,552,785,1337,4388,3818,8206,2012-11-01
MK9,315,307,622,1095,639,1734,2012-11-01
MK10,360,503,863,3570,3239,6809,2012-11-01
MK11,418,563,981,2805,2316,5121,2012-11-01
MK12,911,1142,2053,4221,3044,7265,2012-11-01
MK13,1367,1607,2974,6463,5174,11637,2012-11-01
MK14,1446,1848,3294,6733,5229,11962,2012-11-01
MK15,335,407,742,2809,2569,5378,2012-11-01
MK16,679,847,1526,7215,6573,13788,2012-11-01
MK17,422,482,904,7239,6787,14026,2012-11-01
MK18,1168,1362,2530,11820,10963,22783,2012-11-01
MK19,314,414,728,4565,4204,8769,2012-11-01
MK40,2197,2169,4366,9739,7074,16813,2012-11-01
MK41,1788,2316,4104,14839,13164,28003,2012-11-01
MK42,2558,3646,6204,13832,10822,24654,2012-11-01
MK43,1080,1151,2231,12877,11831,24708,2012-11-01
MK44,394,513,907,6536,6149,12685,2012-11-01
MK45,1290,1576,2866,17086,15713,32799,2012-11-01
MK46,214,267,481,3642,3424,7066,2012-11-01
ML1,2826,3797,6623,16369,12800,29169,2012-11-01
ML2,2012,2678,4690,12177,9477,21654,2012-11-01
ML3,2608,3525,6133,16732,13226,29958,2012-11-01
ML4,1334,1902,3236,6777,5094,11871,2012-11-01
ML5,2658,3485,6143,13697,10476,24173,2012-11-01
ML6,2602,3642,6244,17544,13982,31526,2012-11-01
ML7,722,1056,1778,5031,3768,8799,2012-11-01
ML8,624,911,1535,7100,6186,13286,2012-11-01
ML9,1088,1596,2684,7986,6354,14340,2012-11-01
ML10,367,462,829,4016,3698,7714,2012-11-01
ML11,1247,1895,3142,12302,10255,22557,2012-11-01
ML12,215,370,585,3425,3106,6531,2012-11-01
N1,9278,10207,19485,23097,16153,39250,2012-11-01
N2,2009,2096,4105,8710,7846,16556,2012-11-01
N3,2097,2346,4443,11088,9519,20607,2012-11-01
N4,6717,6128,12845,13853,8951,22804,2012-11-01
N5,2127,2388,4515,7009,5470,12479,2012-11-01
N6,1252,1477,2729,7182,6357,13539,2012-11-01
N7,5199,5431,10630,11671,7744,19415,2012-11-01
N8,4147,4143,8290,12234,9691,21925,2012-11-01
N9,5406,6635,12041,13956,9942,23898,2012-11-01
N10,2032,2468,4500,9068,7965,17033,2012-11-01
N11,2604,2820,5424,9817,7452,17269,2012-11-01
N12,2253,2558,4811,11662,9711,21373,2012-11-01
N13,2682,2889,5571,11441,8799,20240,2012-11-01
N14,1698,2010,3708,11433,9748,21181,2012-11-01
N15,7310,6414,13724,11587,6470,18057,2012-11-01
N16,8445,7542,15987,16299,10612,26911,2012-11-01
N17,10341,10428,20769,15642,9280,24922,2012-11-01
N18,3895,4499,8394,8562,5677,14239,2012-11-01
N19,3921,4443,8364,9504,7002,16506,2012-11-01
N20,1130,1257,2387,7696,7005,14701,2012-11-01
N21,1048,1227,2275,8842,8003,16845,2012-11-01
N22,5596,5540,11136,12880,8549,21429,2012-11-01
NE1,552,382,934,1542,674,2216,2012-11-01
NE2,1326,1151,2477,5396,3934,9330,2012-11-01
NE3,2533,3253,5786,17250,14739,31989,2012-11-01
NE4,4191,3556,7747,8117,4225,12342,2012-11-01
NE5,2591,3741,6332,13775,9699,23474,2012-11-01
NE6,3659,4173,7832,11075,7026,18101,2012-11-01
NE7,713,922,1635,5004,4217,9221,2012-11-01
NE8,2672,2715,5387,7547,4106,11653,2012-11-01
NE9,1927,2604,4531,11095,8137,19232,2012-11-01
NE10,1924,2755,4679,9966,6699,16665,2012-11-01
NE11,811,1198,2009,5074,3658,8732,2012-11-01
NE12,1648,2424,4072,10781,8377,19158,2012-11-01
NE13,468,594,1062,4370,3776,8146,2012-11-01
NE15,1851,2543,4394,9985,7144,17129,2012-11-01
NE16,896,1415,2311,9006,7309,16315,2012-11-01
NE17,222,332,554,1502,1161,2663,2012-11-01
NE18,21,26,47,356,343,699,2012-11-01
NE19,42,86,128,888,789,1677,2012-11-01
NE20,283,356,639,4969,4785,9754,2012-11-01
NE21,784,1169,1953,5388,3938,9326,2012-11-01
NE22,732,1014,1746,5950,4814,10764,2012-11-01
NE23,1677,2717,4394,13393,10740,24133,2012-11-01
NE24,1784,2565,4349,11628,8856,20484,2012-11-01
NE25,1099,1538,2637,10455,9283,19738,2012-11-01
NE26,758,920,1678,6879,6100,12979,2012-11-01
NE27,502,842,1344,3795,3083,6878,2012-11-01
NE28,2564,3759,6323,12820,9198,22018,2012-11-01
NE29,2127,2840,4967,9899,7490,17389,2012-11-01
NE30,862,1022,1884,7679,6886,14565,2012-11-01
NE31,1145,1541,2686,5544,4072,9616,2012-11-01
NE32,1496,2024,3520,7254,5338,12592,2012-11-01
NE33,1992,1904,3896,7666,5330,12996,2012-11-01
NE34,2890,3658,6548,15096,11288,26384,2012-11-01
NE35,316,425,741,2016,1560,3576,2012-11-01
NE36,231,277,508,2469,2178,4647,2012-11-01
NE37,1197,1804,3001,6039,4405,10444,2012-11-01
NE38,1687,2410,4097,11014,8689,19703,2012-11-01
NE39,300,480,780,3014,2529,5543,2012-11-01
NE40,601,864,1465,5261,4401,9662,2012-11-01
NE41,60,69,129,821,791,1612,2012-11-01
NE42,494,785,1279,4150,3660,7810,2012-11-01
NE43,91,142,233,1823,1709,3532,2012-11-01
NE44,15,28,43,438,425,863,2012-11-01
NE45,95,152,247,1395,1308,2703,2012-11-01
NE46,536,747,1283,5534,5072,10606,2012-11-01
NE47,222,289,511,3064,2828,5892,2012-11-01
NE48,103,157,260,1816,1595,3411,2012-11-01
NE49,160,250,410,1571,1192,2763,2012-11-01
NE61,1066,1579,2645,11637,10165,21802,2012-11-01
NE62,366,578,944,3255,2561,5816,2012-11-01
NE63,1420,2041,3461,8466,6163,14629,2012-11-01
NE64,348,500,848,1794,1306,3100,2012-11-01
NE65,592,875,1467,7538,6515,14053,2012-11-01
NE66,468,744,1212,6451,5676,12127,2012-11-01
NE67,15,22,37,357,354,711,2012-11-01
NE68,42,66,108,764,656,1420,2012-11-01
NE69,10,12,22,152,147,299,2012-11-01
NE70,40,79,119,686,628,1314,2012-11-01
NE71,77,120,197,1123,978,2101,2012-11-01
NE99,0,0,0,3,0,3,2012-11-01
NG1,664,541,1205,1754,954,2708,2012-11-01
NG2,3198,3821,7019,17318,14019,31337,2012-11-01
NG3,3078,4118,7196,13220,9874,23094,2012-11-01
NG4,1892,2625,4517,13605,11063,24668,2012-11-01
NG5,4805,6727,11532,26460,21230,47690,2012-11-01
NG6,2465,3459,5924,10189,7353,17542,2012-11-01
NG7,4550,4242,8792,9409,5099,14508,2012-11-01
NG8,3934,5518,9452,17074,12643,29717,2012-11-01
NG9,3411,4206,7617,24492,20198,44690,2012-11-01
NG10,2190,2804,4994,16127,13226,29353,2012-11-01
NG11,1855,2657,4512,11622,8996,20618,2012-11-01
NG12,1066,1489,2555,12429,11295,23724,2012-11-01
NG13,576,774,1350,7890,7198,15088,2012-11-01
NG14,575,705,1280,7240,6572,13812,2012-11-01
NG15,1586,2336,3922,13695,11341,25036,2012-11-01
NG16,2451,3393,5844,22844,18614,41458,2012-11-01
NG17,3055,4146,7201,23479,18659,42138,2012-11-01
NG18,1973,2455,4428,13411,11047,24458,2012-11-01
NG19,2249,3012,5261,17427,13789,31216,2012-11-01
NG20,1385,1908,3293,8082,5860,13942,2012-11-01
NG21,864,1176,2040,7661,6507,14168,2012-11-01
NG22,965,1396,2361,9707,8252,17959,2012-11-01
NG23,384,476,860,7225,6755,13980,2012-11-01
NG24,1943,2542,4485,15090,12376,27466,2012-11-01
NG25,230,318,548,3318,3198,6516,2012-11-01
NG31,1999,2617,4616,14881,11940,26821,2012-11-01
NG32,310,402,712,5340,4904,10244,2012-11-01
NG33,236,328,564,3941,3580,7521,2012-11-01
NG34,1345,1614,2959,15058,13447,28505,2012-11-01
NN1,2561,2390,4951,8610,5775,14385,2012-11-01
NN2,2167,2540,4707,12309,9654,21963,2012-11-01
NN3,4129,5526,9655,24034,19886,43920,2012-11-01
NN4,1762,2374,4136,16471,14669,31140,2012-11-01
NN5,1864,2346,4210,12652,10118,22770,2012-11-01
NN6,882,1114,1996,13654,12896,26550,2012-11-01
NN7,722,1002,1724,11431,10572,22003,2012-11-01
NN8,2761,3651,6412,16012,12754,28766,2012-11-01
NN9,847,1181,2028,9976,8617,18593,2012-11-01
NN10,1297,1804,3101,13698,11782,25480,2012-11-01
NN11,1489,2082,3571,13980,11891,25871,2012-11-01
NN12,658,880,1538,9606,8645,18251,2012-11-01
NN13,552,701,1253,7213,6652,13865,2012-11-01
NN14,1170,1563,2733,16530,14871,31401,2012-11-01
NN15,1207,1654,2861,12677,11224,23901,2012-11-01
NN16,1728,1987,3715,9425,7365,16790,2012-11-01
NN17,1597,2113,3710,8361,6352,14713,2012-11-01
NN18,2128,2869,4997,9759,7581,17340,2012-11-01
NN29,319,409,728,4454,3968,8422,2012-11-01
NP1,74,92,166,282,225,507,2012-11-01
NP2,14,21,35,109,65,174,2012-11-01
NP3,18,31,49,95,65,160,2012-11-01
NP4,1681,2360,4041,15371,12606,27977,2012-11-01
NP5,7,12,19,55,47,102,2012-11-01
NP6,27,25,52,136,83,219,2012-11-01
NP7,778,1060,1838,9660,8804,18464,2012-11-01
NP8,118,211,329,2216,2057,4273,2012-11-01
NP9,43,38,81,151,65,216,2012-11-01
NP10,789,1015,1804,8231,7454,15685,2012-11-01
NP11,1582,2273,3855,12189,9710,21899,2012-11-01
NP12,1259,1940,3199,11226,9046,20272,2012-11-01
NP13,957,1411,2368,6380,4510,10890,2012-11-01
NP15,145,190,335,3152,2968,6120,2012-11-01
NP16,796,1051,1847,8792,7973,16765,2012-11-01
NP18,494,705,1199,6424,5739,12163,2012-11-01
NP19,3111,4074,7185,15266,11091,26357,2012-11-01
NP20,2941,3690,6631,15106,11488,26594,2012-11-01
NP22,1019,1551,2570,6796,5027,11823,2012-11-01
NP23,1496,2183,3679,10625,8039,18664,2012-11-01
NP24,294,387,681,1393,962,2355,2012-11-01
NP25,448,526,974,5651,5292,10943,2012-11-01
NP26,706,947,1653,8456,7454,15910,2012-11-01
NP44,2135,2930,5065,15750,12928,28678,2012-11-01
NR1,1529,1577,3106,7808,5961,13769,2012-11-01
NR2,1312,1550,2862,7528,6314,13842,2012-11-01
NR3,2080,2267,4347,9917,7400,17317,2012-11-01
NR4,912,1115,2027,6809,6036,12845,2012-11-01
NR5,1589,2003,3592,8627,6924,15551,2012-11-01
NR6,782,1011,1793,9202,7844,17046,2012-11-01
NR7,1028,1293,2321,11675,10244,21919,2012-11-01
NR8,492,594,1086,7593,7167,14760,2012-11-01
NR9,402,546,948,6764,6292,13056,2012-11-01
NR10,558,748,1306,8716,7970,16686,2012-11-01
NR11,466,633,1099,6933,6307,13240,2012-11-01
NR12,555,706,1261,8124,7321,15445,2012-11-01
NR13,604,789,1393,10473,9678,20151,2012-11-01
NR14,605,701,1306,9214,8681,17895,2012-11-01
NR15,361,497,858,6176,5808,11984,2012-11-01
NR16,283,431,714,4849,4407,9256,2012-11-01
NR17,436,564,1000,5925,5145,11070,2012-11-01
NR18,462,630,1092,6067,5628,11695,2012-11-01
NR19,665,931,1596,7007,5995,13002,2012-11-01
NR20,482,626,1108,7323,6525,13848,2012-11-01
NR21,461,638,1099,6000,5300,11300,2012-11-01
NR22,25,46,71,321,306,627,2012-11-01
NR23,119,145,264,1154,932,2086,2012-11-01
NR24,110,153,263,1685,1531,3216,2012-11-01
NR25,257,312,569,3261,2999,6260,2012-11-01
NR26,267,330,597,2944,2587,5531,2012-11-01
NR27,424,570,994,4012,3442,7454,2012-11-01
NR28,589,679,1268,6225,5487,11712,2012-11-01
NR29,561,759,1320,8058,6959,15017,2012-11-01
NR30,1891,2114,4005,8908,6278,15186,2012-11-01
NR31,2237,2808,5045,16573,13277,29850,2012-11-01
NR32,1732,1978,3710,13122,10772,23894,2012-11-01
NR33,1496,1817,3313,13867,11735,25602,2012-11-01
NR34,617,801,1418,8468,7512,15980,2012-11-01
NR35,321,420,741,4089,3669,7758,2012-11-01
NW1,6544,6762,13306,15802,10146,25948,2012-11-01
NW2,9846,8738,18584,23487,15170,38657,2012-11-01
NW3,4215,5030,9245,19678,16417,36095,2012-11-01
NW4,3046,3182,6228,12054,9602,21656,2012-11-01
NW5,2993,3484,6477,7956,6152,14108,2012-11-01
NW6,7772,7688,15460,21057,15729,36786,2012-11-01
NW7,1675,2024,3699,9596,8435,18031,2012-11-01
NW8,3493,4314,7807,12252,9135,21387,2012-11-01
NW9,7439,7459,14898,21280,14398,35678,2012-11-01
NW10,14846,13877,28723,27506,17407,44913,2012-11-01
NW11,2878,2970,5848,13322,11535,24857,2012-11-01
OL1,1600,1809,3409,5371,3639,9010,2012-11-01
OL2,1677,2317,3994,14585,12328,26913,2012-11-01
OL3,440,509,949,5801,5358,11159,2012-11-01
OL4,2427,3054,5481,13777,10363,24140,2012-11-01
OL5,479,669,1148,3816,3188,7004,2012-11-01
OL6,1689,2217,3906,8777,6296,15073,2012-11-01
OL7,940,1301,2241,5128,3676,8804,2012-11-01
OL8,2802,3541,6343,10206,6401,16607,2012-11-01
OL9,2500,2965,5465,12108,8693,20801,2012-11-01
OL10,1536,1958,3494,8543,6777,15320,2012-11-01
OL11,2665,3240,5905,13911,10804,24715,2012-11-01
OL12,2237,2928,5165,14812,11896,26708,2012-11-01
OL13,696,993,1689,5200,4243,9443,2012-11-01
OL14,695,976,1671,5108,4331,9439,2012-11-01
OL15,524,690,1214,5276,4685,9961,2012-11-01
OL16,2199,2595,4794,11138,8570,19708,2012-11-01
OX1,1483,1151,2634,5918,4617,10535,2012-11-01
OX2,2469,2770,5239,12910,11638,24548,2012-11-01
OX3,2800,3544,6344,12804,10364,23168,2012-11-01
OX4,4948,5407,10355,16835,12219,29054,2012-11-01
OX5,1221,1349,2570,8976,7845,16821,2012-11-01
OX6,25,19,44,75,56,131,2012-11-01
OX7,770,1019,1789,9050,8424,17474,2012-11-01
OX8,35,37,72,192,173,365,2012-11-01
OX9,514,646,1160,5489,5087,10576,2012-11-01
OX10,970,1198,2168,9811,8884,18695,2012-11-01
OX11,1330,1755,3085,12101,10480,22581,2012-11-01
OX12,956,1240,2196,9781,8626,18407,2012-11-01
OX13,392,580,972,5217,4651,9868,2012-11-01
OX14,1837,2381,4218,16386,14285,30671,2012-11-01
OX15,534,582,1116,7465,7118,14583,2012-11-01
OX16,2379,3238,5617,15150,11969,27119,2012-11-01
OX17,403,544,947,7040,6551,13591,2012-11-01
OX18,829,1187,2016,9222,8164,17386,2012-11-01
OX20,167,201,368,1801,1747,3548,2012-11-01
OX25,318,458,776,3466,3211,6677,2012-11-01
OX26,1390,1823,3213,11422,9872,21294,2012-11-01
OX27,200,261,461,2548,2463,5011,2012-11-01
OX28,1162,1424,2586,9487,8457,17944,2012-11-01
OX29,748,877,1625,9207,8508,17715,2012-11-01
OX33,258,294,552,3086,2848,5934,2012-11-01
OX39,144,189,333,2854,2633,5487,2012-11-01
OX44,284,325,609,3309,3068,6377,2012-11-01
OX49,113,145,258,1623,1659,3282,2012-11-01
PA1,1194,1517,2711,6632,5149,11781,2012-11-01
PA2,2112,2820,4932,12818,10572,23390,2012-11-01
PA3,1759,2205,3964,6439,4458,10897,2012-11-01
PA4,1233,1701,2934,7473,6054,13527,2012-11-01
PA5,1336,1765,3101,6746,5168,11914,2012-11-01
PA6,170,243,413,2644,2611,5255,2012-11-01
PA7,200,270,470,2122,1844,3966,2012-11-01
PA8,708,968,1676,5306,4591,9897,2012-11-01
PA9,59,65,124,666,612,1278,2012-11-01
PA10,153,203,356,1456,1305,2761,2012-11-01
PA11,199,277,476,2185,2003,4188,2012-11-01
PA12,131,181,312,1267,1160,2427,2012-11-01
PA13,123,157,280,1820,1828,3648,2012-11-01
PA14,1272,1577,2849,4850,3715,8565,2012-11-01
PA15,1344,1499,2843,4380,3175,7555,2012-11-01
PA16,1884,2252,4136,8747,7360,16107,2012-11-01
PA17,71,91,162,929,771,1700,2012-11-01
PA18,82,135,217,1031,996,2027,2012-11-01
PA19,515,688,1203,4110,3599,7709,2012-11-01
PA20,344,452,796,2131,1765,3896,2012-11-01
PA21,40,35,75,334,273,607,2012-11-01
PA22,9,5,14,145,118,263,2012-11-01
PA23,703,993,1696,4330,3900,8230,2012-11-01
PA24,19,20,39,200,158,358,2012-11-01
PA25,0,5,5,25,24,49,2012-11-01
PA26,10,8,18,63,41,104,2012-11-01
PA27,19,38,57,293,286,579,2012-11-01
PA28,370,466,836,2585,2172,4757,2012-11-01
PA29,109,115,224,908,817,1725,2012-11-01
PA30,55,79,134,541,483,1024,2012-11-01
PA31,187,263,450,1941,1704,3645,2012-11-01
PA32,29,58,87,511,430,941,2012-11-01
PA33,31,37,68,301,247,548,2012-11-01
PA34,572,680,1252,3770,3232,7002,2012-11-01
PA35,45,63,108,548,491,1039,2012-11-01
PA36,2,1,3,19,13,32,2012-11-01
PA37,106,148,254,1113,996,2109,2012-11-01
PA38,40,40,80,353,327,680,2012-11-01
PA39,2,0,2,7,12,19,2012-11-01
PA40,1,3,4,5,3,8,2012-11-01
PA41,6,7,13,48,48,96,2012-11-01
PA42,58,83,141,412,333,745,2012-11-01
PA43,44,66,110,302,236,538,2012-11-01
PA44,7,12,19,128,105,233,2012-11-01
PA45,12,13,25,55,34,89,2012-11-01
PA46,7,9,16,77,68,145,2012-11-01
PA47,7,9,16,70,62,132,2012-11-01
PA48,19,16,35,120,103,223,2012-11-01
PA49,6,8,14,72,61,133,2012-11-01
PA60,11,20,31,81,67,148,2012-11-01
PA61,7,18,25,58,53,111,2012-11-01
PA62,2,4,6,14,9,23,2012-11-01
PA63,1,0,1,3,5,8,2012-11-01
PA64,2,4,6,45,36,81,2012-11-01
PA65,8,16,24,90,82,172,2012-11-01
PA66,3,10,13,70,62,132,2012-11-01
PA67,20,21,41,100,109,209,2012-11-01
PA68,1,0,1,4,6,10,2012-11-01
PA69,1,2,3,9,10,19,2012-11-01
PA70,4,4,8,28,26,54,2012-11-01
PA71,2,0,2,25,15,40,2012-11-01
PA72,16,19,35,191,164,355,2012-11-01
PA73,2,1,3,31,28,59,2012-11-01
PA74,0,1,1,18,16,34,2012-11-01
PA75,57,70,127,518,496,1014,2012-11-01
PA76,5,8,13,54,55,109,2012-11-01
PA77,31,41,72,245,260,505,2012-11-01
PA78,11,17,28,66,68,134,2012-11-01
PA80,7,4,11,13,2,15,2012-11-01
PA81,2,6,8,19,12,31,2012-11-01
PA82,4,5,9,19,17,36,2012-11-01
PA83,0,0,0,2,1,3,2012-11-01
PA84,1,1,2,2,2,4,2012-11-01
PA85,4,3,7,3,5,8,2012-11-01
PA86,26,37,63,134,112,246,2012-11-01
PA87,12,17,29,26,27,53,2012-11-01
PA88,3,2,5,9,1,10,2012-11-01
PE1,3923,4078,8001,13348,8564,21912,2012-11-01
PE2,2267,3044,5311,14658,11826,26484,2012-11-01
PE3,1887,2535,4422,9430,7017,16447,2012-11-01
PE4,1292,1785,3077,9506,8163,17669,2012-11-01
PE5,34,33,67,579,551,1130,2012-11-01
PE6,1046,1391,2437,14035,12798,26833,2012-11-01
PE7,1289,1734,3023,15147,13423,28570,2012-11-01
PE8,497,690,1187,6557,6054,12611,2012-11-01
PE9,1130,1349,2479,11646,10766,22412,2012-11-01
PE10,622,822,1444,8081,7345,15426,2012-11-01
PE11,1427,1817,3244,14949,12756,27705,2012-11-01
PE12,1114,1558,2672,15123,12965,28088,2012-11-01
PE13,1530,1787,3317,11621,9690,21311,2012-11-01
PE14,647,828,1475,8220,7376,15596,2012-11-01
PE15,942,1199,2141,10465,8901,19366,2012-11-01
PE16,331,430,761,3898,3250,7148,2012-11-01
PE17,39,22,61,115,80,195,2012-11-01
PE18,38,78,116,114,105,219,2012-11-01
PE19,1456,2029,3485,16074,14090,30164,2012-11-01
PE20,435,598,1033,5345,4607,9952,2012-11-01
PE21,1974,2259,4233,12921,10642,23563,2012-11-01
PE22,479,599,1078,6762,5861,12623,2012-11-01
PE23,280,328,608,3332,2980,6312,2012-11-01
PE24,418,505,923,4625,3708,8333,2012-11-01
PE25,995,1262,2257,7135,5419,12554,2012-11-01
PE26,376,506,882,4348,3890,8238,2012-11-01
PE27,702,949,1651,7415,6355,13770,2012-11-01
PE28,1323,1712,3035,18099,16891,34990,2012-11-01
PE29,1445,1913,3358,9329,7728,17057,2012-11-01
PE30,2064,2694,4758,13644,11237,24881,2012-11-01
PE31,480,599,1079,7673,7043,14716,2012-11-01
PE32,363,509,872,6205,5645,11850,2012-11-01
PE33,395,553,948,6008,5270,11278,2012-11-01
PE34,405,547,952,5461,4751,10212,2012-11-01
PE35,1,1,2,33,34,67,2012-11-01
PE36,206,267,473,2295,2055,4350,2012-11-01
PE37,305,418,723,3679,3153,6832,2012-11-01
PE38,416,511,927,5295,4480,9775,2012-11-01
PH1,2205,2890,5095,14072,11741,25813,2012-11-01
PH2,1360,1717,3077,12219,10822,23041,2012-11-01
PH3,200,262,462,2129,2024,4153,2012-11-01
PH4,21,43,64,319,285,604,2012-11-01
PH5,21,54,75,355,313,668,2012-11-01
PH6,92,108,200,939,951,1890,2012-11-01
PH7,341,466,807,3259,2911,6170,2012-11-01
PH8,79,101,180,780,747,1527,2012-11-01
PH9,20,40,60,388,339,727,2012-11-01
PH10,378,513,891,4031,3541,7572,2012-11-01
PH11,116,193,309,1317,1127,2444,2012-11-01
PH12,42,72,114,827,711,1538,2012-11-01
PH13,168,185,353,1544,1268,2812,2012-11-01
PH14,31,68,99,702,694,1396,2012-11-01
PH15,129,188,317,1332,1148,2480,2012-11-01
PH16,163,199,362,1484,1348,2832,2012-11-01
PH17,9,9,18,63,59,122,2012-11-01
PH18,36,34,70,323,261,584,2012-11-01
PH19,5,6,11,42,29,71,2012-11-01
PH20,54,88,142,596,529,1125,2012-11-01
PH21,83,108,191,820,740,1560,2012-11-01
PH22,175,236,411,1139,941,2080,2012-11-01
PH23,28,33,61,334,302,636,2012-11-01
PH24,24,31,55,275,237,512,2012-11-01
PH25,21,28,49,337,308,645,2012-11-01
PH26,137,165,302,1364,1230,2594,2012-11-01
PH30,0,0,0,6,2,8,2012-11-01
PH31,23,21,44,229,200,429,2012-11-01
PH32,38,49,87,263,227,490,2012-11-01
PH33,678,932,1610,4023,3168,7191,2012-11-01
PH34,38,43,81,420,381,801,2012-11-01
PH35,16,21,37,126,103,229,2012-11-01
PH36,41,62,103,494,419,913,2012-11-01
PH37,10,12,22,57,54,111,2012-11-01
PH38,13,15,28,77,68,145,2012-11-01
PH39,25,22,47,132,143,275,2012-11-01
PH40,24,20,44,112,89,201,2012-11-01
PH41,68,60,128,355,312,667,2012-11-01
PH42,2,7,9,32,23,55,2012-11-01
PH43,1,1,2,14,9,23,2012-11-01
PH44,2,2,4,4,4,8,2012-11-01
PH49,35,63,98,421,357,778,2012-11-01
PH50,49,71,120,309,245,554,2012-11-01
PL1,1852,1811,3663,6131,3793,9924,2012-11-01
PL2,2044,2490,4534,9376,7316,16692,2012-11-01
PL3,1556,1860,3416,10418,8940,19358,2012-11-01
PL4,2219,2166,4385,8109,5511,13620,2012-11-01
PL5,2515,3430,5945,12927,10393,23320,2012-11-01
PL6,1768,2405,4173,14920,12706,27626,2012-11-01
PL7,1074,1438,2512,11651,10677,22328,2012-11-01
PL8,172,149,321,2380,2341,4721,2012-11-01
PL9,867,1205,2072,10578,9637,20215,2012-11-01
PL10,141,183,324,1353,1151,2504,2012-11-01
PL11,460,646,1106,3938,3383,7321,2012-11-01
PL12,762,952,1714,8444,7576,16020,2012-11-01
PL13,351,453,804,3719,3186,6905,2012-11-01
PL14,710,1021,1731,8565,7805,16370,2012-11-01
PL15,555,724,1279,7464,6752,14216,2012-11-01
PL16,43,55,98,794,746,1540,2012-11-01
PL17,298,370,668,3966,3493,7459,2012-11-01
PL18,157,241,398,1999,1859,3858,2012-11-01
PL19,540,670,1210,6170,5720,11890,2012-11-01
PL20,374,493,867,4603,4406,9009,2012-11-01
PL21,523,756,1279,6863,6529,13392,2012-11-01
PL22,121,142,263,1322,1254,2576,2012-11-01
PL23,107,128,235,1246,1187,2433,2012-11-01
PL24,395,526,921,3588,3241,6829,2012-11-01
PL25,909,1181,2090,8757,7672,16429,2012-11-01
PL26,965,1141,2106,9892,8601,18493,2012-11-01
PL27,372,471,843,4414,4158,8572,2012-11-01
PL28,159,204,363,1575,1451,3026,2012-11-01
PL29,42,31,73,385,356,741,2012-11-01
PL30,239,295,534,4243,4003,8246,2012-11-01
PL31,628,751,1379,4889,4182,9071,2012-11-01
PL32,126,154,280,1548,1429,2977,2012-11-01
PL33,50,75,125,719,650,1369,2012-11-01
PL34,44,71,115,680,611,1291,2012-11-01
PL35,23,46,69,398,361,759,2012-11-01
PO1,2102,2406,4508,6484,4276,10760,2012-11-01
PO2,2849,3628,6477,12507,9472,21979,2012-11-01
PO3,973,1186,2159,6650,5506,12156,2012-11-01
PO4,2294,2684,4978,11987,9673,21660,2012-11-01
PO5,2040,2077,4117,7319,4871,12190,2012-11-01
PO6,2272,2801,5073,13438,11078,24516,2012-11-01
PO7,1503,1852,3355,15096,13633,28729,2012-11-01
PO8,1139,1459,2598,13410,12239,25649,2012-11-01
PO9,2784,3588,6372,15499,12812,28311,2012-11-01
PO10,548,731,1279,7252,6519,13771,2012-11-01
PO11,582,686,1268,7013,6431,13444,2012-11-01
PO12,2353,2840,5193,15886,13384,29270,2012-11-01
PO13,1685,2336,4021,11580,10030,21610,2012-11-01
PO14,1106,1312,2418,12751,11635,24386,2012-11-01
PO15,689,820,1509,8337,7586,15923,2012-11-01
PO16,1154,1368,2522,12207,10728,22935,2012-11-01
PO17,184,192,376,2549,2309,4858,2012-11-01
PO18,388,474,862,5413,5198,10611,2012-11-01
PO19,1395,1584,2979,9545,9088,18633,2012-11-01
PO20,1023,1260,2283,12747,11881,24628,2012-11-01
PO21,1652,1827,3479,13292,11639,24931,2012-11-01
PO22,1052,1224,2276,10657,9844,20501,2012-11-01
PO30,1199,1556,2755,9736,8731,18467,2012-11-01
PO31,612,732,1344,5199,4769,9968,2012-11-01
PO32,350,428,778,2677,2386,5063,2012-11-01
PO33,1483,1878,3361,10417,9140,19557,2012-11-01
PO34,52,58,110,933,961,1894,2012-11-01
PO35,155,150,305,1436,1394,2830,2012-11-01
PO36,731,863,1594,5721,5090,10811,2012-11-01
PO37,429,483,912,3291,2812,6103,2012-11-01
PO38,508,647,1155,4996,4367,9363,2012-11-01
PO39,69,104,173,957,845,1802,2012-11-01
PO40,212,269,481,2009,1872,3881,2012-11-01
PO41,55,77,132,977,938,1915,2012-11-01
PR1,4144,4946,9090,19730,14281,34011,2012-11-01
PR2,3510,4587,8097,25990,21799,47789,2012-11-01
PR3,821,1112,1933,15035,13863,28898,2012-11-01
PR4,1585,2171,3756,22814,20646,43460,2012-11-01
PR5,1432,1977,3409,14709,12768,27477,2012-11-01
PR6,1125,1493,2618,12792,11179,23971,2012-11-01
PR7,1717,2378,4095,20236,17673,37909,2012-11-01
PR8,2249,2676,4925,18779,16825,35604,2012-11-01
PR9,1570,2086,3656,14948,12869,27817,2012-11-01
PR25,1169,1567,2736,10659,9150,19809,2012-11-01
PR26,416,544,960,5080,4609,9689,2012-11-01
RG1,4672,4292,8964,13417,8144,21561,2012-11-01
RG2,2777,3217,5994,12029,8989,21018,2012-11-01
RG3,18,11,29,83,35,118,2012-11-01
RG4,1525,1947,3472,15129,13695,28824,2012-11-01
RG5,981,1223,2204,10011,8903,18914,2012-11-01
RG6,1786,1899,3685,13866,11993,25859,2012-11-01
RG7,967,1234,2201,12584,11623,24207,2012-11-01
RG8,656,698,1354,7792,7349,15141,2012-11-01
RG9,841,874,1715,9224,8873,18097,2012-11-01
RG10,558,596,1154,7480,7292,14772,2012-11-01
RG11,19,18,37,64,45,109,2012-11-01
RG12,2626,3500,6126,19332,16197,35529,2012-11-01
RG13,14,22,36,46,41,87,2012-11-01
RG14,1617,1896,3513,13620,11667,25287,2012-11-01
RG15,12,21,33,70,66,136,2012-11-01
RG16,19,15,34,131,114,245,2012-11-01
RG17,516,600,1116,5820,5374,11194,2012-11-01
RG18,605,755,1360,7093,6492,13585,2012-11-01
RG19,568,753,1321,6337,5650,11987,2012-11-01
RG20,564,710,1274,7962,7496,15458,2012-11-01
RG21,1611,1970,3581,9121,6929,16050,2012-11-01
RG22,1793,2388,4181,15016,12910,27926,2012-11-01
RG23,517,640,1157,4760,4164,8924,2012-11-01
RG24,1217,1690,2907,11350,9976,21326,2012-11-01
RG25,241,276,517,3527,3190,6717,2012-11-01
RG26,697,844,1541,8801,7991,16792,2012-11-01
RG27,543,579,1122,8454,8110,16564,2012-11-01
RG28,202,246,448,2148,1928,4076,2012-11-01
RG29,149,264,413,2563,2362,4925,2012-11-01
RG30,3213,3811,7024,14679,10989,25668,2012-11-01
RG31,1092,1375,2467,11023,9894,20917,2012-11-01
RG40,844,961,1805,10902,10270,21172,2012-11-01
RG41,903,1051,1954,11334,10820,22154,2012-11-01
RG42,950,1065,2015,9935,9380,19315,2012-11-01
RG45,445,504,949,5468,5189,10657,2012-11-01
RH1,2003,2475,4478,16894,15026,31920,2012-11-01
RH2,805,939,1744,9585,9109,18694,2012-11-01
RH3,107,117,224,1749,1765,3514,2012-11-01
RH4,581,702,1283,5647,5253,10900,2012-11-01
RH5,556,604,1160,6770,6304,13074,2012-11-01
RH6,1176,1344,2520,11450,10312,21762,2012-11-01
RH7,399,355,754,3514,3100,6614,2012-11-01
RH8,522,631,1153,5777,5657,11434,2012-11-01
RH9,165,212,377,2068,2047,4115,2012-11-01
RH10,3078,3482,6560,24362,20776,45138,2012-11-01
RH11,3761,4734,8495,18279,14034,32313,2012-11-01
RH12,1382,1759,3141,16621,15520,32141,2012-11-01
RH13,1153,1380,2533,14477,13531,28008,2012-11-01
RH14,395,463,858,5837,5319,11156,2012-11-01
RH15,1178,1386,2564,11267,10322,21589,2012-11-01
RH16,1295,1632,2927,12264,11395,23659,2012-11-01
RH17,560,657,1217,7284,7007,14291,2012-11-01
RH18,249,275,524,1836,1798,3634,2012-11-01
RH19,1295,1450,2745,13098,12116,25214,2012-11-01
RH20,635,713,1348,10240,10043,20283,2012-11-01
RM1,1002,1230,2232,6897,5833,12730,2012-11-01
RM2,493,581,1074,4834,4352,9186,2012-11-01
RM3,2355,3158,5513,12698,10086,22784,2012-11-01
RM4,119,141,260,1839,1696,3535,2012-11-01
RM5,933,1278,2211,6622,5649,12271,2012-11-01
RM6,2448,2872,5320,9858,7673,17531,2012-11-01
RM7,1560,2126,3686,9192,7387,16579,2012-11-01
RM8,3563,4156,7719,10653,7507,18160,2012-11-01
RM9,3037,3880,6917,9453,6452,15905,2012-11-01
RM10,3250,4182,7432,9901,6798,16699,2012-11-01
RM11,1215,1365,2580,12043,10912,22955,2012-11-01
RM12,1518,1964,3482,12372,10415,22787,2012-11-01
RM13,1556,1971,3527,9892,8156,18048,2012-11-01
RM14,841,998,1839,10497,9449,19946,2012-11-01
RM15,1447,1875,3322,8923,7145,16068,2012-11-01
RM16,1649,2146,3795,13983,12083,26066,2012-11-01
RM17,1566,2069,3635,8835,6637,15472,2012-11-01
RM18,1144,1572,2716,4908,3716,8624,2012-11-01
RM19,406,604,1010,2062,1549,3611,2012-11-01
RM20,345,447,792,1587,1110,2697,2012-11-01
S1,330,233,563,798,340,1138,2012-11-01
S2,3146,3772,6918,9325,5604,14929,2012-11-01
S3,1485,1150,2635,2783,1202,3985,2012-11-01
S4,1155,1187,2342,2924,1616,4540,2012-11-01
S5,3965,5307,9272,14985,9876,24861,2012-11-01
S6,2665,3360,6025,18426,14592,33018,2012-11-01
S7,1145,1032,2177,5666,4569,10235,2012-11-01
S8,2190,2839,5029,14409,11564,25973,2012-11-01
S9,1883,2250,4133,7664,4562,12226,2012-11-01
S10,1845,1884,3729,12725,11084,23809,2012-11-01
S11,1429,1567,2996,10334,9228,19562,2012-11-01
S12,1321,2146,3467,11669,8598,20267,2012-11-01
S13,1337,1874,3211,9442,7064,16506,2012-11-01
S14,652,852,1504,2049,1232,3281,2012-11-01
S17,413,532,945,5992,5723,11715,2012-11-01
S18,648,880,1528,9643,8667,18310,2012-11-01
S19,3,3,6,29,19,48,2012-11-01
S20,1039,1632,2671,10852,8870,19722,2012-11-01
S21,759,1079,1838,7363,5906,13269,2012-11-01
S25,758,1139,1897,7360,6160,13520,2012-11-01
S26,809,1266,2075,9333,7727,17060,2012-11-01
S30,16,23,39,173,147,320,2012-11-01
S31,11,26,37,64,28,92,2012-11-01
S32,123,180,303,2318,2245,4563,2012-11-01
S33,136,174,310,1945,1786,3731,2012-11-01
S35,1255,1838,3093,15015,12881,27896,2012-11-01
S36,841,1242,2083,9989,8535,18524,2012-11-01
S40,1485,2072,3557,11708,9556,21264,2012-11-01
S41,1612,2132,3744,11627,9279,20906,2012-11-01
S42,956,1365,2321,10370,8526,18896,2012-11-01
S43,1722,2528,4250,13396,10342,23738,2012-11-01
S44,966,1324,2290,7292,5652,12944,2012-11-01
S45,535,759,1294,4629,3649,8278,2012-11-01
S60,1607,2225,3832,12577,9679,22256,2012-11-01
S61,1850,2516,4366,11084,8244,19328,2012-11-01
S62,972,1331,2303,5970,4368,10338,2012-11-01
S63,2123,2940,5063,11612,8481,20093,2012-11-01
S64,1588,2082,3670,9473,7037,16510,2012-11-01
S65,2259,2726,4985,9580,6483,16063,2012-11-01
S66,1844,2764,4608,15268,12316,27584,2012-11-01
S70,2082,2704,4786,11200,8085,19285,2012-11-01
S71,2362,3062,5424,14203,10614,24817,2012-11-01
S72,1216,1678,2894,7996,6180,14176,2012-11-01
S73,1286,1836,3122,8374,6447,14821,2012-11-01
S74,815,1201,2016,5539,4222,9761,2012-11-01
S75,1456,2044,3500,15675,13183,28858,2012-11-01
S80,1485,1958,3443,9503,7135,16638,2012-11-01
S81,1309,1841,3150,13508,11570,25078,2012-11-01
SA1,3275,3580,6855,12500,8060,20560,2012-11-01
SA2,1453,1678,3131,12632,11080,23712,2012-11-01
SA3,689,837,1526,10383,9873,20256,2012-11-01
SA4,1256,1810,3066,15942,14369,30311,2012-11-01
SA5,1772,2589,4361,11139,8578,19717,2012-11-01
SA6,1378,2047,3425,11367,9415,20782,2012-11-01
SA7,476,736,1212,5236,4568,9804,2012-11-01
SA8,432,576,1008,4395,3887,8282,2012-11-01
SA9,501,724,1225,5417,4574,9991,2012-11-01
SA10,937,1384,2321,10662,8993,19655,2012-11-01
SA11,1505,2196,3701,11899,9226,21125,2012-11-01
SA12,1605,2082,3687,10341,8278,18619,2012-11-01
SA13,916,1200,2116,6473,4984,11457,2012-11-01
SA14,1045,1426,2471,11606,10081,21687,2012-11-01
SA15,1537,1907,3444,11692,9469,21161,2012-11-01
SA16,258,417,675,3035,2559,5594,2012-11-01
SA17,317,419,736,3226,2718,5944,2012-11-01
SA18,994,1308,2302,10387,9016,19403,2012-11-01
SA19,246,329,575,3875,3493,7368,2012-11-01
SA20,123,123,246,1322,1154,2476,2012-11-01
SA31,613,813,1426,5234,4804,10038,2012-11-01
SA32,149,166,315,3074,2936,6010,2012-11-01
SA33,292,403,695,5061,4517,9578,2012-11-01
SA34,146,160,306,2055,1787,3842,2012-11-01
SA35,13,28,41,349,312,661,2012-11-01
SA36,5,13,18,135,127,262,2012-11-01
SA37,30,38,68,573,528,1101,2012-11-01
SA38,133,162,295,1747,1598,3345,2012-11-01
SA39,59,76,135,1008,855,1863,2012-11-01
SA40,114,118,232,1106,946,2052,2012-11-01
SA41,55,54,109,811,725,1536,2012-11-01
SA42,59,78,137,830,779,1609,2012-11-01
SA43,407,537,944,4762,4234,8996,2012-11-01
SA44,283,353,636,4459,4119,8578,2012-11-01
SA45,68,49,117,603,543,1146,2012-11-01
SA46,92,100,192,983,841,1824,2012-11-01
SA47,41,45,86,399,355,754,2012-11-01
SA48,329,331,660,3228,2933,6161,2012-11-01
SA61,657,938,1595,4702,4083,8785,2012-11-01
SA62,541,739,1280,7883,7250,15133,2012-11-01
SA63,24,27,51,482,454,936,2012-11-01
SA64,69,129,198,850,681,1531,2012-11-01
SA65,154,208,362,1510,1327,2837,2012-11-01
SA66,73,76,149,1220,1203,2423,2012-11-01
SA67,183,261,444,2660,2509,5169,2012-11-01
SA68,103,130,233,1586,1396,2982,2012-11-01
SA69,100,148,248,1462,1272,2734,2012-11-01
SA70,377,485,862,3416,2985,6401,2012-11-01
SA71,431,484,915,3865,3257,7122,2012-11-01
SA72,454,588,1042,3383,2881,6264,2012-11-01
SA73,834,1146,1980,6899,5683,12582,2012-11-01
SA99,0,1,1,0,0,0,2012-11-01
SE1,7511,7437,14948,16421,9728,26149,2012-11-01
SE2,2757,3454,6211,7290,5286,12576,2012-11-01
SE3,2467,2912,5379,10533,8933,19466,2012-11-01
SE4,3279,3583,6862,7639,6044,13683,2012-11-01
SE5,6915,7286,14201,11008,7173,18181,2012-11-01
SE6,5585,6487,12072,13892,11032,24924,2012-11-01
SE7,2385,2643,5028,5726,4024,9750,2012-11-01
SE8,4005,4175,8180,6207,3756,9963,2012-11-01
SE9,4025,5061,9086,19711,16249,35960,2012-11-01
SE10,1842,2132,3974,6564,5152,11716,2012-11-01
SE11,2880,2983,5863,5663,3371,9034,2012-11-01
SE12,2108,2513,4621,8142,6899,15041,2012-11-01
SE13,4678,4785,9463,10597,8098,18695,2012-11-01
SE14,3445,3531,6976,5912,3757,9669,2012-11-01
SE15,10500,10449,20949,14497,9557,24054,2012-11-01
SE16,4665,5301,9966,11992,7880,19872,2012-11-01
SE17,5597,5735,11332,7359,3891,11250,2012-11-01
SE18,10049,10118,20167,18654,12182,30836,2012-11-01
SE19,2452,3007,5459,8553,6850,15403,2012-11-01
SE20,2185,2612,4797,6363,5032,11395,2012-11-01
SE21,1232,1449,2681,4914,4425,9339,2012-11-01
SE22,2825,3071,5896,8773,7496,16269,2012-11-01
SE23,3117,3697,6814,9691,7850,17541,2012-11-01
SE24,1690,1817,3507,5401,4577,9978,2012-11-01
SE25,3489,4104,7593,9695,7794,17489,2012-11-01
SE26,2731,3242,5973,7952,6570,14522,2012-11-01
SE27,2311,2612,4923,5849,4622,10471,2012-11-01
SE28,3030,3911,6941,6922,4748,11670,2012-11-01
SG1,2725,3516,6241,17459,14239,31698,2012-11-01
SG2,1986,2809,4795,14742,12456,27198,2012-11-01
SG3,224,239,463,2765,2613,5378,2012-11-01
SG4,1029,1270,2299,11025,10123,21148,2012-11-01
SG5,1194,1348,2542,11468,10215,21683,2012-11-01
SG6,1494,2001,3495,11661,10013,21674,2012-11-01
SG7,467,554,1021,4933,4546,9479,2012-11-01
SG8,1369,1485,2854,15354,13333,28687,2012-11-01
SG9,243,292,535,3884,3665,7549,2012-11-01
SG10,38,52,90,772,748,1520,2012-11-01
SG11,199,218,417,3222,2987,6209,2012-11-01
SG12,1019,1255,2274,11052,10050,21102,2012-11-01
SG13,625,664,1289,5963,5580,11543,2012-11-01
SG14,754,807,1561,7143,6480,13623,2012-11-01
SG15,196,235,431,2086,1807,3893,2012-11-01
SG16,154,218,372,2321,2153,4474,2012-11-01
SG17,365,448,813,4522,4175,8697,2012-11-01
SG18,775,1027,1802,8963,7827,16790,2012-11-01
SG19,722,995,1717,9446,8329,17775,2012-11-01
SK1,547,718,1265,3449,2576,6025,2012-11-01
SK2,1289,1596,2885,10437,8965,19402,2012-11-01
SK3,1464,1917,3381,8612,7074,15686,2012-11-01
SK4,1624,1767,3391,12699,11298,23997,2012-11-01
SK5,1741,2199,3940,8683,6842,15525,2012-11-01
SK6,1710,2218,3928,19017,17088,36105,2012-11-01
SK7,1217,1429,2646,16227,15357,31584,2012-11-01
SK8,2048,2537,4585,22645,20974,43619,2012-11-01
SK9,1194,1445,2639,14993,14176,29169,2012-11-01
SK10,1248,1552,2800,15183,14316,29499,2012-11-01
SK11,1413,1772,3185,13249,11721,24970,2012-11-01
SK12,512,576,1088,7985,7557,15542,2012-11-01
SK13,1310,1760,3070,11621,10156,21777,2012-11-01
SK14,2412,2954,5366,14661,12026,26687,2012-11-01
SK15,1287,1673,2960,9231,7661,16892,2012-11-01
SK16,906,1195,2101,6425,5122,11547,2012-11-01
SK17,1014,1281,2295,11526,9765,21291,2012-11-01
SK22,435,563,998,4580,3937,8517,2012-11-01
SK23,517,631,1148,6598,5920,12518,2012-11-01
SL0,382,437,819,4584,4088,8672,2012-11-01
SL1,6387,5990,12377,23644,17154,40798,2012-11-01
SL2,4093,4606,8699,18296,13932,32228,2012-11-01
SL3,2305,2982,5287,16497,13702,30199,2012-11-01
SL4,1829,2224,4053,16667,14916,31583,2012-11-01
SL5,955,1176,2131,9640,9718,19358,2012-11-01
SL6,3249,3694,6943,30838,27938,58776,2012-11-01
SL7,661,755,1416,8500,8231,16731,2012-11-01
SL8,194,191,385,2629,2516,5145,2012-11-01
SL9,784,857,1641,8849,8891,17740,2012-11-01
SM1,2223,2636,4859,13250,11077,24327,2012-11-01
SM2,1150,1582,2732,10548,9477,20025,2012-11-01
SM3,1044,1103,2147,7674,6786,14460,2012-11-01
SM4,2800,2915,5715,12416,9474,21890,2012-11-01
SM5,2180,2800,4980,12701,11147,23848,2012-11-01
SM6,2022,2581,4603,12469,11010,23479,2012-11-01
SM7,550,563,1113,7122,7113,14235,2012-11-01
SN1,2291,2036,4327,9262,6132,15394,2012-11-01
SN2,2307,3018,5325,13121,9859,22980,2012-11-01
SN3,2536,3332,5868,17953,14529,32482,2012-11-01
SN4,891,1141,2032,10737,9518,20255,2012-11-01
SN5,1390,1981,3371,12623,10838,23461,2012-11-01
SN6,681,870,1551,8480,7557,16037,2012-11-01
SN7,407,577,984,5109,4640,9749,2012-11-01
SN8,825,927,1752,9198,8654,17852,2012-11-01
SN9,248,318,566,3105,2925,6030,2012-11-01
SN10,1001,1334,2335,11545,10412,21957,2012-11-01
SN11,714,972,1686,8047,7182,15229,2012-11-01
SN12,802,1022,1824,9409,8332,17741,2012-11-01
SN13,510,660,1170,6039,5750,11789,2012-11-01
SN14,946,1169,2115,10473,9446,19919,2012-11-01
SN15,1100,1510,2610,13018,11464,24482,2012-11-01
SN16,357,374,731,5566,5171,10737,2012-11-01
SN25,870,1217,2087,12415,10933,23348,2012-11-01
SN26,53,50,103,725,608,1333,2012-11-01
SO1,22,26,48,76,30,106,2012-11-01
SO2,55,27,82,111,49,160,2012-11-01
SO3,22,17,39,110,70,180,2012-11-01
SO4,9,20,29,76,48,124,2012-11-01
SO5,10,13,23,52,37,89,2012-11-01
SO9,17,12,29,29,8,37,2012-11-01
SO14,2485,2015,4500,6124,3136,9260,2012-11-01
SO15,2304,2457,4761,12207,9477,21684,2012-11-01
SO16,3640,4737,8377,21088,16678,37766,2012-11-01
SO17,1153,1116,2269,4808,3383,8191,2012-11-01
SO18,1778,2130,3908,12284,10013,22297,2012-11-01
SO19,2969,3930,6899,17953,14688,32641,2012-11-01
SO20,257,274,531,3446,3044,6490,2012-11-01
SO21,505,654,1159,7679,7447,15126,2012-11-01
SO22,1746,1479,3225,9491,8398,17889,2012-11-01
SO23,981,1085,2066,6925,6328,13253,2012-11-01
SO24,330,361,691,4580,4356,8936,2012-11-01
SO30,849,1073,1922,12134,11439,23573,2012-11-01
SO31,1370,1524,2894,17242,16072,33314,2012-11-01
SO32,491,574,1065,8145,7866,16011,2012-11-01
SO40,1302,1641,2943,15909,14252,30161,2012-11-01
SO41,802,958,1760,12208,12152,24360,2012-11-01
SO42,129,164,293,2029,1942,3971,2012-11-01
SO43,101,141,242,1787,1692,3479,2012-11-01
SO45,1134,1584,2718,13408,12213,25621,2012-11-01
SO50,1868,2425,4293,16469,14111,30580,2012-11-01
SO51,763,910,1673,10602,10138,20740,2012-11-01
SO52,177,214,391,2655,2453,5108,2012-11-01
SO53,929,1116,2045,12485,11835,24320,2012-11-01
SP1,913,1032,1945,7348,6662,14010,2012-11-01
SP2,1353,1696,3049,9713,8342,18055,2012-11-01
SP3,345,449,794,4561,4314,8875,2012-11-01
SP4,1395,1736,3131,11645,9622,21267,2012-11-01
SP5,509,624,1133,9036,8702,17738,2012-11-01
SP6,344,412,756,5814,5525,11339,2012-11-01
SP7,393,565,958,5038,4834,9872,2012-11-01
SP8,367,508,875,5463,5078,10541,2012-11-01
SP9,436,850,1286,3055,2077,5132,2012-11-01
SP10,1982,2791,4773,13641,11164,24805,2012-11-01
SP11,692,997,1689,8848,7942,16790,2012-11-01
SR1,425,338,763,1120,444,1564,2012-11-01
SR2,2098,2275,4373,9777,7103,16880,2012-11-01
SR3,1924,2651,4575,12150,9388,21538,2012-11-01
SR4,2680,3331,6011,11542,7957,19499,2012-11-01
SR5,2343,2807,5150,8899,5833,14732,2012-11-01
SR6,1188,1495,2683,10649,8923,19572,2012-11-01
SR7,1449,2107,3556,9222,6928,16150,2012-11-01
SR8,1998,2877,4875,10637,7848,18485,2012-11-01
SS0,2713,3159,5872,12547,10001,22548,2012-11-01
SS1,1698,1811,3509,8490,7023,15513,2012-11-01
SS2,2233,2818,5051,11011,8668,19679,2012-11-01
SS3,1416,1865,3281,9522,8315,17837,2012-11-01
SS4,798,1042,1840,7381,6590,13971,2012-11-01
SS5,739,820,1559,8531,7610,16141,2012-11-01
SS6,1040,1304,2344,11858,10674,22532,2012-11-01
SS7,1711,2214,3925,19075,16798,35873,2012-11-01
SS8,1784,2587,4371,13924,11004,24928,2012-11-01
SS9,1944,2391,4335,18094,16184,34278,2012-11-01
SS11,554,762,1316,6511,5618,12129,2012-11-01
SS12,571,784,1355,6859,6150,13009,2012-11-01
SS13,1434,2053,3487,7301,5706,13007,2012-11-01
SS14,1719,2382,4101,7389,5403,12792,2012-11-01
SS15,1845,2508,4353,9350,7777,17127,2012-11-01
SS16,1649,2377,4026,10191,8005,18196,2012-11-01
SS17,1265,1704,2969,12193,10501,22694,2012-11-01
SS99,0,1,1,0,0,0,2012-11-01
ST1,2009,2252,4261,8910,5800,14710,2012-11-01
ST2,1815,2437,4252,10185,7581,17766,2012-11-01
ST3,3192,4305,7497,21794,16579,38373,2012-11-01
ST4,3093,3634,6727,17384,13266,30650,2012-11-01
ST5,3461,4327,7788,26252,21502,47754,2012-11-01
ST6,3571,4604,8175,19216,13743,32959,2012-11-01
ST7,1808,2381,4189,19930,17202,37132,2012-11-01
ST8,598,791,1389,7557,6535,14092,2012-11-01
ST9,254,307,561,4846,4431,9277,2012-11-01
ST10,694,930,1624,9700,8370,18070,2012-11-01
ST11,262,329,591,3900,3419,7319,2012-11-01
ST12,103,122,225,1326,1244,2570,2012-11-01
ST13,823,1131,1954,10097,8694,18791,2012-11-01
ST14,733,944,1677,7147,6158,13305,2012-11-01
ST15,604,774,1378,7876,7101,14977,2012-11-01
ST16,1385,1736,3121,9575,7754,17329,2012-11-01
ST17,1588,2049,3637,13624,11868,25492,2012-11-01
ST18,369,408,777,6714,6115,12829,2012-11-01
ST19,435,551,986,5834,5342,11176,2012-11-01
ST20,145,220,365,2781,2486,5267,2012-11-01
ST21,116,155,271,2427,2179,4606,2012-11-01
SW1,60,53,113,427,230,657,2012-11-01
SW1,120,84,204,423,218,641,2012-11-01
SW1,46,38,84,332,172,504,2012-11-01
SW1,988,1231,2219,3774,2494,6268,2012-11-01
SW1,1841,2072,3913,6887,5043,11930,2012-11-01
SW1,720,787,1507,2745,2188,4933,2012-11-01
SW1,664,824,1488,2944,2258,5202,2012-11-01
SW1,68,60,128,399,181,580,2012-11-01
SW2,6676,7039,13715,14465,10142,24607,2012-11-01
SW3,1814,2334,4148,8631,7408,16039,2012-11-01
SW4,4246,4349,8595,12253,8901,21154,2012-11-01
SW5,2082,1787,3869,5931,3725,9656,2012-11-01
SW6,4978,5749,10727,20411,16793,37204,2012-11-01
SW7,2492,2182,4674,8938,6150,15088,2012-11-01
SW8,4726,5022,9748,9903,6077,15980,2012-11-01
SW9,6892,7043,13935,10875,6336,17211,2012-11-01
SW10,1786,2053,3839,6441,5183,11624,2012-11-01
SW11,5765,6618,12383,21790,17417,39207,2012-11-01
SW12,2308,2430,4738,10412,8738,19150,2012-11-01
SW13,852,1067,1919,6071,5792,11863,2012-11-01
SW14,867,976,1843,6261,5940,12201,2012-11-01
SW15,4309,5111,9420,20619,17211,37830,2012-11-01
SW16,9368,9023,18391,24815,18746,43561,2012-11-01
SW17,8002,6985,14987,19870,14543,34413,2012-11-01
SW18,3911,4591,8502,20691,17800,38491,2012-11-01
SW19,5663,6322,11985,29947,25001,54948,2012-11-01
SW20,1689,1897,3586,11587,10335,21922,2012-11-01
SY1,1258,1626,2884,8197,6604,14801,2012-11-01
SY2,728,902,1630,5918,5028,10946,2012-11-01
SY3,1187,1478,2665,11709,10888,22597,2012-11-01
SY4,640,857,1497,9199,8575,17774,2012-11-01
SY5,636,649,1285,8026,7305,15331,2012-11-01
SY6,141,187,328,2766,2550,5316,2012-11-01
SY7,285,387,672,4389,4017,8406,2012-11-01
SY8,518,666,1184,7128,6337,13465,2012-11-01
SY9,76,89,165,1073,935,2008,2012-11-01
SY10,392,476,868,6175,5529,11704,2012-11-01
SY11,981,1284,2265,8854,7713,16567,2012-11-01
SY12,246,330,576,2914,2608,5522,2012-11-01
SY13,547,640,1187,7321,6420,13741,2012-11-01
SY14,116,171,287,2444,2325,4769,2012-11-01
SY15,121,150,271,2166,2033,4199,2012-11-01
SY16,599,790,1389,5509,4712,10221,2012-11-01
SY17,74,109,183,1489,1312,2801,2012-11-01
SY18,106,146,252,1789,1517,3306,2012-11-01
SY19,14,33,47,442,378,820,2012-11-01
SY20,219,286,505,2509,2125,4634,2012-11-01
SY21,500,696,1196,6295,5512,11807,2012-11-01
SY22,203,251,454,3446,3199,6645,2012-11-01
SY23,1098,1297,2395,8563,7319,15882,2012-11-01
SY24,131,185,316,1698,1499,3197,2012-11-01
SY25,111,186,297,1730,1539,3269,2012-11-01
TA1,1607,2016,3623,13226,11773,24999,2012-11-01
TA2,1059,1236,2295,9133,8211,17344,2012-11-01
TA3,328,346,674,5933,5652,11585,2012-11-01
TA4,531,611,1142,7391,7154,14545,2012-11-01
TA5,251,320,571,4092,3824,7916,2012-11-01
TA6,2026,2509,4535,15110,12395,27505,2012-11-01
TA7,408,461,869,6276,5953,12229,2012-11-01
TA8,508,658,1166,6366,5523,11889,2012-11-01
TA9,453,512,965,4708,4065,8773,2012-11-01
TA10,243,261,504,3788,3626,7414,2012-11-01
TA11,215,287,502,3666,3518,7184,2012-11-01
TA12,180,238,418,2457,2277,4734,2012-11-01
TA13,96,128,224,1512,1458,2970,2012-11-01
TA14,79,108,187,1252,1095,2347,2012-11-01
TA15,17,34,51,269,237,506,2012-11-01
TA16,49,64,113,743,648,1391,2012-11-01
TA17,3,11,14,211,227,438,2012-11-01
TA18,289,375,664,3914,3497,7411,2012-11-01
TA19,274,387,661,4540,4248,8788,2012-11-01
TA20,660,802,1462,7390,6670,14060,2012-11-01
TA21,659,745,1404,6811,6148,12959,2012-11-01
TA22,57,90,147,1059,1055,2114,2012-11-01
TA23,226,294,520,2065,1824,3889,2012-11-01
TA24,611,789,1400,6765,6049,12814,2012-11-01
TD1,740,1009,1749,5909,4939,10848,2012-11-01
TD2,68,79,147,1025,990,2015,2012-11-01
TD3,33,30,63,398,359,757,2012-11-01
TD4,70,82,152,902,786,1688,2012-11-01
TD5,333,413,746,4273,4031,8304,2012-11-01
TD6,215,280,495,2954,2850,5804,2012-11-01
TD7,268,366,634,2775,2445,5220,2012-11-01
TD8,211,285,496,2292,2036,4328,2012-11-01
TD9,768,1066,1834,6449,5287,11736,2012-11-01
TD10,32,53,85,442,391,833,2012-11-01
TD11,202,316,518,2883,2489,5372,2012-11-01
TD12,114,166,280,1652,1486,3138,2012-11-01
TD13,41,33,74,379,339,718,2012-11-01
TD14,259,362,621,2364,1983,4347,2012-11-01
TD15,721,988,1709,6398,5213,11611,2012-11-01
TF1,1746,2184,3930,12059,9924,21983,2012-11-01
TF2,1672,2084,3756,12882,10951,23833,2012-11-01
TF3,1513,2099,3612,7299,5696,12995,2012-11-01
TF4,729,1005,1734,5900,5016,10916,2012-11-01
TF5,156,180,336,1991,1891,3882,2012-11-01
TF6,139,164,303,2193,1923,4116,2012-11-01
TF7,1098,1537,2635,5087,3867,8954,2012-11-01
TF8,76,101,177,1212,1121,2333,2012-11-01
TF9,752,975,1727,9496,8269,17765,2012-11-01
TF10,489,580,1069,6755,5950,12705,2012-11-01
TF11,289,305,594,3730,3320,7050,2012-11-01
TF12,191,234,425,1984,1710,3694,2012-11-01
TF13,86,113,199,1418,1378,2796,2012-11-01
TN1,654,746,1400,3646,3046,6692,2012-11-01
TN2,1011,1315,2326,9994,8920,18914,2012-11-01
TN3,297,355,652,4729,4568,9297,2012-11-01
TN4,1247,1613,2860,10435,9568,20003,2012-11-01
TN5,244,332,576,3435,3437,6872,2012-11-01
TN6,770,908,1678,9817,9181,18998,2012-11-01
TN7,58,89,147,993,961,1954,2012-11-01
TN8,424,542,966,4934,4656,9590,2012-11-01
TN9,824,964,1788,5808,5033,10841,2012-11-01
TN10,651,802,1453,5894,5398,11292,2012-11-01
TN11,403,495,898,5448,5145,10593,2012-11-01
TN12,855,1189,2044,11336,10246,21582,2012-11-01
TN13,841,967,1808,9161,8912,18073,2012-11-01
TN14,431,486,917,6000,5643,11643,2012-11-01
TN15,634,832,1466,10027,9391,19418,2012-11-01
TN16,599,713,1312,7805,7200,15005,2012-11-01
TN17,503,635,1138,5326,5000,10326,2012-11-01
TN18,177,221,398,2481,2340,4821,2012-11-01
TN19,147,175,322,2090,1907,3997,2012-11-01
TN20,110,139,249,1508,1486,2994,2012-11-01
TN21,404,515,919,6512,6235,12747,2012-11-01
TN22,845,1048,1893,10458,9842,20300,2012-11-01
TN23,1841,2493,4334,12796,10723,23519,2012-11-01
TN24,1373,1809,3182,10606,9132,19738,2012-11-01
TN25,420,481,901,6300,6027,12327,2012-11-01
TN26,284,339,623,4639,4344,8983,2012-11-01
TN27,295,389,684,5198,4837,10035,2012-11-01
TN28,250,384,634,3276,2852,6128,2012-11-01
TN29,482,628,1110,5173,4209,9382,2012-11-01
TN30,244,318,562,3728,3570,7298,2012-11-01
TN31,504,637,1141,5396,4777,10173,2012-11-01
TN32,184,183,367,2099,1949,4048,2012-11-01
TN33,418,476,894,4793,4606,9399,2012-11-01
TN34,1696,2212,3908,9417,7532,16949,2012-11-01
TN35,844,1143,1987,6014,5311,11325,2012-11-01
TN36,61,96,157,884,846,1730,2012-11-01
TN37,1171,1385,2556,6343,5102,11445,2012-11-01
TN38,1561,1947,3508,8861,7355,16216,2012-11-01
TN39,887,1088,1975,9246,8708,17954,2012-11-01
TN40,646,871,1517,5633,4980,10613,2012-11-01
TQ1,1661,1937,3598,10935,9162,20097,2012-11-01
TQ2,1757,2156,3913,11653,10110,21763,2012-11-01
TQ3,1287,1601,2888,10829,9346,20175,2012-11-01
TQ4,715,871,1586,6833,5988,12821,2012-11-01
TQ5,748,971,1719,7114,6123,13237,2012-11-01
TQ6,318,427,745,3122,2703,5825,2012-11-01
TQ7,487,629,1116,6453,6129,12582,2012-11-01
TQ8,84,76,160,796,736,1532,2012-11-01
TQ9,669,778,1447,6700,6616,13316,2012-11-01
TQ10,122,175,297,1486,1420,2906,2012-11-01
TQ11,166,224,390,1560,1451,3011,2012-11-01
TQ12,1746,2175,3921,19589,18069,37658,2012-11-01
TQ13,654,772,1426,9098,8803,17901,2012-11-01
TQ14,697,853,1550,7196,6588,13784,2012-11-01
TR1,958,1216,2174,6862,6354,13216,2012-11-01
TR2,236,379,615,3762,3570,7332,2012-11-01
TR3,353,393,746,4880,4658,9538,2012-11-01
TR4,334,421,755,4467,4102,8569,2012-11-01
TR5,124,141,265,1410,1468,2878,2012-11-01
TR6,148,162,310,1433,1266,2699,2012-11-01
TR7,1079,1257,2336,7324,6191,13515,2012-11-01
TR8,273,319,592,3400,3058,6458,2012-11-01
TR9,253,387,640,2998,2568,5566,2012-11-01
TR10,421,480,901,3328,2862,6190,2012-11-01
TR11,1176,1400,2576,9613,8750,18363,2012-11-01
TR12,261,285,546,3667,3209,6876,2012-11-01
TR13,659,846,1505,7307,6709,14016,2012-11-01
TR14,1135,1282,2417,8514,7219,15733,2012-11-01
TR15,822,1034,1856,6657,5672,12329,2012-11-01
TR16,461,614,1075,5905,5358,11263,2012-11-01
TR17,53,76,129,565,492,1057,2012-11-01
TR18,1057,1255,2312,6298,5387,11685,2012-11-01
TR19,363,448,811,3365,3031,6396,2012-11-01
TR20,329,339,668,3752,3485,7237,2012-11-01
TR21,74,91,165,571,465,1036,2012-11-01
TR22,5,8,13,23,20,43,2012-11-01
TR23,2,7,9,33,25,58,2012-11-01
TR24,2,6,8,53,32,85,2012-11-01
TR25,2,3,5,44,31,75,2012-11-01
TR26,527,632,1159,4072,3636,7708,2012-11-01
TR27,542,750,1292,5281,4749,10030,2012-11-01
TS1,1750,1444,3194,3111,1419,4530,2012-11-01
TS2,112,123,235,188,117,305,2012-11-01
TS3,2262,2806,5068,6607,4054,10661,2012-11-01
TS4,1257,1485,2742,4086,2686,6772,2012-11-01
TS5,1903,2478,4381,13071,10826,23897,2012-11-01
TS6,1767,2382,4149,9280,6900,16180,2012-11-01
TS7,700,987,1687,8638,7537,16175,2012-11-01
TS8,915,1258,2173,7002,6034,13036,2012-11-01
TS9,264,352,616,5321,4907,10228,2012-11-01
TS10,1780,2408,4188,11981,9649,21630,2012-11-01
TS11,367,569,936,4627,3868,8495,2012-11-01
TS12,908,1210,2118,7648,6260,13908,2012-11-01
TS13,553,694,1247,3323,2421,5744,2012-11-01
TS14,568,809,1377,6621,5725,12346,2012-11-01
TS15,327,392,719,5585,5059,10644,2012-11-01
TS16,302,393,695,4031,3711,7742,2012-11-01
TS17,1737,2339,4076,14238,12042,26280,2012-11-01
TS18,1299,1526,2825,7382,5748,13130,2012-11-01
TS19,1879,2624,4503,11154,8788,19942,2012-11-01
TS20,963,1233,2196,6724,5382,12106,2012-11-01
TS21,347,458,805,4750,4117,8867,2012-11-01
TS22,209,235,444,3589,3227,6816,2012-11-01
TS23,1417,2006,3423,9454,7673,17127,2012-11-01
TS24,1359,1712,3071,5593,3873,9466,2012-11-01
TS25,1810,2480,4290,11798,9190,20988,2012-11-01
TS26,1093,1231,2324,8109,6973,15082,2012-11-01
TS27,411,569,980,4433,3746,8179,2012-11-01
TS28,222,293,515,1721,1394,3115,2012-11-01
TS29,265,375,640,2032,1574,3606,2012-11-01
TS90,0,0,0,1,0,1,2012-11-01
TW1,1236,1417,2653,9921,8924,18845,2012-11-01
TW2,1482,1667,3149,11031,9897,20928,2012-11-01
TW3,6795,4733,11528,13399,8257,21656,2012-11-01
TW4,4555,3677,8232,9646,5716,15362,2012-11-01
TW5,4244,3423,7667,10891,7232,18123,2012-11-01
TW6,9,1,10,43,11,54,2012-11-01
TW7,2899,3346,6245,13232,10260,23492,2012-11-01
TW8,1623,1890,3513,6348,4735,11083,2012-11-01
TW9,1272,1437,2709,8470,7614,16084,2012-11-01
TW10,1202,1391,2593,7737,6888,14625,2012-11-01
TW11,1009,1238,2247,8591,8080,16671,2012-11-01
TW12,1121,1257,2378,8532,8053,16585,2012-11-01
TW13,2734,3215,5949,11558,8460,20018,2012-11-01
TW14,2359,2713,5072,9484,6710,16194,2012-11-01
TW15,1015,1210,2225,10872,9525,20397,2012-11-01
TW16,788,976,1764,7882,6970,14852,2012-11-01
TW17,445,474,919,5804,5427,11231,2012-11-01
TW18,1037,1107,2144,9966,8845,18811,2012-11-01
TW19,731,962,1693,6271,5254,11525,2012-11-01
TW20,1186,1303,2489,8159,7087,15246,2012-11-01
UB1,9320,6055,15375,13860,7822,21682,2012-11-01
UB2,6737,4400,11137,10859,6510,17369,2012-11-01
UB3,5790,5578,11368,16281,10244,26525,2012-11-01
UB4,4175,3793,7968,13450,9801,23251,2012-11-01
UB5,4235,4974,9209,14591,10473,25064,2012-11-01
UB6,5537,5229,10766,19381,12980,32361,2012-11-01
UB7,2212,2521,4733,9679,7032,16711,2012-11-01
UB8,2195,2402,4597,10667,8283,18950,2012-11-01
UB9,588,666,1254,5583,5027,10610,2012-11-01
UB10,1658,1927,3585,12410,10835,23245,2012-11-01
UB11,2,0,2,13,4,17,2012-11-01
W1,35,15,50,51,13,64,2012-11-01
W1,64,59,123,321,180,501,2012-11-01
W1,9,1,10,15,3,18,2012-11-01
W1,208,122,330,443,184,627,2012-11-01
W1,121,89,210,465,201,666,2012-11-01
W1,199,208,407,1175,813,1988,2012-11-01
W1,753,680,1433,2350,1580,3930,2012-11-01
W1,190,137,327,863,463,1326,2012-11-01
W1,350,346,696,1215,750,1965,2012-11-01
W1,83,62,145,112,80,192,2012-11-01
W1,61,64,125,140,72,212,2012-11-01
W1,70,71,141,115,50,165,2012-11-01
W1,51,13,64,79,13,92,2012-11-01
W1,42,23,65,158,64,222,2012-11-01
W1,390,281,671,1061,535,1596,2012-11-01
W1,462,478,940,1802,1159,2961,2012-11-01
W1,94,57,151,129,56,185,2012-11-01
W1,314,357,671,1009,593,1602,2012-11-01
W1,58,24,82,170,65,235,2012-11-01
W1,55,51,106,124,52,176,2012-11-01
W2,6600,5844,12444,16325,10324,26649,2012-11-01
W3,5856,5671,11527,18728,12894,31622,2012-11-01
W4,2995,3404,6399,16682,14394,31076,2012-11-01
W5,3741,4041,7782,19650,15878,35528,2012-11-01
W6,3432,3467,6899,10578,8083,18661,2012-11-01
W7,2655,3029,5684,9611,7556,17167,2012-11-01
W8,1857,2271,4128,8421,7093,15514,2012-11-01
W9,4062,4437,8499,12188,8835,21023,2012-11-01
W10,4188,4586,8774,8599,6162,14761,2012-11-01
W11,3554,3995,7549,10333,8194,18527,2012-11-01
W12,6106,6162,12268,13335,9100,22435,2012-11-01
W13,2797,2947,5744,12058,9539,21597,2012-11-01
W14,3988,4313,8301,12324,9528,21852,2012-11-01
WA1,894,1008,1902,7653,6373,14026,2012-11-01
WA2,2184,2775,4959,12514,9999,22513,2012-11-01
WA3,1594,2253,3847,17187,15007,32194,2012-11-01
WA4,1591,1882,3473,17702,15890,33592,2012-11-01
WA5,2247,3085,5332,20933,18125,39058,2012-11-01
WA6,525,605,1130,7597,7004,14601,2012-11-01
WA7,3525,4961,8486,20022,15651,35673,2012-11-01
WA8,2930,3987,6917,20355,16352,36707,2012-11-01
WA9,2694,3574,6268,14682,10889,25571,2012-11-01
WA10,1795,2335,4130,12459,9909,22368,2012-11-01
WA11,1607,2190,3797,14596,12034,26630,2012-11-01
WA12,968,1389,2357,7214,5822,13036,2012-11-01
WA13,309,386,695,5042,4799,9841,2012-11-01
WA14,1183,1256,2439,10658,9638,20296,2012-11-01
WA15,1567,1734,3301,16510,15026,31536,2012-11-01
WA16,719,736,1455,9430,8926,18356,2012-11-01
WC1,75,56,131,248,111,359,2012-11-01
WC1,181,219,400,426,252,678,2012-11-01
WC1,213,213,426,477,319,796,2012-11-01
WC1,869,746,1615,1714,923,2637,2012-11-01
WC1,720,674,1394,1830,1121,2951,2012-11-01
WC1,38,26,64,188,108,296,2012-11-01
WC1,41,31,72,81,41,122,2012-11-01
WC1,926,802,1728,1778,1122,2900,2012-11-01
WC2,11,8,19,87,53,140,2012-11-01
WC2,189,143,332,491,239,730,2012-11-01
WC2,61,41,102,220,105,325,2012-11-01
WC2,390,252,642,831,374,1205,2012-11-01
WC2,75,46,121,228,115,343,2012-11-01
WC2,26,16,42,100,46,146,2012-11-01
WD1,36,35,71,129,75,204,2012-11-01
WD2,88,64,152,208,111,319,2012-11-01
WD3,1340,1703,3043,15835,15019,30854,2012-11-01
WD4,309,349,658,4362,4142,8504,2012-11-01
WD5,404,460,864,4246,3997,8243,2012-11-01
WD6,2082,2572,4654,13329,11250,24579,2012-11-01
WD7,406,503,909,5110,4891,10001,2012-11-01
WD17,808,848,1656,5981,4996,10977,2012-11-01
WD18,2159,2248,4407,7915,5673,13588,2012-11-01
WD19,1280,1742,3022,9571,8687,18258,2012-11-01
WD23,944,1186,2130,9538,9110,18648,2012-11-01
WD24,1479,1594,3073,7804,6135,13939,2012-11-01
WD25,1299,1603,2902,9939,8594,18533,2012-11-01
WF1,2171,2610,4781,10552,7298,17850,2012-11-01
WF2,2422,3450,5872,16032,12825,28857,2012-11-01
WF3,1177,1771,2948,11609,9983,21592,2012-11-01
WF4,1686,2333,4019,15374,12797,28171,2012-11-01
WF5,817,1167,1984,7407,6260,13667,2012-11-01
WF6,1055,1467,2522,6902,5338,12240,2012-11-01
WF7,903,1364,2267,6706,5355,12061,2012-11-01
WF8,1467,1969,3436,10639,8524,19163,2012-11-01
WF9,2281,3020,5301,11947,8700,20647,2012-11-01
WF10,2392,3408,5800,14049,10159,24208,2012-11-01
WF11,891,1246,2137,5388,4057,9445,2012-11-01
WF12,1867,2558,4425,10587,7589,18176,2012-11-01
WF13,1786,2305,4091,7086,4353,11439,2012-11-01
WF14,690,964,1654,6944,6058,13002,2012-11-01
WF15,764,1050,1814,5916,4933,10849,2012-11-01
WF16,610,860,1470,3694,2588,6282,2012-11-01
WF17,2319,3229,5548,12801,8790,21591,2012-11-01
WN1,879,1053,1932,6424,4976,11400,2012-11-01
WN2,2131,3021,5152,17130,13399,30529,2012-11-01
WN3,1181,1720,2901,10399,8335,18734,2012-11-01
WN4,1067,1482,2549,10301,8540,18841,2012-11-01
WN5,1912,2415,4327,14153,11082,25235,2012-11-01
WN6,1390,1783,3173,14462,12352,26814,2012-11-01
WN7,2282,2987,5269,15088,11741,26829,2012-11-01
WN8,2690,3901,6591,14717,11449,26166,2012-11-01
WR1,557,518,1075,2777,2190,4967,2012-11-01
WR2,1050,1276,2326,10239,8867,19106,2012-11-01
WR3,695,926,1621,7646,6737,14383,2012-11-01
WR4,1293,1773,3066,8279,6819,15098,2012-11-01
WR5,1199,1616,2815,11026,9527,20553,2012-11-01
WR6,298,344,642,5299,4984,10283,2012-11-01
WR7,102,116,218,2315,2178,4493,2012-11-01
WR8,251,236,487,3292,3192,6484,2012-11-01
WR9,1098,1444,2542,11587,10485,22072,2012-11-01
WR10,478,650,1128,7106,6530,13636,2012-11-01
WR11,1490,1932,3422,15483,13471,28954,2012-11-01
WR12,152,174,326,2278,2182,4460,2012-11-01
WR13,237,250,487,3394,3329,6723,2012-11-01
WR14,1481,1847,3328,12106,11027,23133,2012-11-01
WR15,235,248,483,2868,2527,5395,2012-11-01
WS1,2008,2460,4468,6913,4219,11132,2012-11-01
WS2,2563,3599,6162,9695,6092,15787,2012-11-01
WS3,2806,3687,6493,14527,10608,25135,2012-11-01
WS4,760,986,1746,5626,4532,10158,2012-11-01
WS5,885,1298,2183,7225,6084,13309,2012-11-01
WS6,555,811,1366,6824,5731,12555,2012-11-01
WS7,892,1286,2178,11184,9491,20675,2012-11-01
WS8,678,877,1555,5144,4021,9165,2012-11-01
WS9,831,1091,1922,9658,8269,17927,2012-11-01
WS10,2809,3780,6589,12775,8779,21554,2012-11-01
WS11,1688,2251,3939,14233,11808,26041,2012-11-01
WS12,1065,1504,2569,12509,10430,22939,2012-11-01
WS13,1006,1234,2240,9025,7966,16991,2012-11-01
WS14,429,521,950,6800,6364,13164,2012-11-01
WS15,1404,1897,3301,13149,11223,24372,2012-11-01
WV1,1476,1455,2931,3903,2290,6193,2012-11-01
WV2,1620,1633,3253,3707,2293,6000,2012-11-01
WV3,1582,1888,3470,9542,7866,17408,2012-11-01
WV4,1539,2134,3673,11609,9339,20948,2012-11-01
WV5,386,558,944,5962,5266,11228,2012-11-01
WV6,2217,2787,5004,15245,12888,28133,2012-11-01
WV7,235,269,504,2280,1925,4205,2012-11-01
WV8,614,936,1550,5452,4742,10194,2012-11-01
WV9,250,397,647,2614,2280,4894,2012-11-01
WV10,3678,5145,8823,15641,11287,26928,2012-11-01
WV11,1724,2271,3995,11167,8423,19590,2012-11-01
WV12,1077,1502,2579,8578,6836,15414,2012-11-01
WV13,1206,1579,2785,6136,4532,10668,2012-11-01
WV14,2615,3475,6090,13430,9807,23237,2012-11-01
WV15,250,327,577,3311,2861,6172,2012-11-01
WV16,481,623,1104,6722,5909,12631,2012-11-01
YO1,264,261,525,1192,872,2064,2012-11-01
YO2,16,23,39,59,36,95,2012-11-01
YO3,30,29,59,74,43,117,2012-11-01
YO4,8,12,20,124,93,217,2012-11-01
YO5,4,9,13,39,32,71,2012-11-01
YO6,14,29,43,125,85,210,2012-11-01
YO7,547,763,1310,7776,6756,14532,2012-11-01
YO8,1524,2357,3881,16004,13517,29521,2012-11-01
YO10,1183,1503,2686,6678,5459,12137,2012-11-01
YO11,1142,1421,2563,6927,5226,12153,2012-11-01
YO12,1887,2604,4491,13064,10532,23596,2012-11-01
YO13,193,315,508,4083,3800,7883,2012-11-01
YO14,417,567,984,4108,3527,7635,2012-11-01
YO15,678,802,1480,4794,3712,8506,2012-11-01
YO16,921,1415,2336,8395,6554,14949,2012-11-01
YO17,657,854,1511,7891,6729,14620,2012-11-01
YO18,292,366,658,4194,3774,7968,2012-11-01
YO19,318,407,725,4896,4560,9456,2012-11-01
YO21,503,619,1122,5430,4609,10039,2012-11-01
YO22,340,468,808,3100,2606,5706,2012-11-01
YO23,659,937,1596,6755,6291,13046,2012-11-01
YO24,1404,2048,3452,9748,8223,17971,2012-11-01
YO25,944,1273,2217,12868,11399,24267,2012-11-01
YO26,1205,1663,2868,10402,9033,19435,2012-11-01
YO30,1241,1590,2831,8444,7395,15839,2012-11-01
YO31,1307,1658,2965,8125,6918,15043,2012-11-01
YO32,921,1352,2273,10642,9877,20519,2012-11-01
YO41,232,327,559,4186,3928,8114,2012-11-01
YO42,384,571,955,5558,4965,10523,2012-11-01
YO43,275,444,719,4793,4274,9067,2012-11-01
YO51,132,198,330,2119,1999,4118,2012-11-01
YO60,118,126,244,1885,1822,3707,2012-11-01
YO61,358,402,760,5379,5143,10522,2012-11-01
YO62,359,375,734,4565,4160,8725,2012-11-01
ZE1,450,553,1003,2670,2174,4844,2012-11-01
ZE2,594,878,1472,5320,4445,9765,2012-11-01
ZE3,19,24,43,181,131,312,2012-11-01
AB1,51,60,111,187,126,313,2013-11-01
AB2,28,30,58,140,71,211,2013-11-01
AB3,1,5,6,35,37,72,2013-11-01
AB4,0,0,0,7,10,17,2013-11-01
AB5,0,1,1,11,5,16,2013-11-01
AB9,30,17,47,67,11,78,2013-11-01
AB10,1359,1485,2844,7642,5976,13618,2013-11-01
AB11,1825,1838,3663,6394,4178,10572,2013-11-01
AB12,1182,1571,2753,9748,8324,18072,2013-11-01
AB13,105,113,218,1330,1295,2625,2013-11-01
AB14,213,256,469,1947,1791,3738,2013-11-01
AB15,1448,1747,3195,14974,13904,28878,2013-11-01
AB16,2199,2896,5095,8387,6023,14410,2013-11-01
AB21,823,1041,1864,8424,7238,15662,2013-11-01
AB22,625,855,1480,6499,5684,12183,2013-11-01
AB23,396,505,901,4444,3885,8329,2013-11-01
AB24,2897,3006,5903,9032,5511,14543,2013-11-01
AB25,1386,1355,2741,5205,3635,8840,2013-11-01
AB30,189,273,462,2852,2592,5444,2013-11-01
AB31,448,543,991,6351,5889,12240,2013-11-01
AB32,432,517,949,5224,4996,10220,2013-11-01
AB33,123,164,287,2165,1931,4096,2013-11-01
AB34,175,230,405,2078,1990,4068,2013-11-01
AB35,88,125,213,980,899,1879,2013-11-01
AB36,15,17,32,206,198,404,2013-11-01
AB37,43,58,101,525,444,969,2013-11-01
AB38,136,198,334,1718,1469,3187,2013-11-01
AB39,627,727,1354,6690,6277,12967,2013-11-01
AB41,588,894,1482,8436,7576,16012,2013-11-01
AB42,1436,1762,3198,11883,10029,21912,2013-11-01
AB43,1039,1302,2341,8104,6944,15048,2013-11-01
AB44,182,233,415,1355,1174,2529,2013-11-01
AB45,418,531,949,3947,3393,7340,2013-11-01
AB51,942,1244,2186,13321,12122,25443,2013-11-01
AB52,113,172,285,1936,1767,3703,2013-11-01
AB53,340,479,819,4824,4154,8978,2013-11-01
AB54,384,489,873,4275,3709,7984,2013-11-01
AB55,298,432,730,3387,2828,6215,2013-11-01
AB56,641,782,1423,4852,4256,9108,2013-11-01
AL1,1717,1892,3609,13225,11650,24875,2013-11-01
AL2,856,1007,1863,9285,8442,17727,2013-11-01
AL3,1049,1250,2299,10518,9862,20380,2013-11-01
AL4,852,1067,1919,10392,9909,20301,2013-11-01
AL5,1005,1083,2088,11818,11551,23369,2013-11-01
AL6,326,333,659,4747,4590,9337,2013-11-01
AL7,1791,2221,4012,11496,10003,21499,2013-11-01
AL8,513,670,1183,4920,4533,9453,2013-11-01
AL9,360,403,763,4564,4206,8770,2013-11-01
AL10,2652,2371,5023,9670,7008,16678,2013-11-01
B1,659,563,1222,1718,908,2626,2013-11-01
B2,42,41,83,78,29,107,2013-11-01
B3,111,117,228,522,330,852,2013-11-01
B4,160,89,249,222,56,278,2013-11-01
B5,1076,1136,2212,2561,1513,4074,2013-11-01
B6,2363,2551,4914,4332,2164,6496,2013-11-01
B7,964,1167,2131,1511,785,2296,2013-11-01
B8,4573,4743,9316,9161,4669,13830,2013-11-01
B9,2475,2988,5463,5269,2785,8054,2013-11-01
B10,3056,3284,6340,5949,2822,8771,2013-11-01
B11,5122,5152,10274,10591,5432,16023,2013-11-01
B12,2497,2416,4913,4138,1982,6120,2013-11-01
B13,2641,3226,5867,11671,8948,20619,2013-11-01
B14,2862,3608,6470,12635,10084,22719,2013-11-01
B15,1301,1340,2641,4585,3466,8051,2013-11-01
B16,2397,2491,4888,5587,3322,8909,2013-11-01
B17,1490,1809,3299,7914,6642,14556,2013-11-01
B18,1799,2214,4013,3097,1847,4944,2013-11-01
B19,2741,2823,5564,3585,1778,5363,2013-11-01
B20,3405,3930,7335,9437,6480,15917,2013-11-01
B21,4143,4110,8253,6594,3741,10335,2013-11-01
B23,3321,4202,7523,11432,8543,19975,2013-11-01
B24,1934,2455,4389,8156,6259,14415,2013-11-01
B25,1327,1643,2970,4249,2843,7092,2013-11-01
B26,1829,2289,4118,10566,8051,18617,2013-11-01
B27,1967,2382,4349,7119,5003,12122,2013-11-01
B28,1634,2025,3659,10381,8339,18720,2013-11-01
B29,2663,3233,5896,9066,6761,15827,2013-11-01
B30,1692,2134,3826,8624,7625,16249,2013-11-01
B31,3603,4787,8390,15935,12553,28488,2013-11-01
B32,2605,3709,6314,10774,8358,19132,2013-11-01
B33,2557,3428,5985,8896,6185,15081,2013-11-01
B34,1197,1665,2862,5302,4000,9302,2013-11-01
B35,775,1036,1811,2307,1746,4053,2013-11-01
B36,2205,3125,5330,11086,8421,19507,2013-11-01
B37,2638,3409,6047,10070,7635,17705,2013-11-01
B38,1429,1918,3347,5787,4671,10458,2013-11-01
B42,1347,1770,3117,7319,5863,13182,2013-11-01
B43,1259,1682,2941,10193,8459,18652,2013-11-01
B44,2531,3305,5836,10256,7892,18148,2013-11-01
B45,1726,2403,4129,10073,8099,18172,2013-11-01
B46,380,456,836,4902,4388,9290,2013-11-01
B47,303,297,600,3920,3677,7597,2013-11-01
B48,162,170,332,2307,2075,4382,2013-11-01
B49,367,454,821,3978,3737,7715,2013-11-01
B50,174,210,384,2088,1986,4074,2013-11-01
B60,822,1018,1840,10013,9345,19358,2013-11-01
B61,970,1180,2150,8945,7835,16780,2013-11-01
B62,938,1175,2113,8895,7587,16482,2013-11-01
B63,1539,2062,3601,12532,10378,22910,2013-11-01
B64,890,1138,2028,5054,3856,8910,2013-11-01
B65,1311,1813,3124,7181,5332,12513,2013-11-01
B66,2506,2747,5253,4726,2628,7354,2013-11-01
B67,2658,3075,5733,8109,5521,13630,2013-11-01
B68,1919,2653,4572,9453,7044,16497,2013-11-01
B69,1783,2387,4170,8442,6023,14465,2013-11-01
B70,2390,2863,5253,7061,4248,11309,2013-11-01
B71,1927,2461,4388,8732,6165,14897,2013-11-01
B72,375,438,813,3743,3329,7072,2013-11-01
B73,870,1038,1908,8775,7895,16670,2013-11-01
B74,782,1048,1830,12816,11926,24742,2013-11-01
B75,945,1353,2298,9689,8953,18642,2013-11-01
B76,920,872,1792,8907,7784,16691,2013-11-01
B77,2580,3883,6463,19487,16186,35673,2013-11-01
B78,873,1182,2055,8805,7648,16453,2013-11-01
B79,837,1182,2019,7739,6563,14302,2013-11-01
B80,241,269,510,2706,2503,5209,2013-11-01
B90,1562,1927,3489,17599,15762,33361,2013-11-01
B91,1106,1238,2344,13401,12660,26061,2013-11-01
B92,1483,1931,3414,13467,11808,25275,2013-11-01
B93,493,523,1016,7930,7659,15589,2013-11-01
B94,166,189,355,3150,3043,6193,2013-11-01
B95,179,185,364,2493,2393,4886,2013-11-01
B96,106,133,239,2057,1986,4043,2013-11-01
B97,1193,1555,2748,11491,9966,21457,2013-11-01
B98,2703,3827,6530,16996,13411,30407,2013-11-01
BA1,2066,2274,4340,13749,12274,26023,2013-11-01
BA2,3307,3763,7070,23223,20577,43800,2013-11-01
BA3,1247,1244,2491,13050,11758,24808,2013-11-01
BA4,585,730,1315,6672,5989,12661,2013-11-01
BA5,597,690,1287,6733,6240,12973,2013-11-01
BA6,599,639,1238,4885,4600,9485,2013-11-01
BA7,89,143,232,1358,1304,2662,2013-11-01
BA8,132,183,315,1702,1586,3288,2013-11-01
BA9,235,306,541,2753,2459,5212,2013-11-01
BA10,136,161,297,1300,1251,2551,2013-11-01
BA11,1180,1626,2806,11728,10820,22548,2013-11-01
BA12,1058,1369,2427,10971,9685,20656,2013-11-01
BA13,654,857,1511,7371,6600,13971,2013-11-01
BA14,1927,2164,4091,16821,14979,31800,2013-11-01
BA15,416,529,945,4992,4946,9938,2013-11-01
BA16,555,626,1181,4404,3938,8342,2013-11-01
BA20,419,504,923,4057,3402,7459,2013-11-01
BA21,1495,1974,3469,11413,9403,20816,2013-11-01
BA22,480,523,1003,7134,6524,13658,2013-11-01
BB1,3897,5052,8949,20027,14115,34142,2013-11-01
BB2,3271,4164,7435,18375,14206,32581,2013-11-01
BB3,1649,2170,3819,11212,9173,20385,2013-11-01
BB4,1690,2254,3944,14557,12560,27117,2013-11-01
BB5,3258,4054,7312,19300,15067,34367,2013-11-01
BB6,581,725,1306,5303,4569,9872,2013-11-01
BB7,976,1166,2142,11909,11008,22917,2013-11-01
BB8,1024,1323,2347,7774,6612,14386,2013-11-01
BB9,2389,3027,5416,13758,10253,24011,2013-11-01
BB10,1902,2504,4406,12230,9392,21622,2013-11-01
BB11,1403,1773,3176,6693,5105,11798,2013-11-01
BB12,1584,1966,3550,12007,9944,21951,2013-11-01
BB18,625,855,1480,5965,5109,11074,2013-11-01
BD1,416,262,678,701,252,953,2013-11-01
BD2,1632,2190,3822,9135,7047,16182,2013-11-01
BD3,3131,3493,6624,7173,3616,10789,2013-11-01
BD4,2080,2829,4909,7689,5377,13066,2013-11-01
BD5,2660,3079,5739,6490,3366,9856,2013-11-01
BD6,1630,2301,3931,8791,6844,15635,2013-11-01
BD7,3106,3177,6283,8605,4984,13589,2013-11-01
BD8,2660,3024,5684,7218,3952,11170,2013-11-01
BD9,1899,2472,4371,7322,4963,12285,2013-11-01
BD10,1273,1574,2847,8132,6853,14985,2013-11-01
BD11,360,530,890,3914,3521,7435,2013-11-01
BD12,831,1109,1940,5623,4543,10166,2013-11-01
BD13,1027,1376,2403,8792,7633,16425,2013-11-01
BD14,381,514,895,2660,2258,4918,2013-11-01
BD15,741,1037,1778,5053,4079,9132,2013-11-01
BD16,930,1124,2054,9286,8362,17648,2013-11-01
BD17,642,785,1427,6565,5841,12406,2013-11-01
BD18,1535,1975,3510,8248,6626,14874,2013-11-01
BD19,865,1067,1932,7551,6529,14080,2013-11-01
BD20,1100,1533,2633,13236,11782,25018,2013-11-01
BD21,1657,2252,3909,7021,4606,11627,2013-11-01
BD22,1248,1717,2965,10136,8565,18701,2013-11-01
BD23,918,1197,2115,11139,10358,21497,2013-11-01
BD24,176,209,385,1966,1787,3753,2013-11-01
BD99,0,0,0,0,1,1,2013-11-01
BH1,1560,1509,3069,5994,4022,10016,2013-11-01
BH2,642,559,1201,2854,1958,4812,2013-11-01
BH3,260,269,529,2080,1788,3868,2013-11-01
BH4,415,411,826,3618,3022,6640,2013-11-01
BH5,599,620,1219,3482,2761,6243,2013-11-01
BH6,880,1043,1923,8259,7665,15924,2013-11-01
BH7,582,647,1229,4191,3708,7899,2013-11-01
BH8,1672,1700,3372,9155,7647,16802,2013-11-01
BH9,1459,1599,3058,9747,8810,18557,2013-11-01
BH10,776,901,1677,7301,6504,13805,2013-11-01
BH11,938,1261,2199,6895,6050,12945,2013-11-01
BH12,1750,2015,3765,12156,10403,22559,2013-11-01
BH13,139,185,324,3295,3139,6434,2013-11-01
BH14,883,843,1726,9021,8364,17385,2013-11-01
BH15,1454,1654,3108,11746,10165,21911,2013-11-01
BH16,584,751,1335,5841,5359,11200,2013-11-01
BH17,931,1144,2075,8254,7671,15925,2013-11-01
BH18,246,248,494,4975,4749,9724,2013-11-01
BH19,397,579,976,4290,3840,8130,2013-11-01
BH20,945,849,1794,8189,7097,15286,2013-11-01
BH21,1016,1193,2209,16413,15961,32374,2013-11-01
BH22,601,740,1341,11003,10423,21426,2013-11-01
BH23,1705,1886,3591,20215,19216,39431,2013-11-01
BH24,659,681,1340,9660,9229,18889,2013-11-01
BH25,802,904,1706,9592,9155,18747,2013-11-01
BH31,304,317,621,5260,5208,10468,2013-11-01
BL0,541,740,1281,6544,5994,12538,2013-11-01
BL1,3412,3955,7367,19685,15311,34996,2013-11-01
BL2,2371,2978,5349,14828,12268,27096,2013-11-01
BL3,4123,4933,9056,19142,13499,32641,2013-11-01
BL4,1885,2541,4426,10199,7567,17766,2013-11-01
BL5,999,1197,2196,9939,8926,18865,2013-11-01
BL6,1136,1371,2507,10852,9597,20449,2013-11-01
BL7,403,462,865,6111,5868,11979,2013-11-01
BL8,1271,1573,2844,13449,12020,25469,2013-11-01
BL9,2682,3321,6003,15772,12355,28127,2013-11-01
BN1,5564,5448,11012,25180,20921,46101,2013-11-01
BN2,6253,6898,13151,27085,21029,48114,2013-11-01
BN3,4937,5235,10172,26846,22464,49310,2013-11-01
BN5,184,237,421,2873,2860,5733,2013-11-01
BN6,569,544,1113,6582,6566,13148,2013-11-01
BN7,1037,1274,2311,6873,6506,13379,2013-11-01
BN8,507,580,1087,6302,6079,12381,2013-11-01
BN9,680,921,1601,4432,3733,8165,2013-11-01
BN10,797,1009,1806,6669,5674,12343,2013-11-01
BN11,1769,1978,3747,10315,8689,19004,2013-11-01
BN12,773,843,1616,7759,7379,15138,2013-11-01
BN13,1082,1254,2336,10041,9378,19419,2013-11-01
BN14,1248,1472,2720,11093,10181,21274,2013-11-01
BN15,1163,1499,2662,9926,8499,18425,2013-11-01
BN16,808,901,1709,10693,10398,21091,2013-11-01
BN17,1423,1792,3215,9949,8346,18295,2013-11-01
BN18,505,514,1019,5077,4828,9905,2013-11-01
BN20,712,896,1608,7479,7311,14790,2013-11-01
BN21,1378,1409,2787,7698,6416,14114,2013-11-01
BN22,1701,2213,3914,10356,8925,19281,2013-11-01
BN23,1155,1606,2761,9664,8575,18239,2013-11-01
BN24,235,272,507,3549,3284,6833,2013-11-01
BN25,806,1143,1949,8827,8097,16924,2013-11-01
BN26,317,405,722,4221,3918,8139,2013-11-01
BN27,970,1233,2203,9912,9147,19059,2013-11-01
BN41,1239,1579,2818,6656,5861,12517,2013-11-01
BN42,516,575,1091,3641,3166,6807,2013-11-01
BN43,1038,1162,2200,8112,7429,15541,2013-11-01
BN44,286,358,644,4051,3903,7954,2013-11-01
BN45,21,17,38,245,214,459,2013-11-01
BR1,3546,4515,8061,18722,16555,35277,2013-11-01
BR2,2059,2327,4386,16626,15421,32047,2013-11-01
BR3,2315,2657,4972,17588,16281,33869,2013-11-01
BR4,850,806,1656,7418,7044,14462,2013-11-01
BR5,2534,3244,5778,15102,13520,28622,2013-11-01
BR6,1912,2129,4041,17784,16741,34525,2013-11-01
BR7,581,784,1365,6844,6563,13407,2013-11-01
BR8,955,1335,2290,8190,7035,15225,2013-11-01
BS1,663,594,1257,2710,1410,4120,2013-11-01
BS2,1544,1589,3133,3674,2374,6048,2013-11-01
BS3,1970,2312,4282,11676,9455,21131,2013-11-01
BS4,2741,3462,6203,15409,12279,27688,2013-11-01
BS5,4363,4664,9027,15436,11104,26540,2013-11-01
BS6,1695,1843,3538,10113,9013,19126,2013-11-01
BS7,2343,2519,4862,12663,10443,23106,2013-11-01
BS8,1154,1187,2341,8205,6843,15048,2013-11-01
BS9,1128,1175,2303,12047,11107,23154,2013-11-01
BS10,1655,2186,3841,8681,7094,15775,2013-11-01
BS11,1088,1400,2488,5526,4247,9773,2013-11-01
BS12,16,11,27,85,31,116,2013-11-01
BS13,1740,2363,4103,8762,6686,15448,2013-11-01
BS14,1146,1437,2583,10527,9000,19527,2013-11-01
BS15,1804,2246,4050,16856,14506,31362,2013-11-01
BS16,3121,3494,6615,25534,22103,47637,2013-11-01
BS17,9,15,24,75,50,125,2013-11-01
BS18,11,10,21,87,51,138,2013-11-01
BS19,3,8,11,59,45,104,2013-11-01
BS20,856,991,1847,11864,10908,22772,2013-11-01
BS21,739,938,1677,9008,8395,17403,2013-11-01
BS22,1203,1750,2953,14050,12333,26383,2013-11-01
BS23,1835,2197,4032,10988,8522,19510,2013-11-01
BS24,542,757,1299,6974,6475,13449,2013-11-01
BS25,166,172,338,2584,2448,5032,2013-11-01
BS26,152,137,289,2023,1973,3996,2013-11-01
BS27,191,202,393,2785,2630,5415,2013-11-01
BS28,78,76,154,1403,1360,2763,2013-11-01
BS29,83,94,177,1093,940,2033,2013-11-01
BS30,862,1035,1897,11365,10667,22032,2013-11-01
BS31,729,832,1561,7507,6818,14325,2013-11-01
BS32,781,920,1701,8900,8153,17053,2013-11-01
BS34,1394,1625,3019,10639,8995,19634,2013-11-01
BS35,682,837,1519,8887,8133,17020,2013-11-01
BS36,442,472,914,6348,5904,12252,2013-11-01
BS37,1323,1704,3027,14375,12691,27066,2013-11-01
BS39,380,463,843,6079,5610,11689,2013-11-01
BS40,268,340,608,5332,5142,10474,2013-11-01
BS41,153,187,340,2344,2203,4547,2013-11-01
BS48,728,836,1564,9382,8821,18203,2013-11-01
BS49,398,416,814,4536,4360,8896,2013-11-01
BS99,1,0,1,2,1,3,2013-11-01
BT4,0,0,0,1,0,1,2013-11-01
BT8,0,0,0,0,1,1,2013-11-01
BT9,0,1,1,1,0,1,2013-11-01
BT14,0,0,0,1,0,1,2013-11-01
BT15,0,0,0,0,2,2,2013-11-01
BT16,0,0,0,1,0,1,2013-11-01
BT17,0,0,0,0,1,1,2013-11-01
BT18,0,0,0,1,0,1,2013-11-01
BT19,0,0,0,9,3,12,2013-11-01
BT20,0,0,0,1,3,4,2013-11-01
BT21,0,0,0,0,1,1,2013-11-01
BT22,0,0,0,1,1,2,2013-11-01
BT23,0,2,2,2,1,3,2013-11-01
BT24,0,0,0,0,4,4,2013-11-01
BT25,0,0,0,1,3,4,2013-11-01
BT26,0,0,0,1,0,1,2013-11-01
BT27,0,1,1,1,1,2,2013-11-01
BT28,0,0,0,3,4,7,2013-11-01
BT29,0,0,0,1,3,4,2013-11-01
BT30,0,0,0,1,0,1,2013-11-01
BT32,0,0,0,3,1,4,2013-11-01
BT33,0,0,0,3,1,4,2013-11-01
BT34,0,0,0,4,3,7,2013-11-01
BT35,0,2,2,3,1,4,2013-11-01
BT36,1,0,1,2,2,4,2013-11-01
BT37,0,0,0,2,1,3,2013-11-01
BT38,0,1,1,2,4,6,2013-11-01
BT39,0,0,0,1,2,3,2013-11-01
BT40,0,1,1,3,3,6,2013-11-01
BT41,0,0,0,2,2,4,2013-11-01
BT42,0,0,0,2,2,4,2013-11-01
BT43,0,0,0,0,1,1,2013-11-01
BT44,0,0,0,0,1,1,2013-11-01
BT45,0,1,1,1,3,4,2013-11-01
BT47,0,1,1,2,0,2,2013-11-01
BT48,0,0,0,1,1,2,2013-11-01
BT49,0,1,1,0,1,1,2013-11-01
BT51,0,0,0,1,2,3,2013-11-01
BT52,0,0,0,0,1,1,2013-11-01
BT53,0,0,0,1,1,2,2013-11-01
BT54,0,0,0,2,3,5,2013-11-01
BT55,0,1,1,1,1,2,2013-11-01
BT60,0,0,0,1,2,3,2013-11-01
BT62,0,0,0,0,1,1,2013-11-01
BT63,0,0,0,1,0,1,2013-11-01
BT65,0,0,0,1,1,2,2013-11-01
BT66,0,0,0,1,3,4,2013-11-01
BT67,0,0,0,1,0,1,2013-11-01
BT70,0,0,0,0,1,1,2013-11-01
BT71,1,0,1,1,3,4,2013-11-01
BT74,0,1,1,0,3,3,2013-11-01
BT78,0,0,0,0,1,1,2013-11-01
BT79,0,0,0,1,0,1,2013-11-01
BT81,0,0,0,0,1,1,2013-11-01
BT82,0,0,0,0,2,2,2013-11-01
BT93,0,0,0,0,1,1,2013-11-01
CA1,1232,1649,2881,7129,5545,12674,2013-11-01
CA2,1778,2482,4260,12377,9653,22030,2013-11-01
CA3,454,568,1022,5120,4544,9664,2013-11-01
CA4,194,259,453,3832,3650,7482,2013-11-01
CA5,179,184,363,2833,2634,5467,2013-11-01
CA6,234,320,554,3648,3127,6775,2013-11-01
CA7,678,933,1611,8619,7706,16325,2013-11-01
CA8,275,422,697,4011,3531,7542,2013-11-01
CA9,78,112,190,880,728,1608,2013-11-01
CA10,320,425,745,5666,5184,10850,2013-11-01
CA11,704,925,1629,7950,6959,14909,2013-11-01
CA12,262,345,607,3038,2693,5731,2013-11-01
CA13,449,603,1052,5804,5261,11065,2013-11-01
CA14,1440,2096,3536,12172,9629,21801,2013-11-01
CA15,687,948,1635,5384,4234,9618,2013-11-01
CA16,121,197,318,2440,2204,4644,2013-11-01
CA17,111,165,276,1913,1640,3553,2013-11-01
CA18,7,11,18,126,119,245,2013-11-01
CA19,30,31,61,477,417,894,2013-11-01
CA20,78,103,181,1373,1201,2574,2013-11-01
CA21,24,18,42,348,291,639,2013-11-01
CA22,413,569,982,3199,2582,5781,2013-11-01
CA23,46,87,133,565,441,1006,2013-11-01
CA24,35,57,92,386,327,713,2013-11-01
CA25,315,381,696,1908,1477,3385,2013-11-01
CA26,161,205,366,1304,1050,2354,2013-11-01
CA27,57,67,124,650,570,1220,2013-11-01
CA28,1333,1729,3062,9445,7373,16818,2013-11-01
CB1,3085,3340,6425,16985,14535,31520,2013-11-01
CB2,1203,1280,2483,7716,6738,14454,2013-11-01
CB3,1026,1261,2287,8516,7950,16466,2013-11-01
CB4,3211,3668,6879,18409,15375,33784,2013-11-01
CB5,934,1117,2051,6047,5126,11173,2013-11-01
CB6,1089,1444,2533,13759,12345,26104,2013-11-01
CB7,836,1050,1886,9573,8445,18018,2013-11-01
CB8,1322,1530,2852,11639,10495,22134,2013-11-01
CB9,1375,1956,3331,10817,8927,19744,2013-11-01
CB10,437,549,986,5260,4904,10164,2013-11-01
CB11,585,708,1293,6828,6268,13096,2013-11-01
CB21,271,316,587,3793,3470,7263,2013-11-01
CB22,481,504,985,5712,5049,10761,2013-11-01
CB23,689,737,1426,7709,7105,14814,2013-11-01
CB24,663,687,1350,7846,6992,14838,2013-11-01
CB25,306,345,651,4117,3621,7738,2013-11-01
CF1,58,47,105,103,35,138,2013-11-01
CF2,35,27,62,101,54,155,2013-11-01
CF3,2366,3100,5466,12729,11043,23772,2013-11-01
CF4,32,20,52,140,82,222,2013-11-01
CF5,3462,4297,7759,20036,17501,37537,2013-11-01
CF6,74,64,138,99,46,145,2013-11-01
CF7,10,5,15,48,36,84,2013-11-01
CF8,24,29,53,112,73,185,2013-11-01
CF10,1040,867,1907,3425,2115,5540,2013-11-01
CF11,2833,2674,5507,9880,6972,16852,2013-11-01
CF14,2782,3292,6074,25625,23648,49273,2013-11-01
CF15,500,641,1141,6874,6614,13488,2013-11-01
CF23,2052,2687,4739,15403,14302,29705,2013-11-01
CF24,4258,3744,8002,11006,7512,18518,2013-11-01
CF31,1619,2250,3869,15503,13671,29174,2013-11-01
CF32,1271,1750,3021,10189,8210,18399,2013-11-01
CF33,655,963,1618,4817,3898,8715,2013-11-01
CF34,935,1310,2245,6654,5022,11676,2013-11-01
CF35,416,544,960,5677,5088,10765,2013-11-01
CF36,467,633,1100,6038,5416,11454,2013-11-01
CF37,1957,2276,4233,11678,9013,20691,2013-11-01
CF38,692,1048,1740,8294,7470,15764,2013-11-01
CF39,1336,1986,3322,9074,7109,16183,2013-11-01
CF40,972,1398,2370,6360,4672,11032,2013-11-01
CF41,450,696,1146,3463,2549,6012,2013-11-01
CF42,607,883,1490,4122,3058,7180,2013-11-01
CF43,622,970,1592,3549,2419,5968,2013-11-01
CF44,1778,2700,4478,12868,9863,22731,2013-11-01
CF45,1065,1517,2582,5920,4319,10239,2013-11-01
CF46,572,885,1457,4895,4017,8912,2013-11-01
CF47,1221,1702,2923,6403,4595,10998,2013-11-01
CF48,1282,1882,3164,8545,6661,15206,2013-11-01
CF61,448,539,987,3721,3362,7083,2013-11-01
CF62,1761,2235,3996,13629,12312,25941,2013-11-01
CF63,1243,1571,2814,6273,5306,11579,2013-11-01
CF64,1376,1669,3045,13134,12330,25464,2013-11-01
CF71,202,207,409,3808,3601,7409,2013-11-01
CF72,766,1033,1799,9231,8534,17765,2013-11-01
CF81,915,1339,2254,4920,3428,8348,2013-11-01
CF82,817,1215,2032,6541,5295,11836,2013-11-01
CF83,2443,3299,5742,17394,14592,31986,2013-11-01
CH1,1804,2185,3989,9033,6946,15979,2013-11-01
CH2,1389,1808,3197,12399,10683,23082,2013-11-01
CH3,1111,1237,2348,12850,12001,24851,2013-11-01
CH4,1413,1825,3238,11613,10382,21995,2013-11-01
CH5,1937,2503,4440,14526,12129,26655,2013-11-01
CH6,830,1182,2012,5399,4350,9749,2013-11-01
CH7,1627,2183,3810,18527,16708,35235,2013-11-01
CH8,921,1227,2148,7529,6363,13892,2013-11-01
CH41,1505,1745,3250,4155,2871,7026,2013-11-01
CH42,2267,2684,4951,8131,6411,14542,2013-11-01
CH43,1929,2267,4196,12423,10667,23090,2013-11-01
CH44,2050,2519,4569,8110,6110,14220,2013-11-01
CH45,1577,1841,3418,10305,9014,19319,2013-11-01
CH46,1386,1750,3136,8196,6849,15045,2013-11-01
CH47,401,486,887,4065,3914,7979,2013-11-01
CH48,568,577,1145,5703,5512,11215,2013-11-01
CH49,1331,1734,3065,9783,8817,18600,2013-11-01
CH60,303,319,622,5297,5200,10497,2013-11-01
CH61,537,679,1216,6531,6312,12843,2013-11-01
CH62,1439,1751,3190,9620,8264,17884,2013-11-01
CH63,1152,1364,2516,10969,10286,21255,2013-11-01
CH64,543,676,1219,7519,6917,14436,2013-11-01
CH65,1667,2165,3832,8194,6547,14741,2013-11-01
CH66,1432,1807,3239,12748,11302,24050,2013-11-01
CM0,537,734,1271,6385,5611,11996,2013-11-01
CM1,2775,3261,6036,22244,19457,41701,2013-11-01
CM2,2381,2868,5249,21724,19397,41121,2013-11-01
CM3,1628,2050,3678,21880,20209,42089,2013-11-01
CM4,312,378,690,4185,4004,8189,2013-11-01
CM5,345,381,726,4314,3990,8304,2013-11-01
CM6,658,771,1429,10041,9283,19324,2013-11-01
CM7,2066,2636,4702,17233,14579,31812,2013-11-01
CM8,1432,1975,3407,11372,9701,21073,2013-11-01
CM9,1140,1485,2625,12955,11584,24539,2013-11-01
CM11,701,776,1477,7758,7154,14912,2013-11-01
CM12,682,730,1412,8033,7440,15473,2013-11-01
CM13,881,1024,1905,9659,8901,18560,2013-11-01
CM14,830,1011,1841,7321,6555,13876,2013-11-01
CM15,792,929,1721,9333,8765,18098,2013-11-01
CM16,715,841,1556,8875,8090,16965,2013-11-01
CM17,756,1006,1762,7693,6997,14690,2013-11-01
CM18,1533,2093,3626,8175,6343,14518,2013-11-01
CM19,1235,1523,2758,7324,5783,13107,2013-11-01
CM20,1600,1917,3517,6823,5062,11885,2013-11-01
CM21,315,397,712,4483,4001,8484,2013-11-01
CM22,409,453,862,5635,5230,10865,2013-11-01
CM23,1528,1770,3298,15095,13825,28920,2013-11-01
CM24,233,246,479,2775,2469,5244,2013-11-01
CM77,457,513,970,5762,5467,11229,2013-11-01
CO1,1015,1144,2159,4580,3588,8168,2013-11-01
CO2,1863,2468,4331,11339,9014,20353,2013-11-01
CO3,1232,1405,2637,10616,9695,20311,2013-11-01
CO4,2496,3130,5626,15256,12569,27825,2013-11-01
CO5,817,1058,1875,11260,10236,21496,2013-11-01
CO6,770,962,1732,11197,10502,21699,2013-11-01
CO7,1117,1286,2403,12948,11704,24652,2013-11-01
CO8,53,74,127,924,866,1790,2013-11-01
CO9,816,1035,1851,9508,8503,18011,2013-11-01
CO10,1684,2172,3856,17370,15285,32655,2013-11-01
CO11,430,517,947,4990,4517,9507,2013-11-01
CO12,957,1283,2240,7679,6105,13784,2013-11-01
CO13,337,439,776,4664,4258,8922,2013-11-01
CO14,258,331,589,2268,1843,4111,2013-11-01
CO15,1997,2452,4449,14727,11715,26442,2013-11-01
CO16,914,1171,2085,8878,7503,16381,2013-11-01
CR0,14822,16363,31185,46775,36073,82848,2013-11-01
CR2,2639,3004,5643,17472,15716,33188,2013-11-01
CR3,1140,1355,2495,10606,9946,20552,2013-11-01
CR4,7629,7522,15151,18634,12593,31227,2013-11-01
CR5,1256,1534,2790,10729,9959,20688,2013-11-01
CR6,318,356,674,3904,3682,7586,2013-11-01
CR7,6370,6058,12428,13354,9713,23067,2013-11-01
CR8,1610,1780,3390,12117,11112,23229,2013-11-01
CR9,56,42,98,63,24,87,2013-11-01
CT1,1782,2006,3788,7493,6001,13494,2013-11-01
CT2,1542,1774,3316,8424,7112,15536,2013-11-01
CT3,686,903,1589,6347,5707,12054,2013-11-01
CT4,508,625,1133,6738,6422,13160,2013-11-01
CT5,1270,1496,2766,12074,11180,23254,2013-11-01
CT6,1418,1727,3145,13756,12228,25984,2013-11-01
CT7,338,474,812,4476,3866,8342,2013-11-01
CT8,394,440,834,2367,2111,4478,2013-11-01
CT9,2704,3116,5820,12739,10275,23014,2013-11-01
CT10,1139,1313,2452,8770,8027,16797,2013-11-01
CT11,1829,2100,3929,9014,7330,16344,2013-11-01
CT12,971,1236,2207,5951,4853,10804,2013-11-01
CT13,365,413,778,3153,2879,6032,2013-11-01
CT14,1507,1906,3413,12196,10446,22642,2013-11-01
CT15,413,599,1012,5186,4629,9815,2013-11-01
CT16,1158,1304,2462,6393,4973,11366,2013-11-01
CT17,1220,1482,2702,6413,4938,11351,2013-11-01
CT18,404,493,897,5488,5049,10537,2013-11-01
CT19,1656,1977,3633,8831,7182,16013,2013-11-01
CT20,1310,1418,2728,7145,5342,12487,2013-11-01
CT21,543,681,1224,6461,5943,12404,2013-11-01
CV1,3570,2918,6488,6343,2742,9085,2013-11-01
CV2,4756,6114,10870,18903,13730,32633,2013-11-01
CV3,3810,4788,8598,21622,17224,38846,2013-11-01
CV4,1985,2343,4328,9367,7231,16598,2013-11-01
CV5,2165,2485,4650,16997,14315,31312,2013-11-01
CV6,6266,7969,14235,25892,18661,44553,2013-11-01
CV7,1022,1326,2348,10734,9428,20162,2013-11-01
CV8,991,1141,2132,12318,11437,23755,2013-11-01
CV9,792,1048,1840,7804,6524,14328,2013-11-01
CV10,2357,3211,5568,16988,13808,30796,2013-11-01
CV11,1788,2153,3941,14006,11460,25466,2013-11-01
CV12,1327,1925,3252,10876,8847,19723,2013-11-01
CV13,233,327,560,4370,3995,8365,2013-11-01
CV21,1998,2508,4506,11882,9011,20893,2013-11-01
CV22,1352,1613,2965,12911,11219,24130,2013-11-01
CV23,586,733,1319,8663,7826,16489,2013-11-01
CV31,1652,2007,3659,9563,7607,17170,2013-11-01
CV32,1305,1590,2895,11522,10079,21601,2013-11-01
CV33,186,235,421,2658,2463,5121,2013-11-01
CV34,1235,1494,2729,11124,9853,20977,2013-11-01
CV35,629,786,1415,10012,9737,19749,2013-11-01
CV36,251,324,575,3831,3585,7416,2013-11-01
CV37,1459,1756,3215,15451,14383,29834,2013-11-01
CV47,529,697,1226,6639,6038,12677,2013-11-01
CW1,2138,2605,4743,12981,10596,23577,2013-11-01
CW2,1812,2113,3925,13869,11888,25757,2013-11-01
CW3,260,309,569,3694,3430,7124,2013-11-01
CW4,234,227,461,3913,3765,7678,2013-11-01
CW5,829,994,1823,11029,10277,21306,2013-11-01
CW6,254,339,593,5138,5034,10172,2013-11-01
CW7,1559,2117,3676,10732,8941,19673,2013-11-01
CW8,1095,1321,2416,13783,12665,26448,2013-11-01
CW9,1100,1327,2427,12396,10936,23332,2013-11-01
CW10,407,512,919,5613,5175,10788,2013-11-01
CW11,656,835,1491,8713,8058,16771,2013-11-01
CW12,859,1032,1891,11359,10322,21681,2013-11-01
DA1,3083,3783,6866,17847,14359,32206,2013-11-01
DA2,851,1174,2025,7933,7086,15019,2013-11-01
DA3,546,622,1168,6940,6491,13431,2013-11-01
DA4,304,345,649,3678,3397,7075,2013-11-01
DA5,761,847,1608,7957,7310,15267,2013-11-01
DA6,472,594,1066,3598,3122,6720,2013-11-01
DA7,1471,1835,3306,12765,11170,23935,2013-11-01
DA8,2491,3236,5727,10082,8086,18168,2013-11-01
DA9,529,638,1167,4392,3773,8165,2013-11-01
DA10,363,501,864,2091,1575,3666,2013-11-01
DA11,2211,2684,4895,12213,9410,21623,2013-11-01
DA12,2613,3216,5829,15615,12630,28245,2013-11-01
DA13,372,420,792,6015,5698,11713,2013-11-01
DA14,992,1278,2270,7286,6623,13909,2013-11-01
DA15,1160,1428,2588,10667,9453,20120,2013-11-01
DA16,1822,2381,4203,12521,10682,23203,2013-11-01
DA17,1211,1566,2777,5497,4327,9824,2013-11-01
DA18,623,790,1413,1240,824,2064,2013-11-01
DD1,936,802,1738,1925,1363,3288,2013-11-01
DD2,2482,3185,5667,12148,10075,22223,2013-11-01
DD3,2544,3015,5559,10688,8001,18689,2013-11-01
DD4,3022,3877,6899,12241,9284,21525,2013-11-01
DD5,959,1212,2171,12009,11156,23165,2013-11-01
DD6,384,529,913,3436,3227,6663,2013-11-01
DD7,423,657,1080,4571,4040,8611,2013-11-01
DD8,1000,1376,2376,10420,8990,19410,2013-11-01
DD9,475,678,1153,3996,3504,7500,2013-11-01
DD10,854,1133,1987,7740,6490,14230,2013-11-01
DD11,1245,1597,2842,9431,7786,17217,2013-11-01
DE1,1017,960,1977,3478,1975,5453,2013-11-01
DE2,18,9,27,37,13,50,2013-11-01
DE3,514,647,1161,6762,6012,12774,2013-11-01
DE4,1068,1444,2512,12885,11326,24211,2013-11-01
DE5,766,1089,1855,7820,6482,14302,2013-11-01
DE6,656,808,1464,9829,9058,18887,2013-11-01
DE7,2147,2972,5119,16640,13328,29968,2013-11-01
DE11,1720,2272,3992,14971,12684,27655,2013-11-01
DE12,644,823,1467,7786,6829,14615,2013-11-01
DE13,1277,1678,2955,14988,13377,28365,2013-11-01
DE14,1739,2235,3974,8728,6023,14751,2013-11-01
DE15,1144,1457,2601,7975,6495,14470,2013-11-01
DE21,2676,3793,6469,19280,15477,34757,2013-11-01
DE22,2167,2631,4798,14301,11695,25996,2013-11-01
DE23,4146,4732,8878,17121,12470,29591,2013-11-01
DE24,3407,4583,7990,16344,11974,28318,2013-11-01
DE45,224,263,487,3378,3179,6557,2013-11-01
DE55,1896,2584,4480,17355,14231,31586,2013-11-01
DE56,1220,1533,2753,14777,13179,27956,2013-11-01
DE65,649,759,1408,8436,7862,16298,2013-11-01
DE72,627,871,1498,7910,7285,15195,2013-11-01
DE73,557,738,1295,6935,6490,13425,2013-11-01
DE74,372,444,816,4228,3683,7911,2013-11-01
DE75,762,1026,1788,6137,5051,11188,2013-11-01
DG1,1040,1366,2406,9604,8491,18095,2013-11-01
DG2,1237,1590,2827,7700,6542,14242,2013-11-01
DG3,159,263,422,1757,1565,3322,2013-11-01
DG4,233,367,600,1458,1016,2474,2013-11-01
DG5,207,249,456,1941,1732,3673,2013-11-01
DG6,228,296,524,1900,1716,3616,2013-11-01
DG7,408,492,900,4633,4359,8992,2013-11-01
DG8,478,697,1175,4719,4088,8807,2013-11-01
DG9,755,1008,1763,5638,4720,10358,2013-11-01
DG10,168,187,355,1469,1284,2753,2013-11-01
DG11,466,642,1108,4952,4301,9253,2013-11-01
DG12,609,763,1372,4303,3559,7862,2013-11-01
DG13,129,145,274,1107,915,2022,2013-11-01
DG14,36,53,89,565,489,1054,2013-11-01
DG16,129,190,319,1421,1151,2572,2013-11-01
DH1,1778,2090,3868,13599,11618,25217,2013-11-01
DH2,1317,1901,3218,10361,8355,18716,2013-11-01
DH3,1116,1617,2733,8561,6835,15396,2013-11-01
DH4,1453,2016,3469,10935,8827,19762,2013-11-01
DH5,964,1387,2351,6163,4506,10669,2013-11-01
DH6,1408,2105,3513,11021,8547,19568,2013-11-01
DH7,1688,2543,4231,13772,11184,24956,2013-11-01
DH8,1582,2237,3819,12547,10229,22776,2013-11-01
DH9,1869,2585,4454,11199,8209,19408,2013-11-01
DL1,2549,3389,5938,14260,10544,24804,2013-11-01
DL2,399,468,867,6790,6418,13208,2013-11-01
DL3,1935,2539,4474,14772,12347,27119,2013-11-01
DL4,566,730,1296,2835,2048,4883,2013-11-01
DL5,1354,1990,3344,9761,7945,17706,2013-11-01
DL6,474,654,1128,5824,5256,11080,2013-11-01
DL7,330,514,844,5917,5516,11433,2013-11-01
DL8,428,561,989,7435,6844,14279,2013-11-01
DL9,1412,1222,2634,4857,3019,7876,2013-11-01
DL10,591,860,1451,7135,6397,13532,2013-11-01
DL11,83,137,220,2137,1977,4114,2013-11-01
DL12,360,442,802,4496,4039,8535,2013-11-01
DL13,429,580,1009,5285,4401,9686,2013-11-01
DL14,1572,2189,3761,12265,9911,22176,2013-11-01
DL15,835,1316,2151,7415,5839,13254,2013-11-01
DL16,817,1166,1983,6615,5246,11861,2013-11-01
DL17,809,1271,2080,5795,4292,10087,2013-11-01
DN1,807,782,1589,2086,917,3003,2013-11-01
DN2,1412,1929,3341,7316,5450,12766,2013-11-01
DN3,1023,1509,2532,10579,8752,19331,2013-11-01
DN4,2573,3356,5929,16710,13024,29734,2013-11-01
DN5,1738,2436,4174,13146,10852,23998,2013-11-01
DN6,1705,2283,3988,9527,7253,16780,2013-11-01
DN7,1053,1476,2529,7364,5728,13092,2013-11-01
DN8,904,1240,2144,5623,4122,9745,2013-11-01
DN9,538,694,1232,7718,7259,14977,2013-11-01
DN10,345,444,789,4885,4445,9330,2013-11-01
DN11,1246,1818,3064,9348,7564,16912,2013-11-01
DN12,1473,1909,3382,6716,4875,11591,2013-11-01
DN14,1757,2691,4448,16299,13075,29374,2013-11-01
DN15,1976,2420,4396,11445,8736,20181,2013-11-01
DN16,1471,1853,3324,9968,7919,17887,2013-11-01
DN17,1633,2110,3743,12814,10522,23336,2013-11-01
DN18,450,696,1146,4149,3317,7466,2013-11-01
DN19,195,233,428,2401,2121,4522,2013-11-01
DN20,569,810,1379,7280,6245,13525,2013-11-01
DN21,1482,2066,3548,12980,11039,24019,2013-11-01
DN22,1289,1722,3011,12660,10924,23584,2013-11-01
DN31,764,884,1648,2284,1419,3703,2013-11-01
DN32,2200,2499,4699,7592,5362,12954,2013-11-01
DN33,1125,1318,2443,5899,4865,10764,2013-11-01
DN34,1036,1418,2454,6216,4789,11005,2013-11-01
DN35,1836,2356,4192,10916,8483,19399,2013-11-01
DN36,569,713,1282,7750,6929,14679,2013-11-01
DN37,897,1106,2003,8000,6877,14877,2013-11-01
DN38,72,112,184,1126,981,2107,2013-11-01
DN39,81,114,195,1133,937,2070,2013-11-01
DN40,654,945,1599,4203,3165,7368,2013-11-01
DN41,150,225,375,2535,2336,4871,2013-11-01
DT1,774,900,1674,6558,5960,12518,2013-11-01
DT2,682,720,1402,10174,9881,20055,2013-11-01
DT3,807,1006,1813,8911,7984,16895,2013-11-01
DT4,1970,2316,4286,12558,10386,22944,2013-11-01
DT5,659,855,1514,4030,3320,7350,2013-11-01
DT6,688,851,1539,8347,7907,16254,2013-11-01
DT7,184,247,431,2092,2011,4103,2013-11-01
DT8,154,206,360,2378,2268,4646,2013-11-01
DT9,604,824,1428,7887,7535,15422,2013-11-01
DT10,311,329,640,4697,4403,9100,2013-11-01
DT11,1102,1243,2345,12042,10417,22459,2013-11-01
DY1,1759,2180,3939,9683,7298,16981,2013-11-01
DY2,2128,2725,4853,9969,6914,16883,2013-11-01
DY3,1179,1585,2764,11996,9893,21889,2013-11-01
DY4,2544,3410,5954,12177,8644,20821,2013-11-01
DY5,1993,2670,4663,13499,10473,23972,2013-11-01
DY6,746,1002,1748,10719,9439,20158,2013-11-01
DY7,196,235,431,3242,3062,6304,2013-11-01
DY8,1847,2346,4193,17895,15456,33351,2013-11-01
DY9,1194,1518,2712,10509,9110,19619,2013-11-01
DY10,1496,1883,3379,12542,10990,23532,2013-11-01
DY11,1241,1661,2902,10736,9041,19777,2013-11-01
DY12,348,424,772,5043,4449,9492,2013-11-01
DY13,759,988,1747,8533,7426,15959,2013-11-01
DY14,205,223,428,3384,3058,6442,2013-11-01
E1,10941,7267,18208,14751,7044,21795,2013-11-01
E1,942,1011,1953,4100,2669,6769,2013-11-01
E2,5301,4855,10156,10088,5783,15871,2013-11-01
E3,6147,5448,11595,11748,6976,18724,2013-11-01
E4,3871,4511,8382,20897,17370,38267,2013-11-01
E5,6783,6855,13638,10707,6834,17541,2013-11-01
E6,15682,11158,26840,20349,10425,30774,2013-11-01
E7,12167,7783,19950,13940,7236,21176,2013-11-01
E8,5060,5443,10503,8994,6171,15165,2013-11-01
E9,5184,5711,10895,8398,5600,13998,2013-11-01
E10,7347,5931,13278,12658,6945,19603,2013-11-01
E11,6325,5988,12313,17008,12287,29295,2013-11-01
E12,9122,5919,15041,10680,5714,16394,2013-11-01
E13,9266,6758,16024,11007,5761,16768,2013-11-01
E14,8394,8257,16651,20867,11825,32692,2013-11-01
E15,8540,7206,15746,12667,6833,19500,2013-11-01
E16,5991,6416,12407,11073,6523,17596,2013-11-01
E17,14061,12526,26587,29886,19349,49235,2013-11-01
E18,1203,1286,2489,6715,5892,12607,2013-11-01
E98,0,0,0,1,0,1,2013-11-01
EC1,61,49,110,297,159,456,2013-11-01
EC1,89,89,178,441,264,705,2013-11-01
EC1,286,292,578,661,328,989,2013-11-01
EC1,1,2,3,4,0,4,2013-11-01
EC1,492,548,1040,1403,908,2311,2013-11-01
EC1,1361,1260,2621,3068,1814,4882,2013-11-01
EC1,328,341,669,965,519,1484,2013-11-01
EC2,114,66,180,525,224,749,2013-11-01
EC2,14,5,19,188,34,222,2013-11-01
EC2,5,3,8,30,5,35,2013-11-01
EC2,0,1,1,12,2,14,2013-11-01
EC2,2,1,3,41,11,52,2013-11-01
EC2,4,6,10,116,32,148,2013-11-01
EC2,156,137,293,1334,937,2271,2013-11-01
EC3,10,2,12,63,10,73,2013-11-01
EC3,7,4,11,21,10,31,2013-11-01
EC3,18,16,34,129,60,189,2013-11-01
EC3,1,0,1,3,4,7,2013-11-01
EC3,5,3,8,49,20,69,2013-11-01
EC3,5,2,7,51,14,65,2013-11-01
EC4,47,13,60,138,76,214,2013-11-01
EC4,9,10,19,151,53,204,2013-11-01
EC4,5,3,8,55,15,70,2013-11-01
EC4,0,0,0,15,6,21,2013-11-01
EC4,5,5,10,52,17,69,2013-11-01
EC4,22,19,41,181,82,263,2013-11-01
EC4,10,10,20,127,63,190,2013-11-01
EH1,478,439,917,1384,926,2310,2013-11-01
EH2,72,60,132,280,196,476,2013-11-01
EH3,1587,1633,3220,6938,5912,12850,2013-11-01
EH4,3325,3849,7174,17070,14978,32048,2013-11-01
EH5,1285,1553,2838,5613,4578,10191,2013-11-01
EH6,2774,2919,5693,10812,8605,19417,2013-11-01
EH7,2362,2580,4942,9341,7277,16618,2013-11-01
EH8,1588,1674,3262,5708,4494,10202,2013-11-01
EH9,1129,1282,2411,6280,5750,12030,2013-11-01
EH10,1685,1740,3425,12739,11146,23885,2013-11-01
EH11,3087,3399,6486,9713,6936,16649,2013-11-01
EH12,1671,2211,3882,13444,12315,25759,2013-11-01
EH13,822,996,1818,4729,4275,9004,2013-11-01
EH14,2397,2725,5122,12733,10637,23370,2013-11-01
EH15,1237,1457,2694,6583,5683,12266,2013-11-01
EH16,2104,2398,4502,7997,6452,14449,2013-11-01
EH17,1216,1711,2927,5439,4209,9648,2013-11-01
EH18,102,140,242,834,776,1610,2013-11-01
EH19,587,803,1390,4465,3920,8385,2013-11-01
EH20,308,477,785,2196,1654,3850,2013-11-01
EH21,1380,1783,3163,7408,6260,13668,2013-11-01
EH22,1637,2225,3862,9479,7745,17224,2013-11-01
EH23,410,592,1002,2439,1951,4390,2013-11-01
EH24,69,108,177,555,487,1042,2013-11-01
EH25,144,174,318,1081,919,2000,2013-11-01
EH26,875,1150,2025,6000,5122,11122,2013-11-01
EH27,139,145,284,998,974,1972,2013-11-01
EH28,152,181,333,1057,907,1964,2013-11-01
EH29,159,218,377,1256,1122,2378,2013-11-01
EH30,447,663,1110,3367,2990,6357,2013-11-01
EH31,73,97,170,993,938,1931,2013-11-01
EH32,873,1157,2030,6624,5576,12200,2013-11-01
EH33,589,803,1392,4486,3773,8259,2013-11-01
EH34,75,87,162,1029,945,1974,2013-11-01
EH35,96,150,246,770,617,1387,2013-11-01
EH36,13,10,23,153,153,306,2013-11-01
EH37,49,85,134,611,559,1170,2013-11-01
EH38,12,16,28,170,170,340,2013-11-01
EH39,342,447,789,3275,3072,6347,2013-11-01
EH40,55,74,129,819,775,1594,2013-11-01
EH41,484,605,1089,4368,3830,8198,2013-11-01
EH42,396,538,934,3628,3161,6789,2013-11-01
EH43,34,61,95,278,232,510,2013-11-01
EH44,94,157,251,1238,1121,2359,2013-11-01
EH45,403,530,933,3836,3594,7430,2013-11-01
EH46,115,126,241,1368,1343,2711,2013-11-01
EH47,1329,1977,3306,8657,6607,15264,2013-11-01
EH48,1500,2147,3647,12026,9980,22006,2013-11-01
EH49,632,863,1495,6146,5521,11667,2013-11-01
EH51,668,926,1594,4985,4143,9128,2013-11-01
EH52,870,1258,2128,6527,5300,11827,2013-11-01
EH53,446,613,1059,3660,3168,6828,2013-11-01
EH54,3279,4593,7872,17761,14535,32296,2013-11-01
EH55,390,525,915,2834,2307,5141,2013-11-01
EN1,2957,3727,6684,14673,12456,27129,2013-11-01
EN2,1391,1869,3260,10469,9284,19753,2013-11-01
EN3,5159,6582,11741,16582,12150,28732,2013-11-01
EN4,1291,1587,2878,9465,8572,18037,2013-11-01
EN5,2155,2748,4903,13494,12129,25623,2013-11-01
EN6,1131,1241,2372,11183,10473,21656,2013-11-01
EN7,756,945,1701,8436,7798,16234,2013-11-01
EN8,1833,2312,4145,12342,10199,22541,2013-11-01
EN9,993,1153,2146,9239,7889,17128,2013-11-01
EN10,621,735,1356,6509,6108,12617,2013-11-01
EN11,850,1009,1859,8202,7149,15351,2013-11-01
EX1,1032,1226,2258,6336,5488,11824,2013-11-01
EX2,1860,2255,4115,13868,12273,26141,2013-11-01
EX3,146,136,282,1872,1838,3710,2013-11-01
EX4,2720,3218,5938,15738,13084,28822,2013-11-01
EX5,476,616,1092,7594,7295,14889,2013-11-01
EX6,339,409,748,5796,5369,11165,2013-11-01
EX7,476,626,1102,4448,3968,8416,2013-11-01
EX8,1561,1992,3553,13228,11914,25142,2013-11-01
EX9,146,210,356,2560,2599,5159,2013-11-01
EX10,472,603,1075,6384,6211,12595,2013-11-01
EX11,237,254,491,3156,3096,6252,2013-11-01
EX12,260,388,648,3573,3222,6795,2013-11-01
EX13,349,462,811,4568,4293,8861,2013-11-01
EX14,607,834,1441,8110,7430,15540,2013-11-01
EX15,611,765,1376,8062,7352,15414,2013-11-01
EX16,1112,1372,2484,11707,10405,22112,2013-11-01
EX17,609,797,1406,7482,6779,14261,2013-11-01
EX18,105,96,201,1255,1191,2446,2013-11-01
EX19,65,80,145,1520,1412,2932,2013-11-01
EX20,594,823,1417,7919,7064,14983,2013-11-01
EX21,109,97,206,1848,1679,3527,2013-11-01
EX22,281,335,616,4406,3825,8231,2013-11-01
EX23,503,657,1160,5926,5340,11266,2013-11-01
EX24,92,121,213,1481,1483,2964,2013-11-01
EX31,796,1081,1877,9394,8518,17912,2013-11-01
EX32,1124,1506,2630,8007,6787,14794,2013-11-01
EX33,335,451,786,3955,3574,7529,2013-11-01
EX34,816,1071,1887,6255,5249,11504,2013-11-01
EX35,65,82,147,688,609,1297,2013-11-01
EX36,254,325,579,3354,3017,6371,2013-11-01
EX37,90,109,199,1549,1477,3026,2013-11-01
EX38,282,364,646,3000,2704,5704,2013-11-01
EX39,1407,1798,3205,13769,12183,25952,2013-11-01
FK1,1320,1788,3108,9645,7818,17463,2013-11-01
FK2,1959,2651,4610,15685,13331,29016,2013-11-01
FK3,950,1257,2207,5357,4227,9584,2013-11-01
FK4,582,809,1391,4547,3848,8395,2013-11-01
FK5,669,999,1668,6499,5914,12413,2013-11-01
FK6,643,922,1565,4603,3748,8351,2013-11-01
FK7,1380,2062,3442,10091,8660,18751,2013-11-01
FK8,955,1096,2051,5683,4955,10638,2013-11-01
FK9,567,713,1280,4211,3717,7928,2013-11-01
FK10,1779,2549,4328,11882,9952,21834,2013-11-01
FK11,81,128,209,1032,979,2011,2013-11-01
FK12,232,291,523,1770,1516,3286,2013-11-01
FK13,316,350,666,2148,1815,3963,2013-11-01
FK14,181,187,368,1776,1702,3478,2013-11-01
FK15,376,463,839,3925,3790,7715,2013-11-01
FK16,67,75,142,759,667,1426,2013-11-01
FK17,147,181,328,1398,1233,2631,2013-11-01
FK18,5,13,18,97,90,187,2013-11-01
FK19,22,28,50,250,220,470,2013-11-01
FK20,24,44,68,156,131,287,2013-11-01
FK21,32,48,80,383,317,700,2013-11-01
FY1,2969,2984,5953,9264,5817,15081,2013-11-01
FY2,1277,1402,2679,8037,6734,14771,2013-11-01
FY3,1876,2345,4221,9955,8246,18201,2013-11-01
FY4,2412,3122,5534,14399,11518,25917,2013-11-01
FY5,1561,1902,3463,16076,14235,30311,2013-11-01
FY6,690,949,1639,11019,10226,21245,2013-11-01
FY7,1733,1953,3686,7716,6034,13750,2013-11-01
FY8,1723,1930,3653,16323,14863,31186,2013-11-01
G1,436,318,754,1412,749,2161,2013-11-01
G2,237,141,378,478,188,666,2013-11-01
G3,1684,1386,3070,4331,2649,6980,2013-11-01
G4,1104,837,1941,2397,1227,3624,2013-11-01
G5,1215,973,2188,2451,1349,3800,2013-11-01
G11,1303,1405,2708,5592,4824,10416,2013-11-01
G12,1556,1456,3012,7728,6876,14604,2013-11-01
G13,2042,2404,4446,9332,7523,16855,2013-11-01
G14,1342,1550,2892,4767,3946,8713,2013-11-01
G15,1658,1884,3542,3767,2838,6605,2013-11-01
G20,2709,2896,5605,7023,5221,12244,2013-11-01
G21,3094,3480,6574,6101,3874,9975,2013-11-01
G22,1736,2072,3808,3871,2476,6347,2013-11-01
G23,513,714,1227,1971,1538,3509,2013-11-01
G31,2383,2525,4908,5035,3325,8360,2013-11-01
G32,2373,2982,5355,10202,7405,17607,2013-11-01
G33,3227,3882,7109,10961,8494,19455,2013-11-01
G34,1043,1267,2310,1727,1132,2859,2013-11-01
G40,1030,1205,2235,2324,1489,3813,2013-11-01
G41,2641,2588,5229,10272,8271,18543,2013-11-01
G42,3362,2946,6308,7630,5052,12682,2013-11-01
G43,1121,1266,2387,5082,4180,9262,2013-11-01
G44,1646,2183,3829,9295,8108,17403,2013-11-01
G45,1553,1797,3350,3065,1925,4990,2013-11-01
G46,1600,1876,3476,8443,7657,16100,2013-11-01
G51,2607,2491,5098,5197,3216,8413,2013-11-01
G52,2040,2662,4702,7789,6027,13816,2013-11-01
G53,2577,3124,5701,8490,6750,15240,2013-11-01
G60,230,289,519,1939,1826,3765,2013-11-01
G61,1056,1198,2254,10899,10492,21391,2013-11-01
G62,555,663,1218,4998,4804,9802,2013-11-01
G63,270,358,628,3657,3712,7369,2013-11-01
G64,1145,1564,2709,9551,8645,18196,2013-11-01
G65,769,1050,1819,4128,3183,7311,2013-11-01
G66,1915,2513,4428,12868,11242,24110,2013-11-01
G67,2518,3479,5997,10621,7815,18436,2013-11-01
G68,722,992,1714,6491,5760,12251,2013-11-01
G69,1699,2213,3912,11289,9543,20832,2013-11-01
G71,1355,1812,3167,9629,8432,18061,2013-11-01
G72,2580,3345,5925,14710,12266,26976,2013-11-01
G73,2006,2571,4577,9528,7789,17317,2013-11-01
G74,1738,2377,4115,12798,10642,23440,2013-11-01
G75,2270,3155,5425,12593,10325,22918,2013-11-01
G76,879,1059,1938,7998,7773,15771,2013-11-01
G77,729,920,1649,8972,8924,17896,2013-11-01
G78,1334,1736,3070,7603,6433,14036,2013-11-01
G81,2705,3457,6162,10959,8619,19578,2013-11-01
G82,1558,1940,3498,8060,6746,14806,2013-11-01
G83,1465,2043,3508,8121,6673,14794,2013-11-01
G84,1168,1431,2599,7781,6934,14715,2013-11-01
GL1,2515,2698,5213,10091,7168,17259,2013-11-01
GL2,1633,2044,3677,19478,17594,37072,2013-11-01
GL3,1131,1467,2598,11102,10035,21137,2013-11-01
GL4,2083,2752,4835,16483,14463,30946,2013-11-01
GL5,1359,1496,2855,11213,10151,21364,2013-11-01
GL6,758,904,1662,9769,9318,19087,2013-11-01
GL7,1436,1850,3286,16396,15218,31614,2013-11-01
GL8,254,326,580,3340,3157,6497,2013-11-01
GL9,54,52,106,1091,1025,2116,2013-11-01
GL10,566,577,1143,5186,4577,9763,2013-11-01
GL11,548,748,1296,6929,6213,13142,2013-11-01
GL12,466,501,967,5743,5346,11089,2013-11-01
GL13,151,165,316,2320,2031,4351,2013-11-01
GL14,612,836,1448,5531,4529,10060,2013-11-01
GL15,678,876,1554,7961,6970,14931,2013-11-01
GL16,433,579,1012,4920,4416,9336,2013-11-01
GL17,366,504,870,4490,3966,8456,2013-11-01
GL18,260,288,548,3038,2743,5781,2013-11-01
GL19,195,233,428,3612,3443,7055,2013-11-01
GL20,979,1118,2097,10580,9615,20195,2013-11-01
GL50,1034,1234,2268,6987,5819,12806,2013-11-01
GL51,2455,3090,5545,17427,14875,32302,2013-11-01
GL52,1750,1979,3729,15360,14281,29641,2013-11-01
GL53,707,763,1470,7434,7296,14730,2013-11-01
GL54,665,772,1437,8991,8450,17441,2013-11-01
GL55,149,154,303,2087,2105,4192,2013-11-01
GL56,265,314,579,3280,3244,6524,2013-11-01
GU1,1596,1752,3348,11038,9514,20552,2013-11-01
GU2,1844,2000,3844,10445,8696,19141,2013-11-01
GU3,330,405,735,4712,4431,9143,2013-11-01
GU4,496,570,1066,6405,6393,12798,2013-11-01
GU5,323,377,700,4299,4330,8629,2013-11-01
GU6,513,544,1057,5719,5545,11264,2013-11-01
GU7,955,1122,2077,8333,7800,16133,2013-11-01
GU8,555,619,1174,6898,6867,13765,2013-11-01
GU9,1037,1314,2351,10921,10317,21238,2013-11-01
GU10,635,719,1354,9319,9061,18380,2013-11-01
GU11,1587,1836,3423,8020,6043,14063,2013-11-01
GU12,1462,1782,3244,11751,10202,21953,2013-11-01
GU13,771,10,781,609,34,643,2013-11-01
GU14,2773,3263,6036,20180,17440,37620,2013-11-01
GU15,1681,1853,3534,13761,12288,26049,2013-11-01
GU16,1105,1011,2116,9691,8569,18260,2013-11-01
GU17,581,479,1060,5188,3934,9122,2013-11-01
GU18,129,176,305,3037,2926,5963,2013-11-01
GU19,185,203,388,2310,2134,4444,2013-11-01
GU20,107,127,234,1943,1918,3861,2013-11-01
GU21,2644,3036,5680,18771,16323,35094,2013-11-01
GU22,1572,1857,3429,13324,11889,25213,2013-11-01
GU23,185,226,411,2739,2647,5386,2013-11-01
GU24,935,764,1699,6870,6335,13205,2013-11-01
GU25,310,365,675,2650,2698,5348,2013-11-01
GU26,246,236,482,2968,2873,5841,2013-11-01
GU27,641,785,1426,6852,6529,13381,2013-11-01
GU28,244,246,490,2679,2567,5246,2013-11-01
GU29,307,405,712,3609,3631,7240,2013-11-01
GU30,332,375,707,3750,3567,7317,2013-11-01
GU31,377,442,819,4365,4145,8510,2013-11-01
GU32,484,592,1076,4327,4016,8343,2013-11-01
GU33,261,341,602,3277,3177,6454,2013-11-01
GU34,995,1255,2250,11560,10706,22266,2013-11-01
GU35,1121,1255,2376,9746,8130,17876,2013-11-01
GU46,402,487,889,6267,5868,12135,2013-11-01
GU47,665,772,1437,7683,7056,14739,2013-11-01
GU51,657,729,1386,9051,8417,17468,2013-11-01
GU52,380,472,852,6353,6125,12478,2013-11-01
HA0,10052,7522,17574,16946,10279,27225,2013-11-01
HA1,3692,3807,7499,13109,9993,23102,2013-11-01
HA2,5044,5445,10489,19870,15176,35046,2013-11-01
HA3,6803,6782,13585,26391,20233,46624,2013-11-01
HA4,2282,2671,4953,18775,16753,35528,2013-11-01
HA5,2104,2398,4502,17676,16416,34092,2013-11-01
HA6,1019,1251,2270,9168,8668,17836,2013-11-01
HA7,2217,2672,4889,13809,12105,25914,2013-11-01
HA8,6642,7012,13654,24046,18292,42338,2013-11-01
HA9,7774,6257,14031,17259,11259,28518,2013-11-01
HD1,2092,1903,3995,5512,3274,8786,2013-11-01
HD2,1825,2425,4250,8757,6921,15678,2013-11-01
HD3,1303,1790,3093,9930,8591,18521,2013-11-01
HD4,1542,2040,3582,9151,7303,16454,2013-11-01
HD5,1603,2176,3779,9500,7813,17313,2013-11-01
HD6,1134,1470,2604,9379,7870,17249,2013-11-01
HD7,897,1249,2146,8132,6967,15099,2013-11-01
HD8,953,1287,2240,12437,11351,23788,2013-11-01
HD9,1225,1537,2762,12657,11431,24088,2013-11-01
HG1,1429,1848,3277,11908,10506,22414,2013-11-01
HG2,1210,1433,2643,11645,11115,22760,2013-11-01
HG3,778,961,1739,10315,9899,20214,2013-11-01
HG4,840,1160,2000,9375,8408,17783,2013-11-01
HG5,587,698,1285,7104,6442,13546,2013-11-01
HP1,1091,1307,2398,8909,8035,16944,2013-11-01
HP2,2102,2737,4839,13371,11208,24579,2013-11-01
HP3,1384,1655,3039,11742,10288,22030,2013-11-01
HP4,796,810,1606,9209,8976,18185,2013-11-01
HP5,1065,1298,2363,9444,8478,17922,2013-11-01
HP6,548,529,1077,5406,5243,10649,2013-11-01
HP7,378,443,821,4163,3978,8141,2013-11-01
HP8,197,208,405,2921,2954,5875,2013-11-01
HP9,575,660,1235,7023,7031,14054,2013-11-01
HP10,529,646,1175,7942,7680,15622,2013-11-01
HP11,824,921,1745,4762,3823,8585,2013-11-01
HP12,1277,1607,2884,7562,5776,13338,2013-11-01
HP13,2178,2770,4948,14742,12226,26968,2013-11-01
HP14,563,610,1173,7135,6661,13796,2013-11-01
HP15,474,510,984,7168,6835,14003,2013-11-01
HP16,349,363,712,4887,4903,9790,2013-11-01
HP17,279,279,558,3999,3947,7946,2013-11-01
HP18,415,452,867,5346,5109,10455,2013-11-01
HP19,1107,1477,2584,7748,6493,14241,2013-11-01
HP20,807,934,1741,4840,3895,8735,2013-11-01
HP21,1550,2049,3599,11497,9866,21363,2013-11-01
HP22,732,798,1530,9947,9715,19662,2013-11-01
HP23,611,705,1316,6839,6532,13371,2013-11-01
HP27,361,444,805,4915,4747,9662,2013-11-01
HR1,1153,1403,2556,11640,10621,22261,2013-11-01
HR2,1636,2248,3884,13331,11507,24838,2013-11-01
HR3,169,223,392,3068,2826,5894,2013-11-01
HR4,1199,1408,2607,10680,9362,20042,2013-11-01
HR5,130,175,305,1794,1597,3391,2013-11-01
HR6,736,936,1672,7674,6774,14448,2013-11-01
HR7,175,252,427,2791,2423,5214,2013-11-01
HR8,404,571,975,5271,4824,10095,2013-11-01
HR9,602,813,1415,8079,7482,15561,2013-11-01
HS1,287,367,654,1519,1247,2766,2013-11-01
HS2,522,739,1261,5042,4071,9113,2013-11-01
HS3,68,79,147,462,329,791,2013-11-01
HS4,20,14,34,87,67,154,2013-11-01
HS5,13,25,38,106,81,187,2013-11-01
HS6,61,104,165,611,523,1134,2013-11-01
HS7,77,110,187,470,372,842,2013-11-01
HS8,115,129,244,693,524,1217,2013-11-01
HS9,81,64,145,413,362,775,2013-11-01
HU1,264,198,462,812,361,1173,2013-11-01
HU2,405,333,738,881,341,1222,2013-11-01
HU3,2740,2774,5514,6094,3140,9234,2013-11-01
HU4,1388,1716,3104,7210,5393,12603,2013-11-01
HU5,3136,3656,6792,13961,10414,24375,2013-11-01
HU6,2511,3106,5617,8410,5726,14136,2013-11-01
HU7,2903,3631,6534,12093,8962,21055,2013-11-01
HU8,2112,2687,4799,10622,7789,18411,2013-11-01
HU9,2970,3647,6617,10338,6725,17063,2013-11-01
HU10,577,761,1338,7253,6650,13903,2013-11-01
HU11,382,503,885,5145,4402,9547,2013-11-01
HU12,857,1209,2066,9952,8500,18452,2013-11-01
HU13,581,833,1414,5235,4459,9694,2013-11-01
HU14,208,234,442,3351,3242,6593,2013-11-01
HU15,591,812,1403,9020,8371,17391,2013-11-01
HU16,567,656,1223,5747,5112,10859,2013-11-01
HU17,1523,1899,3422,16168,14481,30649,2013-11-01
HU18,342,455,797,3206,2683,5889,2013-11-01
HU19,419,509,928,2351,1521,3872,2013-11-01
HU20,26,33,59,378,370,748,2013-11-01
HX1,1608,2237,3845,6221,3804,10025,2013-11-01
HX2,1791,2517,4308,12042,9829,21871,2013-11-01
HX3,1992,2642,4634,15376,12896,28272,2013-11-01
HX4,387,572,959,4453,4011,8464,2013-11-01
HX5,468,659,1127,3199,2570,5769,2013-11-01
HX6,792,1055,1847,6585,5514,12099,2013-11-01
HX7,630,727,1357,4587,4370,8957,2013-11-01
IG1,10529,7855,18384,19360,11808,31168,2013-11-01
IG2,2591,2593,5184,9179,6732,15911,2013-11-01
IG3,4591,3922,8513,12137,7937,20074,2013-11-01
IG4,724,814,1538,3389,2630,6019,2013-11-01
IG5,1042,1220,2262,6033,4996,11029,2013-11-01
IG6,1785,2098,3883,9324,7721,17045,2013-11-01
IG7,1014,1317,2331,7432,6617,14049,2013-11-01
IG8,1890,2333,4223,13064,11753,24817,2013-11-01
IG9,492,556,1048,4885,4660,9545,2013-11-01
IG10,1334,1681,3015,11381,10650,22031,2013-11-01
IG11,7813,6750,14563,14384,8283,22667,2013-11-01
IP1,2219,2532,4751,12422,9484,21906,2013-11-01
IP2,1680,2176,3856,9812,7289,17101,2013-11-01
IP3,1560,1986,3546,10909,8582,19491,2013-11-01
IP4,1610,1893,3503,12333,10419,22752,2013-11-01
IP5,487,566,1053,7410,6794,14204,2013-11-01
IP6,408,516,924,6423,5791,12214,2013-11-01
IP7,457,610,1067,6128,5458,11586,2013-11-01
IP8,289,390,679,4365,3949,8314,2013-11-01
IP9,320,396,716,4444,4150,8594,2013-11-01
IP10,78,89,167,1434,1309,2743,2013-11-01
IP11,1029,1502,2531,11003,9316,20319,2013-11-01
IP12,821,931,1752,9264,8717,17981,2013-11-01
IP13,555,619,1174,7109,6769,13878,2013-11-01
IP14,1135,1432,2567,14510,12835,27345,2013-11-01
IP15,64,89,153,896,946,1842,2013-11-01
IP16,288,338,626,2383,1990,4373,2013-11-01
IP17,352,438,790,4411,4157,8568,2013-11-01
IP18,111,139,250,1451,1410,2861,2013-11-01
IP19,264,311,575,3948,3652,7600,2013-11-01
IP20,233,265,498,3042,2769,5811,2013-11-01
IP21,241,337,578,4516,4108,8624,2013-11-01
IP22,676,760,1436,8216,7462,15678,2013-11-01
IP23,214,271,485,2841,2606,5447,2013-11-01
IP24,1458,1892,3350,8657,6887,15544,2013-11-01
IP25,541,728,1269,6368,5547,11915,2013-11-01
IP26,271,349,620,3249,2951,6200,2013-11-01
IP27,815,1013,1828,5595,4848,10443,2013-11-01
IP28,890,1146,2036,8130,7473,15603,2013-11-01
IP29,224,258,482,3545,3400,6945,2013-11-01
IP30,360,458,818,5412,5080,10492,2013-11-01
IP31,491,687,1178,8091,7362,15453,2013-11-01
IP32,655,865,1520,5510,4859,10369,2013-11-01
IP33,914,1205,2119,8169,7200,15369,2013-11-01
IV1,155,145,300,906,759,1665,2013-11-01
IV2,2085,2807,4892,16523,14678,31201,2013-11-01
IV3,1262,1543,2805,5793,4507,10300,2013-11-01
IV4,163,208,371,1676,1503,3179,2013-11-01
IV5,50,62,112,486,467,953,2013-11-01
IV6,152,173,325,1681,1508,3189,2013-11-01
IV7,184,260,444,2211,2049,4260,2013-11-01
IV8,33,37,70,345,310,655,2013-11-01
IV9,49,59,108,438,418,856,2013-11-01
IV10,99,130,229,958,902,1860,2013-11-01
IV11,61,54,115,311,292,603,2013-11-01
IV12,621,711,1332,4392,3902,8294,2013-11-01
IV13,16,19,35,251,189,440,2013-11-01
IV14,81,98,179,799,744,1543,2013-11-01
IV15,322,360,682,1890,1654,3544,2013-11-01
IV16,58,70,128,706,634,1340,2013-11-01
IV17,359,429,788,2067,1675,3742,2013-11-01
IV18,294,390,684,2065,1718,3783,2013-11-01
IV19,222,269,491,1714,1497,3211,2013-11-01
IV20,152,187,339,1124,961,2085,2013-11-01
IV21,48,49,97,442,382,824,2013-11-01
IV22,62,74,136,597,523,1120,2013-11-01
IV23,36,46,82,351,290,641,2013-11-01
IV24,44,71,115,561,530,1091,2013-11-01
IV25,70,114,184,923,832,1755,2013-11-01
IV26,97,139,236,702,655,1357,2013-11-01
IV27,165,179,344,1457,1273,2730,2013-11-01
IV28,11,16,27,180,181,361,2013-11-01
IV30,1526,2036,3562,11427,9795,21222,2013-11-01
IV31,368,463,831,2613,2110,4723,2013-11-01
IV32,212,210,422,1838,1670,3508,2013-11-01
IV33,1,0,1,0,0,0,2013-11-01
IV36,661,910,1571,5639,4924,10563,2013-11-01
IV40,125,170,295,929,794,1723,2013-11-01
IV41,31,19,50,135,103,238,2013-11-01
IV42,16,24,40,200,158,358,2013-11-01
IV43,12,22,34,107,92,199,2013-11-01
IV44,11,8,19,103,99,202,2013-11-01
IV45,10,9,19,114,96,210,2013-11-01
IV46,2,4,6,32,32,64,2013-11-01
IV47,17,29,46,222,189,411,2013-11-01
IV48,1,6,7,40,37,77,2013-11-01
IV49,51,58,109,441,373,814,2013-11-01
IV51,225,291,516,1940,1699,3639,2013-11-01
IV52,16,26,42,137,149,286,2013-11-01
IV53,8,6,14,55,54,109,2013-11-01
IV54,53,74,127,566,458,1024,2013-11-01
IV55,53,50,103,521,448,969,2013-11-01
IV56,6,10,16,140,116,256,2013-11-01
IV63,108,134,242,953,881,1834,2013-11-01
KA1,1328,1764,3092,9460,7818,17278,2013-11-01
KA2,268,416,684,2559,2230,4789,2013-11-01
KA3,1781,2355,4136,12685,10882,23567,2013-11-01
KA4,231,342,573,1922,1682,3604,2013-11-01
KA5,384,632,1016,3558,2867,6425,2013-11-01
KA6,962,1316,2278,6377,5149,11526,2013-11-01
KA7,1142,1394,2536,10324,9457,19781,2013-11-01
KA8,1104,1529,2633,5485,3995,9480,2013-11-01
KA9,651,778,1429,5847,5326,11173,2013-11-01
KA10,610,815,1425,5815,5322,11137,2013-11-01
KA11,1113,1637,2750,6823,5590,12413,2013-11-01
KA12,1135,1534,2669,5407,4053,9460,2013-11-01
KA13,938,1325,2263,5458,4479,9937,2013-11-01
KA14,35,32,67,197,156,353,2013-11-01
KA15,323,445,768,2508,2196,4704,2013-11-01
KA16,168,184,352,1114,871,1985,2013-11-01
KA17,137,194,331,1536,1258,2794,2013-11-01
KA18,1044,1509,2553,7076,5332,12408,2013-11-01
KA19,352,476,828,2705,2270,4975,2013-11-01
KA20,622,840,1462,2568,1917,4485,2013-11-01
KA21,777,900,1677,3781,3035,6816,2013-11-01
KA22,637,892,1529,3443,2802,6245,2013-11-01
KA23,196,255,451,2021,1900,3921,2013-11-01
KA24,257,410,667,2030,1723,3753,2013-11-01
KA25,402,515,917,2195,1723,3918,2013-11-01
KA26,475,678,1153,3740,3046,6786,2013-11-01
KA27,204,289,493,1788,1637,3425,2013-11-01
KA28,50,69,119,438,367,805,2013-11-01
KA29,52,63,115,589,552,1141,2013-11-01
KA30,405,602,1007,4163,3645,7808,2013-11-01
KT1,1654,1713,3367,7250,5684,12934,2013-11-01
KT2,1881,2255,4136,11138,10072,21210,2013-11-01
KT3,2937,3092,6029,15013,12713,27726,2013-11-01
KT4,1357,1535,2892,11274,10190,21464,2013-11-01
KT5,1153,1182,2335,7385,6371,13756,2013-11-01
KT6,1688,2026,3714,11233,9700,20933,2013-11-01
KT7,414,414,828,3911,3925,7836,2013-11-01
KT8,926,1054,1980,7718,7249,14967,2013-11-01
KT9,1150,1331,2481,7725,6699,14424,2013-11-01
KT10,839,846,1685,8955,8955,17910,2013-11-01
KT11,765,818,1583,6997,7204,14201,2013-11-01
KT12,1536,1792,3328,14492,13811,28303,2013-11-01
KT13,890,993,1883,9814,9600,19414,2013-11-01
KT14,522,580,1102,5189,5061,10250,2013-11-01
KT15,1013,1121,2134,10820,9791,20611,2013-11-01
KT16,746,908,1654,7382,6742,14124,2013-11-01
KT17,979,1003,1982,9117,8394,17511,2013-11-01
KT18,594,764,1358,6434,6215,12649,2013-11-01
KT19,1754,2012,3766,12614,11264,23878,2013-11-01
KT20,632,768,1400,8257,7839,16096,2013-11-01
KT21,405,456,861,5381,5370,10751,2013-11-01
KT22,942,965,1907,9544,9084,18628,2013-11-01
KT23,336,343,679,4361,4382,8743,2013-11-01
KT24,250,293,543,3904,4002,7906,2013-11-01
KW1,489,584,1073,3840,3168,7008,2013-11-01
KW2,5,4,9,27,28,55,2013-11-01
KW3,42,61,103,398,309,707,2013-11-01
KW5,8,8,16,126,112,238,2013-11-01
KW6,13,13,26,143,116,259,2013-11-01
KW7,2,5,7,39,37,76,2013-11-01
KW8,26,40,66,316,266,582,2013-11-01
KW9,72,84,156,648,583,1231,2013-11-01
KW10,86,98,184,602,518,1120,2013-11-01
KW11,3,7,10,56,38,94,2013-11-01
KW12,47,64,111,657,575,1232,2013-11-01
KW13,2,6,8,40,39,79,2013-11-01
KW14,611,778,1389,4461,3677,8138,2013-11-01
KW15,399,517,916,2732,2416,5148,2013-11-01
KW16,171,244,415,1331,1149,2480,2013-11-01
KW17,379,492,871,3360,2985,6345,2013-11-01
KY1,1296,1592,2888,7834,6235,14069,2013-11-01
KY2,1418,1936,3354,10027,8472,18499,2013-11-01
KY3,484,661,1145,3846,3396,7242,2013-11-01
KY4,1015,1460,2475,7133,5477,12610,2013-11-01
KY5,986,1499,2485,6336,4728,11064,2013-11-01
KY6,1050,1344,2394,6347,5180,11527,2013-11-01
KY7,1332,1930,3262,9281,7885,17166,2013-11-01
KY8,1786,2387,4173,11175,8960,20135,2013-11-01
KY9,51,84,135,762,736,1498,2013-11-01
KY10,337,469,806,3251,2893,6144,2013-11-01
KY11,2801,3723,6524,20318,17451,37769,2013-11-01
KY12,1643,2161,3804,13887,11923,25810,2013-11-01
KY13,329,395,724,4312,4223,8535,2013-11-01
KY14,216,311,527,2573,2255,4828,2013-11-01
KY15,771,1024,1795,7960,7371,15331,2013-11-01
KY16,1053,1300,2353,6507,5733,12240,2013-11-01
L1,381,396,777,1091,635,1726,2013-11-01
L2,63,32,95,198,92,290,2013-11-01
L3,804,748,1552,2696,1707,4403,2013-11-01
L4,3391,4345,7736,9338,6006,15344,2013-11-01
L5,1294,1607,2901,2683,1499,4182,2013-11-01
L6,2159,2444,4603,4557,2584,7141,2013-11-01
L7,2052,1971,4023,3299,1684,4983,2013-11-01
L8,3594,3642,7236,6063,3516,9579,2013-11-01
L9,2006,2754,4760,8652,6324,14976,2013-11-01
L10,777,1186,1963,4920,3908,8828,2013-11-01
L11,2173,2911,5084,6075,4145,10220,2013-11-01
L12,1563,2044,3607,10442,9033,19475,2013-11-01
L13,2327,2965,5292,8068,5588,13656,2013-11-01
L14,1923,2771,4694,6904,5096,12000,2013-11-01
L15,2070,2468,4538,6860,5017,11877,2013-11-01
L16,641,789,1430,5380,4805,10185,2013-11-01
L17,1416,1530,2946,6549,5524,12073,2013-11-01
L18,1175,1429,2604,8633,7872,16505,2013-11-01
L19,1377,1572,2949,7127,6017,13144,2013-11-01
L20,2745,3297,6042,7711,4967,12678,2013-11-01
L21,1799,2300,4099,6713,4871,11584,2013-11-01
L22,874,1003,1877,4432,3621,8053,2013-11-01
L23,1490,1828,3318,10753,9749,20502,2013-11-01
L24,1171,1515,2686,3880,2726,6606,2013-11-01
L25,1798,2286,4084,11090,9082,20172,2013-11-01
L26,904,1175,2079,4934,4200,9134,2013-11-01
L27,508,719,1227,1613,1121,2734,2013-11-01
L28,584,776,1360,1531,821,2352,2013-11-01
L29,27,21,48,194,187,381,2013-11-01
L30,1367,1813,3180,5441,4023,9464,2013-11-01
L31,1136,1523,2659,11530,10094,21624,2013-11-01
L32,1598,2179,3777,5517,3771,9288,2013-11-01
L33,1412,1915,3327,4482,3207,7689,2013-11-01
L34,542,693,1235,4210,3376,7586,2013-11-01
L35,1545,2201,3746,10413,8188,18601,2013-11-01
L36,2868,3948,6816,11278,8561,19839,2013-11-01
L37,725,873,1598,9211,8822,18033,2013-11-01
L38,72,108,180,1106,1083,2189,2013-11-01
L39,880,1085,1965,9935,9176,19111,2013-11-01
L40,552,619,1171,7281,6533,13814,2013-11-01
L41,87,77,164,52,22,74,2013-11-01
L42,49,38,87,76,35,111,2013-11-01
L43,87,138,225,205,182,387,2013-11-01
L44,39,29,68,56,21,77,2013-11-01
L45,15,20,35,58,41,99,2013-11-01
L46,14,17,31,56,27,83,2013-11-01
L47,14,13,27,60,41,101,2013-11-01
L48,11,11,22,78,68,146,2013-11-01
L49,19,30,49,53,46,99,2013-11-01
L60,3,16,19,163,162,325,2013-11-01
L61,9,10,19,67,69,136,2013-11-01
L62,26,27,53,61,53,114,2013-11-01
L63,13,11,24,95,48,143,2013-11-01
L64,21,22,43,152,142,294,2013-11-01
L65,19,18,37,45,38,83,2013-11-01
L66,23,41,64,152,136,288,2013-11-01
L69,21,5,26,38,6,44,2013-11-01
L71,0,1,1,0,0,0,2013-11-01
LA1,2760,3430,6190,14374,11697,26071,2013-11-01
LA2,582,732,1314,8237,7743,15980,2013-11-01
LA3,1189,1525,2714,8724,7272,15996,2013-11-01
LA4,1317,1604,2921,8515,7038,15553,2013-11-01
LA5,478,619,1097,6259,5981,12240,2013-11-01
LA6,270,386,656,5338,5082,10420,2013-11-01
LA7,129,141,270,2019,1940,3959,2013-11-01
LA8,183,203,386,3774,3612,7386,2013-11-01
LA9,1061,1324,2385,10943,9861,20804,2013-11-01
LA10,94,98,192,1380,1288,2668,2013-11-01
LA11,226,313,539,3890,3767,7657,2013-11-01
LA12,659,799,1458,7877,7059,14936,2013-11-01
LA13,941,1166,2107,6642,5630,12272,2013-11-01
LA14,2339,2877,5216,11850,9067,20917,2013-11-01
LA15,323,449,772,2755,2346,5101,2013-11-01
LA16,104,142,246,1261,1101,2362,2013-11-01
LA17,20,29,49,499,461,960,2013-11-01
LA18,336,487,823,2884,2299,5183,2013-11-01
LA19,25,32,57,406,372,778,2013-11-01
LA20,17,39,56,554,496,1050,2013-11-01
LA21,30,33,63,419,358,777,2013-11-01
LA22,210,239,449,1886,1732,3618,2013-11-01
LA23,385,430,815,3320,2993,6313,2013-11-01
LD1,348,446,794,4265,3763,8028,2013-11-01
LD2,155,180,335,2172,1944,4116,2013-11-01
LD3,741,850,1591,7326,6577,13903,2013-11-01
LD4,10,26,36,325,284,609,2013-11-01
LD5,35,43,78,457,387,844,2013-11-01
LD6,88,119,207,1042,927,1969,2013-11-01
LD7,135,159,294,1848,1599,3447,2013-11-01
LD8,108,149,257,1771,1627,3398,2013-11-01
LE1,1165,1118,2283,2073,959,3032,2013-11-01
LE2,7746,8845,16591,33237,26057,59294,2013-11-01
LE3,6203,7816,14019,29751,22590,52341,2013-11-01
LE4,7133,9047,16180,30147,21934,52081,2013-11-01
LE5,6787,7719,14506,25188,17946,43134,2013-11-01
LE6,322,449,771,4757,4289,9046,2013-11-01
LE7,1309,1689,2998,17340,15757,33097,2013-11-01
LE8,963,1260,2223,13297,12377,25674,2013-11-01
LE9,1657,2173,3830,21223,18655,39878,2013-11-01
LE10,1558,1939,3497,18096,15749,33845,2013-11-01
LE11,3223,3508,6731,17863,13542,31405,2013-11-01
LE12,1875,2371,4246,23541,21258,44799,2013-11-01
LE13,983,1269,2252,9498,8159,17657,2013-11-01
LE14,410,546,956,7054,6456,13510,2013-11-01
LE15,983,1331,2314,11988,11030,23018,2013-11-01
LE16,1040,1371,2411,12774,11682,24456,2013-11-01
LE17,471,674,1145,8421,7543,15964,2013-11-01
LE18,1260,1813,3073,11437,9586,21023,2013-11-01
LE19,422,608,1030,5436,4934,10370,2013-11-01
LE65,456,608,1064,5253,4659,9912,2013-11-01
LE67,2050,2657,4707,21052,17781,38833,2013-11-01
LL11,1676,2179,3855,12334,10119,22453,2013-11-01
LL12,1128,1311,2439,10312,9022,19334,2013-11-01
LL13,2035,2302,4337,10341,8316,18657,2013-11-01
LL14,1558,2273,3831,10616,8387,19003,2013-11-01
LL15,343,445,788,3862,3563,7425,2013-11-01
LL16,615,809,1424,5518,4943,10461,2013-11-01
LL17,165,236,401,2037,1900,3937,2013-11-01
LL18,2251,3065,5316,13375,10983,24358,2013-11-01
LL19,902,1241,2143,6972,5952,12924,2013-11-01
LL20,325,366,691,3027,2623,5650,2013-11-01
LL21,216,298,514,2513,2174,4687,2013-11-01
LL22,625,872,1497,6692,5707,12399,2013-11-01
LL23,101,148,249,1540,1303,2843,2013-11-01
LL24,52,84,136,879,709,1588,2013-11-01
LL25,19,16,35,180,159,339,2013-11-01
LL26,165,257,422,1578,1336,2914,2013-11-01
LL27,33,51,84,306,242,548,2013-11-01
LL28,477,609,1086,4967,4660,9627,2013-11-01
LL29,1107,1388,2495,6530,5566,12096,2013-11-01
LL30,1019,1265,2284,7107,6120,13227,2013-11-01
LL31,376,498,874,3252,2933,6185,2013-11-01
LL32,296,358,654,2384,2168,4552,2013-11-01
LL33,188,234,422,1382,1199,2581,2013-11-01
LL34,198,274,472,1471,1271,2742,2013-11-01
LL35,23,24,47,295,257,552,2013-11-01
LL36,144,219,363,1649,1402,3051,2013-11-01
LL37,20,20,40,218,183,401,2013-11-01
LL38,11,37,48,270,213,483,2013-11-01
LL39,11,16,27,95,63,158,2013-11-01
LL40,135,178,313,1493,1311,2804,2013-11-01
LL41,327,434,761,2136,1610,3746,2013-11-01
LL42,137,182,319,772,621,1393,2013-11-01
LL43,11,16,27,211,188,399,2013-11-01
LL44,23,50,73,376,363,739,2013-11-01
LL45,25,24,49,238,212,450,2013-11-01
LL46,53,66,119,679,629,1308,2013-11-01
LL47,13,23,36,227,185,412,2013-11-01
LL48,87,132,219,861,737,1598,2013-11-01
LL49,188,213,401,1511,1218,2729,2013-11-01
LL51,22,28,50,334,283,617,2013-11-01
LL52,79,101,180,973,896,1869,2013-11-01
LL53,478,595,1073,5911,5302,11213,2013-11-01
LL54,365,513,878,3934,3408,7342,2013-11-01
LL55,910,1185,2095,7035,5955,12990,2013-11-01
LL56,95,84,179,754,671,1425,2013-11-01
LL57,1413,1596,3009,7142,5751,12893,2013-11-01
LL58,130,191,321,1407,1274,2681,2013-11-01
LL59,251,257,508,1978,1915,3893,2013-11-01
LL60,80,114,194,1072,1024,2096,2013-11-01
LL61,193,226,419,2263,2139,4402,2013-11-01
LL62,58,61,119,676,634,1310,2013-11-01
LL63,41,66,107,520,464,984,2013-11-01
LL64,35,38,73,340,310,650,2013-11-01
LL65,1173,1432,2605,8001,6647,14648,2013-11-01
LL66,10,7,17,114,100,214,2013-11-01
LL67,57,90,147,519,434,953,2013-11-01
LL68,238,322,560,2197,1888,4085,2013-11-01
LL69,27,36,63,266,214,480,2013-11-01
LL70,9,17,26,111,109,220,2013-11-01
LL71,69,80,149,731,634,1365,2013-11-01
LL72,30,45,75,285,269,554,2013-11-01
LL73,1,4,5,107,93,200,2013-11-01
LL74,69,78,147,932,889,1821,2013-11-01
LL75,48,60,108,561,509,1070,2013-11-01
LL76,14,6,20,122,97,219,2013-11-01
LL77,249,360,609,2421,2218,4639,2013-11-01
LL78,14,16,30,197,191,388,2013-11-01
LN1,1037,1278,2315,9100,7774,16874,2013-11-01
LN2,1864,2287,4151,12660,10784,23444,2013-11-01
LN3,222,325,547,3546,3135,6681,2013-11-01
LN4,1169,1631,2800,14637,12919,27556,2013-11-01
LN5,1560,1816,3376,10826,8805,19631,2013-11-01
LN6,2265,2893,5158,19854,17215,37069,2013-11-01
LN7,210,254,464,2498,2159,4657,2013-11-01
LN8,529,684,1213,6735,6008,12743,2013-11-01
LN9,295,352,647,3629,3221,6850,2013-11-01
LN10,141,197,338,2411,2159,4570,2013-11-01
LN11,975,1259,2234,10646,9441,20087,2013-11-01
LN12,560,697,1257,4792,3554,8346,2013-11-01
LN13,276,305,581,3051,2668,5719,2013-11-01
LS1,176,150,326,717,430,1147,2013-11-01
LS2,735,581,1316,1191,550,1741,2013-11-01
LS3,295,264,559,483,237,720,2013-11-01
LS4,672,706,1378,2010,1337,3347,2013-11-01
LS5,533,638,1171,2162,1631,3793,2013-11-01
LS6,2844,2656,5500,7984,5811,13795,2013-11-01
LS7,2796,3179,5975,7641,5868,13509,2013-11-01
LS8,3996,4384,8380,13874,10506,24380,2013-11-01
LS9,3522,4127,7649,8012,4332,12344,2013-11-01
LS10,2422,3354,5776,9060,5925,14985,2013-11-01
LS11,3146,3507,6653,8243,4541,12784,2013-11-01
LS12,2706,3292,5998,11428,8010,19438,2013-11-01
LS13,2246,3102,5348,10427,7835,18262,2013-11-01
LS14,2358,3199,5557,9420,6851,16271,2013-11-01
LS15,1577,2088,3665,12212,10215,22427,2013-11-01
LS16,1601,2006,3607,12626,11310,23936,2013-11-01
LS17,1615,2255,3870,16515,15046,31561,2013-11-01
LS18,1105,957,2062,7632,6392,14024,2013-11-01
LS19,765,1019,1784,7228,6565,13793,2013-11-01
LS20,411,513,924,4614,4237,8851,2013-11-01
LS21,636,824,1460,6640,5945,12585,2013-11-01
LS22,453,580,1033,6185,5916,12101,2013-11-01
LS23,248,285,533,3243,3131,6374,2013-11-01
LS24,383,460,843,4521,4079,8600,2013-11-01
LS25,1446,2057,3503,14704,12750,27454,2013-11-01
LS26,1169,1796,2965,10546,8817,19363,2013-11-01
LS27,1670,2293,3963,11987,9634,21621,2013-11-01
LS28,1531,2203,3734,13302,11683,24985,2013-11-01
LS29,886,1089,1975,11978,11722,23700,2013-11-01
LU1,4835,4239,9074,12455,7795,20250,2013-11-01
LU2,3448,4195,7643,20080,16281,36361,2013-11-01
LU3,4614,5548,10162,20275,15093,35368,2013-11-01
LU4,4590,5518,10108,16213,10768,26981,2013-11-01
LU5,1883,2462,4345,13605,11265,24870,2013-11-01
LU6,1141,1506,2647,12415,10912,23327,2013-11-01
LU7,1806,2249,4055,21447,19295,40742,2013-11-01
M1,699,481,1180,2184,1056,3240,2013-11-01
M2,10,8,18,32,13,45,2013-11-01
M3,776,646,1422,2774,1512,4286,2013-11-01
M4,632,544,1176,2148,1256,3404,2013-11-01
M5,1391,1429,2820,3738,2244,5982,2013-11-01
M6,2590,2814,5404,8863,6077,14940,2013-11-01
M7,2554,2240,4794,7014,4630,11644,2013-11-01
M8,4348,3512,7860,8582,4717,13299,2013-11-01
M9,3181,4013,7194,9802,7017,16819,2013-11-01
M10,65,49,114,50,14,64,2013-11-01
M11,2077,2581,4658,4648,2753,7401,2013-11-01
M12,2824,2183,5007,3844,1920,5764,2013-11-01
M13,3512,2575,6087,5005,2444,7449,2013-11-01
M14,5115,4319,9434,9200,5439,14639,2013-11-01
M15,2027,1625,3652,4500,2345,6845,2013-11-01
M16,3327,3557,6884,9959,7216,17175,2013-11-01
M17,0,2,2,11,5,16,2013-11-01
M18,2116,2463,4579,5277,3405,8682,2013-11-01
M19,3612,3414,7026,10062,7211,17273,2013-11-01
M20,2867,3163,6030,14492,12266,26758,2013-11-01
M21,1897,2147,4044,9236,8153,17389,2013-11-01
M22,3157,3895,7052,11067,8268,19335,2013-11-01
M23,2067,2677,4744,8727,6857,15584,2013-11-01
M24,2851,3459,6310,14607,11461,26068,2013-11-01
M25,1614,1970,3584,10557,8955,19512,2013-11-01
M26,1706,2165,3871,11353,9476,20829,2013-11-01
M27,1998,2542,4540,13070,10682,23752,2013-11-01
M28,1522,1948,3470,13993,12337,26330,2013-11-01
M29,878,1157,2035,8358,7211,15569,2013-11-01
M30,2302,2777,5079,10729,8048,18777,2013-11-01
M31,660,778,1438,2399,1897,4296,2013-11-01
M32,1768,2111,3879,8914,7415,16329,2013-11-01
M33,2539,2958,5497,21628,19492,41120,2013-11-01
M34,2311,2921,5232,15574,12665,28239,2013-11-01
M35,1100,1349,2449,6702,5320,12022,2013-11-01
M38,939,1260,2199,3454,2282,5736,2013-11-01
M40,3507,4203,7710,10577,7257,17834,2013-11-01
M41,1762,2062,3824,14817,13404,28221,2013-11-01
M43,1236,1759,2995,7452,5968,13420,2013-11-01
M44,965,1330,2295,6389,5129,11518,2013-11-01
M45,1048,1447,2495,7792,6787,14579,2013-11-01
M46,958,1284,2242,7201,5569,12770,2013-11-01
M50,165,163,328,997,600,1597,2013-11-01
M60,37,12,49,66,16,82,2013-11-01
M90,1,0,1,1,0,1,2013-11-01
ME1,1549,1928,3477,10263,8629,18892,2013-11-01
ME2,1810,2457,4267,13886,11735,25621,2013-11-01
ME3,922,1262,2184,10476,9239,19715,2013-11-01
ME4,2184,2560,4744,8606,5856,14462,2013-11-01
ME5,2329,3313,5642,18822,16023,34845,2013-11-01
ME6,416,583,999,3620,3155,6775,2013-11-01
ME7,3127,4023,7150,15882,12339,28221,2013-11-01
ME8,1967,2600,4567,18303,16055,34358,2013-11-01
ME9,688,832,1520,8293,7436,15729,2013-11-01
ME10,2156,2765,4921,15866,13339,29205,2013-11-01
ME11,238,339,577,1044,783,1827,2013-11-01
ME12,1892,2488,4380,12520,9839,22359,2013-11-01
ME13,1109,1433,2542,9850,8591,18441,2013-11-01
ME14,1220,1429,2649,11759,10023,21782,2013-11-01
ME15,2125,2703,4828,16757,14014,30771,2013-11-01
ME16,1174,1574,2748,10970,9209,20179,2013-11-01
ME17,611,787,1398,8990,8059,17049,2013-11-01
ME18,217,247,464,2836,2661,5497,2013-11-01
ME19,647,757,1404,7867,7464,15331,2013-11-01
ME20,672,923,1595,7769,6983,14752,2013-11-01
MK1,64,56,120,281,158,439,2013-11-01
MK2,1101,1479,2580,4538,3273,7811,2013-11-01
MK3,1165,1501,2666,8034,6898,14932,2013-11-01
MK4,773,1134,1907,7365,6803,14168,2013-11-01
MK5,733,826,1559,5340,4996,10336,2013-11-01
MK6,2996,3577,6573,8240,5596,13836,2013-11-01
MK7,664,858,1522,5274,4806,10080,2013-11-01
MK8,568,797,1365,4427,3832,8259,2013-11-01
MK9,355,317,672,1163,635,1798,2013-11-01
MK10,410,535,945,3633,3344,6977,2013-11-01
MK11,435,566,1001,2769,2345,5114,2013-11-01
MK12,939,1144,2083,4286,3099,7385,2013-11-01
MK13,1403,1647,3050,6482,5251,11733,2013-11-01
MK14,1536,1890,3426,6810,5285,12095,2013-11-01
MK15,340,419,759,2803,2566,5369,2013-11-01
MK16,702,862,1564,7260,6628,13888,2013-11-01
MK17,434,498,932,7293,6821,14114,2013-11-01
MK18,1226,1376,2602,11842,11045,22887,2013-11-01
MK19,319,424,743,4560,4235,8795,2013-11-01
MK40,2275,2236,4511,9896,7204,17100,2013-11-01
MK41,1897,2383,4280,14848,13198,28046,2013-11-01
MK42,2640,3753,6393,13981,10968,24949,2013-11-01
MK43,1128,1197,2325,12900,11911,24811,2013-11-01
MK44,417,518,935,6590,6220,12810,2013-11-01
MK45,1337,1588,2925,17248,15942,33190,2013-11-01
MK46,230,291,521,3647,3461,7108,2013-11-01
ML1,2886,3842,6728,16457,12947,29404,2013-11-01
ML2,2078,2712,4790,12248,9566,21814,2013-11-01
ML3,2658,3577,6235,16759,13342,30101,2013-11-01
ML4,1348,1929,3277,6829,5158,11987,2013-11-01
ML5,2676,3499,6175,13717,10578,24295,2013-11-01
ML6,2720,3698,6418,17635,14108,31743,2013-11-01
ML7,721,1066,1787,5037,3798,8835,2013-11-01
ML8,657,950,1607,7043,6160,13203,2013-11-01
ML9,1124,1623,2747,7974,6401,14375,2013-11-01
ML10,379,467,846,3998,3695,7693,2013-11-01
ML11,1259,1924,3183,12378,10348,22726,2013-11-01
ML12,237,376,613,3378,3101,6479,2013-11-01
N1,9522,10282,19804,23355,16478,39833,2013-11-01
N2,2050,2124,4174,8841,7938,16779,2013-11-01
N3,2164,2399,4563,11229,9552,20781,2013-11-01
N4,6694,6209,12903,13916,9121,23037,2013-11-01
N5,2174,2415,4589,7099,5609,12708,2013-11-01
N6,1270,1505,2775,7153,6338,13491,2013-11-01
N7,5320,5522,10842,11853,7923,19776,2013-11-01
N8,4205,4237,8442,12375,9790,22165,2013-11-01
N9,5560,6762,12322,14176,10134,24310,2013-11-01
N10,2106,2537,4643,9166,7974,17140,2013-11-01
N11,2658,2884,5542,9958,7549,17507,2013-11-01
N12,2332,2595,4927,11724,9797,21521,2013-11-01
N13,2749,2938,5687,11557,8902,20459,2013-11-01
N14,1762,2070,3832,11457,9793,21250,2013-11-01
N15,7393,6507,13900,11751,6556,18307,2013-11-01
N16,8570,7598,16168,16484,10873,27357,2013-11-01
N17,10510,10502,21012,15750,9433,25183,2013-11-01
N18,3962,4551,8513,8692,5748,14440,2013-11-01
N19,3959,4464,8423,9580,7092,16672,2013-11-01
N20,1156,1319,2475,7746,7029,14775,2013-11-01
N21,1091,1260,2351,8869,8038,16907,2013-11-01
N22,5725,5571,11296,13059,8713,21772,2013-11-01
NE1,578,403,981,1558,668,2226,2013-11-01
NE2,1326,1194,2520,5455,3950,9405,2013-11-01
NE3,2616,3326,5942,17356,14915,32271,2013-11-01
NE4,4307,3685,7992,8199,4301,12500,2013-11-01
NE5,2722,3809,6531,13786,9848,23634,2013-11-01
NE6,3768,4309,8077,11149,7062,18211,2013-11-01
NE7,745,930,1675,5060,4269,9329,2013-11-01
NE8,2695,2772,5467,7567,4110,11677,2013-11-01
NE9,1949,2635,4584,11047,8247,19294,2013-11-01
NE10,2019,2818,4837,9967,6772,16739,2013-11-01
NE11,834,1239,2073,5078,3717,8795,2013-11-01
NE12,1692,2483,4175,10831,8535,19366,2013-11-01
NE13,479,619,1098,4406,3839,8245,2013-11-01
NE15,1875,2628,4503,9902,7146,17048,2013-11-01
NE16,929,1431,2360,8976,7316,16292,2013-11-01
NE17,229,324,553,1497,1181,2678,2013-11-01
NE18,27,31,58,365,357,722,2013-11-01
NE19,41,84,125,893,787,1680,2013-11-01
NE20,271,364,635,4993,4821,9814,2013-11-01
NE21,797,1172,1969,5437,4014,9451,2013-11-01
NE22,765,1026,1791,5972,4850,10822,2013-11-01
NE23,1716,2728,4444,13409,10782,24191,2013-11-01
NE24,1841,2574,4415,11675,8994,20669,2013-11-01
NE25,1123,1549,2672,10460,9368,19828,2013-11-01
NE26,773,930,1703,6927,6158,13085,2013-11-01
NE27,545,851,1396,3815,3151,6966,2013-11-01
NE28,2623,3819,6442,12857,9295,22152,2013-11-01
NE29,2168,2852,5020,9931,7593,17524,2013-11-01
NE30,887,1037,1924,7732,6928,14660,2013-11-01
NE31,1201,1538,2739,5573,4134,9707,2013-11-01
NE32,1535,1991,3526,7332,5458,12790,2013-11-01
NE33,2042,1958,4000,7706,5353,13059,2013-11-01
NE34,2926,3734,6660,15171,11480,26651,2013-11-01
NE35,317,423,740,2033,1564,3597,2013-11-01
NE36,246,292,538,2469,2177,4646,2013-11-01
NE37,1231,1831,3062,6012,4461,10473,2013-11-01
NE38,1708,2412,4120,10916,8663,19579,2013-11-01
NE39,295,495,790,3016,2575,5591,2013-11-01
NE40,601,908,1509,5252,4368,9620,2013-11-01
NE41,61,69,130,820,802,1622,2013-11-01
NE42,514,792,1306,4146,3689,7835,2013-11-01
NE43,93,136,229,1822,1721,3543,2013-11-01
NE44,16,28,44,435,440,875,2013-11-01
NE45,102,147,249,1406,1327,2733,2013-11-01
NE46,566,744,1310,5506,5094,10600,2013-11-01
NE47,223,314,537,3042,2826,5868,2013-11-01
NE48,109,158,267,1796,1557,3353,2013-11-01
NE49,148,252,400,1561,1209,2770,2013-11-01
NE61,1125,1579,2704,11671,10281,21952,2013-11-01
NE62,370,572,942,3256,2610,5866,2013-11-01
NE63,1417,2100,3517,8473,6233,14706,2013-11-01
NE64,359,503,862,1793,1317,3110,2013-11-01
NE65,588,899,1487,7594,6574,14168,2013-11-01
NE66,479,757,1236,6418,5727,12145,2013-11-01
NE67,15,20,35,365,353,718,2013-11-01
NE68,43,63,106,750,656,1406,2013-11-01
NE69,10,12,22,151,149,300,2013-11-01
NE70,45,80,125,681,636,1317,2013-11-01
NE71,77,124,201,1130,997,2127,2013-11-01
NE99,0,0,0,1,0,1,2013-11-01
NG1,719,576,1295,1792,929,2721,2013-11-01
NG2,3239,3900,7139,17516,14214,31730,2013-11-01
NG3,3218,4191,7409,13301,9995,23296,2013-11-01
NG4,1880,2673,4553,13679,11099,24778,2013-11-01
NG5,4920,6896,11816,26630,21487,48117,2013-11-01
NG6,2463,3530,5993,10222,7463,17685,2013-11-01
NG7,4662,4330,8992,9437,5124,14561,2013-11-01
NG8,4003,5632,9635,17191,12885,30076,2013-11-01
NG9,3512,4338,7850,24427,20313,44740,2013-11-01
NG10,2215,2856,5071,16275,13431,29706,2013-11-01
NG11,1884,2672,4556,11738,9147,20885,2013-11-01
NG12,1073,1513,2586,12519,11443,23962,2013-11-01
NG13,603,784,1387,7912,7240,15152,2013-11-01
NG14,579,720,1299,7259,6604,13863,2013-11-01
NG15,1689,2384,4073,13817,11505,25322,2013-11-01
NG16,2560,3420,5980,22877,18812,41689,2013-11-01
NG17,3122,4233,7355,23549,18848,42397,2013-11-01
NG18,2070,2563,4633,13447,11088,24535,2013-11-01
NG19,2240,3047,5287,17401,13887,31288,2013-11-01
NG20,1424,1954,3378,8079,5965,14044,2013-11-01
NG21,896,1189,2085,7684,6601,14285,2013-11-01
NG22,1034,1375,2409,9766,8337,18103,2013-11-01
NG23,401,497,898,7259,6813,14072,2013-11-01
NG24,1993,2601,4594,15236,12604,27840,2013-11-01
NG25,240,333,573,3346,3212,6558,2013-11-01
NG31,2068,2683,4751,14951,12081,27032,2013-11-01
NG32,330,408,738,5391,4981,10372,2013-11-01
NG33,237,342,579,3943,3596,7539,2013-11-01
NG34,1383,1672,3055,15120,13571,28691,2013-11-01
NN1,2659,2496,5155,8785,5868,14653,2013-11-01
NN2,2256,2590,4846,12342,9753,22095,2013-11-01
NN3,4204,5629,9833,24254,20167,44421,2013-11-01
NN4,1817,2452,4269,16738,14951,31689,2013-11-01
NN5,1913,2444,4357,12951,10373,23324,2013-11-01
NN6,915,1108,2023,13715,13010,26725,2013-11-01
NN7,747,996,1743,11455,10655,22110,2013-11-01
NN8,2890,3697,6587,16149,12936,29085,2013-11-01
NN9,892,1201,2093,10017,8707,18724,2013-11-01
NN10,1354,1847,3201,13813,11917,25730,2013-11-01
NN11,1518,2149,3667,14075,11987,26062,2013-11-01
NN12,620,894,1514,9664,8692,18356,2013-11-01
NN13,586,718,1304,7297,6722,14019,2013-11-01
NN14,1202,1604,2806,16610,15018,31628,2013-11-01
NN15,1244,1669,2913,12719,11349,24068,2013-11-01
NN16,1790,2074,3864,9480,7344,16824,2013-11-01
NN17,1641,2122,3763,8485,6495,14980,2013-11-01
NN18,2230,2916,5146,9986,7783,17769,2013-11-01
NN29,330,410,740,4472,4024,8496,2013-11-01
NP1,70,90,160,258,197,455,2013-11-01
NP2,15,19,34,101,59,160,2013-11-01
NP3,18,30,48,83,60,143,2013-11-01
NP4,1710,2420,4130,15332,12747,28079,2013-11-01
NP5,7,12,19,48,43,91,2013-11-01
NP6,26,25,51,122,76,198,2013-11-01
NP7,787,1063,1850,9682,8789,18471,2013-11-01
NP8,128,207,335,2210,2095,4305,2013-11-01
NP9,41,36,77,143,57,200,2013-11-01
NP10,797,1023,1820,8277,7541,15818,2013-11-01
NP11,1644,2282,3926,12159,9804,21963,2013-11-01
NP12,1288,1946,3234,11238,9194,20432,2013-11-01
NP13,953,1433,2386,6394,4546,10940,2013-11-01
NP15,149,186,335,3212,3019,6231,2013-11-01
NP16,792,1065,1857,8867,8070,16937,2013-11-01
NP18,530,715,1245,6456,5785,12241,2013-11-01
NP19,3168,4102,7270,15327,11291,26618,2013-11-01
NP20,3004,3710,6714,15017,11595,26612,2013-11-01
NP22,1071,1579,2650,6796,5059,11855,2013-11-01
NP23,1513,2191,3704,10676,8114,18790,2013-11-01
NP24,279,398,677,1399,980,2379,2013-11-01
NP25,484,534,1018,5646,5276,10922,2013-11-01
NP26,727,967,1694,8469,7506,15975,2013-11-01
NP44,2166,2949,5115,15743,12976,28719,2013-11-01
NR1,1582,1602,3184,7881,6031,13912,2013-11-01
NR2,1343,1581,2924,7652,6401,14053,2013-11-01
NR3,2165,2377,4542,9908,7403,17311,2013-11-01
NR4,958,1146,2104,6861,6069,12930,2013-11-01
NR5,1635,2053,3688,8722,6953,15675,2013-11-01
NR6,791,1013,1804,9240,7914,17154,2013-11-01
NR7,1048,1312,2360,11727,10308,22035,2013-11-01
NR8,513,619,1132,7665,7232,14897,2013-11-01
NR9,397,524,921,6785,6368,13153,2013-11-01
NR10,576,745,1321,8769,8036,16805,2013-11-01
NR11,477,634,1111,6943,6383,13326,2013-11-01
NR12,579,726,1305,8131,7370,15501,2013-11-01
NR13,662,784,1446,10507,9780,20287,2013-11-01
NR14,624,672,1296,9329,8766,18095,2013-11-01
NR15,377,506,883,6146,5873,12019,2013-11-01
NR16,296,457,753,4897,4485,9382,2013-11-01
NR17,453,557,1010,5938,5245,11183,2013-11-01
NR18,496,634,1130,6235,5773,12008,2013-11-01
NR19,673,934,1607,7067,6111,13178,2013-11-01
NR20,496,641,1137,7349,6600,13949,2013-11-01
NR21,481,641,1122,6020,5301,11321,2013-11-01
NR22,29,48,77,325,324,649,2013-11-01
NR23,118,143,261,1143,918,2061,2013-11-01
NR24,109,154,263,1723,1557,3280,2013-11-01
NR25,268,327,595,3265,2994,6259,2013-11-01
NR26,265,347,612,2915,2617,5532,2013-11-01
NR27,445,582,1027,3995,3465,7460,2013-11-01
NR28,592,691,1283,6233,5531,11764,2013-11-01
NR29,583,767,1350,8076,7065,15141,2013-11-01
NR30,1951,2200,4151,8920,6279,15199,2013-11-01
NR31,2318,2864,5182,16629,13415,30044,2013-11-01
NR32,1772,2021,3793,13068,10830,23898,2013-11-01
NR33,1559,1825,3384,13890,11826,25716,2013-11-01
NR34,635,818,1453,8505,7595,16100,2013-11-01
NR35,335,420,755,4096,3705,7801,2013-11-01
NW1,6697,6885,13582,15838,10304,26142,2013-11-01
NW2,10032,8880,18912,23702,15338,39040,2013-11-01
NW3,4360,5130,9490,19672,16349,36021,2013-11-01
NW4,3097,3287,6384,12256,9678,21934,2013-11-01
NW5,3048,3503,6551,7974,6157,14131,2013-11-01
NW6,7798,7762,15560,20974,15838,36812,2013-11-01
NW7,1730,2092,3822,9798,8559,18357,2013-11-01
NW8,3549,4405,7954,12236,9126,21362,2013-11-01
NW9,7634,7615,15249,21933,14824,36757,2013-11-01
NW10,15205,14046,29251,27648,17658,45306,2013-11-01
NW11,2948,3049,5997,13442,11629,25071,2013-11-01
OL1,1648,1839,3487,5355,3675,9030,2013-11-01
OL2,1750,2376,4126,14580,12350,26930,2013-11-01
OL3,450,525,975,5832,5448,11280,2013-11-01
OL4,2516,3089,5605,13731,10429,24160,2013-11-01
OL5,496,662,1158,3814,3252,7066,2013-11-01
OL6,1781,2236,4017,8768,6343,15111,2013-11-01
OL7,992,1328,2320,5126,3691,8817,2013-11-01
OL8,2905,3593,6498,10165,6428,16593,2013-11-01
OL9,2544,3006,5550,12103,8793,20896,2013-11-01
OL10,1577,1978,3555,8558,6853,15411,2013-11-01
OL11,2740,3311,6051,13937,10804,24741,2013-11-01
OL12,2322,2961,5283,14666,11896,26562,2013-11-01
OL13,727,985,1712,5238,4286,9524,2013-11-01
OL14,697,996,1693,5142,4372,9514,2013-11-01
OL15,536,693,1229,5293,4681,9974,2013-11-01
OL16,2243,2644,4887,11077,8591,19668,2013-11-01
OX1,1530,1212,2742,5955,4662,10617,2013-11-01
OX2,2570,2836,5406,12956,11783,24739,2013-11-01
OX3,2926,3627,6553,13003,10543,23546,2013-11-01
OX4,5089,5545,10634,17050,12383,29433,2013-11-01
OX5,1263,1347,2610,9053,7927,16980,2013-11-01
OX6,23,19,42,65,53,118,2013-11-01
OX7,771,1049,1820,9110,8493,17603,2013-11-01
OX8,35,37,72,178,159,337,2013-11-01
OX9,514,652,1166,5481,5111,10592,2013-11-01
OX10,992,1202,2194,9812,8931,18743,2013-11-01
OX11,1391,1806,3197,12128,10550,22678,2013-11-01
OX12,984,1242,2226,9815,8714,18529,2013-11-01
OX13,389,574,963,5211,4661,9872,2013-11-01
OX14,1939,2366,4305,16387,14400,30787,2013-11-01
OX15,540,589,1129,7485,7177,14662,2013-11-01
OX16,2488,3335,5823,15248,12096,27344,2013-11-01
OX17,419,544,963,7048,6632,13680,2013-11-01
OX18,852,1214,2066,9275,8292,17567,2013-11-01
OX20,165,200,365,1814,1764,3578,2013-11-01
OX25,314,447,761,3525,3254,6779,2013-11-01
OX26,1407,1865,3272,11501,9943,21444,2013-11-01
OX27,205,251,456,2579,2505,5084,2013-11-01
OX28,1172,1438,2610,9500,8491,17991,2013-11-01
OX29,771,891,1662,9258,8576,17834,2013-11-01
OX33,275,304,579,3094,2872,5966,2013-11-01
OX39,145,197,342,2860,2669,5529,2013-11-01
OX44,279,331,610,3294,3040,6334,2013-11-01
OX49,120,158,278,1637,1683,3320,2013-11-01
PA1,1238,1560,2798,6612,5190,11802,2013-11-01
PA2,2161,2870,5031,12893,10643,23536,2013-11-01
PA3,1804,2266,4070,6459,4496,10955,2013-11-01
PA4,1245,1694,2939,7596,6163,13759,2013-11-01
PA5,1349,1743,3092,6759,5188,11947,2013-11-01
PA6,167,242,409,2630,2604,5234,2013-11-01
PA7,194,275,469,2108,1843,3951,2013-11-01
PA8,723,966,1689,5305,4657,9962,2013-11-01
PA9,51,71,122,684,613,1297,2013-11-01
PA10,149,203,352,1461,1331,2792,2013-11-01
PA11,211,296,507,2194,2010,4204,2013-11-01
PA12,140,187,327,1262,1195,2457,2013-11-01
PA13,124,160,284,1808,1814,3622,2013-11-01
PA14,1272,1559,2831,4783,3728,8511,2013-11-01
PA15,1338,1522,2860,4403,3205,7608,2013-11-01
PA16,1906,2251,4157,8780,7451,16231,2013-11-01
PA17,77,81,158,927,796,1723,2013-11-01
PA18,74,129,203,1028,988,2016,2013-11-01
PA19,522,677,1199,4087,3612,7699,2013-11-01
PA20,336,459,795,2147,1738,3885,2013-11-01
PA21,42,37,79,327,277,604,2013-11-01
PA22,8,6,14,144,121,265,2013-11-01
PA23,718,970,1688,4290,3875,8165,2013-11-01
PA24,22,20,42,208,156,364,2013-11-01
PA25,0,4,4,25,22,47,2013-11-01
PA26,8,6,14,62,41,103,2013-11-01
PA27,14,37,51,298,284,582,2013-11-01
PA28,352,472,824,2568,2152,4720,2013-11-01
PA29,102,109,211,921,813,1734,2013-11-01
PA30,53,73,126,538,493,1031,2013-11-01
PA31,196,257,453,1955,1687,3642,2013-11-01
PA32,32,60,92,516,430,946,2013-11-01
PA33,34,38,72,312,256,568,2013-11-01
PA34,586,714,1300,3795,3246,7041,2013-11-01
PA35,48,63,111,544,505,1049,2013-11-01
PA36,2,1,3,20,15,35,2013-11-01
PA37,115,150,265,1128,1003,2131,2013-11-01
PA38,38,41,79,356,329,685,2013-11-01
PA39,2,0,2,4,11,15,2013-11-01
PA40,1,3,4,5,3,8,2013-11-01
PA41,7,8,15,48,47,95,2013-11-01
PA42,57,82,139,411,334,745,2013-11-01
PA43,49,65,114,299,240,539,2013-11-01
PA44,6,9,15,131,106,237,2013-11-01
PA45,11,13,24,57,37,94,2013-11-01
PA46,6,10,16,82,64,146,2013-11-01
PA47,5,9,14,69,65,134,2013-11-01
PA48,19,18,37,117,106,223,2013-11-01
PA49,5,10,15,73,62,135,2013-11-01
PA60,8,25,33,85,69,154,2013-11-01
PA61,7,20,27,57,55,112,2013-11-01
PA62,2,2,4,11,9,20,2013-11-01
PA63,1,0,1,3,5,8,2013-11-01
PA64,1,4,5,40,38,78,2013-11-01
PA65,9,14,23,86,79,165,2013-11-01
PA66,4,10,14,73,64,137,2013-11-01
PA67,17,18,35,108,111,219,2013-11-01
PA68,0,0,0,5,4,9,2013-11-01
PA69,1,2,3,9,9,18,2013-11-01
PA70,4,4,8,31,24,55,2013-11-01
PA71,2,0,2,24,16,40,2013-11-01
PA72,15,17,32,181,168,349,2013-11-01
PA73,1,2,3,30,27,57,2013-11-01
PA74,0,1,1,15,15,30,2013-11-01
PA75,55,73,128,536,506,1042,2013-11-01
PA76,5,9,14,55,59,114,2013-11-01
PA77,29,40,69,254,257,511,2013-11-01
PA78,12,17,29,68,74,142,2013-11-01
PA80,7,4,11,11,2,13,2013-11-01
PA81,1,5,6,18,12,30,2013-11-01
PA82,4,5,9,19,16,35,2013-11-01
PA83,0,0,0,2,1,3,2013-11-01
PA84,0,1,1,2,2,4,2013-11-01
PA85,4,2,6,3,4,7,2013-11-01
PA86,24,36,60,118,108,226,2013-11-01
PA87,11,17,28,24,24,48,2013-11-01
PA88,3,1,4,9,1,10,2013-11-01
PE1,3989,4188,8177,13591,8731,22322,2013-11-01
PE2,2345,3082,5427,14748,11967,26715,2013-11-01
PE3,1967,2632,4599,9442,6995,16437,2013-11-01
PE4,1345,1816,3161,9497,8247,17744,2013-11-01
PE5,36,41,77,597,552,1149,2013-11-01
PE6,1102,1434,2536,14062,12848,26910,2013-11-01
PE7,1358,1787,3145,15420,13659,29079,2013-11-01
PE8,506,694,1200,6619,6094,12713,2013-11-01
PE9,1150,1395,2545,11793,10918,22711,2013-11-01
PE10,662,847,1509,8163,7385,15548,2013-11-01
PE11,1530,1858,3388,15119,12891,28010,2013-11-01
PE12,1197,1588,2785,15225,13091,28316,2013-11-01
PE13,1615,1829,3444,11667,9738,21405,2013-11-01
PE14,672,821,1493,8303,7476,15779,2013-11-01
PE15,963,1230,2193,10535,9007,19542,2013-11-01
PE16,335,422,757,3958,3329,7287,2013-11-01
PE17,39,22,61,100,72,172,2013-11-01
PE18,38,77,115,110,97,207,2013-11-01
PE19,1553,2064,3617,16191,14294,30485,2013-11-01
PE20,466,596,1062,5361,4656,10017,2013-11-01
PE21,2047,2340,4387,13087,10711,23798,2013-11-01
PE22,499,598,1097,6765,5904,12669,2013-11-01
PE23,284,323,607,3311,3013,6324,2013-11-01
PE24,436,523,959,4648,3719,8367,2013-11-01
PE25,1047,1284,2331,7068,5455,12523,2013-11-01
PE26,386,534,920,4409,3914,8323,2013-11-01
PE27,752,979,1731,7422,6376,13798,2013-11-01
PE28,1382,1747,3129,18177,16999,35176,2013-11-01
PE29,1485,1985,3470,9418,7793,17211,2013-11-01
PE30,2176,2741,4917,13604,11371,24975,2013-11-01
PE31,469,592,1061,7672,7063,14735,2013-11-01
PE32,387,488,875,6231,5693,11924,2013-11-01
PE33,397,563,960,6084,5352,11436,2013-11-01
PE34,428,553,981,5472,4776,10248,2013-11-01
PE35,1,1,2,33,34,67,2013-11-01
PE36,217,259,476,2261,2071,4332,2013-11-01
PE37,315,430,745,3741,3192,6933,2013-11-01
PE38,416,503,919,5350,4556,9906,2013-11-01
PH1,2293,2989,5282,14087,11745,25832,2013-11-01
PH2,1395,1764,3159,12201,10863,23064,2013-11-01
PH3,206,254,460,2169,2066,4235,2013-11-01
PH4,21,46,67,323,291,614,2013-11-01
PH5,22,53,75,345,312,657,2013-11-01
PH6,81,109,190,946,957,1903,2013-11-01
PH7,372,484,856,3284,2967,6251,2013-11-01
PH8,80,99,179,785,741,1526,2013-11-01
PH9,23,42,65,379,334,713,2013-11-01
PH10,413,530,943,4019,3561,7580,2013-11-01
PH11,123,195,318,1316,1141,2457,2013-11-01
PH12,41,73,114,824,704,1528,2013-11-01
PH13,166,204,370,1537,1291,2828,2013-11-01
PH14,34,76,110,723,713,1436,2013-11-01
PH15,139,198,337,1349,1167,2516,2013-11-01
PH16,165,192,357,1497,1324,2821,2013-11-01
PH17,9,8,17,68,56,124,2013-11-01
PH18,31,40,71,312,262,574,2013-11-01
PH19,4,7,11,46,32,78,2013-11-01
PH20,58,87,145,602,533,1135,2013-11-01
PH21,86,116,202,821,731,1552,2013-11-01
PH22,191,247,438,1137,958,2095,2013-11-01
PH23,27,38,65,328,303,631,2013-11-01
PH24,21,30,51,269,247,516,2013-11-01
PH25,23,26,49,348,310,658,2013-11-01
PH26,148,160,308,1351,1230,2581,2013-11-01
PH30,0,0,0,6,2,8,2013-11-01
PH31,24,25,49,233,202,435,2013-11-01
PH32,37,44,81,269,236,505,2013-11-01
PH33,671,949,1620,4039,3199,7238,2013-11-01
PH34,32,40,72,421,375,796,2013-11-01
PH35,16,20,36,125,106,231,2013-11-01
PH36,40,62,102,494,429,923,2013-11-01
PH37,10,13,23,63,54,117,2013-11-01
PH38,13,14,27,72,69,141,2013-11-01
PH39,23,21,44,139,149,288,2013-11-01
PH40,21,22,43,119,95,214,2013-11-01
PH41,72,62,134,362,319,681,2013-11-01
PH42,2,8,10,34,22,56,2013-11-01
PH43,1,1,2,12,8,20,2013-11-01
PH44,2,2,4,3,3,6,2013-11-01
PH49,39,68,107,426,351,777,2013-11-01
PH50,45,72,117,306,241,547,2013-11-01
PL1,1846,1857,3703,6194,3863,10057,2013-11-01
PL2,2095,2561,4656,9399,7361,16760,2013-11-01
PL3,1571,1893,3464,10400,8993,19393,2013-11-01
PL4,2285,2184,4469,8054,5517,13571,2013-11-01
PL5,2586,3481,6067,13092,10563,23655,2013-11-01
PL6,1779,2406,4185,14869,12757,27626,2013-11-01
PL7,1072,1413,2485,11703,10751,22454,2013-11-01
PL8,165,157,322,2378,2324,4702,2013-11-01
PL9,886,1221,2107,10623,9688,20311,2013-11-01
PL10,138,193,331,1352,1157,2509,2013-11-01
PL11,482,622,1104,3956,3405,7361,2013-11-01
PL12,759,970,1729,8451,7641,16092,2013-11-01
PL13,351,449,800,3688,3157,6845,2013-11-01
PL14,730,1045,1775,8589,7859,16448,2013-11-01
PL15,551,743,1294,7457,6801,14258,2013-11-01
PL16,49,58,107,800,755,1555,2013-11-01
PL17,307,371,678,3956,3526,7482,2013-11-01
PL18,158,246,404,1978,1875,3853,2013-11-01
PL19,549,671,1220,6197,5807,12004,2013-11-01
PL20,397,509,906,4621,4385,9006,2013-11-01
PL21,577,768,1345,6860,6566,13426,2013-11-01
PL22,125,147,272,1317,1269,2586,2013-11-01
PL23,107,125,232,1229,1174,2403,2013-11-01
PL24,411,535,946,3590,3201,6791,2013-11-01
PL25,980,1198,2178,8744,7703,16447,2013-11-01
PL26,981,1172,2153,9899,8697,18596,2013-11-01
PL27,371,499,870,4472,4231,8703,2013-11-01
PL28,155,200,355,1561,1444,3005,2013-11-01
PL29,36,27,63,380,345,725,2013-11-01
PL30,262,295,557,4240,3988,8228,2013-11-01
PL31,649,778,1427,4925,4181,9106,2013-11-01
PL32,124,168,292,1549,1446,2995,2013-11-01
PL33,53,73,126,699,654,1353,2013-11-01
PL34,52,66,118,688,609,1297,2013-11-01
PL35,22,43,65,399,370,769,2013-11-01
PO1,2184,2499,4683,6596,4225,10821,2013-11-01
PO2,2932,3736,6668,12614,9587,22201,2013-11-01
PO3,1020,1244,2264,6691,5519,12210,2013-11-01
PO4,2405,2756,5161,12175,9796,21971,2013-11-01
PO5,2139,2131,4270,7346,4904,12250,2013-11-01
PO6,2340,2874,5214,13489,11180,24669,2013-11-01
PO7,1526,1909,3435,15109,13643,28752,2013-11-01
PO8,1159,1484,2643,13374,12258,25632,2013-11-01
PO9,2834,3674,6508,15493,12882,28375,2013-11-01
PO10,569,726,1295,7209,6543,13752,2013-11-01
PO11,607,680,1287,7016,6445,13461,2013-11-01
PO12,2453,2916,5369,15907,13385,29292,2013-11-01
PO13,1720,2380,4100,11608,10148,21756,2013-11-01
PO14,1124,1322,2446,12808,11731,24539,2013-11-01
PO15,736,864,1600,8439,7676,16115,2013-11-01
PO16,1138,1374,2512,12208,10819,23027,2013-11-01
PO17,182,196,378,2542,2320,4862,2013-11-01
PO18,394,470,864,5438,5233,10671,2013-11-01
PO19,1448,1652,3100,9607,9149,18756,2013-11-01
PO20,1039,1296,2335,12824,11937,24761,2013-11-01
PO21,1753,1916,3669,13349,11716,25065,2013-11-01
PO22,1081,1250,2331,10718,9847,20565,2013-11-01
PO30,1276,1550,2826,9758,8828,18586,2013-11-01
PO31,650,745,1395,5238,4794,10032,2013-11-01
PO32,357,441,798,2725,2410,5135,2013-11-01
PO33,1522,1903,3425,10427,9247,19674,2013-11-01
PO34,54,61,115,937,941,1878,2013-11-01
PO35,162,144,306,1427,1374,2801,2013-11-01
PO36,782,896,1678,5756,5137,10893,2013-11-01
PO37,436,489,925,3278,2814,6092,2013-11-01
PO38,526,663,1189,4966,4385,9351,2013-11-01
PO39,77,105,182,948,872,1820,2013-11-01
PO40,219,266,485,2017,1885,3902,2013-11-01
PO41,62,76,138,960,934,1894,2013-11-01
PR1,4364,5040,9404,19692,14333,34025,2013-11-01
PR2,3676,4705,8381,26047,21905,47952,2013-11-01
PR3,830,1155,1985,15071,13928,28999,2013-11-01
PR4,1687,2222,3909,22833,20754,43587,2013-11-01
PR5,1468,1985,3453,14722,12882,27604,2013-11-01
PR6,1166,1499,2665,12769,11282,24051,2013-11-01
PR7,1801,2374,4175,20376,17910,38286,2013-11-01
PR8,2306,2750,5056,18869,16944,35813,2013-11-01
PR9,1628,2137,3765,14922,12939,27861,2013-11-01
PR25,1219,1593,2812,10632,9249,19881,2013-11-01
PR26,422,523,945,5136,4619,9755,2013-11-01
RG1,4719,4418,9137,13642,8219,21861,2013-11-01
RG2,2919,3259,6178,12233,9317,21550,2013-11-01
RG3,18,11,29,78,32,110,2013-11-01
RG4,1600,2001,3601,15191,13836,29027,2013-11-01
RG5,1007,1225,2232,10007,8998,19005,2013-11-01
RG6,1837,2004,3841,13969,12047,26016,2013-11-01
RG7,976,1234,2210,12683,11776,24459,2013-11-01
RG8,713,698,1411,7757,7374,15131,2013-11-01
RG9,866,881,1747,9289,8916,18205,2013-11-01
RG10,559,607,1166,7537,7316,14853,2013-11-01
RG11,19,18,37,55,43,98,2013-11-01
RG12,2696,3506,6202,19579,16458,36037,2013-11-01
RG13,14,22,36,43,39,82,2013-11-01
RG14,1689,1998,3687,13706,11722,25428,2013-11-01
RG15,12,20,32,62,61,123,2013-11-01
RG16,19,14,33,124,98,222,2013-11-01
RG17,527,606,1133,5851,5382,11233,2013-11-01
RG18,629,782,1411,7207,6538,13745,2013-11-01
RG19,595,785,1380,6341,5705,12046,2013-11-01
RG20,566,731,1297,8015,7530,15545,2013-11-01
RG21,1700,2041,3741,9174,7016,16190,2013-11-01
RG22,1856,2485,4341,15083,13013,28096,2013-11-01
RG23,541,656,1197,4737,4176,8913,2013-11-01
RG24,1240,1785,3025,11569,10181,21750,2013-11-01
RG25,254,301,555,3518,3166,6684,2013-11-01
RG26,694,854,1548,8904,8045,16949,2013-11-01
RG27,560,600,1160,8488,8243,16731,2013-11-01
RG28,206,256,462,2161,1941,4102,2013-11-01
RG29,153,269,422,2574,2393,4967,2013-11-01
RG30,3274,3883,7157,14904,11217,26121,2013-11-01
RG31,1150,1438,2588,11039,9943,20982,2013-11-01
RG40,864,983,1847,10911,10390,21301,2013-11-01
RG41,922,1080,2002,11408,10869,22277,2013-11-01
RG42,970,1097,2067,9991,9463,19454,2013-11-01
RG45,452,494,946,5494,5282,10776,2013-11-01
RH1,2012,2520,4532,17119,15203,32322,2013-11-01
RH2,858,980,1838,9664,9239,18903,2013-11-01
RH3,124,125,249,1753,1760,3513,2013-11-01
RH4,616,700,1316,5660,5296,10956,2013-11-01
RH5,564,612,1176,6833,6372,13205,2013-11-01
RH6,1262,1353,2615,11636,10441,22077,2013-11-01
RH7,429,362,791,3528,3111,6639,2013-11-01
RH8,548,628,1176,5822,5727,11549,2013-11-01
RH9,164,217,381,2061,2072,4133,2013-11-01
RH10,3211,3572,6783,24597,21016,45613,2013-11-01
RH11,3868,4784,8652,18508,14291,32799,2013-11-01
RH12,1463,1812,3275,16653,15594,32247,2013-11-01
RH13,1223,1409,2632,14601,13652,28253,2013-11-01
RH14,434,478,912,5884,5387,11271,2013-11-01
RH15,1243,1417,2660,11314,10391,21705,2013-11-01
RH16,1336,1664,3000,12368,11499,23867,2013-11-01
RH17,603,680,1283,7339,7022,14361,2013-11-01
RH18,253,271,524,1852,1850,3702,2013-11-01
RH19,1276,1516,2792,13203,12192,25395,2013-11-01
RH20,652,736,1388,10330,10078,20408,2013-11-01
RM1,1079,1249,2328,6962,5846,12808,2013-11-01
RM2,521,609,1130,4855,4371,9226,2013-11-01
RM3,2464,3234,5698,12762,10265,23027,2013-11-01
RM4,113,143,256,1853,1719,3572,2013-11-01
RM5,1005,1316,2321,6651,5734,12385,2013-11-01
RM6,2593,2969,5562,10108,7845,17953,2013-11-01
RM7,1638,2188,3826,9229,7490,16719,2013-11-01
RM8,3666,4339,8005,10837,7711,18548,2013-11-01
RM9,3133,4013,7146,9589,6647,16236,2013-11-01
RM10,3371,4283,7654,10113,6964,17077,2013-11-01
RM11,1220,1406,2626,12097,10985,23082,2013-11-01
RM12,1589,1942,3531,12458,10550,23008,2013-11-01
RM13,1609,1993,3602,9868,8217,18085,2013-11-01
RM14,883,962,1845,10507,9584,20091,2013-11-01
RM15,1554,1912,3466,9039,7316,16355,2013-11-01
RM16,1704,2252,3956,14187,12262,26449,2013-11-01
RM17,1631,2143,3774,8968,6762,15730,2013-11-01
RM18,1168,1600,2768,4919,3826,8745,2013-11-01
RM19,419,615,1034,2189,1618,3807,2013-11-01
RM20,383,468,851,1639,1104,2743,2013-11-01
S1,372,262,634,805,356,1161,2013-11-01
S2,3303,3846,7149,9303,5636,14939,2013-11-01
S3,1541,1198,2739,2859,1266,4125,2013-11-01
S4,1185,1219,2404,2926,1589,4515,2013-11-01
S5,4085,5413,9498,15012,10039,25051,2013-11-01
S6,2756,3441,6197,18445,14655,33100,2013-11-01
S7,1168,1032,2200,5735,4675,10410,2013-11-01
S8,2261,2908,5169,14448,11742,26190,2013-11-01
S9,1923,2305,4228,7749,4676,12425,2013-11-01
S10,1891,1901,3792,12768,11205,23973,2013-11-01
S11,1481,1610,3091,10377,9313,19690,2013-11-01
S12,1360,2186,3546,11684,8665,20349,2013-11-01
S13,1404,1939,3343,9552,7185,16737,2013-11-01
S14,678,864,1542,2037,1219,3256,2013-11-01
S17,438,510,948,5995,5736,11731,2013-11-01
S18,672,910,1582,9664,8723,18387,2013-11-01
S19,3,3,6,26,17,43,2013-11-01
S20,1049,1629,2678,10885,8927,19812,2013-11-01
S21,801,1076,1877,7404,5979,13383,2013-11-01
S25,791,1157,1948,7363,6214,13577,2013-11-01
S26,823,1311,2134,9330,7772,17102,2013-11-01
S30,16,22,38,156,136,292,2013-11-01
S31,11,26,37,58,21,79,2013-11-01
S32,135,197,332,2300,2247,4547,2013-11-01
S33,139,163,302,1911,1783,3694,2013-11-01
S35,1302,1812,3114,15128,13032,28160,2013-11-01
S36,833,1236,2069,10049,8672,18721,2013-11-01
S40,1518,2110,3628,11768,9648,21416,2013-11-01
S41,1654,2199,3853,11674,9363,21037,2013-11-01
S42,1012,1367,2379,10311,8641,18952,2013-11-01
S43,1728,2566,4294,13523,10424,23947,2013-11-01
S44,1002,1345,2347,7256,5726,12982,2013-11-01
S45,542,769,1311,4615,3714,8329,2013-11-01
S60,1629,2268,3897,12642,9803,22445,2013-11-01
S61,1881,2547,4428,11171,8363,19534,2013-11-01
S62,997,1336,2333,5955,4398,10353,2013-11-01
S63,2224,2911,5135,11608,8597,20205,2013-11-01
S64,1616,2107,3723,9454,7157,16611,2013-11-01
S65,2312,2777,5089,9574,6516,16090,2013-11-01
S66,1902,2767,4669,15253,12398,27651,2013-11-01
S70,2124,2728,4852,11273,8195,19468,2013-11-01
S71,2424,3090,5514,14318,10741,25059,2013-11-01
S72,1251,1735,2986,8048,6263,14311,2013-11-01
S73,1307,1865,3172,8495,6596,15091,2013-11-01
S74,845,1220,2065,5625,4330,9955,2013-11-01
S75,1519,2056,3575,15760,13397,29157,2013-11-01
S80,1553,2011,3564,9483,7195,16678,2013-11-01
S81,1349,1854,3203,13496,11671,25167,2013-11-01
SA1,3389,3701,7090,12509,8129,20638,2013-11-01
SA2,1509,1700,3209,12640,11108,23748,2013-11-01
SA3,710,851,1561,10349,9886,20235,2013-11-01
SA4,1313,1826,3139,15912,14460,30372,2013-11-01
SA5,1860,2697,4557,11100,8662,19762,2013-11-01
SA6,1430,2080,3510,11322,9374,20696,2013-11-01
SA7,510,749,1259,5239,4640,9879,2013-11-01
SA8,420,573,993,4403,3924,8327,2013-11-01
SA9,500,710,1210,5482,4617,10099,2013-11-01
SA10,970,1421,2391,10672,9093,19765,2013-11-01
SA11,1589,2198,3787,11866,9266,21132,2013-11-01
SA12,1638,2148,3786,10381,8358,18739,2013-11-01
SA13,903,1231,2134,6479,5014,11493,2013-11-01
SA14,1094,1450,2544,11655,10234,21889,2013-11-01
SA15,1589,1910,3499,11702,9530,21232,2013-11-01
SA16,269,425,694,3023,2560,5583,2013-11-01
SA17,330,405,735,3210,2737,5947,2013-11-01
SA18,1071,1323,2394,10383,9119,19502,2013-11-01
SA19,252,334,586,3831,3502,7333,2013-11-01
SA20,120,132,252,1335,1138,2473,2013-11-01
SA31,621,846,1467,5271,4814,10085,2013-11-01
SA32,149,170,319,3081,2944,6025,2013-11-01
SA33,294,401,695,5045,4555,9600,2013-11-01
SA34,153,159,312,2055,1778,3833,2013-11-01
SA35,19,27,46,346,316,662,2013-11-01
SA36,7,11,18,140,130,270,2013-11-01
SA37,36,36,72,573,528,1101,2013-11-01
SA38,137,170,307,1724,1588,3312,2013-11-01
SA39,65,77,142,1013,872,1885,2013-11-01
SA40,109,117,226,1091,963,2054,2013-11-01
SA41,63,49,112,808,744,1552,2013-11-01
SA42,63,85,148,828,766,1594,2013-11-01
SA43,420,556,976,4757,4211,8968,2013-11-01
SA44,284,365,649,4460,4115,8575,2013-11-01
SA45,71,54,125,619,537,1156,2013-11-01
SA46,90,98,188,988,849,1837,2013-11-01
SA47,38,40,78,406,363,769,2013-11-01
SA48,325,335,660,3199,2922,6121,2013-11-01
SA61,662,947,1609,4656,4091,8747,2013-11-01
SA62,538,733,1271,7895,7319,15214,2013-11-01
SA63,29,32,61,490,464,954,2013-11-01
SA64,76,133,209,827,675,1502,2013-11-01
SA65,151,207,358,1508,1333,2841,2013-11-01
SA66,69,84,153,1228,1199,2427,2013-11-01
SA67,174,265,439,2700,2535,5235,2013-11-01
SA68,105,137,242,1569,1394,2963,2013-11-01
SA69,88,150,238,1472,1285,2757,2013-11-01
SA70,375,486,861,3419,2998,6417,2013-11-01
SA71,433,502,935,3836,3271,7107,2013-11-01
SA72,462,609,1071,3380,2865,6245,2013-11-01
SA73,863,1140,2003,6864,5716,12580,2013-11-01
SA99,0,1,1,0,0,0,2013-11-01
SE1,7667,7610,15277,16724,9908,26632,2013-11-01
SE2,2791,3524,6315,7387,5387,12774,2013-11-01
SE3,2521,2956,5477,10600,8970,19570,2013-11-01
SE4,3302,3658,6960,7705,6126,13831,2013-11-01
SE5,7012,7437,14449,11150,7298,18448,2013-11-01
SE6,5694,6632,12326,14064,11280,25344,2013-11-01
SE7,2421,2705,5126,5839,4105,9944,2013-11-01
SE8,4069,4275,8344,6321,3866,10187,2013-11-01
SE9,4233,5150,9383,19863,16466,36329,2013-11-01
SE10,1892,2193,4085,6622,5228,11850,2013-11-01
SE11,2909,3038,5947,5794,3436,9230,2013-11-01
SE12,2197,2573,4770,8241,6965,15206,2013-11-01
SE13,4787,4840,9627,10803,8310,19113,2013-11-01
SE14,3559,3562,7121,6008,3839,9847,2013-11-01
SE15,10571,10634,21205,14741,9853,24594,2013-11-01
SE16,4796,5419,10215,12255,8087,20342,2013-11-01
SE17,5654,5759,11413,7362,4010,11372,2013-11-01
SE18,10343,10459,20802,18933,12389,31322,2013-11-01
SE19,2533,3048,5581,8659,7000,15659,2013-11-01
SE20,2231,2651,4882,6415,5137,11552,2013-11-01
SE21,1237,1454,2691,4906,4446,9352,2013-11-01
SE22,2871,3138,6009,8856,7634,16490,2013-11-01
SE23,3172,3734,6906,9786,7963,17749,2013-11-01
SE24,1742,1859,3601,5480,4669,10149,2013-11-01
SE25,3624,4233,7857,9849,7992,17841,2013-11-01
SE26,2788,3305,6093,8043,6685,14728,2013-11-01
SE27,2347,2625,4972,5980,4732,10712,2013-11-01
SE28,3095,3982,7077,7077,4877,11954,2013-11-01
SG1,2780,3567,6347,17526,14428,31954,2013-11-01
SG2,2023,2802,4825,14863,12608,27471,2013-11-01
SG3,225,247,472,2784,2638,5422,2013-11-01
SG4,1097,1283,2380,11096,10239,21335,2013-11-01
SG5,1224,1411,2635,11587,10419,22006,2013-11-01
SG6,1566,2007,3573,11753,10164,21917,2013-11-01
SG7,457,557,1014,4956,4607,9563,2013-11-01
SG8,1346,1497,2843,15140,13361,28501,2013-11-01
SG9,235,310,545,3912,3689,7601,2013-11-01
SG10,38,49,87,772,736,1508,2013-11-01
SG11,212,210,422,3241,2981,6222,2013-11-01
SG12,1071,1256,2327,11103,10144,21247,2013-11-01
SG13,652,664,1316,6004,5629,11633,2013-11-01
SG14,790,855,1645,7183,6610,13793,2013-11-01
SG15,201,246,447,2103,1840,3943,2013-11-01
SG16,161,223,384,2311,2167,4478,2013-11-01
SG17,390,462,852,4559,4268,8827,2013-11-01
SG18,797,1040,1837,9002,7887,16889,2013-11-01
SG19,736,1025,1761,9459,8356,17815,2013-11-01
SK1,585,729,1314,3445,2589,6034,2013-11-01
SK2,1342,1649,2991,10506,9052,19558,2013-11-01
SK3,1517,1989,3506,8612,7138,15750,2013-11-01
SK4,1675,1799,3474,12751,11379,24130,2013-11-01
SK5,1814,2265,4079,8694,6879,15573,2013-11-01
SK6,1775,2250,4025,19037,17217,36254,2013-11-01
SK7,1260,1500,2760,16333,15430,31763,2013-11-01
SK8,2113,2556,4669,22797,21124,43921,2013-11-01
SK9,1241,1510,2751,15175,14385,29560,2013-11-01
SK10,1321,1568,2889,15245,14408,29653,2013-11-01
SK11,1429,1787,3216,13316,11805,25121,2013-11-01
SK12,524,579,1103,7944,7579,15523,2013-11-01
SK13,1368,1810,3178,11669,10230,21899,2013-11-01
SK14,2490,3044,5534,14766,12222,26988,2013-11-01
SK15,1313,1683,2996,9281,7758,17039,2013-11-01
SK16,924,1230,2154,6500,5142,11642,2013-11-01
SK17,1023,1332,2355,11590,9779,21369,2013-11-01
SK22,464,597,1061,4607,3977,8584,2013-11-01
SK23,508,644,1152,6617,6003,12620,2013-11-01
SL0,392,451,843,4676,4155,8831,2013-11-01
SL1,6379,6119,12498,23987,17522,41509,2013-11-01
SL2,4117,4714,8831,18524,14206,32730,2013-11-01
SL3,2334,3082,5416,16769,13872,30641,2013-11-01
SL4,1898,2234,4132,16755,15088,31843,2013-11-01
SL5,1002,1187,2189,9711,9793,19504,2013-11-01
SL6,3322,3781,7103,30979,28175,59154,2013-11-01
SL7,707,805,1512,8485,8287,16772,2013-11-01
SL8,196,199,395,2623,2555,5178,2013-11-01
SL9,834,862,1696,8900,8955,17855,2013-11-01
SM1,2287,2763,5050,13447,11182,24629,2013-11-01
SM2,1195,1625,2820,10637,9599,20236,2013-11-01
SM3,1102,1165,2267,7720,6871,14591,2013-11-01
SM4,2873,3021,5894,12595,9661,22256,2013-11-01
SM5,2251,2855,5106,12858,11332,24190,2013-11-01
SM6,2138,2640,4778,12526,11067,23593,2013-11-01
SM7,571,569,1140,7162,7165,14327,2013-11-01
SN1,2440,2087,4527,9446,6199,15645,2013-11-01
SN2,2424,3081,5505,13232,9983,23215,2013-11-01
SN3,2595,3418,6013,18085,14650,32735,2013-11-01
SN4,952,1168,2120,10758,9625,20383,2013-11-01
SN5,1446,1999,3445,12615,10902,23517,2013-11-01
SN6,708,909,1617,8473,7608,16081,2013-11-01
SN7,425,587,1012,5144,4726,9870,2013-11-01
SN8,853,942,1795,9261,8716,17977,2013-11-01
SN9,253,322,575,3110,2925,6035,2013-11-01
SN10,1034,1354,2388,11584,10536,22120,2013-11-01
SN11,733,1014,1747,8052,7245,15297,2013-11-01
SN12,877,1071,1948,9393,8331,17724,2013-11-01
SN13,540,690,1230,6076,5788,11864,2013-11-01
SN14,1019,1215,2234,10465,9557,20022,2013-11-01
SN15,1159,1569,2728,12993,11463,24456,2013-11-01
SN16,353,370,723,5578,5225,10803,2013-11-01
SN25,938,1250,2188,12661,11165,23826,2013-11-01
SN26,62,54,116,713,605,1318,2013-11-01
SO1,20,25,45,67,31,98,2013-11-01
SO2,53,26,79,105,47,152,2013-11-01
SO3,22,16,38,102,63,165,2013-11-01
SO4,10,20,30,68,45,113,2013-11-01
SO5,10,13,23,48,34,82,2013-11-01
SO9,17,12,29,29,8,37,2013-11-01
SO14,2605,2095,4700,6304,3160,9464,2013-11-01
SO15,2408,2547,4955,12248,9551,21799,2013-11-01
SO16,3760,4830,8590,21149,16876,38025,2013-11-01
SO17,1202,1142,2344,4804,3377,8181,2013-11-01
SO18,1815,2196,4011,12320,10060,22380,2013-11-01
SO19,3059,4046,7105,18050,14784,32834,2013-11-01
SO20,256,291,547,3418,3067,6485,2013-11-01
SO21,527,651,1178,7721,7502,15223,2013-11-01
SO22,1366,1472,2838,9443,8432,17875,2013-11-01
SO23,1039,1123,2162,6966,6378,13344,2013-11-01
SO24,353,374,727,4601,4386,8987,2013-11-01
SO30,866,1077,1943,12286,11630,23916,2013-11-01
SO31,1426,1589,3015,17302,16215,33517,2013-11-01
SO32,512,604,1116,8158,7948,16106,2013-11-01
SO40,1302,1696,2998,15911,14294,30205,2013-11-01
SO41,838,971,1809,12229,12262,24491,2013-11-01
SO42,123,168,291,2021,1952,3973,2013-11-01
SO43,104,140,244,1784,1710,3494,2013-11-01
SO45,1208,1576,2784,13412,12232,25644,2013-11-01
SO50,1945,2454,4399,16446,14193,30639,2013-11-01
SO51,783,936,1719,10683,10235,20918,2013-11-01
SO52,187,223,410,2677,2493,5170,2013-11-01
SO53,950,1165,2115,12518,11901,24419,2013-11-01
SP1,960,1064,2024,7317,6709,14026,2013-11-01
SP2,1433,1707,3140,9719,8389,18108,2013-11-01
SP3,339,432,771,4557,4357,8914,2013-11-01
SP4,1411,1773,3184,11579,9630,21209,2013-11-01
SP5,527,656,1183,9041,8742,17783,2013-11-01
SP6,361,408,769,5774,5560,11334,2013-11-01
SP7,422,582,1004,5047,4860,9907,2013-11-01
SP8,410,525,935,5471,5098,10569,2013-11-01
SP9,443,831,1274,3072,2144,5216,2013-11-01
SP10,2086,2774,4860,13678,11251,24929,2013-11-01
SP11,755,1027,1782,8829,8006,16835,2013-11-01
SR1,427,346,773,1094,437,1531,2013-11-01
SR2,2147,2345,4492,9832,7192,17024,2013-11-01
SR3,1991,2695,4686,12073,9408,21481,2013-11-01
SR4,2684,3414,6098,11566,7991,19557,2013-11-01
SR5,2337,2882,5219,8926,5862,14788,2013-11-01
SR6,1187,1476,2663,10635,8985,19620,2013-11-01
SR7,1461,2090,3551,9318,7035,16353,2013-11-01
SR8,2068,2943,5011,10632,7883,18515,2013-11-01
SS0,2805,3194,5999,12667,10164,22831,2013-11-01
SS1,1742,1857,3599,8517,7065,15582,2013-11-01
SS2,2364,2884,5248,11095,8816,19911,2013-11-01
SS3,1477,1894,3371,9632,8440,18072,2013-11-01
SS4,833,1023,1856,7378,6660,14038,2013-11-01
SS5,740,804,1544,8533,7712,16245,2013-11-01
SS6,1091,1301,2392,11906,10750,22656,2013-11-01
SS7,1764,2225,3989,19183,16958,36141,2013-11-01
SS8,1839,2626,4465,13944,11139,25083,2013-11-01
SS9,2002,2461,4463,18139,16344,34483,2013-11-01
SS11,579,788,1367,6573,5674,12247,2013-11-01
SS12,568,787,1355,6905,6229,13134,2013-11-01
SS13,1493,2054,3547,7315,5798,13113,2013-11-01
SS14,1791,2404,4195,7457,5545,13002,2013-11-01
SS15,1881,2552,4433,9498,7907,17405,2013-11-01
SS16,1694,2390,4084,10215,8151,18366,2013-11-01
SS17,1307,1748,3055,12204,10613,22817,2013-11-01
SS99,0,1,1,0,0,0,2013-11-01
ST1,2044,2343,4387,8967,5872,14839,2013-11-01
ST2,1854,2476,4330,10182,7622,17804,2013-11-01
ST3,3352,4361,7713,21761,16751,38512,2013-11-01
ST4,3212,3752,6964,17343,13248,30591,2013-11-01
ST5,3582,4405,7987,26276,21598,47874,2013-11-01
ST6,3684,4763,8447,19302,13954,33256,2013-11-01
ST7,1861,2427,4288,19928,17236,37164,2013-11-01
ST8,603,813,1416,7531,6550,14081,2013-11-01
ST9,257,316,573,4902,4418,9320,2013-11-01
ST10,715,914,1629,9740,8476,18216,2013-11-01
ST11,274,333,607,3919,3460,7379,2013-11-01
ST12,111,126,237,1329,1262,2591,2013-11-01
ST13,876,1151,2027,10049,8727,18776,2013-11-01
ST14,741,963,1704,7204,6240,13444,2013-11-01
ST15,609,779,1388,7887,7156,15043,2013-11-01
ST16,1430,1767,3197,9606,7805,17411,2013-11-01
ST17,1659,2062,3721,13627,11947,25574,2013-11-01
ST18,388,419,807,6715,6135,12850,2013-11-01
ST19,441,555,996,5837,5388,11225,2013-11-01
ST20,156,225,381,2812,2499,5311,2013-11-01
ST21,116,164,280,2431,2205,4636,2013-11-01
SW1,58,55,113,390,200,590,2013-11-01
SW1,119,79,198,430,215,645,2013-11-01
SW1,47,43,90,326,173,499,2013-11-01
SW1,990,1245,2235,3777,2516,6293,2013-11-01
SW1,1902,2113,4015,6869,5024,11893,2013-11-01
SW1,715,824,1539,2728,2186,4914,2013-11-01
SW1,671,818,1489,2875,2245,5120,2013-11-01
SW1,67,58,125,378,180,558,2013-11-01
SW2,6743,7118,13861,14660,10430,25090,2013-11-01
SW3,1838,2378,4216,8592,7417,16009,2013-11-01
SW4,4252,4396,8648,12378,8967,21345,2013-11-01
SW5,2081,1815,3896,5913,3744,9657,2013-11-01
SW6,5182,5913,11095,20666,17031,37697,2013-11-01
SW7,2559,2216,4775,8804,6143,14947,2013-11-01
SW8,4852,5066,9918,10161,6209,16370,2013-11-01
SW9,6969,7094,14063,10984,6523,17507,2013-11-01
SW10,1808,2077,3885,6447,5182,11629,2013-11-01
SW11,5869,6719,12588,21834,17586,39420,2013-11-01
SW12,2336,2451,4787,10442,8855,19297,2013-11-01
SW13,865,1094,1959,6077,5848,11925,2013-11-01
SW14,901,991,1892,6367,5985,12352,2013-11-01
SW15,4419,5252,9671,20825,17413,38238,2013-11-01
SW16,9465,9126,18591,25295,19135,44430,2013-11-01
SW17,7976,7010,14986,20070,14801,34871,2013-11-01
SW18,4033,4666,8699,20895,18114,39009,2013-11-01
SW19,5776,6416,12192,30209,25260,55469,2013-11-01
SW20,1719,1929,3648,11757,10441,22198,2013-11-01
SY1,1320,1633,2953,8242,6630,14872,2013-11-01
SY2,737,939,1676,5957,5102,11059,2013-11-01
SY3,1248,1487,2735,11711,10935,22646,2013-11-01
SY4,673,878,1551,9222,8622,17844,2013-11-01
SY5,604,678,1282,8069,7367,15436,2013-11-01
SY6,154,193,347,2800,2595,5395,2013-11-01
SY7,317,383,700,4375,4000,8375,2013-11-01
SY8,525,660,1185,7158,6412,13570,2013-11-01
SY9,80,88,168,1089,958,2047,2013-11-01
SY10,418,497,915,6201,5554,11755,2013-11-01
SY11,1030,1299,2329,8823,7783,16606,2013-11-01
SY12,252,329,581,2952,2638,5590,2013-11-01
SY13,586,680,1266,7324,6510,13834,2013-11-01
SY14,115,179,294,2427,2335,4762,2013-11-01
SY15,121,149,270,2160,2043,4203,2013-11-01
SY16,615,784,1399,5499,4721,10220,2013-11-01
SY17,70,104,174,1503,1312,2815,2013-11-01
SY18,120,150,270,1772,1525,3297,2013-11-01
SY19,11,35,46,430,373,803,2013-11-01
SY20,219,272,491,2518,2163,4681,2013-11-01
SY21,510,702,1212,6302,5544,11846,2013-11-01
SY22,197,261,458,3453,3221,6674,2013-11-01
SY23,1170,1337,2507,8567,7306,15873,2013-11-01
SY24,143,186,329,1709,1535,3244,2013-11-01
SY25,121,188,309,1738,1552,3290,2013-11-01
TA1,1663,2060,3723,13261,11845,25106,2013-11-01
TA2,1084,1297,2381,9139,8257,17396,2013-11-01
TA3,338,362,700,6000,5719,11719,2013-11-01
TA4,522,621,1143,7450,7213,14663,2013-11-01
TA5,251,305,556,4075,3848,7923,2013-11-01
TA6,2106,2545,4651,15249,12493,27742,2013-11-01
TA7,392,452,844,6274,5956,12230,2013-11-01
TA8,527,643,1170,6411,5608,12019,2013-11-01
TA9,453,521,974,4740,4137,8877,2013-11-01
TA10,251,251,502,3809,3693,7502,2013-11-01
TA11,220,292,512,3676,3556,7232,2013-11-01
TA12,192,241,433,2448,2272,4720,2013-11-01
TA13,111,125,236,1537,1473,3010,2013-11-01
TA14,85,112,197,1251,1092,2343,2013-11-01
TA15,16,31,47,275,244,519,2013-11-01
TA16,43,62,105,752,642,1394,2013-11-01
TA17,6,11,17,220,239,459,2013-11-01
TA18,304,381,685,3934,3519,7453,2013-11-01
TA19,275,388,663,4516,4325,8841,2013-11-01
TA20,685,791,1476,7451,6669,14120,2013-11-01
TA21,676,756,1432,6819,6215,13034,2013-11-01
TA22,56,89,145,1054,1040,2094,2013-11-01
TA23,235,297,532,2068,1841,3909,2013-11-01
TA24,637,817,1454,6691,6039,12730,2013-11-01
TD1,743,1040,1783,5855,4995,10850,2013-11-01
TD2,77,84,161,1045,982,2027,2013-11-01
TD3,33,27,60,412,365,777,2013-11-01
TD4,69,85,154,901,776,1677,2013-11-01
TD5,347,426,773,4262,4057,8319,2013-11-01
TD6,210,290,500,2942,2872,5814,2013-11-01
TD7,287,360,647,2752,2468,5220,2013-11-01
TD8,202,285,487,2275,2061,4336,2013-11-01
TD9,787,1064,1851,6436,5294,11730,2013-11-01
TD10,36,50,86,437,392,829,2013-11-01
TD11,206,315,521,2910,2534,5444,2013-11-01
TD12,121,167,288,1658,1485,3143,2013-11-01
TD13,41,35,76,386,341,727,2013-11-01
TD14,249,348,597,2346,1987,4333,2013-11-01
TD15,742,994,1736,6380,5278,11658,2013-11-01
TF1,1815,2260,4075,12162,10031,22193,2013-11-01
TF2,1746,2135,3881,12927,10992,23919,2013-11-01
TF3,1568,2094,3662,7304,5705,13009,2013-11-01
TF4,765,1081,1846,5943,5120,11063,2013-11-01
TF5,161,194,355,1994,1907,3901,2013-11-01
TF6,133,159,292,2193,1947,4140,2013-11-01
TF7,1120,1532,2652,5041,3852,8893,2013-11-01
TF8,83,110,193,1206,1115,2321,2013-11-01
TF9,772,986,1758,9531,8323,17854,2013-11-01
TF10,493,589,1082,6736,5947,12683,2013-11-01
TF11,315,320,635,3776,3336,7112,2013-11-01
TF12,195,249,444,1976,1710,3686,2013-11-01
TF13,93,124,217,1407,1390,2797,2013-11-01
TN1,645,743,1388,3666,3053,6719,2013-11-01
TN2,1048,1388,2436,10061,9003,19064,2013-11-01
TN3,310,338,648,4751,4655,9406,2013-11-01
TN4,1318,1594,2912,10446,9679,20125,2013-11-01
TN5,255,330,585,3430,3473,6903,2013-11-01
TN6,793,938,1731,9850,9255,19105,2013-11-01
TN7,51,85,136,1011,976,1987,2013-11-01
TN8,418,556,974,4999,4743,9742,2013-11-01
TN9,871,974,1845,5840,5116,10956,2013-11-01
TN10,653,813,1466,5941,5461,11402,2013-11-01
TN11,399,513,912,5449,5204,10653,2013-11-01
TN12,884,1204,2088,11389,10387,21776,2013-11-01
TN13,854,997,1851,9218,8942,18160,2013-11-01
TN14,459,493,952,6028,5692,11720,2013-11-01
TN15,647,829,1476,10054,9543,19597,2013-11-01
TN16,620,705,1325,7845,7275,15120,2013-11-01
TN17,531,652,1183,5333,5062,10395,2013-11-01
TN18,192,220,412,2455,2331,4786,2013-11-01
TN19,142,181,323,2090,1900,3990,2013-11-01
TN20,111,142,253,1530,1528,3058,2013-11-01
TN21,424,517,941,6493,6258,12751,2013-11-01
TN22,851,1070,1921,10531,9958,20489,2013-11-01
TN23,1941,2529,4470,12995,10989,23984,2013-11-01
TN24,1440,1836,3276,10722,9250,19972,2013-11-01
TN25,448,496,944,6385,6063,12448,2013-11-01
TN26,278,344,622,4714,4390,9104,2013-11-01
TN27,325,397,722,5266,4901,10167,2013-11-01
TN28,246,372,618,3312,2860,6172,2013-11-01
TN29,490,621,1111,5223,4303,9526,2013-11-01
TN30,252,330,582,3747,3626,7373,2013-11-01
TN31,516,638,1154,5405,4828,10233,2013-11-01
TN32,185,195,380,2108,1933,4041,2013-11-01
TN33,464,493,957,4789,4654,9443,2013-11-01
TN34,1770,2242,4012,9491,7672,17163,2013-11-01
TN35,867,1186,2053,6071,5332,11403,2013-11-01
TN36,70,92,162,897,869,1766,2013-11-01
TN37,1194,1400,2594,6411,5173,11584,2013-11-01
TN38,1624,1980,3604,8961,7417,16378,2013-11-01
TN39,924,1106,2030,9266,8712,17978,2013-11-01
TN40,661,870,1531,5662,5074,10736,2013-11-01
TQ1,1688,1999,3687,10991,9235,20226,2013-11-01
TQ2,1774,2151,3925,11724,10127,21851,2013-11-01
TQ3,1370,1599,2969,10828,9390,20218,2013-11-01
TQ4,720,872,1592,6824,6048,12872,2013-11-01
TQ5,750,990,1740,7153,6146,13299,2013-11-01
TQ6,323,419,742,3131,2722,5853,2013-11-01
TQ7,497,650,1147,6483,6173,12656,2013-11-01
TQ8,77,68,145,781,714,1495,2013-11-01
TQ9,686,802,1488,6729,6716,13445,2013-11-01
TQ10,122,171,293,1494,1423,2917,2013-11-01
TQ11,159,227,386,1569,1459,3028,2013-11-01
TQ12,1830,2221,4051,19654,18207,37861,2013-11-01
TQ13,673,778,1451,9105,8833,17938,2013-11-01
TQ14,721,865,1586,7185,6656,13841,2013-11-01
TR1,999,1247,2246,6927,6401,13328,2013-11-01
TR2,229,364,593,3787,3585,7372,2013-11-01
TR3,335,406,741,4871,4665,9536,2013-11-01
TR4,345,410,755,4429,4147,8576,2013-11-01
TR5,128,137,265,1457,1473,2930,2013-11-01
TR6,152,165,317,1433,1264,2697,2013-11-01
TR7,1095,1263,2358,7374,6272,13646,2013-11-01
TR8,281,327,608,3450,3084,6534,2013-11-01
TR9,273,409,682,3030,2627,5657,2013-11-01
TR10,425,489,914,3345,2891,6236,2013-11-01
TR11,1212,1444,2656,9644,8816,18460,2013-11-01
TR12,266,312,578,3670,3236,6906,2013-11-01
TR13,671,840,1511,7355,6741,14096,2013-11-01
TR14,1192,1284,2476,8502,7258,15760,2013-11-01
TR15,845,1045,1890,6624,5758,12382,2013-11-01
TR16,509,608,1117,5925,5437,11362,2013-11-01
TR17,48,82,130,555,488,1043,2013-11-01
TR18,1068,1298,2366,6327,5396,11723,2013-11-01
TR19,365,448,813,3359,3040,6399,2013-11-01
TR20,320,353,673,3758,3463,7221,2013-11-01
TR21,74,90,164,583,475,1058,2013-11-01
TR22,5,7,12,24,20,44,2013-11-01
TR23,3,4,7,33,29,62,2013-11-01
TR24,6,7,13,50,33,83,2013-11-01
TR25,4,2,6,44,31,75,2013-11-01
TR26,534,641,1175,4065,3640,7705,2013-11-01
TR27,561,739,1300,5351,4820,10171,2013-11-01
TS1,1819,1475,3294,3069,1375,4444,2013-11-01
TS2,117,123,240,193,114,307,2013-11-01
TS3,2280,2937,5217,6587,4103,10690,2013-11-01
TS4,1313,1537,2850,4106,2734,6840,2013-11-01
TS5,1942,2523,4465,13147,10893,24040,2013-11-01
TS6,1808,2412,4220,9204,6912,16116,2013-11-01
TS7,715,1010,1725,8610,7538,16148,2013-11-01
TS8,951,1297,2248,6940,6032,12972,2013-11-01
TS9,276,358,634,5316,4946,10262,2013-11-01
TS10,1815,2421,4236,11973,9734,21707,2013-11-01
TS11,364,566,930,4579,3857,8436,2013-11-01
TS12,920,1248,2168,7731,6321,14052,2013-11-01
TS13,559,688,1247,3283,2433,5716,2013-11-01
TS14,611,796,1407,6589,5750,12339,2013-11-01
TS15,320,401,721,5587,5063,10650,2013-11-01
TS16,315,402,717,4011,3700,7711,2013-11-01
TS17,1832,2381,4213,14333,12226,26559,2013-11-01
TS18,1342,1536,2878,7378,5836,13214,2013-11-01
TS19,1918,2677,4595,11148,8904,20052,2013-11-01
TS20,975,1254,2229,6709,5379,12088,2013-11-01
TS21,334,457,791,4774,4176,8950,2013-11-01
TS22,206,228,434,3574,3222,6796,2013-11-01
TS23,1442,2014,3456,9472,7780,17252,2013-11-01
TS24,1415,1731,3146,5614,3933,9547,2013-11-01
TS25,1870,2500,4370,11804,9292,21096,2013-11-01
TS26,1098,1251,2349,8213,7070,15283,2013-11-01
TS27,414,571,985,4399,3773,8172,2013-11-01
TS28,221,295,516,1697,1400,3097,2013-11-01
TS29,276,379,655,2054,1605,3659,2013-11-01
TS90,0,0,0,1,0,1,2013-11-01
TW1,1273,1476,2749,10049,9003,19052,2013-11-01
TW2,1549,1716,3265,11109,10009,21118,2013-11-01
TW3,6927,4895,11822,13673,8351,22024,2013-11-01
TW4,4618,3760,8378,9784,5788,15572,2013-11-01
TW5,4239,3510,7749,11090,7313,18403,2013-11-01
TW6,9,1,10,40,11,51,2013-11-01
TW7,2946,3410,6356,13485,10475,23960,2013-11-01
TW8,1661,1987,3648,6477,4812,11289,2013-11-01
TW9,1303,1496,2799,8546,7702,16248,2013-11-01
TW10,1255,1423,2678,7699,6848,14547,2013-11-01
TW11,1044,1302,2346,8652,8214,16866,2013-11-01
TW12,1210,1324,2534,8562,8141,16703,2013-11-01
TW13,2831,3351,6182,11780,8588,20368,2013-11-01
TW14,2440,2817,5257,9710,6834,16544,2013-11-01
TW15,1036,1239,2275,11022,9612,20634,2013-11-01
TW16,806,998,1804,7967,6988,14955,2013-11-01
TW17,446,497,943,5886,5468,11354,2013-11-01
TW18,1076,1151,2227,10044,8950,18994,2013-11-01
TW19,776,1000,1776,6428,5359,11787,2013-11-01
TW20,1239,1337,2576,8263,7183,15446,2013-11-01
UB1,9326,6225,15551,13803,7798,21601,2013-11-01
UB2,6628,4500,11128,10928,6586,17514,2013-11-01
UB3,5889,5732,11621,16657,10508,27165,2013-11-01
UB4,4273,3961,8234,13641,9899,23540,2013-11-01
UB5,4337,5136,9473,14751,10569,25320,2013-11-01
UB6,5640,5366,11006,19587,13099,32686,2013-11-01
UB7,2290,2633,4923,9890,7210,17100,2013-11-01
UB8,2287,2483,4770,10852,8437,19289,2013-11-01
UB9,623,681,1304,5668,5118,10786,2013-11-01
UB10,1687,1966,3653,12546,10955,23501,2013-11-01
UB11,2,0,2,13,4,17,2013-11-01
W1,34,15,49,48,11,59,2013-11-01
W1,60,64,124,330,190,520,2013-11-01
W1,9,2,11,14,2,16,2013-11-01
W1,217,121,338,430,186,616,2013-11-01
W1,130,94,224,462,208,670,2013-11-01
W1,201,228,429,1144,802,1946,2013-11-01
W1,777,691,1468,2329,1561,3890,2013-11-01
W1,196,147,343,859,477,1336,2013-11-01
W1,353,347,700,1189,729,1918,2013-11-01
W1,82,61,143,107,76,183,2013-11-01
W1,60,64,124,134,69,203,2013-11-01
W1,64,70,134,109,48,157,2013-11-01
W1,49,13,62,76,13,89,2013-11-01
W1,41,22,63,163,63,226,2013-11-01
W1,400,271,671,1069,552,1621,2013-11-01
W1,463,491,954,1799,1175,2974,2013-11-01
W1,92,55,147,120,53,173,2013-11-01
W1,335,360,695,1019,596,1615,2013-11-01
W1,57,23,80,159,61,220,2013-11-01
W1,52,50,102,117,51,168,2013-11-01
W2,6685,5905,12590,16362,10350,26712,2013-11-01
W3,5898,5861,11759,19073,13128,32201,2013-11-01
W4,3055,3528,6583,16758,14597,31355,2013-11-01
W5,3866,4138,8004,19830,15987,35817,2013-11-01
W6,3444,3496,6940,10629,8207,18836,2013-11-01
W7,2718,3077,5795,9673,7639,17312,2013-11-01
W8,1870,2306,4176,8328,7034,15362,2013-11-01
W9,4139,4515,8654,12266,8938,21204,2013-11-01
W10,4269,4669,8938,8682,6304,14986,2013-11-01
W11,3601,4021,7622,10296,8107,18403,2013-11-01
W12,6234,6311,12545,13573,9268,22841,2013-11-01
W13,2869,3023,5892,12128,9671,21799,2013-11-01
W14,4101,4377,8478,12387,9538,21925,2013-11-01
WA1,921,1030,1951,7687,6430,14117,2013-11-01
WA2,2258,2815,5073,12557,10053,22610,2013-11-01
WA3,1597,2239,3836,17204,15102,32306,2013-11-01
WA4,1648,1940,3588,17864,16059,33923,2013-11-01
WA5,2344,3060,5404,21071,18386,39457,2013-11-01
WA6,543,618,1161,7603,7003,14606,2013-11-01
WA7,3589,5015,8604,20002,15829,35831,2013-11-01
WA8,3025,4067,7092,20477,16504,36981,2013-11-01
WA9,2774,3637,6411,14641,10976,25617,2013-11-01
WA10,1844,2365,4209,12449,9986,22435,2013-11-01
WA11,1659,2238,3897,14605,12115,26720,2013-11-01
WA12,1033,1407,2440,7246,5885,13131,2013-11-01
WA13,326,377,703,5130,4886,10016,2013-11-01
WA14,1224,1320,2544,10757,9800,20557,2013-11-01
WA15,1580,1748,3328,16658,15237,31895,2013-11-01
WA16,719,739,1458,9574,8995,18569,2013-11-01
WC1,77,60,137,245,116,361,2013-11-01
WC1,181,218,399,419,248,667,2013-11-01
WC1,211,215,426,475,317,792,2013-11-01
WC1,883,774,1657,1721,921,2642,2013-11-01
WC1,715,672,1387,1833,1103,2936,2013-11-01
WC1,38,30,68,182,106,288,2013-11-01
WC1,39,29,68,86,47,133,2013-11-01
WC1,925,812,1737,1800,1111,2911,2013-11-01
WC2,11,8,19,85,54,139,2013-11-01
WC2,185,148,333,499,239,738,2013-11-01
WC2,61,43,104,221,106,327,2013-11-01
WC2,379,259,638,824,380,1204,2013-11-01
WC2,74,48,122,228,110,338,2013-11-01
WC2,29,17,46,99,45,144,2013-11-01
WD1,35,35,70,112,66,178,2013-11-01
WD2,86,64,150,185,102,287,2013-11-01
WD3,1397,1720,3117,15968,15139,31107,2013-11-01
WD4,334,361,695,4403,4207,8610,2013-11-01
WD5,425,491,916,4260,4020,8280,2013-11-01
WD6,2153,2634,4787,13460,11420,24880,2013-11-01
WD7,416,518,934,5152,4952,10104,2013-11-01
WD17,859,863,1722,6055,5043,11098,2013-11-01
WD18,2211,2367,4578,8078,5741,13819,2013-11-01
WD19,1319,1752,3071,9671,8842,18513,2013-11-01
WD23,1007,1224,2231,9627,9232,18859,2013-11-01
WD24,1484,1638,3122,7925,6275,14200,2013-11-01
WD25,1321,1621,2942,10032,8719,18751,2013-11-01
WF1,2214,2654,4868,10595,7374,17969,2013-11-01
WF2,2521,3510,6031,16119,12909,29028,2013-11-01
WF3,1237,1831,3068,11704,10095,21799,2013-11-01
WF4,1706,2417,4123,15410,12872,28282,2013-11-01
WF5,832,1145,1977,7427,6321,13748,2013-11-01
WF6,1081,1476,2557,6961,5426,12387,2013-11-01
WF7,943,1399,2342,6747,5417,12164,2013-11-01
WF8,1509,1972,3481,10711,8612,19323,2013-11-01
WF9,2331,3068,5399,11993,8779,20772,2013-11-01
WF10,2446,3498,5944,14074,10281,24355,2013-11-01
WF11,910,1247,2157,5399,4131,9530,2013-11-01
WF12,1893,2621,4514,10550,7654,18204,2013-11-01
WF13,1839,2358,4197,7210,4487,11697,2013-11-01
WF14,711,973,1684,7005,6140,13145,2013-11-01
WF15,767,1052,1819,5929,4983,10912,2013-11-01
WF16,635,857,1492,3703,2609,6312,2013-11-01
WF17,2358,3310,5668,12895,8922,21817,2013-11-01
WN1,930,1051,1981,6475,5038,11513,2013-11-01
WN2,2203,3069,5272,17153,13463,30616,2013-11-01
WN3,1193,1764,2957,10425,8330,18755,2013-11-01
WN4,1097,1502,2599,10312,8597,18909,2013-11-01
WN5,2008,2464,4472,14190,11148,25338,2013-11-01
WN6,1477,1840,3317,14417,12444,26861,2013-11-01
WN7,2341,3052,5393,15166,11826,26992,2013-11-01
WN8,2807,3921,6728,14672,11560,26232,2013-11-01
WR1,573,534,1107,2823,2218,5041,2013-11-01
WR2,1100,1305,2405,10175,8857,19032,2013-11-01
WR3,727,948,1675,7595,6789,14384,2013-11-01
WR4,1366,1818,3184,8268,6933,15201,2013-11-01
WR5,1225,1623,2848,11087,9616,20703,2013-11-01
WR6,315,340,655,5313,5017,10330,2013-11-01
WR7,106,131,237,2336,2177,4513,2013-11-01
WR8,238,246,484,3312,3163,6475,2013-11-01
WR9,1185,1458,2643,11591,10534,22125,2013-11-01
WR10,469,671,1140,7102,6556,13658,2013-11-01
WR11,1543,1947,3490,15519,13534,29053,2013-11-01
WR12,154,185,339,2313,2221,4534,2013-11-01
WR13,249,240,489,3398,3352,6750,2013-11-01
WR14,1552,1872,3424,12268,11210,23478,2013-11-01
WR15,223,243,466,2876,2553,5429,2013-11-01
WS1,2041,2492,4533,6995,4239,11234,2013-11-01
WS2,2662,3642,6304,9751,6194,15945,2013-11-01
WS3,2880,3758,6638,14596,10760,25356,2013-11-01
WS4,779,964,1743,5699,4620,10319,2013-11-01
WS5,905,1342,2247,7341,6144,13485,2013-11-01
WS6,549,799,1348,6789,5736,12525,2013-11-01
WS7,919,1291,2210,11198,9580,20778,2013-11-01
WS8,708,906,1614,5177,4050,9227,2013-11-01
WS9,880,1128,2008,9645,8346,17991,2013-11-01
WS10,2910,3865,6775,12902,8944,21846,2013-11-01
WS11,1691,2266,3957,14439,12033,26472,2013-11-01
WS12,1124,1533,2657,12519,10559,23078,2013-11-01
WS13,1009,1284,2293,9097,7970,17067,2013-11-01
WS14,436,545,981,6776,6340,13116,2013-11-01
WS15,1442,1937,3379,13250,11300,24550,2013-11-01
WV1,1504,1501,3005,3920,2314,6234,2013-11-01
WV2,1657,1654,3311,3708,2333,6041,2013-11-01
WV3,1648,1945,3593,9562,7934,17496,2013-11-01
WV4,1596,2153,3749,11644,9380,21024,2013-11-01
WV5,387,567,954,5948,5271,11219,2013-11-01
WV6,2274,2785,5059,15272,12978,28250,2013-11-01
WV7,255,269,524,2227,1947,4174,2013-11-01
WV8,637,924,1561,5450,4807,10257,2013-11-01
WV9,267,398,665,2605,2301,4906,2013-11-01
WV10,3837,5188,9025,15593,11428,27021,2013-11-01
WV11,1779,2294,4073,11204,8476,19680,2013-11-01
WV12,1103,1510,2613,8609,6862,15471,2013-11-01
WV13,1220,1637,2857,6163,4576,10739,2013-11-01
WV14,2647,3626,6273,13554,10015,23569,2013-11-01
WV15,250,318,568,3320,2922,6242,2013-11-01
WV16,486,624,1110,6721,5951,12672,2013-11-01
YO1,261,279,540,1217,906,2123,2013-11-01
YO2,16,21,37,57,31,88,2013-11-01
YO3,29,28,57,66,41,107,2013-11-01
YO4,7,12,19,116,89,205,2013-11-01
YO5,4,9,13,36,28,64,2013-11-01
YO6,14,29,43,112,75,187,2013-11-01
YO7,556,749,1305,7732,6781,14513,2013-11-01
YO8,1564,2358,3922,16015,13646,29661,2013-11-01
YO10,1245,1568,2813,6697,5535,12232,2013-11-01
YO11,1169,1441,2610,6886,5200,12086,2013-11-01
YO12,1957,2649,4606,13070,10626,23696,2013-11-01
YO13,201,317,518,4074,3793,7867,2013-11-01
YO14,404,576,980,4099,3508,7607,2013-11-01
YO15,673,797,1470,4784,3676,8460,2013-11-01
YO16,984,1478,2462,8398,6618,15016,2013-11-01
YO17,720,880,1600,7934,6795,14729,2013-11-01
YO18,285,396,681,4217,3785,8002,2013-11-01
YO19,323,423,746,4835,4557,9392,2013-11-01
YO21,535,641,1176,5397,4666,10063,2013-11-01
YO22,336,469,805,3104,2636,5740,2013-11-01
YO23,695,938,1633,6809,6368,13177,2013-11-01
YO24,1470,2093,3563,9899,8394,18293,2013-11-01
YO25,983,1284,2267,12878,11437,24315,2013-11-01
YO26,1266,1722,2988,10407,9130,19537,2013-11-01
YO30,1296,1589,2885,8527,7509,16036,2013-11-01
YO31,1332,1749,3081,8215,7002,15217,2013-11-01
YO32,934,1333,2267,10655,9926,20581,2013-11-01
YO41,228,357,585,4220,3945,8165,2013-11-01
YO42,378,575,953,5592,5031,10623,2013-11-01
YO43,284,424,708,4795,4348,9143,2013-11-01
YO51,141,200,341,2133,1998,4131,2013-11-01
YO60,124,130,254,1911,1840,3751,2013-11-01
YO61,370,429,799,5381,5153,10534,2013-11-01
YO62,369,390,759,4581,4198,8779,2013-11-01
ZE1,437,559,996,2742,2182,4924,2013-11-01
ZE2,578,856,1434,5319,4509,9828,2013-11-01
ZE3,16,24,40,181,128,309,2013-11-01
AA3,0,0,0,1,0,1,2017-11-01
AA78,0,0,0,0,1,1,2017-11-01
AB1,79,85,164,239,161,400,2017-11-01
AB2,25,36,61,116,63,179,2017-11-01
AB3,7,9,16,38,48,86,2017-11-01
AB4,3,4,7,35,33,68,2017-11-01
AB5,1,4,5,31,28,59,2017-11-01
AB9,31,18,49,68,12,80,2017-11-01
AB10,1444,1535,2979,7551,5998,13549,2017-11-01
AB11,1846,1961,3807,6462,4260,10722,2017-11-01
AB12,1184,1577,2761,10541,9285,19826,2017-11-01
AB13,91,113,204,1393,1354,2747,2017-11-01
AB14,230,273,503,1921,1782,3703,2017-11-01
AB15,1439,1818,3257,15410,14382,29792,2017-11-01
AB16,2225,2934,5159,8428,6283,14711,2017-11-01
AB18,0,0,0,0,1,1,2017-11-01
AB21,882,1087,1969,9127,7956,17083,2017-11-01
AB22,571,785,1356,6320,5692,12012,2017-11-01
AB23,425,473,898,4753,4238,8991,2017-11-01
AB24,3051,3143,6194,9335,5855,15190,2017-11-01
AB25,1486,1359,2845,5167,3665,8832,2017-11-01
AB28,0,0,0,1,0,1,2017-11-01
AB29,0,1,1,1,0,1,2017-11-01
AB30,205,267,472,2960,2697,5657,2017-11-01
AB31,486,537,1023,6453,6107,12560,2017-11-01
AB32,450,517,967,5655,5429,11084,2017-11-01
AB33,123,168,291,2348,2108,4456,2017-11-01
AB34,162,222,384,2203,2097,4300,2017-11-01
AB35,113,123,236,999,922,1921,2017-11-01
AB36,19,21,40,235,210,445,2017-11-01
AB37,37,49,86,538,468,1006,2017-11-01
AB38,116,178,294,1742,1524,3266,2017-11-01
AB39,678,770,1448,6775,6439,13214,2017-11-01
AB41,614,882,1496,8546,7903,16449,2017-11-01
AB42,1537,1810,3347,12504,10791,23295,2017-11-01
AB43,1028,1302,2330,8283,7246,15529,2017-11-01
AB44,206,228,434,1368,1190,2558,2017-11-01
AB45,430,531,961,4099,3581,7680,2017-11-01
AB51,997,1274,2271,13953,12884,26837,2017-11-01
AB52,122,180,302,2104,1948,4052,2017-11-01
AB53,354,447,801,4882,4281,9163,2017-11-01
AB54,396,492,888,4313,3837,8150,2017-11-01
AB55,275,453,728,3466,2928,6394,2017-11-01
AB56,666,765,1431,5086,4579,9665,2017-11-01
AL1,1914,2066,3980,13963,12354,26317,2017-11-01
AL2,893,1057,1950,9552,8988,18540,2017-11-01
AL3,1147,1323,2470,11059,10485,21544,2017-11-01
AL4,975,1152,2127,10720,10437,21157,2017-11-01
AL5,1044,1192,2236,12234,11976,24210,2017-11-01
AL6,333,361,694,5114,4971,10085,2017-11-01
AL7,1982,2350,4332,12126,10765,22891,2017-11-01
AL8,580,710,1290,5027,4796,9823,2017-11-01
AL9,407,458,865,4887,4489,9376,2017-11-01
AL10,3133,2784,5917,11237,7929,19166,2017-11-01
B0,2,0,2,0,0,0,2017-11-01
B1,858,746,1604,2042,1051,3093,2017-11-01
B2,72,64,136,107,44,151,2017-11-01
B3,167,147,314,615,406,1021,2017-11-01
B4,258,142,400,271,89,360,2017-11-01
B5,1270,1319,2589,2823,1727,4550,2017-11-01
B6,2652,2831,5483,4492,2237,6729,2017-11-01
B7,1020,1348,2368,1713,963,2676,2017-11-01
B8,4859,5413,10272,9805,5217,15022,2017-11-01
B9,2733,3384,6117,5601,3084,8685,2017-11-01
B10,3235,3568,6803,6067,3078,9145,2017-11-01
B11,5321,5874,11195,11019,5787,16806,2017-11-01
B12,2749,2721,5470,4424,2207,6631,2017-11-01
B13,2954,3465,6419,12305,9456,21761,2017-11-01
B14,3215,3873,7088,13058,10772,23830,2017-11-01
B15,1548,1581,3129,4918,3727,8645,2017-11-01
B16,2746,2879,5625,6181,3689,9870,2017-11-01
B17,1695,2030,3725,8489,7115,15604,2017-11-01
B18,1959,2480,4439,3552,2167,5719,2017-11-01
B19,3035,3278,6313,4227,2134,6361,2017-11-01
B20,3802,4296,8098,10039,6806,16845,2017-11-01
B21,4387,4598,8985,7051,3887,10938,2017-11-01
B22,0,0,0,1,0,1,2017-11-01
B23,3848,4793,8641,12518,9347,21865,2017-11-01
B24,2212,2706,4918,8838,6727,15565,2017-11-01
B25,1479,1832,3311,4659,3184,7843,2017-11-01
B26,2007,2590,4597,11310,8772,20082,2017-11-01
B27,2143,2623,4766,7564,5411,12975,2017-11-01
B28,1766,2318,4084,11017,8945,19962,2017-11-01
B29,3149,3660,6809,9547,7275,16822,2017-11-01
B30,1926,2331,4257,8957,8077,17034,2017-11-01
B31,4047,5347,9394,16928,13970,30898,2017-11-01
B32,2937,4124,7061,11214,8940,20154,2017-11-01
B33,2923,3862,6785,9718,6994,16712,2017-11-01
B34,1355,1807,3162,5861,4527,10388,2017-11-01
B35,837,1151,1988,2399,1950,4349,2017-11-01
B36,2416,3364,5780,11581,9178,20759,2017-11-01
B37,2902,3626,6528,10517,8277,18794,2017-11-01
B38,1520,2053,3573,5992,5062,11054,2017-11-01
B41,1,0,1,1,0,1,2017-11-01
B42,1534,1972,3506,7826,6346,14172,2017-11-01
B43,1385,1821,3206,10619,9039,19658,2017-11-01
B44,2787,3726,6513,10741,8426,19167,2017-11-01
B45,1944,2566,4510,10610,8946,19556,2017-11-01
B46,422,479,901,5145,4709,9854,2017-11-01
B47,279,302,581,3952,3865,7817,2017-11-01
B48,179,194,373,2417,2231,4648,2017-11-01
B49,335,444,779,4145,3903,8048,2017-11-01
B50,205,224,429,2371,2240,4611,2017-11-01
B60,935,1079,2014,10398,9778,20176,2017-11-01
B61,1056,1236,2292,9274,8486,17760,2017-11-01
B62,1011,1285,2296,9105,7942,17047,2017-11-01
B63,1693,2241,3934,12784,10798,23582,2017-11-01
B64,969,1316,2285,5327,4210,9537,2017-11-01
B65,1473,2042,3515,7609,5850,13459,2017-11-01
B66,2798,3230,6028,5357,3044,8401,2017-11-01
B67,2829,3452,6281,8629,5942,14571,2017-11-01
B68,2161,2896,5057,10217,7744,17961,2017-11-01
B69,2020,2687,4707,8995,6710,15705,2017-11-01
B70,2745,3359,6104,8039,4848,12887,2017-11-01
B71,2208,2849,5057,9451,6824,16275,2017-11-01
B72,424,460,884,3901,3409,7310,2017-11-01
B73,931,1113,2044,8948,8171,17119,2017-11-01
B74,935,1117,2052,12974,12263,25237,2017-11-01
B75,1076,1433,2509,9926,9431,19357,2017-11-01
B76,936,905,1841,9093,7931,17024,2017-11-01
B77,2796,3941,6737,19983,16843,36826,2017-11-01
B78,997,1191,2188,9112,8013,17125,2017-11-01
B79,978,1278,2256,8171,6839,15010,2017-11-01
B80,265,274,539,2794,2545,5339,2017-11-01
B90,1767,2068,3835,18073,16630,34703,2017-11-01
B91,1212,1467,2679,13643,12807,26450,2017-11-01
B92,1716,2046,3762,14080,12260,26340,2017-11-01
B93,551,585,1136,7963,7856,15819,2017-11-01
B94,166,185,351,3254,3121,6375,2017-11-01
B95,191,201,392,2574,2540,5114,2017-11-01
B96,117,153,270,2223,2096,4319,2017-11-01
B97,1308,1655,2963,11944,10455,22399,2017-11-01
B98,2905,3901,6806,17380,14081,31461,2017-11-01
BA0,0,0,0,1,1,2,2017-11-01
BA1,2364,2656,5020,13958,12684,26642,2017-11-01
BA2,3938,4228,8166,23822,21528,45350,2017-11-01
BA3,1391,1394,2785,13738,12648,26386,2017-11-01
BA4,629,785,1414,7177,6502,13679,2017-11-01
BA5,711,769,1480,7009,6689,13698,2017-11-01
BA6,645,656,1301,5191,5026,10217,2017-11-01
BA7,113,139,252,1391,1404,2795,2017-11-01
BA8,122,176,298,1744,1649,3393,2017-11-01
BA9,244,338,582,3182,2919,6101,2017-11-01
BA10,146,190,336,1328,1267,2595,2017-11-01
BA11,1354,1745,3099,12286,11478,23764,2017-11-01
BA12,1190,1468,2658,11272,10251,21523,2017-11-01
BA13,739,934,1673,7647,7099,14746,2017-11-01
BA14,2269,2524,4793,18298,16662,34960,2017-11-01
BA15,490,586,1076,5124,5153,10277,2017-11-01
BA16,615,668,1283,4753,4332,9085,2017-11-01
BA20,479,549,1028,4289,3587,7876,2017-11-01
BA21,1609,2148,3757,12293,10376,22669,2017-11-01
BA22,501,500,1001,7252,6806,14058,2017-11-01
BB0,0,0,0,1,0,1,2017-11-01
BB1,4348,5798,10146,20924,15008,35932,2017-11-01
BB2,3712,4596,8308,18922,14667,33589,2017-11-01
BB3,1884,2351,4235,11505,9640,21145,2017-11-01
BB4,1862,2450,4312,15139,13278,28417,2017-11-01
BB5,3609,4597,8206,19998,15861,35859,2017-11-01
BB6,644,791,1435,5433,4748,10181,2017-11-01
BB7,1136,1263,2399,12855,12094,24949,2017-11-01
BB8,1138,1406,2544,8022,6965,14987,2017-11-01
BB9,2621,3356,5977,14427,10710,25137,2017-11-01
BB10,2112,2664,4776,12609,9974,22583,2017-11-01
BB11,1573,1946,3519,7124,5468,12592,2017-11-01
BB12,1741,2044,3785,12231,10400,22631,2017-11-01
BB18,685,880,1565,6245,5454,11699,2017-11-01
BD0,0,0,0,1,0,1,2017-11-01
BD1,543,394,937,927,354,1281,2017-11-01
BD2,1790,2413,4203,9524,7510,17034,2017-11-01
BD3,3323,3841,7164,7687,4233,11920,2017-11-01
BD4,2292,3129,5421,8206,6020,14226,2017-11-01
BD5,2800,3297,6097,6982,3861,10843,2017-11-01
BD6,1763,2448,4211,9207,7485,16692,2017-11-01
BD7,3337,3445,6782,8995,5319,14314,2017-11-01
BD8,2779,3300,6079,7742,4424,12166,2017-11-01
BD9,2006,2749,4755,7974,5480,13454,2017-11-01
BD10,1405,1775,3180,8589,7499,16088,2017-11-01
BD11,380,536,916,4010,3728,7738,2017-11-01
BD12,901,1153,2054,5792,4830,10622,2017-11-01
BD13,1115,1420,2535,9413,8360,17773,2017-11-01
BD14,423,559,982,2772,2326,5098,2017-11-01
BD15,836,1175,2011,5296,4351,9647,2017-11-01
BD16,1069,1216,2285,9500,8695,18195,2017-11-01
BD17,703,844,1547,6831,6121,12952,2017-11-01
BD18,1636,2137,3773,8705,7041,15746,2017-11-01
BD19,930,1136,2066,7853,6984,14837,2017-11-01
BD20,1216,1576,2792,13732,12560,26292,2017-11-01
BD21,1793,2462,4255,7181,4949,12130,2017-11-01
BD22,1355,1844,3199,10369,9023,19392,2017-11-01
BD23,1021,1269,2290,11665,10766,22431,2017-11-01
BD24,184,224,408,2082,1905,3987,2017-11-01
BD99,0,0,0,0,1,1,2017-11-01
BH0,0,0,0,0,1,1,2017-11-01
BH1,1939,1820,3759,6842,4575,11417,2017-11-01
BH2,782,655,1437,3168,2128,5296,2017-11-01
BH3,292,311,603,2182,1822,4004,2017-11-01
BH4,457,474,931,3766,3191,6957,2017-11-01
BH5,691,710,1401,3774,2989,6763,2017-11-01
BH6,980,1110,2090,8604,8272,16876,2017-11-01
BH7,630,715,1345,4319,3876,8195,2017-11-01
BH8,1879,1906,3785,9618,8137,17755,2017-11-01
BH9,1616,1767,3383,10152,9179,19331,2017-11-01
BH10,825,956,1781,7462,6825,14287,2017-11-01
BH11,1013,1321,2334,7218,6370,13588,2017-11-01
BH12,1857,2098,3955,12551,11137,23688,2017-11-01
BH13,149,197,346,3382,3195,6577,2017-11-01
BH14,946,936,1882,9417,8764,18181,2017-11-01
BH15,1584,1762,3346,12349,10915,23264,2017-11-01
BH16,598,793,1391,5995,5633,11628,2017-11-01
BH17,897,1129,2026,8496,7977,16473,2017-11-01
BH18,263,235,498,5089,4864,9953,2017-11-01
BH19,433,584,1017,4418,3943,8361,2017-11-01
BH20,1001,876,1877,8620,7481,16101,2017-11-01
BH21,1061,1252,2313,16679,16523,33202,2017-11-01
BH22,671,701,1372,11347,10832,22179,2017-11-01
BH23,1857,2002,3859,20920,20162,41082,2017-11-01
BH24,712,730,1442,9855,9630,19485,2017-11-01
BH25,850,929,1779,9834,9630,19464,2017-11-01
BH31,307,320,627,5365,5396,10761,2017-11-01
BL0,627,785,1412,6613,6291,12904,2017-11-01
BL1,4107,4633,8740,20968,16312,37280,2017-11-01
BL2,2764,3312,6076,15244,12866,28110,2017-11-01
BL3,4674,5647,10321,20096,14169,34265,2017-11-01
BL4,2197,2867,5064,10635,8007,18642,2017-11-01
BL5,1065,1307,2372,10129,9212,19341,2017-11-01
BL6,1312,1507,2819,11412,10247,21659,2017-11-01
BL7,436,527,963,6244,5991,12235,2017-11-01
BL8,1481,1721,3202,13623,12371,25994,2017-11-01
BL9,3157,3807,6964,16442,13119,29561,2017-11-01
BN0,0,0,0,1,0,1,2017-11-01
BN1,6604,6420,13024,26117,21633,47750,2017-11-01
BN2,7412,7968,15380,27825,22007,49832,2017-11-01
BN3,5668,5980,11648,27630,23468,51098,2017-11-01
BN4,3,2,5,20,13,33,2017-11-01
BN5,200,233,433,3077,3090,6167,2017-11-01
BN6,693,674,1367,6914,6937,13851,2017-11-01
BN7,1159,1465,2624,6962,6723,13685,2017-11-01
BN8,526,591,1117,6382,6317,12699,2017-11-01
BN9,812,1045,1857,4597,3892,8489,2017-11-01
BN10,947,1188,2135,7060,6136,13196,2017-11-01
BN11,2033,2240,4273,11021,9293,20314,2017-11-01
BN12,801,965,1766,8207,7945,16152,2017-11-01
BN13,1224,1344,2568,10577,9979,20556,2017-11-01
BN14,1393,1615,3008,11362,10708,22070,2017-11-01
BN15,1302,1551,2853,10148,8881,19029,2017-11-01
BN16,865,963,1828,11057,10982,22039,2017-11-01
BN17,1614,2029,3643,10811,9404,20215,2017-11-01
BN18,568,522,1090,5290,5118,10408,2017-11-01
BN19,0,0,0,5,1,6,2017-11-01
BN20,833,1039,1872,7812,7589,15401,2017-11-01
BN21,1548,1680,3228,8272,6979,15251,2017-11-01
BN22,1990,2493,4483,10880,9514,20394,2017-11-01
BN23,1312,1722,3034,10160,9080,19240,2017-11-01
BN24,273,305,578,3769,3644,7413,2017-11-01
BN25,940,1223,2163,9042,8483,17525,2017-11-01
BN26,412,484,896,4713,4439,9152,2017-11-01
BN27,1143,1375,2518,11118,10489,21607,2017-11-01
BN32,1,0,1,0,0,0,2017-11-01
BN40,0,0,0,1,0,1,2017-11-01
BN41,1452,1735,3187,6782,6152,12934,2017-11-01
BN42,559,613,1172,3677,3240,6917,2017-11-01
BN43,1234,1276,2510,8468,7836,16304,2017-11-01
BN44,333,380,713,4085,4064,8149,2017-11-01
BN45,25,23,48,256,225,481,2017-11-01
BR0,0,0,0,2,0,2,2017-11-01
BR1,4098,5088,9186,19829,17636,37465,2017-11-01
BR2,2398,2724,5122,17653,16388,34041,2017-11-01
BR3,2614,3058,5672,18250,16808,35058,2017-11-01
BR4,930,865,1795,7593,7238,14831,2017-11-01
BR5,2839,3722,6561,15888,14518,30406,2017-11-01
BR6,2082,2362,4444,18024,17218,35242,2017-11-01
BR7,697,832,1529,7157,6819,13976,2017-11-01
BR8,1121,1417,2538,8372,7489,15861,2017-11-01
BS0,0,0,0,2,0,2,2017-11-01
BS1,949,850,1799,3386,1988,5374,2017-11-01
BS2,1793,1818,3611,4487,2911,7398,2017-11-01
BS3,2331,2717,5048,12566,10442,23008,2017-11-01
BS4,3029,3932,6961,16436,13327,29763,2017-11-01
BS5,4786,5301,10087,17072,12596,29668,2017-11-01
BS6,2034,2100,4134,10520,9522,20042,2017-11-01
BS7,2730,2882,5612,13553,11175,24728,2017-11-01
BS8,1401,1428,2829,8542,7284,15826,2017-11-01
BS9,1255,1317,2572,12218,11381,23599,2017-11-01
BS10,1822,2429,4251,9385,7699,17084,2017-11-01
BS11,1236,1513,2749,5940,4641,10581,2017-11-01
BS12,22,14,36,123,58,181,2017-11-01
BS13,1943,2633,4576,9355,7405,16760,2017-11-01
BS14,1255,1553,2808,10646,9430,20076,2017-11-01
BS15,2002,2413,4415,17787,15482,33269,2017-11-01
BS16,3636,3979,7615,27844,24591,52435,2017-11-01
BS17,18,18,36,113,79,192,2017-11-01
BS18,17,15,32,105,83,188,2017-11-01
BS19,5,8,13,66,55,121,2017-11-01
BS20,933,1130,2063,12592,11688,24280,2017-11-01
BS21,784,1034,1818,9126,8626,17752,2017-11-01
BS22,1395,1829,3224,14562,12922,27484,2017-11-01
BS23,2146,2552,4698,11898,9176,21074,2017-11-01
BS24,690,880,1570,8183,7713,15896,2017-11-01
BS25,188,167,355,2654,2477,5131,2017-11-01
BS26,165,159,324,2033,2007,4040,2017-11-01
BS27,212,234,446,2926,2822,5748,2017-11-01
BS28,76,83,159,1436,1420,2856,2017-11-01
BS29,90,111,201,1139,1013,2152,2017-11-01
BS30,841,1121,1962,11618,10953,22571,2017-11-01
BS31,746,884,1630,8082,7411,15493,2017-11-01
BS32,912,1021,1933,9344,8446,17790,2017-11-01
BS34,1603,1864,3467,11892,10055,21947,2017-11-01
BS35,720,846,1566,9214,8523,17737,2017-11-01
BS36,487,482,969,6564,6259,12823,2017-11-01
BS37,1445,1757,3202,15203,13673,28876,2017-11-01
BS38,0,0,0,1,0,1,2017-11-01
BS39,446,512,958,6482,6068,12550,2017-11-01
BS40,305,321,626,5440,5349,10789,2017-11-01
BS41,183,186,369,2386,2301,4687,2017-11-01
BS45,0,0,0,2,1,3,2017-11-01
BS48,704,822,1526,9424,8931,18355,2017-11-01
BS49,399,446,845,4613,4464,9077,2017-11-01
BS51,0,0,0,1,0,1,2017-11-01
BS53,0,0,0,1,0,1,2017-11-01
BS57,0,0,0,1,0,1,2017-11-01
BS67,0,0,0,0,1,1,2017-11-01
BS94,0,1,1,0,0,0,2017-11-01
BS99,1,0,1,1,1,2,2017-11-01
C7,0,0,0,0,1,1,2017-11-01
CA0,0,0,0,1,1,2,2017-11-01
CA1,1426,1799,3225,7444,5906,13350,2017-11-01
CA2,1944,2718,4662,12961,10358,23319,2017-11-01
CA3,465,579,1044,5159,4683,9842,2017-11-01
CA4,177,251,428,3897,3778,7675,2017-11-01
CA5,194,201,395,2916,2832,5748,2017-11-01
CA6,254,328,582,3848,3393,7241,2017-11-01
CA7,679,890,1569,8796,7990,16786,2017-11-01
CA8,278,407,685,4116,3742,7858,2017-11-01
CA9,72,112,184,853,772,1625,2017-11-01
CA10,340,437,777,5875,5490,11365,2017-11-01
CA11,791,1009,1800,8235,7280,15515,2017-11-01
CA12,304,348,652,3080,2775,5855,2017-11-01
CA13,450,612,1062,6015,5530,11545,2017-11-01
CA14,1574,2170,3744,12485,10239,22724,2017-11-01
CA15,727,982,1709,5653,4607,10260,2017-11-01
CA16,135,202,337,2509,2342,4851,2017-11-01
CA17,131,178,309,2022,1789,3811,2017-11-01
CA18,8,6,14,124,119,243,2017-11-01
CA19,28,36,64,468,423,891,2017-11-01
CA20,82,96,178,1382,1206,2588,2017-11-01
CA21,25,22,47,330,288,618,2017-11-01
CA22,422,598,1020,3218,2603,5821,2017-11-01
CA23,54,75,129,565,478,1043,2017-11-01
CA24,34,57,91,410,318,728,2017-11-01
CA25,300,386,686,1962,1578,3540,2017-11-01
CA26,154,216,370,1344,1118,2462,2017-11-01
CA27,50,65,115,660,578,1238,2017-11-01
CA28,1396,1743,3139,9722,7854,17576,2017-11-01
CB1,3536,3848,7384,16408,13901,30309,2017-11-01
CB2,1437,1492,2929,7325,6442,13767,2017-11-01
CB3,1124,1288,2412,6849,6234,13083,2017-11-01
CB4,3546,3959,7505,16534,13737,30271,2017-11-01
CB5,1029,1190,2219,5096,4264,9360,2017-11-01
CB6,1272,1574,2846,14425,13097,27522,2017-11-01
CB7,986,1159,2145,10185,9050,19235,2017-11-01
CB8,1500,1638,3138,12216,11120,23336,2017-11-01
CB9,1472,2007,3479,11386,9608,20994,2017-11-01
CB10,531,623,1154,5477,5179,10656,2017-11-01
CB11,659,749,1408,7158,6791,13949,2017-11-01
CB12,0,0,0,0,1,1,2017-11-01
CB19,0,0,0,1,0,1,2017-11-01
CB21,397,437,834,4992,4676,9668,2017-11-01
CB22,643,669,1312,7716,7002,14718,2017-11-01
CB23,944,1113,2057,10709,10041,20750,2017-11-01
CB24,981,1040,2021,10614,9650,20264,2017-11-01
CB25,404,456,860,5599,5056,10655,2017-11-01
CB52,0,0,0,1,0,1,2017-11-01
CF0,1,0,1,1,0,1,2017-11-01
CF1,92,71,163,185,72,257,2017-11-01
CF2,49,44,93,165,56,221,2017-11-01
CF3,2629,3412,6041,13233,11833,25066,2017-11-01
CF4,50,40,90,195,138,333,2017-11-01
CF5,3884,4862,8746,20816,18523,39339,2017-11-01
CF6,88,76,164,165,77,242,2017-11-01
CF7,15,10,25,81,65,146,2017-11-01
CF8,58,50,108,200,138,338,2017-11-01
CF10,1331,1117,2448,3866,2261,6127,2017-11-01
CF11,3282,3071,6353,10881,7621,18502,2017-11-01
CF14,3155,3560,6715,25979,24521,50500,2017-11-01
CF15,584,664,1248,7033,6779,13812,2017-11-01
CF16,0,0,0,0,1,1,2017-11-01
CF18,0,1,1,0,0,0,2017-11-01
CF23,2276,2885,5161,15790,14790,30580,2017-11-01
CF24,5096,4416,9512,11649,7932,19581,2017-11-01
CF31,1874,2414,4288,15951,14260,30211,2017-11-01
CF32,1431,1838,3269,10655,8938,19593,2017-11-01
CF33,755,1009,1764,5041,4240,9281,2017-11-01
CF34,1027,1339,2366,6694,5228,11922,2017-11-01
CF35,494,596,1090,6734,6152,12886,2017-11-01
CF36,544,644,1188,6141,5694,11835,2017-11-01
CF37,2250,2433,4683,12078,9638,21716,2017-11-01
CF38,758,1045,1803,8706,8022,16728,2017-11-01
CF39,1379,1998,3377,9554,7654,17208,2017-11-01
CF40,1038,1492,2530,6550,4955,11505,2017-11-01
CF41,507,711,1218,3528,2708,6236,2017-11-01
CF42,697,942,1639,4279,3292,7571,2017-11-01
CF43,707,990,1697,3638,2609,6247,2017-11-01
CF44,1960,2851,4811,13423,10671,24094,2017-11-01
CF45,1147,1555,2702,6049,4570,10619,2017-11-01
CF46,647,882,1529,5151,4473,9624,2017-11-01
CF47,1329,1856,3185,6656,4948,11604,2017-11-01
CF48,1360,1918,3278,8983,7173,16156,2017-11-01
CF61,501,584,1085,3719,3407,7126,2017-11-01
CF62,1968,2464,4432,14408,13497,27905,2017-11-01
CF63,1416,1675,3091,6557,5682,12239,2017-11-01
CF64,1503,1786,3289,13500,12875,26375,2017-11-01
CF71,228,208,436,3830,3756,7586,2017-11-01
CF72,883,1120,2003,9792,9266,19058,2017-11-01
CF81,940,1331,2271,5100,3753,8853,2017-11-01
CF82,915,1214,2129,6904,5851,12755,2017-11-01
CF83,2691,3461,6152,17914,15539,33453,2017-11-01
CH1,2077,2465,4542,9528,7351,16879,2017-11-01
CH2,1599,1983,3582,12714,11237,23951,2017-11-01
CH3,1278,1356,2634,13726,12852,26578,2017-11-01
CH4,1611,1997,3608,12184,11122,23306,2017-11-01
CH5,2124,2681,4805,14991,12654,27645,2017-11-01
CH6,903,1228,2131,5644,4684,10328,2017-11-01
CH7,1804,2291,4095,19093,17619,36712,2017-11-01
CH8,916,1228,2144,7733,6602,14335,2017-11-01
CH9,1,0,1,1,0,1,2017-11-01
CH22,0,0,0,1,1,2,2017-11-01
CH41,1760,1945,3705,4460,3151,7611,2017-11-01
CH42,2486,2952,5438,8445,6801,15246,2017-11-01
CH43,2163,2439,4602,12825,11209,24034,2017-11-01
CH44,2314,2783,5097,8211,6382,14593,2017-11-01
CH45,1718,2010,3728,10637,9418,20055,2017-11-01
CH46,1506,1870,3376,8347,7161,15508,2017-11-01
CH47,436,531,967,4096,4009,8105,2017-11-01
CH48,611,611,1222,5825,5701,11526,2017-11-01
CH49,1442,1795,3237,9985,9305,19290,2017-11-01
CH60,331,328,659,5396,5298,10694,2017-11-01
CH61,598,694,1292,6596,6437,13033,2017-11-01
CH62,1570,1886,3456,9943,8778,18721,2017-11-01
CH63,1231,1410,2641,11034,10501,21535,2017-11-01
CH64,610,681,1291,7631,7226,14857,2017-11-01
CH65,1918,2363,4281,8592,6953,15545,2017-11-01
CH66,1525,1895,3420,13005,11792,24797,2017-11-01
CM0,637,725,1362,6804,6051,12855,2017-11-01
CM1,3103,3592,6695,23456,20766,44222,2017-11-01
CM2,2512,2992,5504,22553,20289,42842,2017-11-01
CM3,1669,2012,3681,22366,21058,43424,2017-11-01
CM4,307,377,684,4410,4211,8621,2017-11-01
CM5,344,386,730,4571,4309,8880,2017-11-01
CM6,728,820,1548,11017,10516,21533,2017-11-01
CM7,2254,2878,5132,18227,15638,33865,2017-11-01
CM8,1558,2100,3658,11942,10375,22317,2017-11-01
CM9,1242,1537,2779,13432,12254,25686,2017-11-01
CM11,725,790,1515,7905,7409,15314,2017-11-01
CM12,709,736,1445,8180,7771,15951,2017-11-01
CM13,960,1094,2054,10005,9257,19262,2017-11-01
CM14,924,1120,2044,7884,7065,14949,2017-11-01
CM15,781,931,1712,9433,9045,18478,2017-11-01
CM16,784,931,1715,9210,8604,17814,2017-11-01
CM17,867,1116,1983,8654,7951,16605,2017-11-01
CM18,1714,2155,3869,8582,6754,15336,2017-11-01
CM19,1364,1624,2988,7740,6154,13894,2017-11-01
CM20,1746,2169,3915,7850,5963,13813,2017-11-01
CM21,346,418,764,4687,4272,8959,2017-11-01
CM22,442,513,955,6188,5804,11992,2017-11-01
CM23,1696,1954,3650,15688,14388,30076,2017-11-01
CM24,280,308,588,3076,2795,5871,2017-11-01
CM77,442,559,1001,5959,5736,11695,2017-11-01
CO0,1,1,2,0,0,0,2017-11-01
CO1,1222,1398,2620,5408,4127,9535,2017-11-01
CO2,2130,2840,4970,12924,10730,23654,2017-11-01
CO3,1331,1470,2801,11231,10243,21474,2017-11-01
CO4,2805,3438,6243,16400,13804,30204,2017-11-01
CO5,850,1024,1874,11539,10743,22282,2017-11-01
CO6,829,1000,1829,11508,10868,22376,2017-11-01
CO7,1184,1319,2503,13507,12319,25826,2017-11-01
CO8,66,77,143,976,926,1902,2017-11-01
CO9,841,1055,1896,10074,9150,19224,2017-11-01
CO10,1871,2255,4126,18330,16524,34854,2017-11-01
CO11,426,536,962,5153,4808,9961,2017-11-01
CO12,1034,1366,2400,8136,6711,14847,2017-11-01
CO13,402,453,855,4919,4539,9458,2017-11-01
CO14,291,358,649,2336,1950,4286,2017-11-01
CO15,2237,2665,4902,15433,12630,28063,2017-11-01
CO16,1052,1310,2362,9674,8390,18064,2017-11-01
CR0,16353,18605,34958,50758,39217,89975,2017-11-01
CR1,8,6,14,9,2,11,2017-11-01
CR2,2955,3491,6446,18286,16314,34600,2017-11-01
CR3,1262,1498,2760,11185,10609,21794,2017-11-01
CR4,8226,8198,16424,20707,14003,34710,2017-11-01
CR5,1389,1663,3052,11217,10672,21889,2017-11-01
CR6,340,401,741,4067,3825,7892,2017-11-01
CR7,6656,6660,13316,14459,10467,24926,2017-11-01
CR8,1856,2079,3935,12530,11596,24126,2017-11-01
CR9,57,46,103,72,29,101,2017-11-01
CT0,0,0,0,0,1,1,2017-11-01
CT1,2133,2402,4535,7911,6282,14193,2017-11-01
CT2,1817,1988,3805,8646,7419,16065,2017-11-01
CT3,774,985,1759,6826,6219,13045,2017-11-01
CT4,610,656,1266,6953,6770,13723,2017-11-01
CT5,1375,1541,2916,12392,11745,24137,2017-11-01
CT6,1631,1872,3503,14373,13269,27642,2017-11-01
CT7,395,508,903,4554,4144,8698,2017-11-01
CT8,413,486,899,2597,2376,4973,2017-11-01
CT9,3221,3622,6843,13665,11199,24864,2017-11-01
CT10,1286,1411,2697,9040,8412,17452,2017-11-01
CT11,2190,2378,4568,9603,7966,17569,2017-11-01
CT12,1126,1371,2497,6231,5311,11542,2017-11-01
CT13,397,422,819,3353,3059,6412,2017-11-01
CT14,1707,1984,3691,12617,11213,23830,2017-11-01
CT15,484,641,1125,5389,4813,10202,2017-11-01
CT16,1267,1389,2656,6809,5394,12203,2017-11-01
CT17,1412,1677,3089,6671,5294,11965,2017-11-01
CT18,495,535,1030,5713,5324,11037,2017-11-01
CT19,1829,2223,4052,9250,7667,16917,2017-11-01
CT20,1429,1627,3056,7656,5901,13557,2017-11-01
CT21,616,724,1340,6682,6297,12979,2017-11-01
CV0,0,0,0,1,1,2,2017-11-01
CV1,4195,3352,7547,6771,2969,9740,2017-11-01
CV2,5326,6667,11993,20186,14792,34978,2017-11-01
CV3,4230,5330,9560,23278,18481,41759,2017-11-01
CV4,2320,2636,4956,10160,7999,18159,2017-11-01
CV5,2332,2647,4979,17532,14876,32408,2017-11-01
CV6,7230,8827,16057,28099,20378,48477,2017-11-01
CV7,1124,1404,2528,11296,10161,21457,2017-11-01
CV8,1071,1191,2262,12525,11871,24396,2017-11-01
CV9,879,1104,1983,8340,7093,15433,2017-11-01
CV10,2534,3521,6055,18283,15184,33467,2017-11-01
CV11,1938,2317,4255,14423,11888,26311,2017-11-01
CV12,1455,2023,3478,11216,9400,20616,2017-11-01
CV13,258,328,586,4559,4296,8855,2017-11-01
CV17,0,0,0,1,0,1,2017-11-01
CV19,0,0,0,1,0,1,2017-11-01
CV21,2285,2825,5110,13329,9974,23303,2017-11-01
CV22,1520,1804,3324,13748,12072,25820,2017-11-01
CV23,650,762,1412,9189,8518,17707,2017-11-01
CV25,1,0,1,0,0,0,2017-11-01
CV27,0,0,0,1,0,1,2017-11-01
CV31,1911,2178,4089,10209,8123,18332,2017-11-01
CV32,1563,1741,3304,11860,10256,22116,2017-11-01
CV33,203,242,445,2781,2637,5418,2017-11-01
CV34,1378,1659,3037,11790,10592,22382,2017-11-01
CV35,644,787,1431,10546,10342,20888,2017-11-01
CV36,280,313,593,3959,3738,7697,2017-11-01
CV37,1624,1960,3584,16429,15468,31897,2017-11-01
CV47,556,640,1196,7006,6510,13516,2017-11-01
CW1,2352,2864,5216,13612,11328,24940,2017-11-01
CW2,2071,2227,4298,14608,12427,27035,2017-11-01
CW3,253,309,562,3733,3547,7280,2017-11-01
CW4,258,290,548,4068,3986,8054,2017-11-01
CW5,949,1035,1984,11652,11078,22730,2017-11-01
CW6,259,366,625,5524,5353,10877,2017-11-01
CW7,1751,2200,3951,11109,9487,20596,2017-11-01
CW8,1261,1423,2684,14828,13811,28639,2017-11-01
CW9,1257,1450,2707,13053,11680,24733,2017-11-01
CW10,458,616,1074,6056,5530,11586,2017-11-01
CW11,769,896,1665,9529,8947,18476,2017-11-01
CW12,996,1142,2138,11731,10945,22676,2017-11-01
D21,0,0,0,1,0,1,2017-11-01
DA0,1,1,2,0,0,0,2017-11-01
DA1,3638,4515,8153,20131,16539,36670,2017-11-01
DA2,1006,1364,2370,8686,7826,16512,2017-11-01
DA3,574,606,1180,7047,6757,13804,2017-11-01
DA4,334,380,714,3817,3564,7381,2017-11-01
DA5,885,928,1813,8147,7606,15753,2017-11-01
DA6,549,649,1198,3721,3250,6971,2017-11-01
DA7,1651,2076,3727,13038,11525,24563,2017-11-01
DA8,2883,3665,6548,10867,8845,19712,2017-11-01
DA9,672,747,1419,4965,4279,9244,2017-11-01
DA10,442,578,1020,2431,1870,4301,2017-11-01
DA11,2536,3027,5563,13279,10264,23543,2017-11-01
DA12,3056,3545,6601,16656,13660,30316,2017-11-01
DA13,365,424,789,6168,5870,12038,2017-11-01
DA14,1115,1423,2538,7647,7049,14696,2017-11-01
DA15,1259,1530,2789,10880,9789,20669,2017-11-01
DA16,2117,2714,4831,13039,11077,24116,2017-11-01
DA17,1408,1824,3232,5983,4768,10751,2017-11-01
DA18,711,876,1587,1339,912,2251,2017-11-01
DD1,1093,923,2016,2220,1483,3703,2017-11-01
DD2,2635,3268,5903,12561,10796,23357,2017-11-01
DD3,2643,3097,5740,10966,8548,19514,2017-11-01
DD4,3238,3966,7204,12595,10037,22632,2017-11-01
DD5,1002,1212,2214,12122,11562,23684,2017-11-01
DD6,436,524,960,3495,3343,6838,2017-11-01
DD7,436,612,1048,4716,4287,9003,2017-11-01
DD8,1076,1412,2488,10677,9518,20195,2017-11-01
DD9,511,667,1178,4062,3613,7675,2017-11-01
DD10,900,1166,2066,7938,6825,14763,2017-11-01
DD11,1326,1666,2992,9702,8220,17922,2017-11-01
DE0,0,0,0,1,0,1,2017-11-01
DE1,1293,1153,2446,3822,2159,5981,2017-11-01
DE2,26,19,45,76,29,105,2017-11-01
DE3,550,705,1255,6737,6142,12879,2017-11-01
DE4,1149,1474,2623,13234,11947,25181,2017-11-01
DE5,815,1139,1954,8306,7090,15396,2017-11-01
DE6,708,842,1550,10365,9589,19954,2017-11-01
DE7,2388,3122,5510,17439,14304,31743,2017-11-01
DE11,1858,2433,4291,16312,14261,30573,2017-11-01
DE12,718,859,1577,8172,7321,15493,2017-11-01
DE13,1289,1735,3024,15624,14196,29820,2017-11-01
DE14,2069,2447,4516,9929,6899,16828,2017-11-01
DE15,1215,1515,2730,8356,6875,15231,2017-11-01
DE19,0,0,0,0,1,1,2017-11-01
DE21,2889,4017,6906,19638,16336,35974,2017-11-01
DE22,2494,3003,5497,15260,12777,28037,2017-11-01
DE23,4698,5201,9899,17994,13166,31160,2017-11-01
DE24,3650,5074,8724,17564,13279,30843,2017-11-01
DE40,0,0,0,1,0,1,2017-11-01
DE44,0,0,0,0,1,1,2017-11-01
DE45,229,279,508,3404,3273,6677,2017-11-01
DE51,0,0,0,1,0,1,2017-11-01
DE53,0,0,0,1,0,1,2017-11-01
DE55,2011,2734,4745,18379,15578,33957,2017-11-01
DE56,1281,1655,2936,15233,13933,29166,2017-11-01
DE65,663,811,1474,8927,8403,17330,2017-11-01
DE66,0,0,0,0,1,1,2017-11-01
DE72,619,857,1476,8102,7571,15673,2017-11-01
DE73,577,766,1343,7446,6948,14394,2017-11-01
DE74,430,470,900,4665,4062,8727,2017-11-01
DE75,827,1076,1903,6373,5332,11705,2017-11-01
DG1,1160,1384,2544,9904,8959,18863,2017-11-01
DG2,1282,1713,2995,7734,6821,14555,2017-11-01
DG3,162,246,408,1799,1673,3472,2017-11-01
DG4,221,336,557,1475,1097,2572,2017-11-01
DG5,217,241,458,1972,1761,3733,2017-11-01
DG6,258,292,550,1892,1788,3680,2017-11-01
DG7,423,508,931,4754,4450,9204,2017-11-01
DG8,493,698,1191,4777,4182,8959,2017-11-01
DG9,784,991,1775,5622,4901,10523,2017-11-01
DG10,177,188,365,1503,1334,2837,2017-11-01
DG11,489,597,1086,5032,4518,9550,2017-11-01
DG12,637,817,1454,4370,3686,8056,2017-11-01
DG13,135,152,287,1098,954,2052,2017-11-01
DG14,38,45,83,567,501,1068,2017-11-01
DG16,140,202,342,1422,1191,2613,2017-11-01
DH1,1967,2313,4280,13701,12104,25805,2017-11-01
DH2,1339,1967,3306,10701,8857,19558,2017-11-01
DH3,1231,1693,2924,8951,7395,16346,2017-11-01
DH4,1593,2099,3692,11591,9615,21206,2017-11-01
DH5,1031,1522,2553,6672,5137,11809,2017-11-01
DH6,1496,2149,3645,11930,9921,21851,2017-11-01
DH7,1814,2633,4447,14338,12087,26425,2017-11-01
DH8,1703,2383,4086,13462,11403,24865,2017-11-01
DH9,1918,2666,4584,11743,8993,20736,2017-11-01
DH10,0,0,0,1,0,1,2017-11-01
DL0,0,0,0,1,0,1,2017-11-01
DL1,2748,3801,6549,14874,11290,26164,2017-11-01
DL2,439,540,979,7065,6805,13870,2017-11-01
DL3,2226,2797,5023,15067,12819,27886,2017-11-01
DL4,581,751,1332,3037,2221,5258,2017-11-01
DL5,1480,2053,3533,9881,8322,18203,2017-11-01
DL6,539,647,1186,5852,5340,11192,2017-11-01
DL7,360,476,836,6021,5788,11809,2017-11-01
DL8,411,562,973,7794,7301,15095,2017-11-01
DL9,1871,1243,3114,5120,3411,8531,2017-11-01
DL10,626,833,1459,7054,6687,13741,2017-11-01
DL11,97,136,233,2189,2094,4283,2017-11-01
DL12,378,483,861,4681,4225,8906,2017-11-01
DL13,423,581,1004,5473,4628,10101,2017-11-01
DL14,1701,2325,4026,12794,10538,23332,2017-11-01
DL15,919,1329,2248,7766,6408,14174,2017-11-01
DL16,844,1160,2004,7360,6186,13546,2017-11-01
DL17,870,1328,2198,6002,4676,10678,2017-11-01
DN0,1,0,1,1,0,1,2017-11-01
DN1,1084,890,1974,2360,1033,3393,2017-11-01
DN2,1618,2088,3706,7669,5704,13373,2017-11-01
DN3,1088,1536,2624,11035,9387,20422,2017-11-01
DN4,2873,3612,6485,17844,14110,31954,2017-11-01
DN5,1854,2592,4446,13617,11443,25060,2017-11-01
DN6,1829,2429,4258,9744,7705,17449,2017-11-01
DN7,1087,1556,2643,7626,6097,13723,2017-11-01
DN8,963,1306,2269,5936,4425,10361,2017-11-01
DN9,592,724,1316,8348,7895,16243,2017-11-01
DN10,339,439,778,5182,4732,9914,2017-11-01
DN11,1371,1828,3199,9756,8201,17957,2017-11-01
DN12,1557,2081,3638,7058,5282,12340,2017-11-01
DN14,1886,2754,4640,17112,14109,31221,2017-11-01
DN15,2216,2579,4795,12073,9089,21162,2017-11-01
DN16,1574,1967,3541,10448,8636,19084,2017-11-01
DN17,1733,2199,3932,13048,10923,23971,2017-11-01
DN18,520,733,1253,4443,3675,8118,2017-11-01
DN19,197,239,436,2501,2221,4722,2017-11-01
DN20,606,802,1408,7469,6569,14038,2017-11-01
DN21,1750,2281,4031,13645,11744,25389,2017-11-01
DN22,1363,1789,3152,13283,11837,25120,2017-11-01
DN31,843,1001,1844,2398,1446,3844,2017-11-01
DN32,2403,2677,5080,7754,5572,13326,2017-11-01
DN33,1248,1434,2682,6384,5320,11704,2017-11-01
DN34,1121,1419,2540,6402,5102,11504,2017-11-01
DN35,1954,2399,4353,11170,8940,20110,2017-11-01
DN36,550,696,1246,7950,7299,15249,2017-11-01
DN37,851,1111,1962,8112,7169,15281,2017-11-01
DN38,91,112,203,1156,1020,2176,2017-11-01
DN39,79,107,186,1150,974,2124,2017-11-01
DN40,667,949,1616,4565,3467,8032,2017-11-01
DN41,146,193,339,2586,2404,4990,2017-11-01
DT0,0,0,0,0,1,1,2017-11-01
DT1,826,1027,1853,7235,6657,13892,2017-11-01
DT2,681,746,1427,10546,10182,20728,2017-11-01
DT3,857,1033,1890,9312,8602,17914,2017-11-01
DT4,2117,2357,4474,12924,11054,23978,2017-11-01
DT5,706,863,1569,4308,3626,7934,2017-11-01
DT6,729,841,1570,8499,8264,16763,2017-11-01
DT7,222,236,458,2124,2066,4190,2017-11-01
DT8,173,210,383,2421,2356,4777,2017-11-01
DT9,671,825,1496,8166,8005,16171,2017-11-01
DT10,319,360,679,4789,4617,9406,2017-11-01
DT11,1138,1219,2357,12275,10915,23190,2017-11-01
DY0,0,0,0,1,0,1,2017-11-01
DY1,2059,2546,4605,10376,8031,18407,2017-11-01
DY2,2370,3068,5438,10488,7602,18090,2017-11-01
DY3,1336,1715,3051,12311,10543,22854,2017-11-01
DY4,3009,3880,6889,12954,9374,22328,2017-11-01
DY5,2133,2935,5068,13913,11010,24923,2017-11-01
DY6,773,1067,1840,10931,9815,20746,2017-11-01
DY7,193,223,416,3286,3185,6471,2017-11-01
DY8,2054,2512,4566,18495,16354,34849,2017-11-01
DY9,1334,1597,2931,10909,9500,20409,2017-11-01
DY10,1608,2034,3642,13090,11561,24651,2017-11-01
DY11,1372,1734,3106,11363,9755,21118,2017-11-01
DY12,371,440,811,5045,4629,9674,2017-11-01
DY13,780,1021,1801,8866,7885,16751,2017-11-01
DY14,216,225,441,3603,3292,6895,2017-11-01
E0,0,0,0,1,0,1,2017-11-01
E1,11196,8370,19566,17262,8601,25863,2017-11-01
E2,5642,5535,11177,11796,6996,18792,2017-11-01
E3,6795,6856,13651,14740,9346,24086,2017-11-01
E4,4445,5065,9510,22440,18832,41272,2017-11-01
E5,7342,7458,14800,12003,8036,20039,2017-11-01
E6,15899,12630,28529,23559,12161,35720,2017-11-01
E7,12186,8562,20748,16010,8260,24270,2017-11-01
E8,5622,6057,11679,10552,7360,17912,2017-11-01
E9,5765,6385,12150,9510,6649,16159,2017-11-01
E10,7702,6524,14226,14435,8173,22608,2017-11-01
E11,6802,6539,13341,18472,13342,31814,2017-11-01
E12,9181,6677,15858,12170,6310,18480,2017-11-01
E13,9594,7625,17219,13102,6808,19910,2017-11-01
E14,9680,9962,19642,24536,14294,38830,2017-11-01
E15,9097,8069,17166,15177,8325,23502,2017-11-01
E16,6937,7383,14320,14042,8408,22450,2017-11-01
E17,14783,13887,28670,33436,21908,55344,2017-11-01
E18,1315,1449,2764,7097,6138,13235,2017-11-01
E19,0,0,0,1,0,1,2017-11-01
E20,317,386,703,1216,730,1946,2017-11-01
EC1,17,7,24,24,7,31,2017-11-01
EC2,1,2,3,7,2,9,2017-11-01
EC3,0,1,1,4,2,6,2017-11-01
EC4,2,1,3,5,2,7,2017-11-01
EC10,1,0,1,0,0,0,2017-11-01
EC11,0,1,1,0,0,0,2017-11-01
EC12,1,0,1,1,0,1,2017-11-01
EC14,1,2,3,4,0,4,2017-11-01
EC15,0,0,0,1,0,1,2017-11-01
EC16,1,0,1,1,0,1,2017-11-01
EC17,1,0,1,2,2,4,2017-11-01
EC19,0,1,1,1,0,1,2017-11-01
EC24,0,0,0,0,1,1,2017-11-01
EC27,0,0,0,3,1,4,2017-11-01
EC28,0,0,0,1,0,1,2017-11-01
EC31,0,0,0,0,1,1,2017-11-01
EC34,1,0,1,0,0,0,2017-11-01
EC41,0,0,0,1,0,1,2017-11-01
EC47,0,0,0,5,0,5,2017-11-01
EC77,1,0,1,0,0,0,2017-11-01
EH0,1,5,6,3,3,6,2017-11-01
EH1,553,519,1072,1486,1039,2525,2017-11-01
EH2,112,96,208,450,274,724,2017-11-01
EH3,1776,1824,3600,7288,6208,13496,2017-11-01
EH4,3620,4179,7799,17926,15920,33846,2017-11-01
EH5,1481,1810,3291,6405,5324,11729,2017-11-01
EH6,3156,3314,6470,11935,9425,21360,2017-11-01
EH7,2672,2947,5619,9961,7831,17792,2017-11-01
EH8,1787,1865,3652,5888,4615,10503,2017-11-01
EH9,1303,1444,2747,6457,5932,12389,2017-11-01
EH10,1839,1893,3732,13057,11559,24616,2017-11-01
EH11,3580,3745,7325,10237,7471,17708,2017-11-01
EH12,1877,2353,4230,14019,12961,26980,2017-11-01
EH13,895,1018,1913,4817,4331,9148,2017-11-01
EH14,2590,2891,5481,13112,11117,24229,2017-11-01
EH15,1353,1562,2915,6873,6088,12961,2017-11-01
EH16,2345,2718,5063,8789,7214,16003,2017-11-01
EH17,1405,1831,3236,5737,4559,10296,2017-11-01
EH18,98,137,235,861,790,1651,2017-11-01
EH19,704,873,1577,5080,4743,9823,2017-11-01
EH20,328,477,805,2300,1865,4165,2017-11-01
EH21,1497,1867,3364,7892,6877,14769,2017-11-01
EH22,1797,2357,4154,10641,9100,19741,2017-11-01
EH23,466,642,1108,2974,2625,5599,2017-11-01
EH24,73,116,189,638,584,1222,2017-11-01
EH25,159,206,365,1213,1090,2303,2017-11-01
EH26,879,1180,2059,6081,5324,11405,2017-11-01
EH27,149,157,306,1057,1013,2070,2017-11-01
EH28,159,192,351,1254,1082,2336,2017-11-01
EH29,207,263,470,1871,1723,3594,2017-11-01
EH30,486,667,1153,3602,3242,6844,2017-11-01
EH31,87,101,188,991,969,1960,2017-11-01
EH32,914,1227,2141,6902,6105,13007,2017-11-01
EH33,663,870,1533,4767,4184,8951,2017-11-01
EH34,84,92,176,1020,969,1989,2017-11-01
EH35,90,153,243,792,637,1429,2017-11-01
EH36,12,10,22,173,161,334,2017-11-01
EH37,57,92,149,642,600,1242,2017-11-01
EH38,12,17,29,171,176,347,2017-11-01
EH39,374,463,837,3558,3420,6978,2017-11-01
EH40,64,84,148,846,827,1673,2017-11-01
EH41,498,646,1144,4447,4110,8557,2017-11-01
EH42,464,598,1062,3930,3567,7497,2017-11-01
EH43,43,62,105,272,260,532,2017-11-01
EH44,112,156,268,1268,1182,2450,2017-11-01
EH45,429,538,967,4064,3809,7873,2017-11-01
EH46,129,157,286,1452,1460,2912,2017-11-01
EH47,1438,2000,3438,9028,7298,16326,2017-11-01
EH48,1708,2310,4018,13243,11405,24648,2017-11-01
EH49,637,859,1496,6218,5677,11895,2017-11-01
EH51,673,885,1558,5089,4427,9516,2017-11-01
EH52,915,1299,2214,6999,5917,12916,2017-11-01
EH53,444,610,1054,4000,3562,7562,2017-11-01
EH54,3578,4661,8239,18319,15346,33665,2017-11-01
EH55,411,528,939,2955,2462,5417,2017-11-01
EN0,0,0,0,0,1,1,2017-11-01
EN1,3403,4196,7599,15325,13210,28535,2017-11-01
EN2,1591,2073,3664,10858,9753,20611,2017-11-01
EN3,5733,7454,13187,17505,13157,30662,2017-11-01
EN4,1494,1775,3269,9961,8949,18910,2017-11-01
EN5,2515,3103,5618,14056,12718,26774,2017-11-01
EN6,1233,1413,2646,11634,10915,22549,2017-11-01
EN7,827,981,1808,8640,8149,16789,2017-11-01
EN8,2151,2640,4791,13374,10988,24362,2017-11-01
EN9,1062,1304,2366,9679,8356,18035,2017-11-01
EN10,720,858,1578,6739,6365,13104,2017-11-01
EN11,979,1110,2089,8512,7508,16020,2017-11-01
EX0,0,0,0,2,0,2,2017-11-01
EX1,1227,1437,2664,7039,6233,13272,2017-11-01
EX2,2059,2502,4561,14836,13372,28208,2017-11-01
EX3,156,147,303,1882,1892,3774,2017-11-01
EX4,3189,3678,6867,16027,13351,29378,2017-11-01
EX5,582,738,1320,8919,8644,17563,2017-11-01
EX6,373,437,810,6095,5796,11891,2017-11-01
EX7,563,702,1265,4911,4517,9428,2017-11-01
EX8,1685,2080,3765,13685,12532,26217,2017-11-01
EX9,152,230,382,2716,2692,5408,2017-11-01
EX10,536,666,1202,6664,6597,13261,2017-11-01
EX11,241,285,526,3388,3362,6750,2017-11-01
EX12,282,422,704,3733,3381,7114,2017-11-01
EX13,375,461,836,4930,4733,9663,2017-11-01
EX14,679,871,1550,8391,7764,16155,2017-11-01
EX15,687,787,1474,8694,8047,16741,2017-11-01
EX16,1234,1523,2757,12098,11048,23146,2017-11-01
EX17,687,830,1517,7639,7105,14744,2017-11-01
EX18,113,90,203,1324,1260,2584,2017-11-01
EX19,59,106,165,1565,1433,2998,2017-11-01
EX20,680,886,1566,8326,7602,15928,2017-11-01
EX21,115,102,217,1893,1773,3666,2017-11-01
EX22,297,378,675,4673,4114,8787,2017-11-01
EX23,584,684,1268,6203,5746,11949,2017-11-01
EX24,108,127,235,1492,1500,2992,2017-11-01
EX31,846,1108,1954,9853,8980,18833,2017-11-01
EX32,1352,1611,2963,8220,7150,15370,2017-11-01
EX33,336,433,769,4058,3733,7791,2017-11-01
EX34,897,1108,2005,6347,5403,11750,2017-11-01
EX35,84,80,164,694,631,1325,2017-11-01
EX36,291,345,636,3533,3221,6754,2017-11-01
EX37,82,114,196,1620,1509,3129,2017-11-01
EX38,305,380,685,3190,2910,6100,2017-11-01
EX39,1576,1901,3477,14312,13121,27433,2017-11-01
FK1,1448,1895,3343,9751,8117,17868,2017-11-01
FK2,2129,2799,4928,17027,14969,31996,2017-11-01
FK3,985,1258,2243,5361,4373,9734,2017-11-01
FK4,568,838,1406,4738,4174,8912,2017-11-01
FK5,743,1038,1781,7181,6686,13867,2017-11-01
FK6,666,891,1557,4757,4045,8802,2017-11-01
FK7,1528,2153,3681,10338,9251,19589,2017-11-01
FK8,1071,1213,2284,5994,5313,11307,2017-11-01
FK9,606,754,1360,4397,4011,8408,2017-11-01
FK10,1963,2651,4614,12382,10740,23122,2017-11-01
FK11,89,121,210,1027,989,2016,2017-11-01
FK12,242,297,539,1756,1518,3274,2017-11-01
FK13,305,349,654,2167,1850,4017,2017-11-01
FK14,178,212,390,1818,1745,3563,2017-11-01
FK15,438,540,978,4125,3998,8123,2017-11-01
FK16,81,93,174,910,843,1753,2017-11-01
FK17,131,183,314,1436,1299,2735,2017-11-01
FK18,6,7,13,98,88,186,2017-11-01
FK19,18,26,44,249,212,461,2017-11-01
FK20,29,47,76,171,122,293,2017-11-01
FK21,42,49,91,396,335,731,2017-11-01
FY0,0,0,0,4,3,7,2017-11-01
FY1,3395,3475,6870,9362,5926,15288,2017-11-01
FY2,1381,1560,2941,8184,6924,15108,2017-11-01
FY3,2141,2634,4775,10227,8536,18763,2017-11-01
FY4,2676,3330,6006,14620,12056,26676,2017-11-01
FY5,1715,1969,3684,16610,14957,31567,2017-11-01
FY6,771,995,1766,11165,10541,21706,2017-11-01
FY7,1876,2105,3981,8009,6318,14327,2017-11-01
FY8,1787,2037,3824,16974,15644,32618,2017-11-01
G1,555,391,946,1462,812,2274,2017-11-01
G2,303,186,489,612,263,875,2017-11-01
G3,1837,1592,3429,4857,3127,7984,2017-11-01
G4,1287,943,2230,2573,1380,3953,2017-11-01
G5,1377,1207,2584,2951,1782,4733,2017-11-01
G6,0,4,4,7,1,8,2017-11-01
G7,1,0,1,4,4,8,2017-11-01
G8,0,0,0,2,0,2,2017-11-01
G9,0,0,0,3,0,3,2017-11-01
G10,0,2,2,0,0,0,2017-11-01
G11,1500,1588,3088,5952,5233,11185,2017-11-01
G12,1740,1612,3352,8115,7275,15390,2017-11-01
G13,2265,2603,4868,9672,8157,17829,2017-11-01
G14,1527,1699,3226,5026,4116,9142,2017-11-01
G15,1767,1985,3752,4007,3168,7175,2017-11-01
G16,2,1,3,0,0,0,2017-11-01
G17,0,0,0,0,1,1,2017-11-01
G18,0,1,1,0,1,1,2017-11-01
G19,1,0,1,0,0,0,2017-11-01
G20,3056,3255,6311,7597,5750,13347,2017-11-01
G21,3260,3562,6822,6486,4278,10764,2017-11-01
G22,1912,2187,4099,3972,2776,6748,2017-11-01
G23,559,738,1297,2133,1766,3899,2017-11-01
G24,1,0,1,0,0,0,2017-11-01
G25,0,2,2,1,0,1,2017-11-01
G26,0,0,0,2,0,2,2017-11-01
G29,0,0,0,1,0,1,2017-11-01
G30,3,0,3,1,0,1,2017-11-01
G31,2713,2892,5605,5649,3853,9502,2017-11-01
G32,2594,3257,5851,10729,8068,18797,2017-11-01
G33,3478,4152,7630,12130,9902,22032,2017-11-01
G34,1080,1281,2361,1779,1236,3015,2017-11-01
G35,1,1,2,0,0,0,2017-11-01
G36,0,2,2,2,0,2,2017-11-01
G37,0,0,0,1,1,2,2017-11-01
G38,0,0,0,1,0,1,2017-11-01
G39,0,0,0,0,1,1,2017-11-01
G40,1258,1444,2702,2907,1918,4825,2017-11-01
G41,2699,2834,5533,10702,8561,19263,2017-11-01
G42,3587,3101,6688,8034,5357,13391,2017-11-01
G43,1235,1340,2575,5273,4381,9654,2017-11-01
G44,1765,2271,4036,9400,8319,17719,2017-11-01
G45,1726,1936,3662,3286,2168,5454,2017-11-01
G46,1702,1927,3629,8513,7867,16380,2017-11-01
G47,1,1,2,3,1,4,2017-11-01
G48,2,0,2,1,1,2,2017-11-01
G49,0,0,0,4,0,4,2017-11-01
G50,2,0,2,1,1,2,2017-11-01
G51,2932,2840,5772,5748,3645,9393,2017-11-01
G52,2213,2837,5050,7973,6497,14470,2017-11-01
G53,2829,3399,6228,9461,7806,17267,2017-11-01
G54,2,0,2,2,0,2,2017-11-01
G55,0,3,3,1,2,3,2017-11-01
G56,1,1,2,1,0,1,2017-11-01
G57,0,1,1,0,0,0,2017-11-01
G58,0,0,0,1,0,1,2017-11-01
G59,0,0,0,0,1,1,2017-11-01
G60,254,301,555,1944,1828,3772,2017-11-01
G61,1062,1190,2252,11035,10890,21925,2017-11-01
G62,588,683,1271,5043,4972,10015,2017-11-01
G63,293,365,658,3802,3955,7757,2017-11-01
G64,1218,1504,2722,9819,9216,19035,2017-11-01
G65,814,1016,1830,4536,3761,8297,2017-11-01
G66,1940,2461,4401,13793,12542,26335,2017-11-01
G67,2661,3412,6073,10574,8206,18780,2017-11-01
G68,770,987,1757,6946,6437,13383,2017-11-01
G69,1764,2258,4022,11898,10506,22404,2017-11-01
G70,0,0,0,1,3,4,2017-11-01
G71,1446,1887,3333,10376,9404,19780,2017-11-01
G72,2874,3608,6482,16104,14004,30108,2017-11-01
G73,2150,2647,4797,9781,8290,18071,2017-11-01
G74,1875,2397,4272,13154,11337,24491,2017-11-01
G75,2312,3176,5488,13461,11540,25001,2017-11-01
G76,943,1116,2059,8175,8047,16222,2017-11-01
G77,857,1005,1862,9658,9781,19439,2017-11-01
G78,1466,1760,3226,7738,6816,14554,2017-11-01
G80,1,0,1,0,0,0,2017-11-01
G81,2923,3681,6604,11228,9164,20392,2017-11-01
G82,1621,2022,3643,8688,7535,16223,2017-11-01
G83,1523,2028,3551,8138,6919,15057,2017-11-01
G84,1189,1458,2647,7800,7038,14838,2017-11-01
GL0,0,0,0,0,1,1,2017-11-01
GL1,2948,3150,6098,10877,7747,18624,2017-11-01
GL2,1874,2396,4270,21550,19824,41374,2017-11-01
GL3,1193,1626,2819,12206,11176,23382,2017-11-01
GL4,2344,2935,5279,17145,15224,32369,2017-11-01
GL5,1471,1585,3056,11588,10723,22311,2017-11-01
GL6,833,965,1798,10025,9711,19736,2017-11-01
GL7,1686,1943,3629,17361,16421,33782,2017-11-01
GL8,257,344,601,3460,3305,6765,2017-11-01
GL9,52,65,117,1123,1063,2186,2017-11-01
GL10,601,606,1207,5485,4875,10360,2017-11-01
GL11,605,783,1388,7219,6676,13895,2017-11-01
GL12,455,481,936,6023,5629,11652,2017-11-01
GL13,158,174,332,2510,2232,4742,2017-11-01
GL14,663,889,1552,5838,4962,10800,2017-11-01
GL15,756,928,1684,8397,7528,15925,2017-11-01
GL16,464,631,1095,5305,4876,10181,2017-11-01
GL17,410,538,948,4690,4228,8918,2017-11-01
GL18,271,352,623,3308,2999,6307,2017-11-01
GL19,233,228,461,3705,3569,7274,2017-11-01
GL20,1068,1185,2253,11025,10052,21077,2017-11-01
GL50,1215,1479,2694,7518,6243,13761,2017-11-01
GL51,2696,3401,6097,18177,15669,33846,2017-11-01
GL52,2006,2181,4187,16601,15590,32191,2017-11-01
GL53,789,805,1594,7690,7537,15227,2017-11-01
GL54,757,860,1617,9756,9419,19175,2017-11-01
GL55,164,171,335,2223,2275,4498,2017-11-01
GL56,320,368,688,3686,3623,7309,2017-11-01
GU0,0,0,0,0,1,1,2017-11-01
GU1,1839,1988,3827,11318,9824,21142,2017-11-01
GU2,2074,2211,4285,10686,8863,19549,2017-11-01
GU3,376,416,792,4803,4568,9371,2017-11-01
GU4,545,619,1164,6629,6599,13228,2017-11-01
GU5,342,423,765,4444,4510,8954,2017-11-01
GU6,567,558,1125,5789,5782,11571,2017-11-01
GU7,1046,1201,2247,8698,8287,16985,2017-11-01
GU8,581,640,1221,7113,7078,14191,2017-11-01
GU9,1102,1392,2494,11330,10795,22125,2017-11-01
GU10,690,742,1432,9598,9442,19040,2017-11-01
GU11,1673,2011,3684,8498,6555,15053,2017-11-01
GU12,1485,1888,3373,12209,10766,22975,2017-11-01
GU13,764,14,778,459,47,506,2017-11-01
GU14,2890,3369,6259,21348,18673,40021,2017-11-01
GU15,1809,1979,3788,14328,12773,27101,2017-11-01
GU16,1199,1016,2215,10037,8929,18966,2017-11-01
GU17,663,485,1148,5021,4123,9144,2017-11-01
GU18,144,190,334,3080,2987,6067,2017-11-01
GU19,228,216,444,2449,2345,4794,2017-11-01
GU20,126,127,253,1946,1965,3911,2017-11-01
GU21,2772,3273,6045,19461,16878,36339,2017-11-01
GU22,1767,2079,3846,14177,12642,26819,2017-11-01
GU23,215,232,447,2867,2824,5691,2017-11-01
GU24,862,791,1653,6954,6567,13521,2017-11-01
GU25,360,375,735,2757,2774,5531,2017-11-01
GU26,252,262,514,3077,2965,6042,2017-11-01
GU27,698,842,1540,7013,6765,13778,2017-11-01
GU28,246,274,520,2755,2682,5437,2017-11-01
GU29,312,419,731,3839,3894,7733,2017-11-01
GU30,356,405,761,3914,3813,7727,2017-11-01
GU31,392,477,869,4525,4398,8923,2017-11-01
GU32,513,621,1134,4528,4271,8799,2017-11-01
GU33,289,344,633,3367,3267,6634,2017-11-01
GU34,1118,1364,2482,12433,11696,24129,2017-11-01
GU35,988,1212,2200,9538,8372,17910,2017-11-01
GU46,408,455,863,6232,5923,12155,2017-11-01
GU47,648,750,1398,7754,7248,15002,2017-11-01
GU51,723,792,1515,9531,9065,18596,2017-11-01
GU52,418,517,935,7008,6789,13797,2017-11-01
HA0,11343,8846,20189,18359,11134,29493,2017-11-01
HA1,4272,4502,8774,14561,10699,25260,2017-11-01
HA2,5601,6217,11818,21475,16244,37719,2017-11-01
HA3,7959,7897,15856,29105,21295,50400,2017-11-01
HA4,2608,3096,5704,19617,17484,37101,2017-11-01
HA5,2386,2735,5121,18195,16822,35017,2017-11-01
HA6,1167,1470,2637,9482,8856,18338,2017-11-01
HA7,2782,3108,5890,15341,12753,28094,2017-11-01
HA8,8098,8038,16136,27051,19779,46830,2017-11-01
HA9,8839,7142,15981,19107,12186,31293,2017-11-01
HD1,2429,2123,4552,5927,3606,9533,2017-11-01
HD2,1971,2611,4582,9138,7453,16591,2017-11-01
HD3,1408,1906,3314,10513,9338,19851,2017-11-01
HD4,1658,2223,3881,9505,7738,17243,2017-11-01
HD5,1727,2297,4024,9916,8334,18250,2017-11-01
HD6,1252,1536,2788,9444,8251,17695,2017-11-01
HD7,961,1284,2245,8332,7351,15683,2017-11-01
HD8,971,1259,2230,12696,11994,24690,2017-11-01
HD9,1285,1556,2841,13284,12249,25533,2017-11-01
HG1,1629,1970,3599,12434,11175,23609,2017-11-01
HG2,1401,1593,2994,11954,11488,23442,2017-11-01
HG3,893,1005,1898,10596,10263,20859,2017-11-01
HG4,938,1123,2061,9555,8824,18379,2017-11-01
HG5,625,725,1350,7227,6751,13978,2017-11-01
HP1,1220,1443,2663,9616,8670,18286,2017-11-01
HP2,2240,2891,5131,14429,12221,26650,2017-11-01
HP3,1462,1835,3297,12718,11308,24026,2017-11-01
HP4,848,861,1709,9604,9402,19006,2017-11-01
HP5,1243,1461,2704,9904,8992,18896,2017-11-01
HP6,577,605,1182,5717,5553,11270,2017-11-01
HP7,399,483,882,4352,4199,8551,2017-11-01
HP8,226,255,481,2955,2994,5949,2017-11-01
HP9,617,676,1293,7197,7202,14399,2017-11-01
HP10,583,672,1255,8105,7937,16042,2017-11-01
HP11,953,1082,2035,5396,4335,9731,2017-11-01
HP12,1403,1739,3142,8057,6272,14329,2017-11-01
HP13,2447,3016,5463,15685,13181,28866,2017-11-01
HP14,594,621,1215,7326,6926,14252,2017-11-01
HP15,435,517,952,7210,6995,14205,2017-11-01
HP16,336,406,742,4922,4906,9828,2017-11-01
HP17,288,314,602,4190,4126,8316,2017-11-01
HP18,530,606,1136,7094,6874,13968,2017-11-01
HP19,1328,1714,3042,8779,7413,16192,2017-11-01
HP20,897,1062,1959,5217,4143,9360,2017-11-01
HP21,1725,2266,3991,12191,10357,22548,2017-11-01
HP22,798,803,1601,10452,10271,20723,2017-11-01
HP23,649,756,1405,7052,6793,13845,2017-11-01
HP27,387,439,826,5014,4898,9912,2017-11-01
HR1,1326,1464,2790,12243,11316,23559,2017-11-01
HR2,1782,2288,4070,13757,12167,25924,2017-11-01
HR3,171,224,395,3108,2915,6023,2017-11-01
HR4,1250,1473,2723,10893,9738,20631,2017-11-01
HR5,153,162,315,1842,1666,3508,2017-11-01
HR6,818,982,1800,7838,7075,14913,2017-11-01
HR7,226,247,473,2859,2526,5385,2017-11-01
HR8,483,612,1095,5491,5105,10596,2017-11-01
HR9,657,843,1500,8519,7799,16318,2017-11-01
HS1,311,362,673,1540,1318,2858,2017-11-01
HS2,544,718,1262,5144,4385,9529,2017-11-01
HS3,60,83,143,478,349,827,2017-11-01
HS4,19,19,38,90,77,167,2017-11-01
HS5,9,16,25,96,77,173,2017-11-01
HS6,56,102,158,615,532,1147,2017-11-01
HS7,80,108,188,467,385,852,2017-11-01
HS8,98,107,205,704,577,1281,2017-11-01
HS9,80,60,140,413,384,797,2017-11-01
HU1,350,251,601,950,429,1379,2017-11-01
HU2,420,404,824,1014,419,1433,2017-11-01
HU3,3129,3082,6211,6886,3706,10592,2017-11-01
HU4,1490,1852,3342,7597,5946,13543,2017-11-01
HU5,3583,3832,7415,14369,10862,25231,2017-11-01
HU6,2798,3281,6079,8637,6076,14713,2017-11-01
HU7,3132,3908,7040,13385,10526,23911,2017-11-01
HU8,2218,2805,5023,10936,8389,19325,2017-11-01
HU9,3286,3996,7282,10700,7257,17957,2017-11-01
HU10,624,753,1377,7385,6899,14284,2017-11-01
HU11,366,479,845,5177,4521,9698,2017-11-01
HU12,915,1213,2128,10078,8798,18876,2017-11-01
HU13,669,864,1533,5350,4678,10028,2017-11-01
HU14,240,238,478,3451,3359,6810,2017-11-01
HU15,664,835,1499,9316,8766,18082,2017-11-01
HU16,591,720,1311,6002,5453,11455,2017-11-01
HU17,1632,1965,3597,16616,15142,31758,2017-11-01
HU18,350,469,819,3277,2816,6093,2017-11-01
HU19,467,528,995,2438,1668,4106,2017-11-01
HU20,22,32,54,382,368,750,2017-11-01
HU23,1,0,1,0,0,0,2017-11-01
HU30,1,0,1,0,0,0,2017-11-01
HU33,1,0,1,0,0,0,2017-11-01
HU41,1,0,1,0,0,0,2017-11-01
HU44,0,0,0,0,1,1,2017-11-01
HV15,0,0,0,0,1,1,2017-11-01
HX0,0,0,0,0,1,1,2017-11-01
HX1,1893,2438,4331,6546,4074,10620,2017-11-01
HX2,2051,2713,4764,12619,10556,23175,2017-11-01
HX3,2233,2923,5156,16021,13805,29826,2017-11-01
HX4,446,614,1060,4549,4223,8772,2017-11-01
HX5,533,714,1247,3397,2838,6235,2017-11-01
HX6,915,1155,2070,6757,5784,12541,2017-11-01
HX7,681,807,1488,4668,4577,9245,2017-11-01
IG1,10515,9024,19539,21556,12700,34256,2017-11-01
IG2,2910,3053,5963,10108,7117,17225,2017-11-01
IG3,4744,4509,9253,13160,8451,21611,2017-11-01
IG4,814,902,1716,3730,2800,6530,2017-11-01
IG5,1238,1408,2646,6313,5238,11551,2017-11-01
IG6,2119,2531,4650,10237,8153,18390,2017-11-01
IG7,1214,1505,2719,7849,7047,14896,2017-11-01
IG8,2179,2586,4765,13843,12137,25980,2017-11-01
IG9,527,607,1134,5094,4837,9931,2017-11-01
IG10,1485,1845,3330,11856,11139,22995,2017-11-01
IG11,8252,8152,16404,17260,10175,27435,2017-11-01
IP1,2475,2729,5204,13252,10209,23461,2017-11-01
IP2,1842,2352,4194,10259,7905,18164,2017-11-01
IP3,1677,2225,3902,11719,9188,20907,2017-11-01
IP4,1861,2107,3968,13273,11153,24426,2017-11-01
IP5,514,624,1138,7530,7127,14657,2017-11-01
IP6,428,518,946,6892,6358,13250,2017-11-01
IP7,477,636,1113,6411,5845,12256,2017-11-01
IP8,273,349,622,4498,4073,8571,2017-11-01
IP9,315,382,697,4576,4342,8918,2017-11-01
IP10,73,98,171,1486,1421,2907,2017-11-01
IP11,1114,1472,2586,11670,10022,21692,2017-11-01
IP12,874,945,1819,9628,9185,18813,2017-11-01
IP13,558,649,1207,7541,7284,14825,2017-11-01
IP14,1218,1484,2702,15524,14026,29550,2017-11-01
IP15,72,90,162,889,934,1823,2017-11-01
IP16,303,361,664,2499,2141,4640,2017-11-01
IP17,361,482,843,4754,4601,9355,2017-11-01
IP18,138,152,290,1422,1431,2853,2017-11-01
IP19,256,328,584,4090,3773,7863,2017-11-01
IP20,223,264,487,3278,2995,6273,2017-11-01
IP21,252,316,568,4664,4401,9065,2017-11-01
IP22,753,843,1596,8819,8099,16918,2017-11-01
IP23,209,281,490,3027,2790,5817,2017-11-01
IP24,1707,2164,3871,9270,7339,16609,2017-11-01
IP25,649,767,1416,7038,6202,13240,2017-11-01
IP26,291,357,648,3398,3164,6562,2017-11-01
IP27,884,1069,1953,6092,5346,11438,2017-11-01
IP28,1028,1278,2306,8900,8423,17323,2017-11-01
IP29,240,278,518,3760,3634,7394,2017-11-01
IP30,376,465,841,5654,5368,11022,2017-11-01
IP31,552,720,1272,8367,7852,16219,2017-11-01
IP32,755,966,1721,5459,4972,10431,2017-11-01
IP33,1058,1300,2358,8386,7401,15787,2017-11-01
IV1,177,166,343,976,909,1885,2017-11-01
IV2,2284,2901,5185,17679,15922,33601,2017-11-01
IV3,1409,1686,3095,6116,4825,10941,2017-11-01
IV4,167,211,378,1836,1652,3488,2017-11-01
IV5,51,54,105,526,512,1038,2017-11-01
IV6,173,210,383,1779,1616,3395,2017-11-01
IV7,197,245,442,2305,2192,4497,2017-11-01
IV8,28,27,55,358,353,711,2017-11-01
IV9,61,57,118,464,447,911,2017-11-01
IV10,111,123,234,1074,1040,2114,2017-11-01
IV11,47,58,105,324,310,634,2017-11-01
IV12,625,764,1389,4633,4160,8793,2017-11-01
IV13,14,23,37,276,220,496,2017-11-01
IV14,71,101,172,851,775,1626,2017-11-01
IV15,333,371,704,1961,1708,3669,2017-11-01
IV16,57,74,131,714,654,1368,2017-11-01
IV17,371,451,822,2150,1806,3956,2017-11-01
IV18,302,392,694,2074,1725,3799,2017-11-01
IV19,243,279,522,1733,1541,3274,2017-11-01
IV20,154,191,345,1171,1037,2208,2017-11-01
IV21,52,46,98,453,382,835,2017-11-01
IV22,59,72,131,609,524,1133,2017-11-01
IV23,33,48,81,362,321,683,2017-11-01
IV24,45,69,114,562,531,1093,2017-11-01
IV25,93,93,186,954,931,1885,2017-11-01
IV26,108,118,226,716,672,1388,2017-11-01
IV27,162,160,322,1506,1293,2799,2017-11-01
IV28,13,21,34,190,181,371,2017-11-01
IV30,1592,2032,3624,12254,10844,23098,2017-11-01
IV31,360,435,795,2618,2272,4890,2017-11-01
IV32,196,210,406,1879,1734,3613,2017-11-01
IV33,1,0,1,1,2,3,2017-11-01
IV34,0,0,0,0,1,1,2017-11-01
IV36,698,970,1668,5969,5323,11292,2017-11-01
IV40,126,176,302,981,834,1815,2017-11-01
IV41,30,18,48,138,122,260,2017-11-01
IV42,21,19,40,196,173,369,2017-11-01
IV43,13,15,28,121,105,226,2017-11-01
IV44,9,13,22,109,98,207,2017-11-01
IV45,12,6,18,126,106,232,2017-11-01
IV46,4,4,8,35,30,65,2017-11-01
IV47,18,23,41,252,209,461,2017-11-01
IV48,1,5,6,33,32,65,2017-11-01
IV49,55,66,121,448,364,812,2017-11-01
IV51,225,307,532,2024,1787,3811,2017-11-01
IV52,22,25,47,119,139,258,2017-11-01
IV53,7,4,11,62,60,122,2017-11-01
IV54,56,82,138,578,471,1049,2017-11-01
IV55,55,47,102,525,472,997,2017-11-01
IV56,8,11,19,149,126,275,2017-11-01
IV63,108,133,241,987,941,1928,2017-11-01
KA1,1449,1847,3296,9613,8221,17834,2017-11-01
KA2,291,406,697,2548,2289,4837,2017-11-01
KA3,1866,2471,4337,13352,11803,25155,2017-11-01
KA4,260,353,613,1940,1763,3703,2017-11-01
KA5,399,600,999,3608,2980,6588,2017-11-01
KA6,977,1294,2271,6505,5561,12066,2017-11-01
KA7,1238,1472,2710,10353,9722,20075,2017-11-01
KA8,1219,1639,2858,5523,4221,9744,2017-11-01
KA9,676,796,1472,5953,5540,11493,2017-11-01
KA10,625,795,1420,6017,5611,11628,2017-11-01
KA11,1144,1630,2774,7061,6047,13108,2017-11-01
KA12,1169,1579,2748,5592,4403,9995,2017-11-01
KA13,996,1364,2360,5582,4714,10296,2017-11-01
KA14,31,24,55,192,168,360,2017-11-01
KA15,335,418,753,2593,2284,4877,2017-11-01
KA16,186,186,372,1124,884,2008,2017-11-01
KA17,164,219,383,1526,1320,2846,2017-11-01
KA18,1085,1511,2596,6996,5547,12543,2017-11-01
KA19,348,468,816,2675,2298,4973,2017-11-01
KA20,673,868,1541,2619,2089,4708,2017-11-01
KA21,821,929,1750,3796,3186,6982,2017-11-01
KA22,671,936,1607,3462,2899,6361,2017-11-01
KA23,202,282,484,2016,1906,3922,2017-11-01
KA24,300,446,746,2042,1774,3816,2017-11-01
KA25,422,547,969,2245,1824,4069,2017-11-01
KA26,511,727,1238,3701,3088,6789,2017-11-01
KA27,235,289,524,1806,1708,3514,2017-11-01
KA28,44,71,115,440,372,812,2017-11-01
KA29,48,75,123,600,570,1170,2017-11-01
KA30,427,614,1041,4172,3748,7920,2017-11-01
KT1,1822,1954,3776,7617,6059,13676,2017-11-01
KT2,2116,2525,4641,11675,10652,22327,2017-11-01
KT3,3163,3473,6636,15660,13432,29092,2017-11-01
KT4,1573,1745,3318,11635,10662,22297,2017-11-01
KT5,1259,1385,2644,7688,6576,14264,2017-11-01
KT6,1910,2296,4206,11724,10211,21935,2017-11-01
KT7,412,459,871,4081,4068,8149,2017-11-01
KT8,1025,1092,2117,8020,7583,15603,2017-11-01
KT9,1259,1421,2680,7935,6985,14920,2017-11-01
KT10,966,918,1884,9165,9279,18444,2017-11-01
KT11,889,899,1788,7092,7262,14354,2017-11-01
KT12,1764,1932,3696,15186,14502,29688,2017-11-01
KT13,969,1115,2084,10182,9925,20107,2017-11-01
KT14,594,639,1233,5455,5262,10717,2017-11-01
KT15,1198,1297,2495,11394,10594,21988,2017-11-01
KT16,814,955,1769,7677,7109,14786,2017-11-01
KT17,1109,1126,2235,9690,8914,18604,2017-11-01
KT18,683,851,1534,6580,6532,13112,2017-11-01
KT19,2017,2340,4357,13461,12277,25738,2017-11-01
KT20,703,865,1568,8649,8370,17019,2017-11-01
KT21,454,513,967,5447,5552,10999,2017-11-01
KT22,1074,1092,2166,9940,9462,19402,2017-11-01
KT23,338,330,668,4509,4505,9014,2017-11-01
KT24,272,276,548,3941,4065,8006,2017-11-01
KW1,491,534,1025,3850,3314,7164,2017-11-01
KW2,5,3,8,30,28,58,2017-11-01
KW3,35,50,85,418,345,763,2017-11-01
KW5,9,12,21,124,113,237,2017-11-01
KW6,11,7,18,152,118,270,2017-11-01
KW7,2,4,6,44,39,83,2017-11-01
KW8,26,37,63,314,274,588,2017-11-01
KW9,69,94,163,662,570,1232,2017-11-01
KW10,79,104,183,612,536,1148,2017-11-01
KW11,2,8,10,49,38,87,2017-11-01
KW12,42,63,105,659,597,1256,2017-11-01
KW13,5,5,10,41,35,76,2017-11-01
KW14,650,750,1400,4456,3732,8188,2017-11-01
KW15,416,498,914,2916,2644,5560,2017-11-01
KW16,152,219,371,1361,1209,2570,2017-11-01
KW17,364,432,796,3532,3230,6762,2017-11-01
KY1,1386,1712,3098,8290,6767,15057,2017-11-01
KY2,1476,2069,3545,10204,8838,19042,2017-11-01
KY3,525,665,1190,3916,3530,7446,2017-11-01
KY4,1078,1556,2634,7489,6015,13504,2017-11-01
KY5,1079,1580,2659,6474,5025,11499,2017-11-01
KY6,1095,1386,2481,6279,5381,11660,2017-11-01
KY7,1493,1897,3390,9373,8096,17469,2017-11-01
KY8,1896,2479,4375,11432,9468,20900,2017-11-01
KY9,60,76,136,753,748,1501,2017-11-01
KY10,375,529,904,3361,3071,6432,2017-11-01
KY11,3077,4004,7081,21479,18937,40416,2017-11-01
KY12,1820,2211,4031,14092,12458,26550,2017-11-01
KY13,368,416,784,4503,4454,8957,2017-11-01
KY14,246,312,558,2621,2386,5007,2017-11-01
KY15,768,1018,1786,8103,7562,15665,2017-11-01
KY16,1149,1389,2538,6306,5760,12066,2017-11-01
L1,563,517,1080,1316,750,2066,2017-11-01
L2,80,49,129,221,98,319,2017-11-01
L3,1041,983,2024,3250,2026,5276,2017-11-01
L4,3879,4792,8671,9743,6455,16198,2017-11-01
L5,1428,1773,3201,3044,1743,4787,2017-11-01
L6,2700,2775,5475,5045,2786,7831,2017-11-01
L7,2403,2231,4634,3591,1833,5424,2017-11-01
L8,4191,4243,8434,6814,3953,10767,2017-11-01
L9,2271,3001,5272,8951,6746,15697,2017-11-01
L10,903,1284,2187,4949,4062,9011,2017-11-01
L11,2477,3282,5759,6806,4987,11793,2017-11-01
L12,1726,2264,3990,10720,9464,20184,2017-11-01
L13,2656,3231,5887,8127,5809,13936,2017-11-01
L14,2125,3036,5161,7504,5816,13320,2017-11-01
L15,2407,2725,5132,7138,5375,12513,2017-11-01
L16,703,863,1566,5413,4931,10344,2017-11-01
L17,1582,1676,3258,6994,5876,12870,2017-11-01
L18,1291,1565,2856,8851,8100,16951,2017-11-01
L19,1535,1800,3335,7638,6458,14096,2017-11-01
L20,3132,3707,6839,8296,5521,13817,2017-11-01
L21,1960,2566,4526,6844,5186,12030,2017-11-01
L22,978,1062,2040,4534,3733,8267,2017-11-01
L23,1598,1969,3567,11105,10152,21257,2017-11-01
L24,1281,1783,3064,4405,3152,7557,2017-11-01
L25,1968,2405,4373,11542,9731,21273,2017-11-01
L26,1025,1322,2347,5068,4445,9513,2017-11-01
L27,567,776,1343,1710,1259,2969,2017-11-01
L28,644,846,1490,1645,958,2603,2017-11-01
L29,29,24,53,195,197,392,2017-11-01
L30,1493,1976,3469,5622,4326,9948,2017-11-01
L31,1263,1534,2797,11485,10310,21795,2017-11-01
L32,1768,2350,4118,5736,4158,9894,2017-11-01
L33,1601,2089,3690,4714,3550,8264,2017-11-01
L34,623,793,1416,4471,3639,8110,2017-11-01
L35,1703,2404,4107,10581,8554,19135,2017-11-01
L36,3174,4277,7451,12088,9527,21615,2017-11-01
L37,846,952,1798,9234,8993,18227,2017-11-01
L38,86,116,202,1086,1068,2154,2017-11-01
L39,1012,1137,2149,10139,9522,19661,2017-11-01
L40,599,631,1230,7443,6843,14286,2017-11-01
L41,123,141,264,133,71,204,2017-11-01
L42,63,50,113,93,43,136,2017-11-01
L43,95,142,237,193,158,351,2017-11-01
L44,49,32,81,96,33,129,2017-11-01
L45,21,24,45,76,46,122,2017-11-01
L46,19,27,46,103,46,149,2017-11-01
L47,15,13,28,46,37,83,2017-11-01
L48,13,14,27,67,53,120,2017-11-01
L49,24,36,60,74,60,134,2017-11-01
L52,0,1,1,0,0,0,2017-11-01
L60,6,18,24,122,116,238,2017-11-01
L61,13,13,26,55,67,122,2017-11-01
L62,30,34,64,84,64,148,2017-11-01
L63,22,21,43,100,56,156,2017-11-01
L64,28,25,53,140,128,268,2017-11-01
L65,27,26,53,66,41,107,2017-11-01
L66,28,34,62,148,125,273,2017-11-01
L67,0,1,1,0,0,0,2017-11-01
L69,20,5,25,33,6,39,2017-11-01
L71,0,1,1,0,0,0,2017-11-01
LA0,0,0,0,0,1,1,2017-11-01
LA1,3214,3830,7044,14831,12316,27147,2017-11-01
LA2,639,771,1410,8498,8126,16624,2017-11-01
LA3,1397,1661,3058,8883,7657,16540,2017-11-01
LA4,1480,1723,3203,8663,7203,15866,2017-11-01
LA5,508,629,1137,6387,6119,12506,2017-11-01
LA6,317,410,727,5444,5343,10787,2017-11-01
LA7,132,160,292,2040,1983,4023,2017-11-01
LA8,212,252,464,3777,3627,7404,2017-11-01
LA9,1169,1432,2601,11399,10347,21746,2017-11-01
LA10,101,104,205,1437,1335,2772,2017-11-01
LA11,227,294,521,3989,3892,7881,2017-11-01
LA12,687,833,1520,8050,7232,15282,2017-11-01
LA13,988,1262,2250,6823,5821,12644,2017-11-01
LA14,2487,2945,5432,11892,9325,21217,2017-11-01
LA15,345,458,803,2793,2413,5206,2017-11-01
LA16,101,151,252,1358,1179,2537,2017-11-01
LA17,18,38,56,491,479,970,2017-11-01
LA18,357,472,829,2938,2392,5330,2017-11-01
LA19,19,41,60,437,384,821,2017-11-01
LA20,16,33,49,545,482,1027,2017-11-01
LA21,32,42,74,422,375,797,2017-11-01
LA22,224,242,466,1849,1695,3544,2017-11-01
LA23,429,445,874,3354,2954,6308,2017-11-01
LD0,0,0,0,1,0,1,2017-11-01
LD1,353,455,808,4451,3999,8450,2017-11-01
LD2,153,187,340,2234,1993,4227,2017-11-01
LD3,752,856,1608,7578,6930,14508,2017-11-01
LD4,19,23,42,319,309,628,2017-11-01
LD5,29,45,74,448,384,832,2017-11-01
LD6,86,121,207,1072,962,2034,2017-11-01
LD7,135,167,302,1850,1681,3531,2017-11-01
LD8,110,124,234,1827,1706,3533,2017-11-01
LE0,0,0,0,1,0,1,2017-11-01
LE1,1527,1426,2953,2629,1275,3904,2017-11-01
LE2,8647,9748,18395,35067,27693,62760,2017-11-01
LE3,7340,8650,15990,32377,24261,56638,2017-11-01
LE4,8260,10124,18384,31987,23525,55512,2017-11-01
LE5,7773,8850,16623,27524,19807,47331,2017-11-01
LE6,353,437,790,4902,4451,9353,2017-11-01
LE7,1348,1727,3075,18692,17393,36085,2017-11-01
LE8,1028,1289,2317,14606,14058,28664,2017-11-01
LE9,1770,2312,4082,22441,20146,42587,2017-11-01
LE10,1708,2131,3839,19593,17308,36901,2017-11-01
LE11,3590,3789,7379,19018,14587,33605,2017-11-01
LE12,1957,2440,4397,25083,23075,48158,2017-11-01
LE13,1108,1343,2451,9860,8545,18405,2017-11-01
LE14,431,527,958,7350,6973,14323,2017-11-01
LE15,1023,1381,2404,12764,11964,24728,2017-11-01
LE16,1213,1469,2682,13763,12906,26669,2017-11-01
LE17,545,705,1250,8894,8056,16950,2017-11-01
LE18,1356,1833,3189,11746,10137,21883,2017-11-01
LE19,432,606,1038,5712,5318,11030,2017-11-01
LE62,0,1,1,0,0,0,2017-11-01
LE65,530,640,1170,5910,5377,11287,2017-11-01
LE67,2213,2814,5027,22751,19772,42523,2017-11-01
LL1,2,1,3,14,9,23,2017-11-01
LL2,0,0,0,3,0,3,2017-11-01
LL10,0,0,0,1,0,1,2017-11-01
LL11,1833,2386,4219,13225,11087,24312,2017-11-01
LL12,1207,1368,2575,10474,9427,19901,2017-11-01
LL13,2279,2525,4804,10762,8698,19460,2017-11-01
LL14,1692,2367,4059,10992,8938,19930,2017-11-01
LL15,372,443,815,4009,3719,7728,2017-11-01
LL16,667,818,1485,5637,5094,10731,2017-11-01
LL17,175,245,420,2148,2033,4181,2017-11-01
LL18,2496,3221,5717,13792,11544,25336,2017-11-01
LL19,1003,1300,2303,7051,6249,13300,2017-11-01
LL20,359,382,741,3160,2717,5877,2017-11-01
LL21,215,276,491,2602,2320,4922,2017-11-01
LL22,693,910,1603,6927,6114,13041,2017-11-01
LL23,118,147,265,1568,1350,2918,2017-11-01
LL24,57,84,141,869,732,1601,2017-11-01
LL25,22,16,38,182,167,349,2017-11-01
LL26,182,245,427,1587,1374,2961,2017-11-01
LL27,31,52,83,341,260,601,2017-11-01
LL28,512,600,1112,5071,4861,9932,2017-11-01
LL29,1192,1406,2598,6706,5875,12581,2017-11-01
LL30,1075,1314,2389,7321,6379,13700,2017-11-01
LL31,385,528,913,3621,3342,6963,2017-11-01
LL32,284,349,633,2417,2277,4694,2017-11-01
LL33,193,261,454,1391,1221,2612,2017-11-01
LL34,193,293,486,1528,1361,2889,2017-11-01
LL35,19,30,49,303,245,548,2017-11-01
LL36,149,219,368,1644,1429,3073,2017-11-01
LL37,17,21,38,237,195,432,2017-11-01
LL38,15,39,54,277,204,481,2017-11-01
LL39,10,14,24,89,75,164,2017-11-01
LL40,158,189,347,1544,1354,2898,2017-11-01
LL41,317,409,726,2122,1710,3832,2017-11-01
LL42,136,181,317,764,615,1379,2017-11-01
LL43,12,17,29,213,188,401,2017-11-01
LL44,20,40,60,387,356,743,2017-11-01
LL45,26,22,48,233,234,467,2017-11-01
LL46,57,67,124,660,621,1281,2017-11-01
LL47,10,27,37,230,199,429,2017-11-01
LL48,94,137,231,909,794,1703,2017-11-01
LL49,201,218,419,1521,1253,2774,2017-11-01
LL51,25,35,60,349,279,628,2017-11-01
LL52,86,92,178,1011,945,1956,2017-11-01
LL53,501,589,1090,6112,5534,11646,2017-11-01
LL54,430,531,961,4061,3658,7719,2017-11-01
LL55,987,1229,2216,7237,6344,13581,2017-11-01
LL56,102,86,188,819,768,1587,2017-11-01
LL57,1643,1736,3379,7437,6177,13614,2017-11-01
LL58,139,201,340,1390,1294,2684,2017-11-01
LL59,264,242,506,2042,1948,3990,2017-11-01
LL60,105,117,222,1173,1108,2281,2017-11-01
LL61,206,229,435,2301,2173,4474,2017-11-01
LL62,63,55,118,715,660,1375,2017-11-01
LL63,42,66,108,538,467,1005,2017-11-01
LL64,34,34,68,315,283,598,2017-11-01
LL65,1256,1488,2744,8272,6941,15213,2017-11-01
LL66,9,11,20,108,88,196,2017-11-01
LL67,54,83,137,500,454,954,2017-11-01
LL68,255,332,587,2290,1995,4285,2017-11-01
LL69,26,34,60,262,223,485,2017-11-01
LL70,10,13,23,118,117,235,2017-11-01
LL71,62,85,147,727,643,1370,2017-11-01
LL72,35,46,81,272,243,515,2017-11-01
LL73,3,3,6,101,99,200,2017-11-01
LL74,77,86,163,975,926,1901,2017-11-01
LL75,55,52,107,567,536,1103,2017-11-01
LL76,10,9,19,116,103,219,2017-11-01
LL77,287,379,666,2519,2330,4849,2017-11-01
LL78,12,14,26,215,203,418,2017-11-01
LN1,1194,1443,2637,9635,8328,17963,2017-11-01
LN2,2106,2534,4640,13099,11263,24362,2017-11-01
LN3,282,334,616,3848,3451,7299,2017-11-01
LN4,1229,1681,2910,15263,13618,28881,2017-11-01
LN5,1801,2005,3806,11323,9229,20552,2017-11-01
LN6,2443,3132,5575,21315,18971,40286,2017-11-01
LN7,209,274,483,2541,2367,4908,2017-11-01
LN8,544,711,1255,7063,6399,13462,2017-11-01
LN9,307,369,676,3844,3461,7305,2017-11-01
LN10,145,177,322,2499,2357,4856,2017-11-01
LN11,1033,1289,2322,10820,9929,20749,2017-11-01
LN12,568,732,1300,4998,3867,8865,2017-11-01
LN13,293,363,656,3176,2846,6022,2017-11-01
LS0,0,1,1,0,0,0,2017-11-01
LS1,253,251,504,868,491,1359,2017-11-01
LS2,909,735,1644,1324,597,1921,2017-11-01
LS3,356,321,677,527,264,791,2017-11-01
LS4,775,788,1563,2210,1472,3682,2017-11-01
LS5,595,711,1306,2322,1785,4107,2017-11-01
LS6,3194,3099,6293,8502,6262,14764,2017-11-01
LS7,3012,3513,6525,8203,6392,14595,2017-11-01
LS8,4452,4922,9374,14579,11184,25763,2017-11-01
LS9,4162,4837,8999,8793,4906,13699,2017-11-01
LS10,2824,3774,6598,10099,7029,17128,2017-11-01
LS11,3543,4127,7670,9056,5052,14108,2017-11-01
LS12,3097,3675,6772,12112,8674,20786,2017-11-01
LS13,2500,3424,5924,10797,8357,19154,2017-11-01
LS14,2598,3525,6123,10337,7912,18249,2017-11-01
LS15,1746,2307,4053,12650,10732,23382,2017-11-01
LS16,1711,2116,3827,12994,11934,24928,2017-11-01
LS17,1735,2437,4172,17010,15740,32750,2017-11-01
LS18,1181,1043,2224,8007,6803,14810,2017-11-01
LS19,786,1050,1836,7405,6801,14206,2017-11-01
LS20,477,558,1035,4837,4607,9444,2017-11-01
LS21,703,860,1563,6903,6403,13306,2017-11-01
LS22,495,538,1033,6312,6112,12424,2017-11-01
LS23,247,297,544,3399,3340,6739,2017-11-01
LS24,390,458,848,4665,4257,8922,2017-11-01
LS25,1554,2127,3681,15418,13712,29130,2017-11-01
LS26,1326,1824,3150,10965,9636,20601,2017-11-01
LS27,1815,2419,4234,12659,10401,23060,2017-11-01
LS28,1665,2366,4031,14227,12720,26947,2017-11-01
LS29,1024,1201,2225,12508,12369,24877,2017-11-01
LS70,0,0,0,1,0,1,2017-11-01
LU1,5431,5073,10504,14168,8740,22908,2017-11-01
LU2,3881,4717,8598,21423,17193,38616,2017-11-01
LU3,4866,6141,11007,21452,15879,37331,2017-11-01
LU4,4831,6084,10915,17437,11579,29016,2017-11-01
LU5,2033,2649,4682,14628,12125,26753,2017-11-01
LU6,1259,1625,2884,13305,11714,25019,2017-11-01
LU7,1960,2433,4393,23026,20709,43735,2017-11-01
M0,20,8,28,38,18,56,2017-11-01
M1,903,635,1538,2475,1186,3661,2017-11-01
M2,17,13,30,62,42,104,2017-11-01
M3,1016,844,1860,3405,1867,5272,2017-11-01
M4,946,748,1694,3126,1950,5076,2017-11-01
M5,1682,1780,3462,4325,2714,7039,2017-11-01
M6,3156,3223,6379,9533,6560,16093,2017-11-01
M7,3192,2786,5978,8052,5299,13351,2017-11-01
M8,4651,4181,8832,9675,5268,14943,2017-11-01
M9,3806,4781,8587,10812,7735,18547,2017-11-01
M10,90,75,165,84,29,113,2017-11-01
M11,2404,3000,5404,5407,3374,8781,2017-11-01
M12,2918,2571,5489,4531,2297,6828,2017-11-01
M13,3688,3019,6707,5600,2785,8385,2017-11-01
M14,5845,5045,10890,10240,6109,16349,2017-11-01
M15,2449,2019,4468,5036,2705,7741,2017-11-01
M16,3713,3985,7698,10835,7818,18653,2017-11-01
M17,4,5,9,16,3,19,2017-11-01
M18,2517,2978,5495,5786,3778,9564,2017-11-01
M19,3805,3871,7676,10937,7841,18778,2017-11-01
M20,3313,3521,6834,15465,13167,28632,2017-11-01
M21,2083,2366,4449,9829,8633,18462,2017-11-01
M22,3670,4434,8104,11953,9187,21140,2017-11-01
M23,2345,2935,5280,9230,7528,16758,2017-11-01
M24,3209,3955,7164,15246,12331,27577,2017-11-01
M25,1814,2181,3995,10924,9420,20344,2017-11-01
M26,1950,2483,4433,11947,10177,22124,2017-11-01
M27,2351,2870,5221,13738,11507,25245,2017-11-01
M28,1779,2209,3988,14842,13356,28198,2017-11-01
M29,970,1261,2231,8669,7683,16352,2017-11-01
M30,2662,3173,5835,11726,8989,20715,2017-11-01
M31,725,858,1583,2512,2087,4599,2017-11-01
M32,2048,2457,4505,9392,7936,17328,2017-11-01
M33,2822,3267,6089,22408,20444,42852,2017-11-01
M34,2579,3129,5708,16243,13650,29893,2017-11-01
M35,1241,1507,2748,6928,5687,12615,2017-11-01
M38,1105,1474,2579,3709,2669,6378,2017-11-01
M39,0,1,1,1,0,1,2017-11-01
M40,4069,4936,9005,11520,8150,19670,2017-11-01
M41,1896,2172,4068,15283,14117,29400,2017-11-01
M43,1381,1954,3335,7807,6231,14038,2017-11-01
M44,1069,1432,2501,6767,5599,12366,2017-11-01
M45,1223,1586,2809,7959,7066,15025,2017-11-01
M46,1102,1362,2464,7370,5989,13359,2017-11-01
M47,1,0,1,0,0,0,2017-11-01
M50,254,247,501,1217,685,1902,2017-11-01
M51,0,0,0,1,0,1,2017-11-01
M52,0,0,0,1,0,1,2017-11-01
M54,0,0,0,1,0,1,2017-11-01
M60,41,20,61,62,16,78,2017-11-01
M70,1,1,2,4,1,5,2017-11-01
M73,0,0,0,1,0,1,2017-11-01
M74,0,0,0,1,1,2,2017-11-01
M87,0,1,1,0,0,0,2017-11-01
M90,1,0,1,1,0,1,2017-11-01
ME1,1717,2156,3873,10957,9305,20262,2017-11-01
ME2,2112,2731,4843,14756,12665,27421,2017-11-01
ME3,1084,1333,2417,11299,10234,21533,2017-11-01
ME4,2667,2953,5620,9727,6829,16556,2017-11-01
ME5,2422,3344,5766,19495,16847,36342,2017-11-01
ME6,475,625,1100,3969,3505,7474,2017-11-01
ME7,3560,4549,8109,16921,13329,30250,2017-11-01
ME8,2089,2613,4702,18799,16726,35525,2017-11-01
ME9,784,903,1687,8952,8186,17138,2017-11-01
ME10,2522,3107,5629,17230,14601,31831,2017-11-01
ME11,273,333,606,1137,893,2030,2017-11-01
ME12,2157,2758,4915,13738,11121,24859,2017-11-01
ME13,1279,1601,2880,10210,9167,19377,2017-11-01
ME14,1414,1621,3035,12341,10603,22944,2017-11-01
ME15,2457,3061,5518,18350,15556,33906,2017-11-01
ME16,1395,1802,3197,11800,10029,21829,2017-11-01
ME17,706,849,1555,9825,8855,18680,2017-11-01
ME18,224,246,470,2957,2791,5748,2017-11-01
ME19,723,852,1575,9009,8682,17691,2017-11-01
ME20,779,935,1714,8095,7519,15614,2017-11-01
ME21,0,0,0,1,0,1,2017-11-01
ME22,0,0,0,1,0,1,2017-11-01
ME24,0,1,1,5,6,11,2017-11-01
ME30,0,0,0,1,0,1,2017-11-01
ME37,0,0,0,0,1,1,2017-11-01
ME38,0,0,0,1,0,1,2017-11-01
ME39,0,0,0,1,0,1,2017-11-01
ME50,0,0,0,1,0,1,2017-11-01
MK0,0,0,0,0,1,1,2017-11-01
MK1,77,55,132,308,181,489,2017-11-01
MK2,1278,1703,2981,4977,3642,8619,2017-11-01
MK3,1304,1763,3067,9053,7854,16907,2017-11-01
MK4,1004,1367,2371,8021,7497,15518,2017-11-01
MK5,821,1013,1834,5651,5206,10857,2017-11-01
MK6,3347,3953,7300,9072,6139,15211,2017-11-01
MK7,768,948,1716,5640,5086,10726,2017-11-01
MK8,688,869,1557,4605,3996,8601,2017-11-01
MK9,463,421,884,1261,661,1922,2017-11-01
MK10,759,1035,1794,6220,5737,11957,2017-11-01
MK11,487,637,1124,3027,2664,5691,2017-11-01
MK12,1095,1315,2410,4833,3628,8461,2017-11-01
MK13,1503,1836,3339,6834,5451,12285,2017-11-01
MK14,1730,2022,3752,7685,5922,13607,2017-11-01
MK15,396,457,853,2877,2621,5498,2017-11-01
MK16,732,893,1625,7318,6786,14104,2017-11-01
MK17,479,584,1063,7733,7383,15116,2017-11-01
MK18,1446,1535,2981,12842,12361,25203,2017-11-01
MK19,375,433,808,4821,4547,9368,2017-11-01
MK20,0,1,1,0,0,0,2017-11-01
MK34,1,0,1,1,0,1,2017-11-01
MK40,2623,2667,5290,11367,8338,19705,2017-11-01
MK41,2185,2609,4794,15517,13852,29369,2017-11-01
MK42,3143,4356,7499,16936,13520,30456,2017-11-01
MK43,1289,1329,2618,14362,13610,27972,2017-11-01
MK44,475,511,986,6798,6504,13302,2017-11-01
MK45,1461,1698,3159,18457,17337,35794,2017-11-01
MK46,244,314,558,3667,3537,7204,2017-11-01
ML1,3161,4019,7180,18057,14674,32731,2017-11-01
ML2,2201,2843,5044,12545,10160,22705,2017-11-01
ML3,2872,3762,6634,17497,14423,31920,2017-11-01
ML4,1461,1981,3442,6902,5464,12366,2017-11-01
ML5,2895,3766,6661,14388,11436,25824,2017-11-01
ML6,2932,3894,6826,18306,15229,33535,2017-11-01
ML7,735,1059,1794,5115,4083,9198,2017-11-01
ML8,699,970,1669,7178,6441,13619,2017-11-01
ML9,1170,1669,2839,8095,6751,14846,2017-11-01
ML10,429,454,883,4112,3899,8011,2017-11-01
ML11,1317,1938,3255,12769,10966,23735,2017-11-01
ML12,231,368,599,3546,3292,6838,2017-11-01
N0,1,0,1,1,1,2,2017-11-01
N1,10650,11588,22238,25236,18060,43296,2017-11-01
N2,2196,2336,4532,9142,8084,17226,2017-11-01
N3,2375,2582,4957,11689,9861,21550,2017-11-01
N4,7278,6886,14164,15234,10381,25615,2017-11-01
N5,2386,2746,5132,7644,6101,13745,2017-11-01
N6,1424,1735,3159,7184,6377,13561,2017-11-01
N7,5947,6256,12203,13110,8953,22063,2017-11-01
N8,4682,4624,9306,13070,10358,23428,2017-11-01
N9,6367,7678,14045,15458,10802,26260,2017-11-01
N10,2387,2799,5186,9378,8217,17595,2017-11-01
N11,2907,3158,6065,10668,8169,18837,2017-11-01
N12,2653,2967,5620,12364,10253,22617,2017-11-01
N13,3188,3300,6488,12168,9315,21483,2017-11-01
N14,1994,2307,4301,12035,10128,22163,2017-11-01
N15,8043,7073,15116,13258,7524,20782,2017-11-01
N16,9098,8366,17464,17670,11648,29318,2017-11-01
N17,11648,11701,23349,18468,11024,29492,2017-11-01
N18,4498,5204,9702,9544,6409,15953,2017-11-01
N19,4309,4872,9181,10013,7634,17647,2017-11-01
N20,1255,1394,2649,7852,7260,15112,2017-11-01
N21,1249,1427,2676,9222,8348,17570,2017-11-01
N22,6208,6044,12252,14363,9349,23712,2017-11-01
N41,0,0,0,0,1,1,2017-11-01
N99,0,0,0,1,0,1,2017-11-01
NE1,782,559,1341,1762,737,2499,2017-11-01
NE2,1507,1389,2896,5538,4022,9560,2017-11-01
NE3,2816,3616,6432,17849,15343,33192,2017-11-01
NE4,4723,4191,8914,9006,4735,13741,2017-11-01
NE5,2967,4139,7106,14455,10716,25171,2017-11-01
NE6,4256,4871,9127,11865,7876,19741,2017-11-01
NE7,789,993,1782,5244,4443,9687,2017-11-01
NE8,3109,3111,6220,8181,4673,12854,2017-11-01
NE9,2199,2826,5025,11337,8801,20138,2017-11-01
NE10,2287,3042,5329,10073,7190,17263,2017-11-01
NE11,931,1260,2191,5229,3931,9160,2017-11-01
NE12,1932,2625,4557,11385,9462,20847,2017-11-01
NE13,550,680,1230,5723,5234,10957,2017-11-01
NE15,2087,2818,4905,10257,7784,18041,2017-11-01
NE16,1014,1462,2476,8901,7592,16493,2017-11-01
NE17,265,342,607,1505,1256,2761,2017-11-01
NE18,23,30,53,387,364,751,2017-11-01
NE19,39,83,122,880,840,1720,2017-11-01
NE20,303,356,659,5102,5016,10118,2017-11-01
NE21,906,1303,2209,5714,4454,10168,2017-11-01
NE22,814,1052,1866,6087,5225,11312,2017-11-01
NE23,1794,2699,4493,13561,11334,24895,2017-11-01
NE24,2054,2895,4949,12396,9931,22327,2017-11-01
NE25,1212,1586,2798,10977,10045,21022,2017-11-01
NE26,849,994,1843,7064,6514,13578,2017-11-01
NE27,618,907,1525,4403,3792,8195,2017-11-01
NE28,2960,4077,7037,13425,10148,23573,2017-11-01
NE29,2415,3060,5475,10249,8093,18342,2017-11-01
NE30,914,1067,1981,7900,7211,15111,2017-11-01
NE31,1316,1688,3004,6266,4876,11142,2017-11-01
NE32,1650,2153,3803,7433,5730,13163,2017-11-01
NE33,2231,2141,4372,7903,5534,13437,2017-11-01
NE34,3164,4118,7282,15764,12479,28243,2017-11-01
NE35,355,465,820,2074,1680,3754,2017-11-01
NE36,261,310,571,2492,2311,4803,2017-11-01
NE37,1404,1920,3324,6033,4623,10656,2017-11-01
NE38,1807,2443,4250,11129,9137,20266,2017-11-01
NE39,353,491,844,3079,2666,5745,2017-11-01
NE40,695,974,1669,5353,4563,9916,2017-11-01
NE41,63,59,122,849,805,1654,2017-11-01
NE42,568,824,1392,4291,3847,8138,2017-11-01
NE43,116,147,263,1815,1758,3573,2017-11-01
NE44,22,27,49,437,440,877,2017-11-01
NE45,114,149,263,1463,1422,2885,2017-11-01
NE46,559,740,1299,5672,5255,10927,2017-11-01
NE47,230,310,540,3133,2937,6070,2017-11-01
NE48,97,159,256,1802,1568,3370,2017-11-01
NE49,156,256,412,1609,1280,2889,2017-11-01
NE61,1180,1629,2809,12142,11005,23147,2017-11-01
NE62,401,573,974,3293,2730,6023,2017-11-01
NE63,1622,2230,3852,8701,6742,15443,2017-11-01
NE64,377,510,887,1877,1444,3321,2017-11-01
NE65,640,899,1539,7739,7009,14748,2017-11-01
NE66,540,800,1340,6594,5920,12514,2017-11-01
NE67,22,21,43,370,367,737,2017-11-01
NE68,51,58,109,749,662,1411,2017-11-01
NE69,8,11,19,145,148,293,2017-11-01
NE70,53,84,137,695,658,1353,2017-11-01
NE71,82,118,200,1183,1065,2248,2017-11-01
NE99,5,0,5,7,0,7,2017-11-01
NG1,1012,819,1831,2149,1147,3296,2017-11-01
NG2,3710,4233,7943,18227,15028,33255,2017-11-01
NG3,3692,4704,8396,14507,11093,25600,2017-11-01
NG4,2067,2744,4811,13937,11805,25742,2017-11-01
NG5,5520,7571,13091,27785,22939,50724,2017-11-01
NG6,2855,3956,6811,10561,7924,18485,2017-11-01
NG7,5488,5028,10516,10193,5421,15614,2017-11-01
NG8,4598,6414,11012,18382,14166,32548,2017-11-01
NG9,3969,4605,8574,25039,21187,46226,2017-11-01
NG10,2382,2969,5351,16808,14230,31038,2017-11-01
NG11,2131,2934,5065,12292,9938,22230,2017-11-01
NG12,1179,1557,2736,12781,12017,24798,2017-11-01
NG13,660,813,1473,8470,7986,16456,2017-11-01
NG14,587,702,1289,7515,6939,14454,2017-11-01
NG15,1764,2519,4283,15252,13109,28361,2017-11-01
NG16,2622,3504,6126,23590,19979,43569,2017-11-01
NG17,3505,4544,8049,24846,20519,45365,2017-11-01
NG18,2326,2682,5008,14198,11822,26020,2017-11-01
NG19,2453,3175,5628,18346,15199,33545,2017-11-01
NG20,1495,2031,3526,8711,6705,15416,2017-11-01
NG21,931,1234,2165,8276,7202,15478,2017-11-01
NG22,1116,1360,2476,10359,9115,19474,2017-11-01
NG23,407,496,903,7592,7282,14874,2017-11-01
NG24,2288,2875,5163,16257,13490,29747,2017-11-01
NG25,273,354,627,3348,3310,6658,2017-11-01
NG31,2334,2984,5318,15929,13126,29055,2017-11-01
NG32,380,416,796,5623,5310,10933,2017-11-01
NG33,274,354,628,4148,3817,7965,2017-11-01
NG34,1544,1762,3306,15701,14318,30019,2017-11-01
NG54,0,1,1,0,0,0,2017-11-01
NG66,0,1,1,0,0,0,2017-11-01
NN1,3268,3010,6278,10202,6475,16677,2017-11-01
NN2,2505,2865,5370,13283,10454,23737,2017-11-01
NN3,4756,5981,10737,26771,22016,48787,2017-11-01
NN4,2172,2735,4907,18140,16181,34321,2017-11-01
NN5,2264,2799,5063,14778,11933,26711,2017-11-01
NN6,989,1084,2073,14512,13914,28426,2017-11-01
NN7,795,1006,1801,12038,11364,23402,2017-11-01
NN8,3273,4017,7290,17640,14005,31645,2017-11-01
NN9,959,1233,2192,10737,9483,20220,2017-11-01
NN10,1585,2013,3598,14946,13128,28074,2017-11-01
NN11,1738,2280,4018,14937,12833,27770,2017-11-01
NN12,760,887,1647,10054,9331,19385,2017-11-01
NN13,640,759,1399,7913,7384,15297,2017-11-01
NN14,1372,1694,3066,17743,16258,34001,2017-11-01
NN15,1424,1788,3212,13997,12773,26770,2017-11-01
NN16,2074,2436,4510,10225,7664,17889,2017-11-01
NN17,1900,2326,4226,9913,7770,17683,2017-11-01
NN18,2586,3301,5887,11888,9361,21249,2017-11-01
NN28,1,0,1,0,0,0,2017-11-01
NN29,349,420,769,4580,4237,8817,2017-11-01
NO3,0,1,1,1,0,1,2017-11-01
NP0,0,0,0,0,1,1,2017-11-01
NP1,94,102,196,276,204,480,2017-11-01
NP2,34,36,70,164,83,247,2017-11-01
NP3,40,43,83,142,78,220,2017-11-01
NP4,1808,2527,4335,15953,13720,29673,2017-11-01
NP5,14,13,27,59,58,117,2017-11-01
NP6,36,42,78,195,111,306,2017-11-01
NP7,849,1163,2012,10135,9367,19502,2017-11-01
NP8,142,205,347,2170,2079,4249,2017-11-01
NP9,79,49,128,215,92,307,2017-11-01
NP10,906,1108,2014,8940,8321,17261,2017-11-01
NP11,1738,2303,4041,12646,10487,23133,2017-11-01
NP12,1382,1967,3349,11439,9849,21288,2017-11-01
NP13,979,1444,2423,6487,4853,11340,2017-11-01
NP15,136,177,313,3244,3134,6378,2017-11-01
NP16,884,1034,1918,9051,8475,17526,2017-11-01
NP18,559,752,1311,6697,6103,12800,2017-11-01
NP19,3718,4470,8188,16656,12821,29477,2017-11-01
NP20,3409,4211,7620,16211,12698,28909,2017-11-01
NP21,0,0,0,1,0,1,2017-11-01
NP22,1129,1581,2710,7026,5506,12532,2017-11-01
NP23,1583,2205,3788,10888,8602,19490,2017-11-01
NP24,283,419,702,1458,1035,2493,2017-11-01
NP25,521,591,1112,6008,5586,11594,2017-11-01
NP26,815,965,1780,8876,8059,16935,2017-11-01
NP34,0,0,0,0,1,1,2017-11-01
NP41,0,0,0,1,0,1,2017-11-01
NP44,2394,3112,5506,16151,13736,29887,2017-11-01
NR0,0,0,0,1,1,2,2017-11-01
NR1,1844,1858,3702,8533,6544,15077,2017-11-01
NR2,1629,1850,3479,7852,6656,14508,2017-11-01
NR3,2484,2820,5304,10430,7805,18235,2017-11-01
NR4,1130,1355,2485,7259,6607,13866,2017-11-01
NR5,1862,2245,4107,8927,7320,16247,2017-11-01
NR6,906,1043,1949,9280,8205,17485,2017-11-01
NR7,1217,1415,2632,12100,10946,23046,2017-11-01
NR8,603,774,1377,8300,7911,16211,2017-11-01
NR9,468,537,1005,7079,6751,13830,2017-11-01
NR10,642,792,1434,9188,8645,17833,2017-11-01
NR11,555,645,1200,7241,6788,14029,2017-11-01
NR12,647,710,1357,8485,7888,16373,2017-11-01
NR13,707,861,1568,10846,10336,21182,2017-11-01
NR14,679,727,1406,9925,9487,19412,2017-11-01
NR15,401,522,923,6292,6047,12339,2017-11-01
NR16,304,423,727,5123,4901,10024,2017-11-01
NR17,533,618,1151,6418,5810,12228,2017-11-01
NR18,621,740,1361,6822,6458,13280,2017-11-01
NR19,762,978,1740,7387,6516,13903,2017-11-01
NR20,535,681,1216,7674,7161,14835,2017-11-01
NR21,501,633,1134,6229,5686,11915,2017-11-01
NR22,36,49,85,327,307,634,2017-11-01
NR23,119,148,267,1151,1004,2155,2017-11-01
NR24,118,151,269,1734,1635,3369,2017-11-01
NR25,293,336,629,3276,3087,6363,2017-11-01
NR26,302,381,683,3004,2747,5751,2017-11-01
NR27,483,542,1025,4157,3776,7933,2017-11-01
NR28,638,747,1385,6403,5809,12212,2017-11-01
NR29,650,799,1449,8343,7474,15817,2017-11-01
NR30,2304,2396,4700,9279,6692,15971,2017-11-01
NR31,2573,3076,5649,17180,14322,31502,2017-11-01
NR32,2072,2253,4325,13451,11479,24930,2017-11-01
NR33,1726,2033,3759,14200,12402,26602,2017-11-01
NR34,697,879,1576,8687,7898,16585,2017-11-01
NR35,371,437,808,4343,3921,8264,2017-11-01
NW0,3,1,4,3,1,4,2017-11-01
NW1,7220,7731,14951,16409,10743,27152,2017-11-01
NW2,11096,9890,20986,25564,16437,42001,2017-11-01
NW3,4696,5626,10322,19830,16582,36412,2017-11-01
NW4,3579,3707,7286,13307,10108,23415,2017-11-01
NW5,3396,3870,7266,8348,6547,14895,2017-11-01
NW6,8463,8551,17014,22076,16674,38750,2017-11-01
NW7,1944,2370,4314,10590,9312,19902,2017-11-01
NW8,3982,4745,8727,12514,9484,21998,2017-11-01
NW9,8898,9027,17925,26261,17217,43478,2017-11-01
NW10,17020,15574,32594,30527,19434,49961,2017-11-01
NW11,3580,3420,7000,14086,12039,26125,2017-11-01
NW12,3,1,4,2,2,4,2017-11-01
NW13,0,1,1,3,1,4,2017-11-01
NW14,1,0,1,1,1,2,2017-11-01
NW15,0,0,0,2,0,2,2017-11-01
NW16,5,1,6,3,0,3,2017-11-01
NW17,0,0,0,2,1,3,2017-11-01
NW18,1,0,1,1,1,2,2017-11-01
NW19,0,1,1,1,1,2,2017-11-01
NW20,0,1,1,1,0,1,2017-11-01
NW21,1,0,1,0,0,0,2017-11-01
NW22,1,0,1,2,0,2,2017-11-01
NW24,1,0,1,0,0,0,2017-11-01
NW25,0,0,0,0,2,2,2017-11-01
NW26,1,1,2,0,0,0,2017-11-01
NW28,0,0,0,0,1,1,2017-11-01
NW44,2,0,2,0,0,0,2017-11-01
NW51,1,0,1,0,0,0,2017-11-01
NW61,0,0,0,0,1,1,2017-11-01
NW70,1,0,1,0,0,0,2017-11-01
NW77,0,1,1,0,0,0,2017-11-01
NW99,2,0,2,1,0,1,2017-11-01
OL0,1,0,1,0,0,0,2017-11-01
OL1,1945,2245,4190,5881,4160,10041,2017-11-01
OL2,1962,2508,4470,14697,12664,27361,2017-11-01
OL3,538,557,1095,6039,5824,11863,2017-11-01
OL4,2872,3454,6326,14270,11065,25335,2017-11-01
OL5,544,705,1249,3999,3416,7415,2017-11-01
OL6,2132,2524,4656,9121,6794,15915,2017-11-01
OL7,1123,1517,2640,5335,3897,9232,2017-11-01
OL8,3358,4093,7451,11040,7194,18234,2017-11-01
OL9,2914,3554,6468,12643,9305,21948,2017-11-01
OL10,1826,2251,4077,9189,7541,16730,2017-11-01
OL11,3018,3706,6724,14515,11505,26020,2017-11-01
OL12,2568,3341,5909,15437,12729,28166,2017-11-01
OL13,794,1057,1851,5544,4701,10245,2017-11-01
OL14,811,1088,1899,5286,4621,9907,2017-11-01
OL15,590,725,1315,5522,4930,10452,2017-11-01
OL16,2502,2996,5498,11956,9358,21314,2017-11-01
OX0,1,1,2,0,1,1,2017-11-01
OX1,1705,1394,3099,6155,4877,11032,2017-11-01
OX2,2899,3162,6061,13332,12210,25542,2017-11-01
OX3,3302,4033,7335,13383,11056,24439,2017-11-01
OX4,5768,6117,11885,17839,13301,31140,2017-11-01
OX5,1414,1496,2910,9269,8173,17442,2017-11-01
OX6,33,28,61,93,75,168,2017-11-01
OX7,855,1076,1931,9456,8973,18429,2017-11-01
OX8,48,48,96,200,165,365,2017-11-01
OX9,552,670,1222,5809,5499,11308,2017-11-01
OX10,1115,1289,2404,10253,9485,19738,2017-11-01
OX11,1571,2022,3593,14200,12546,26746,2017-11-01
OX12,1085,1306,2391,10336,9338,19674,2017-11-01
OX13,481,617,1098,5536,5158,10694,2017-11-01
OX14,2042,2527,4569,16777,14868,31645,2017-11-01
OX15,591,662,1253,8119,7894,16013,2017-11-01
OX16,2783,3602,6385,16184,12814,28998,2017-11-01
OX17,473,562,1035,7445,7101,14546,2017-11-01
OX18,923,1207,2130,9695,8781,18476,2017-11-01
OX20,190,218,408,1920,1911,3831,2017-11-01
OX23,0,0,0,1,0,1,2017-11-01
OX25,329,475,804,3911,3679,7590,2017-11-01
OX26,1689,2158,3847,12326,10744,23070,2017-11-01
OX27,220,299,519,2830,2781,5611,2017-11-01
OX28,1316,1555,2871,9877,8949,18826,2017-11-01
OX29,817,907,1724,9514,9012,18526,2017-11-01
OX33,287,288,575,3103,2963,6066,2017-11-01
OX39,174,202,376,3070,2924,5994,2017-11-01
OX44,259,346,605,3373,3182,6555,2017-11-01
OX49,121,149,270,1700,1749,3449,2017-11-01
PA0,0,0,0,1,0,1,2017-11-01
PA1,1438,1637,3075,6934,5473,12407,2017-11-01
PA2,2270,2960,5230,13181,11296,24477,2017-11-01
PA3,1941,2380,4321,6847,5119,11966,2017-11-01
PA4,1319,1792,3111,8228,6993,15221,2017-11-01
PA5,1363,1810,3173,6889,5563,12452,2017-11-01
PA6,167,233,400,2669,2629,5298,2017-11-01
PA7,194,265,459,2705,2539,5244,2017-11-01
PA8,752,985,1737,5363,4797,10160,2017-11-01
PA9,56,80,136,723,653,1376,2017-11-01
PA10,142,203,345,1447,1398,2845,2017-11-01
PA11,235,282,517,2228,2089,4317,2017-11-01
PA12,142,185,327,1258,1223,2481,2017-11-01
PA13,150,169,319,1809,1855,3664,2017-11-01
PA14,1264,1595,2859,4874,3904,8778,2017-11-01
PA15,1405,1605,3010,4522,3457,7979,2017-11-01
PA16,1954,2263,4217,8955,7920,16875,2017-11-01
PA17,73,88,161,936,831,1767,2017-11-01
PA18,71,117,188,1043,989,2032,2017-11-01
PA19,534,682,1216,4129,3654,7783,2017-11-01
PA20,327,437,764,2100,1727,3827,2017-11-01
PA21,45,34,79,337,287,624,2017-11-01
PA22,13,5,18,135,139,274,2017-11-01
PA23,770,962,1732,4312,3931,8243,2017-11-01
PA24,25,21,46,206,164,370,2017-11-01
PA25,0,5,5,23,22,45,2017-11-01
PA26,10,6,16,61,48,109,2017-11-01
PA27,14,40,54,298,284,582,2017-11-01
PA28,402,484,886,2591,2195,4786,2017-11-01
PA29,102,100,202,893,782,1675,2017-11-01
PA30,70,78,148,514,502,1016,2017-11-01
PA31,210,268,478,1995,1785,3780,2017-11-01
PA32,46,55,101,484,431,915,2017-11-01
PA33,34,28,62,308,255,563,2017-11-01
PA34,617,721,1338,3835,3324,7159,2017-11-01
PA35,42,76,118,550,531,1081,2017-11-01
PA36,1,1,2,19,14,33,2017-11-01
PA37,125,152,277,1156,1087,2243,2017-11-01
PA38,34,36,70,379,346,725,2017-11-01
PA39,3,0,3,3,7,10,2017-11-01
PA40,1,2,3,7,3,10,2017-11-01
PA41,12,15,27,55,51,106,2017-11-01
PA42,61,80,141,402,340,742,2017-11-01
PA43,49,61,110,300,251,551,2017-11-01
PA44,9,13,22,108,105,213,2017-11-01
PA45,12,10,22,59,45,104,2017-11-01
PA46,6,10,16,73,72,145,2017-11-01
PA47,4,6,10,66,58,124,2017-11-01
PA48,18,15,33,118,121,239,2017-11-01
PA49,6,11,17,71,76,147,2017-11-01
PA60,9,21,30,89,69,158,2017-11-01
PA61,7,16,23,58,54,112,2017-11-01
PA62,2,2,4,12,9,21,2017-11-01
PA63,1,0,1,3,4,7,2017-11-01
PA64,0,3,3,33,36,69,2017-11-01
PA65,9,11,20,86,80,166,2017-11-01
PA66,2,13,15,74,71,145,2017-11-01
PA67,15,13,28,100,102,202,2017-11-01
PA68,0,0,0,6,4,10,2017-11-01
PA69,1,1,2,10,6,16,2017-11-01
PA70,4,2,6,28,27,55,2017-11-01
PA71,1,1,2,25,18,43,2017-11-01
PA72,19,17,36,181,175,356,2017-11-01
PA73,3,2,5,27,24,51,2017-11-01
PA74,1,2,3,19,16,35,2017-11-01
PA75,66,83,149,582,536,1118,2017-11-01
PA76,4,7,11,60,60,120,2017-11-01
PA77,22,40,62,252,256,508,2017-11-01
PA78,12,15,27,75,69,144,2017-11-01
PA80,17,13,30,111,85,196,2017-11-01
PA81,4,6,10,21,10,31,2017-11-01
PA82,6,5,11,15,16,31,2017-11-01
PA83,0,0,0,2,1,3,2017-11-01
PA84,0,1,1,1,0,1,2017-11-01
PA85,3,4,7,3,5,8,2017-11-01
PA86,22,38,60,94,85,179,2017-11-01
PA87,28,39,67,56,46,102,2017-11-01
PA88,4,2,6,8,4,12,2017-11-01
PE1,4633,4792,9425,15324,9677,25001,2017-11-01
PE2,2837,3611,6448,16949,13848,30797,2017-11-01
PE3,2251,2884,5135,10099,7459,17558,2017-11-01
PE4,1497,1934,3431,10118,8750,18868,2017-11-01
PE5,37,39,76,646,618,1264,2017-11-01
PE6,1123,1524,2647,14986,14020,29006,2017-11-01
PE7,1627,2175,3802,16752,14896,31648,2017-11-01
PE8,584,732,1316,7065,6609,13674,2017-11-01
PE9,1192,1514,2706,12282,11590,23872,2017-11-01
PE10,742,996,1738,9114,8401,17515,2017-11-01
PE11,1812,2163,3975,16501,13664,30165,2017-11-01
PE12,1285,1623,2908,16022,13999,30021,2017-11-01
PE13,1908,2068,3976,12749,10508,23257,2017-11-01
PE14,707,807,1514,8810,8071,16881,2017-11-01
PE15,1138,1442,2580,11093,9824,20917,2017-11-01
PE16,366,488,854,4237,3591,7828,2017-11-01
PE17,63,48,111,178,128,306,2017-11-01
PE18,51,83,134,127,106,233,2017-11-01
PE19,1745,2217,3962,17327,15659,32986,2017-11-01
PE20,492,605,1097,5683,5043,10726,2017-11-01
PE21,2467,2589,5056,14144,11256,25400,2017-11-01
PE22,492,612,1104,6959,6160,13119,2017-11-01
PE23,309,341,650,3464,3149,6613,2017-11-01
PE24,491,565,1056,4775,3969,8744,2017-11-01
PE25,1265,1444,2709,7274,5712,12986,2017-11-01
PE26,422,530,952,4598,4115,8713,2017-11-01
PE27,853,1114,1967,7833,6820,14653,2017-11-01
PE28,1465,1785,3250,18886,17852,36738,2017-11-01
PE29,1710,2169,3879,10112,8496,18608,2017-11-01
PE30,2646,3028,5674,14494,12208,26702,2017-11-01
PE31,507,608,1115,7895,7365,15260,2017-11-01
PE32,445,513,958,6357,5962,12319,2017-11-01
PE33,425,574,999,6201,5642,11843,2017-11-01
PE34,440,588,1028,5675,5098,10773,2017-11-01
PE35,3,2,5,38,34,72,2017-11-01
PE36,247,288,535,2290,2165,4455,2017-11-01
PE37,345,499,844,4121,3674,7795,2017-11-01
PE38,473,569,1042,5814,5135,10949,2017-11-01
PE99,0,0,0,1,0,1,2017-11-01
PH1,2444,3109,5553,14405,12227,26632,2017-11-01
PH2,1493,1769,3262,12734,11674,24408,2017-11-01
PH3,244,274,518,2506,2370,4876,2017-11-01
PH4,26,52,78,342,333,675,2017-11-01
PH5,19,57,76,340,315,655,2017-11-01
PH6,84,97,181,987,985,1972,2017-11-01
PH7,378,463,841,3389,3061,6450,2017-11-01
PH8,93,101,194,818,757,1575,2017-11-01
PH9,21,41,62,362,347,709,2017-11-01
PH10,468,515,983,4159,3766,7925,2017-11-01
PH11,124,177,301,1370,1164,2534,2017-11-01
PH12,56,72,128,807,704,1511,2017-11-01
PH13,174,205,379,1606,1389,2995,2017-11-01
PH14,37,84,121,862,833,1695,2017-11-01
PH15,158,211,369,1377,1216,2593,2017-11-01
PH16,181,199,380,1536,1402,2938,2017-11-01
PH17,7,8,15,79,57,136,2017-11-01
PH18,27,42,69,312,263,575,2017-11-01
PH19,1,4,5,44,32,76,2017-11-01
PH20,64,89,153,618,549,1167,2017-11-01
PH21,96,106,202,826,777,1603,2017-11-01
PH22,200,248,448,1235,1084,2319,2017-11-01
PH23,28,35,63,328,320,648,2017-11-01
PH24,22,24,46,298,271,569,2017-11-01
PH25,36,35,71,363,339,702,2017-11-01
PH26,164,166,330,1436,1291,2727,2017-11-01
PH30,0,0,0,3,1,4,2017-11-01
PH31,17,25,42,241,226,467,2017-11-01
PH32,37,44,81,289,249,538,2017-11-01
PH33,703,925,1628,4193,3492,7685,2017-11-01
PH34,31,46,77,448,410,858,2017-11-01
PH35,17,21,38,139,105,244,2017-11-01
PH36,35,67,102,518,467,985,2017-11-01
PH37,7,10,17,63,55,118,2017-11-01
PH38,10,12,22,93,79,172,2017-11-01
PH39,27,18,45,159,164,323,2017-11-01
PH40,22,15,37,126,110,236,2017-11-01
PH41,73,61,134,356,322,678,2017-11-01
PH42,1,7,8,40,29,69,2017-11-01
PH43,2,2,4,11,9,20,2017-11-01
PH44,3,2,5,5,4,9,2017-11-01
PH49,42,58,100,426,375,801,2017-11-01
PH50,43,78,121,308,241,549,2017-11-01
PL0,0,1,1,0,0,0,2017-11-01
PL1,2142,2145,4287,7107,4638,11745,2017-11-01
PL2,2236,2704,4940,9967,8124,18091,2017-11-01
PL3,1689,2070,3759,10815,9326,20141,2017-11-01
PL4,2727,2538,5265,8462,5768,14230,2017-11-01
PL5,2736,3719,6455,13517,11050,24567,2017-11-01
PL6,1872,2471,4343,15162,13463,28625,2017-11-01
PL7,1105,1427,2532,11675,10952,22627,2017-11-01
PL8,170,159,329,2499,2445,4944,2017-11-01
PL9,954,1258,2212,11116,10286,21402,2017-11-01
PL10,145,206,351,1336,1218,2554,2017-11-01
PL11,527,711,1238,3925,3453,7378,2017-11-01
PL12,819,1026,1845,8507,7817,16324,2017-11-01
PL13,375,465,840,3885,3419,7304,2017-11-01
PL14,846,1127,1973,9007,8371,17378,2017-11-01
PL15,584,770,1354,7981,7359,15340,2017-11-01
PL16,44,61,105,839,795,1634,2017-11-01
PL17,358,366,724,4087,3719,7806,2017-11-01
PL18,180,250,430,2021,1961,3982,2017-11-01
PL19,577,667,1244,6320,6069,12389,2017-11-01
PL20,398,506,904,4700,4592,9292,2017-11-01
PL21,595,743,1338,6974,6797,13771,2017-11-01
PL22,127,147,274,1421,1370,2791,2017-11-01
PL23,116,146,262,1244,1217,2461,2017-11-01
PL24,444,561,1005,3829,3529,7358,2017-11-01
PL25,1175,1297,2472,9290,8417,17707,2017-11-01
PL26,1125,1259,2384,10547,9414,19961,2017-11-01
PL27,382,512,894,4702,4512,9214,2017-11-01
PL28,196,203,399,1585,1524,3109,2017-11-01
PL29,31,23,54,377,354,731,2017-11-01
PL30,229,295,524,4445,4178,8623,2017-11-01
PL31,720,877,1597,5317,4528,9845,2017-11-01
PL32,138,181,319,1636,1563,3199,2017-11-01
PL33,72,72,144,748,712,1460,2017-11-01
PL34,59,86,145,704,657,1361,2017-11-01
PL35,34,38,72,393,394,787,2017-11-01
PO1,2596,2903,5499,6908,4466,11374,2017-11-01
PO2,3247,4104,7351,13179,9964,23143,2017-11-01
PO3,1215,1414,2629,7086,5987,13073,2017-11-01
PO4,2774,3150,5924,12922,10322,23244,2017-11-01
PO5,2457,2477,4934,7751,5301,13052,2017-11-01
PO6,2590,3193,5783,14208,12080,26288,2017-11-01
PO7,1687,2078,3765,16141,14841,30982,2017-11-01
PO8,1326,1574,2900,13883,12971,26854,2017-11-01
PO9,3108,4072,7180,16292,13971,30263,2017-11-01
PO10,632,753,1385,7354,6912,14266,2017-11-01
PO11,663,751,1414,7297,6689,13986,2017-11-01
PO12,2722,3192,5914,16412,13998,30410,2017-11-01
PO13,1940,2480,4420,12108,10880,22988,2017-11-01
PO14,1188,1389,2577,13020,12162,25182,2017-11-01
PO15,872,940,1812,8653,8022,16675,2017-11-01
PO16,1275,1394,2669,12337,11228,23565,2017-11-01
PO17,225,227,452,2762,2529,5291,2017-11-01
PO18,466,548,1014,5764,5583,11347,2017-11-01
PO19,1630,1892,3522,10427,9975,20402,2017-11-01
PO20,1194,1370,2564,13283,12593,25876,2017-11-01
PO21,2027,2120,4147,14501,12821,27322,2017-11-01
PO22,1150,1355,2505,11667,10850,22517,2017-11-01
PO30,1451,1712,3163,10200,9359,19559,2017-11-01
PO31,659,745,1404,5370,5023,10393,2017-11-01
PO32,405,484,889,3004,2778,5782,2017-11-01
PO33,1626,1974,3600,10729,9606,20335,2017-11-01
PO34,62,65,127,894,907,1801,2017-11-01
PO35,148,137,285,1455,1420,2875,2017-11-01
PO36,846,969,1815,5941,5380,11321,2017-11-01
PO37,475,514,989,3357,2967,6324,2017-11-01
PO38,561,669,1230,4975,4496,9471,2017-11-01
PO39,87,132,219,988,916,1904,2017-11-01
PO40,238,275,513,2140,2048,4188,2017-11-01
PO41,67,75,142,949,954,1903,2017-11-01
PR0,0,0,0,1,0,1,2017-11-01
PR1,4974,5634,10608,20437,14946,35383,2017-11-01
PR2,4120,5122,9242,26710,22643,49353,2017-11-01
PR3,932,1174,2106,15701,14788,30489,2017-11-01
PR4,1837,2346,4183,23994,22209,46203,2017-11-01
PR5,1653,2146,3799,15022,13285,28307,2017-11-01
PR6,1341,1606,2947,13382,12092,25474,2017-11-01
PR7,2002,2613,4615,22519,20349,42868,2017-11-01
PR8,2565,2991,5556,19445,17701,37146,2017-11-01
PR9,1888,2206,4094,15657,13672,29329,2017-11-01
PR23,0,0,0,1,0,1,2017-11-01
PR25,1344,1807,3151,11205,10081,21286,2017-11-01
PR26,486,516,1002,5203,4803,10006,2017-11-01
QF62,0,0,0,1,0,1,2017-11-01
QN21,0,0,0,1,0,1,2017-11-01
RG1,5207,5084,10291,14607,8763,23370,2017-11-01
RG2,3232,3770,7002,13429,10076,23505,2017-11-01
RG3,30,28,58,107,55,162,2017-11-01
RG4,1758,2118,3876,15455,14192,29647,2017-11-01
RG5,1100,1285,2385,10286,9454,19740,2017-11-01
RG6,2024,2249,4273,14438,12425,26863,2017-11-01
RG7,1111,1398,2509,13409,12625,26034,2017-11-01
RG8,772,708,1480,7912,7614,15526,2017-11-01
RG9,1011,1005,2016,9487,9296,18783,2017-11-01
RG10,645,664,1309,7630,7319,14949,2017-11-01
RG11,33,27,60,105,72,177,2017-11-01
RG12,2991,3756,6747,21213,18251,39464,2017-11-01
RG13,29,44,73,102,79,181,2017-11-01
RG14,1923,2272,4195,14758,12599,27357,2017-11-01
RG15,19,26,45,76,64,140,2017-11-01
RG16,19,22,41,109,83,192,2017-11-01
RG17,596,638,1234,6014,5705,11719,2017-11-01
RG18,722,861,1583,7299,6747,14046,2017-11-01
RG19,686,798,1484,6563,6026,12589,2017-11-01
RG20,624,724,1348,8163,7885,16048,2017-11-01
RG21,1998,2332,4330,9719,7546,17265,2017-11-01
RG22,2053,2652,4705,15554,13536,29090,2017-11-01
RG23,527,662,1189,4900,4374,9274,2017-11-01
RG24,1561,2054,3615,12650,11142,23792,2017-11-01
RG25,271,318,589,3557,3301,6858,2017-11-01
RG26,808,977,1785,9024,8321,17345,2017-11-01
RG27,614,651,1265,9130,9115,18245,2017-11-01
RG28,221,261,482,2225,2022,4247,2017-11-01
RG29,177,279,456,2604,2523,5127,2017-11-01
RG30,3696,4451,8147,15911,12184,28095,2017-11-01
RG31,1169,1467,2636,11037,10063,21100,2017-11-01
RG33,0,0,0,0,1,1,2017-11-01
RG34,0,0,0,0,1,1,2017-11-01
RG40,1005,1106,2111,11770,11298,23068,2017-11-01
RG41,1044,1212,2256,11662,11295,22957,2017-11-01
RG42,1091,1132,2223,10630,10080,20710,2017-11-01
RG45,461,482,943,5542,5429,10971,2017-11-01
RH1,2414,2880,5294,17989,16074,34063,2017-11-01
RH2,1015,1195,2210,10034,9663,19697,2017-11-01
RH3,132,119,251,1796,1792,3588,2017-11-01
RH4,689,807,1496,6047,5696,11743,2017-11-01
RH5,635,671,1306,6963,6566,13529,2017-11-01
RH6,1360,1519,2879,12585,11492,24077,2017-11-01
RH7,497,383,880,3846,3316,7162,2017-11-01
RH8,569,663,1232,6038,5980,12018,2017-11-01
RH9,173,238,411,2198,2162,4360,2017-11-01
RH10,3700,3998,7698,26171,22252,48423,2017-11-01
RH11,4428,5288,9716,19769,15314,35083,2017-11-01
RH12,1818,2131,3949,18470,17550,36020,2017-11-01
RH13,1341,1559,2900,15217,14377,29594,2017-11-01
RH14,471,556,1027,6367,6030,12397,2017-11-01
RH15,1378,1537,2915,11941,11290,23231,2017-11-01
RH16,1598,1847,3445,13453,12581,26034,2017-11-01
RH17,644,714,1358,7726,7589,15315,2017-11-01
RH18,289,304,593,1923,1938,3861,2017-11-01
RH19,1451,1607,3058,13940,12941,26881,2017-11-01
RH20,685,734,1419,10768,10636,21404,2017-11-01
RM1,1354,1605,2959,7625,6237,13862,2017-11-01
RM2,581,690,1271,5126,4598,9724,2017-11-01
RM3,2836,3841,6677,14588,11890,26478,2017-11-01
RM4,134,142,276,1986,1852,3838,2017-11-01
RM5,1177,1486,2663,6931,6038,12969,2017-11-01
RM6,2898,3602,6500,11444,8622,20066,2017-11-01
RM7,2046,2680,4726,10220,8338,18558,2017-11-01
RM8,4466,5417,9883,13282,9217,22499,2017-11-01
RM9,3663,4654,8317,10970,7319,18289,2017-11-01
RM10,4008,5029,9037,11513,7774,19287,2017-11-01
RM11,1339,1571,2910,12485,11521,24006,2017-11-01
RM12,1746,2102,3848,12854,11048,23902,2017-11-01
RM13,1933,2324,4257,10749,8887,19636,2017-11-01
RM14,1016,1073,2089,10635,9898,20533,2017-11-01
RM15,1748,2216,3964,10467,8517,18984,2017-11-01
RM16,1944,2486,4430,15391,13445,28836,2017-11-01
RM17,1881,2456,4337,9987,7327,17314,2017-11-01
RM18,1355,1844,3199,5579,4322,9901,2017-11-01
RM19,486,670,1156,2545,1841,4386,2017-11-01
RM20,460,588,1048,2319,1492,3811,2017-11-01
S1,553,398,951,1005,451,1456,2017-11-01
S2,3723,4345,8068,9977,6438,16415,2017-11-01
S3,1863,1511,3374,3187,1396,4583,2017-11-01
S4,1393,1375,2768,3135,1684,4819,2017-11-01
S5,4493,6070,10563,16063,11175,27238,2017-11-01
S6,3136,3782,6918,18903,15605,34508,2017-11-01
S7,1267,1178,2445,5897,4917,10814,2017-11-01
S8,2574,3067,5641,14776,12341,27117,2017-11-01
S9,2140,2526,4666,8175,5058,13233,2017-11-01
S10,2191,2161,4352,13090,11582,24672,2017-11-01
S11,1719,1805,3524,10738,9779,20517,2017-11-01
S12,1495,2279,3774,12002,9339,21341,2017-11-01
S13,1508,2089,3597,9817,7705,17522,2017-11-01
S14,797,1007,1804,2112,1375,3487,2017-11-01
S16,0,0,0,0,1,1,2017-11-01
S17,484,549,1033,6069,5947,12016,2017-11-01
S18,711,902,1613,9649,8957,18606,2017-11-01
S19,4,11,15,58,40,98,2017-11-01
S20,1159,1630,2789,10859,9155,20014,2017-11-01
S21,804,1097,1901,7501,6319,13820,2017-11-01
S22,0,1,1,0,1,1,2017-11-01
S24,0,0,0,0,1,1,2017-11-01
S25,809,1219,2028,7719,6618,14337,2017-11-01
S26,882,1291,2173,9602,8263,17865,2017-11-01
S29,0,0,0,2,0,2,2017-11-01
S30,32,31,63,165,149,314,2017-11-01
S31,23,29,52,103,40,143,2017-11-01
S32,145,180,325,2351,2333,4684,2017-11-01
S33,141,153,294,1960,1862,3822,2017-11-01
S35,1355,1858,3213,15273,13457,28730,2017-11-01
S36,948,1297,2245,10697,9398,20095,2017-11-01
S37,1,0,1,0,0,0,2017-11-01
S40,1740,2212,3952,12108,10060,22168,2017-11-01
S41,1807,2359,4166,12186,10110,22296,2017-11-01
S42,1047,1421,2468,10666,9197,19863,2017-11-01
S43,1853,2687,4540,14044,11359,25403,2017-11-01
S44,1026,1402,2428,7607,6224,13831,2017-11-01
S45,575,802,1377,4785,3954,8739,2017-11-01
S46,0,0,0,3,0,3,2017-11-01
S47,0,0,0,1,0,1,2017-11-01
S49,0,0,0,1,0,1,2017-11-01
S54,0,0,0,1,0,1,2017-11-01
S60,1783,2499,4282,13759,11105,24864,2017-11-01
S61,1996,2664,4660,11344,8791,20135,2017-11-01
S62,1089,1484,2573,6379,4845,11224,2017-11-01
S63,2414,3098,5512,13115,10324,23439,2017-11-01
S64,1806,2260,4066,10198,7872,18070,2017-11-01
S65,2475,2986,5461,9926,6941,16867,2017-11-01
S66,1998,2884,4882,16013,13424,29437,2017-11-01
S68,0,0,0,0,1,1,2017-11-01
S70,2513,2974,5487,12480,9035,21515,2017-11-01
S71,2549,3353,5902,15367,12036,27403,2017-11-01
S72,1368,1828,3196,8585,6683,15268,2017-11-01
S73,1521,1999,3520,9295,7324,16619,2017-11-01
S74,864,1279,2143,5948,4711,10659,2017-11-01
S75,1559,2071,3630,16330,14262,30592,2017-11-01
S80,1706,2065,3771,9895,7785,17680,2017-11-01
S81,1373,1886,3259,13902,12156,26058,2017-11-01
SA1,4262,4191,8453,13297,8773,22070,2017-11-01
SA2,1709,1827,3536,12690,11190,23880,2017-11-01
SA3,799,851,1650,10478,10150,20628,2017-11-01
SA4,1522,1944,3466,16467,15420,31887,2017-11-01
SA5,2086,2944,5030,11274,9049,20323,2017-11-01
SA6,1586,2260,3846,11311,9542,20853,2017-11-01
SA7,550,757,1307,5512,4945,10457,2017-11-01
SA8,474,618,1092,4679,4213,8892,2017-11-01
SA9,520,726,1246,5621,4945,10566,2017-11-01
SA10,1041,1488,2529,11217,9757,20974,2017-11-01
SA11,1713,2335,4048,11954,9709,21663,2017-11-01
SA12,1731,2258,3989,10629,8970,19599,2017-11-01
SA13,974,1252,2226,6614,5260,11874,2017-11-01
SA14,1178,1513,2691,12375,11111,23486,2017-11-01
SA15,1751,2132,3883,12235,10305,22540,2017-11-01
SA16,301,416,717,3118,2733,5851,2017-11-01
SA17,344,419,763,3498,3066,6564,2017-11-01
SA18,1179,1372,2551,10864,9697,20561,2017-11-01
SA19,264,333,597,3870,3605,7475,2017-11-01
SA20,118,139,257,1317,1133,2450,2017-11-01
SA31,737,956,1693,5534,5150,10684,2017-11-01
SA32,147,182,329,3146,3022,6168,2017-11-01
SA33,314,406,720,5110,4748,9858,2017-11-01
SA34,134,165,299,2081,1867,3948,2017-11-01
SA35,16,23,39,364,318,682,2017-11-01
SA36,11,8,19,139,143,282,2017-11-01
SA37,36,43,79,575,519,1094,2017-11-01
SA38,144,179,323,1773,1660,3433,2017-11-01
SA39,59,79,138,1022,918,1940,2017-11-01
SA40,128,122,250,1071,1000,2071,2017-11-01
SA41,58,58,116,843,771,1614,2017-11-01
SA42,60,73,133,832,788,1620,2017-11-01
SA43,465,561,1026,4815,4385,9200,2017-11-01
SA44,307,377,684,4525,4264,8789,2017-11-01
SA45,65,56,121,625,574,1199,2017-11-01
SA46,98,116,214,960,859,1819,2017-11-01
SA47,43,47,90,401,390,791,2017-11-01
SA48,364,337,701,3284,3025,6309,2017-11-01
SA61,758,1002,1760,4649,4161,8810,2017-11-01
SA62,579,754,1333,8371,7742,16113,2017-11-01
SA63,33,28,61,507,480,987,2017-11-01
SA64,88,131,219,849,710,1559,2017-11-01
SA65,162,205,367,1575,1374,2949,2017-11-01
SA66,85,98,183,1270,1222,2492,2017-11-01
SA67,199,274,473,2777,2632,5409,2017-11-01
SA68,99,129,228,1578,1459,3037,2017-11-01
SA69,112,139,251,1456,1341,2797,2017-11-01
SA70,378,463,841,3397,3092,6489,2017-11-01
SA71,460,524,984,4000,3496,7496,2017-11-01
SA72,553,620,1173,3411,3091,6502,2017-11-01
SA73,881,1203,2084,7123,6136,13259,2017-11-01
SA99,1,1,2,0,0,0,2017-11-01
SE0,0,1,1,0,1,1,2017-11-01
SE1,8545,8550,17095,18615,11296,29911,2017-11-01
SE2,3185,3919,7104,7869,5835,13704,2017-11-01
SE3,2764,3294,6058,11497,9630,21127,2017-11-01
SE4,3542,3864,7406,8381,6858,15239,2017-11-01
SE5,7464,8123,15587,12536,8436,20972,2017-11-01
SE6,6397,7163,13560,15503,12457,27960,2017-11-01
SE7,2644,3060,5704,6361,4576,10937,2017-11-01
SE8,4470,4758,9228,7826,5112,12938,2017-11-01
SE9,4763,5770,10533,21021,17645,38666,2017-11-01
SE10,2470,2942,5412,8786,6886,15672,2017-11-01
SE11,3176,3322,6498,6466,3927,10393,2017-11-01
SE12,2399,2812,5211,8749,7297,16046,2017-11-01
SE13,5322,5554,10876,12389,9506,21895,2017-11-01
SE14,3919,3971,7890,6723,4525,11248,2017-11-01
SE15,11135,11378,22513,16550,11605,28155,2017-11-01
SE16,5486,6190,11676,14043,9536,23579,2017-11-01
SE17,6012,6163,12175,8163,4610,12773,2017-11-01
SE18,11389,11806,23195,21211,14069,35280,2017-11-01
SE19,2762,3343,6105,9161,7493,16654,2017-11-01
SE20,2532,2954,5486,6953,5786,12739,2017-11-01
SE21,1418,1582,3000,5046,4653,9699,2017-11-01
SE22,3121,3478,6599,9339,8150,17489,2017-11-01
SE23,3436,3955,7391,10302,8809,19111,2017-11-01
SE24,1937,2020,3957,5773,5011,10784,2017-11-01
SE25,4015,4640,8655,10742,8762,19504,2017-11-01
SE26,3069,3679,6748,8607,7272,15879,2017-11-01
SE27,2604,2854,5458,6491,5163,11654,2017-11-01
SE28,3480,4416,7896,7697,5352,13049,2017-11-01
SE29,1,3,4,3,0,3,2017-11-01
SE31,0,1,1,0,0,0,2017-11-01
SE33,0,1,1,0,0,0,2017-11-01
SE35,0,1,1,0,0,0,2017-11-01
SE37,0,1,1,0,0,0,2017-11-01
SE50,0,0,0,1,0,1,2017-11-01
SE57,0,1,1,0,0,0,2017-11-01
SE59,0,0,0,1,0,1,2017-11-01
SE60,0,0,0,2,0,2,2017-11-01
SE72,1,0,1,0,0,0,2017-11-01
SE73,0,0,0,1,0,1,2017-11-01
SE74,0,1,1,1,0,1,2017-11-01
SE75,1,0,1,0,0,0,2017-11-01
SE76,0,0,0,1,0,1,2017-11-01
SE77,1,0,1,0,0,0,2017-11-01
SE81,0,0,0,0,1,1,2017-11-01
SE88,0,0,0,1,0,1,2017-11-01
SE90,0,0,0,0,1,1,2017-11-01
SE91,0,1,1,0,0,0,2017-11-01
SE99,0,0,0,0,1,1,2017-11-01
SG0,0,0,0,0,1,1,2017-11-01
SG1,3134,3766,6900,18720,15621,34341,2017-11-01
SG2,2168,2785,4953,15520,13459,28979,2017-11-01
SG3,229,280,509,2838,2733,5571,2017-11-01
SG4,1201,1365,2566,11422,10723,22145,2017-11-01
SG5,1363,1558,2921,12571,11759,24330,2017-11-01
SG6,1709,2194,3903,12159,10769,22928,2017-11-01
SG7,515,603,1118,5228,4943,10171,2017-11-01
SG8,1358,1554,2912,15676,14306,29982,2017-11-01
SG9,267,294,561,4400,4278,8678,2017-11-01
SG10,51,60,111,812,797,1609,2017-11-01
SG11,244,224,468,3533,3281,6814,2017-11-01
SG12,1190,1330,2520,11551,10655,22206,2017-11-01
SG13,697,757,1454,6567,6231,12798,2017-11-01
SG14,835,917,1752,7589,7091,14680,2017-11-01
SG15,238,257,495,2186,1976,4162,2017-11-01
SG16,162,233,395,2464,2362,4826,2017-11-01
SG17,458,516,974,5207,4875,10082,2017-11-01
SG18,942,1221,2163,10433,9481,19914,2017-11-01
SG19,815,1106,1921,9845,8926,18771,2017-11-01
SK0,0,0,0,0,1,1,2017-11-01
SK1,693,853,1546,3777,2818,6595,2017-11-01
SK2,1460,1819,3279,10637,9453,20090,2017-11-01
SK3,1741,2206,3947,8828,7553,16381,2017-11-01
SK4,1933,2065,3998,13256,12006,25262,2017-11-01
SK5,2056,2585,4641,9050,7365,16415,2017-11-01
SK6,2007,2421,4428,19495,17847,37342,2017-11-01
SK7,1409,1638,3047,16476,15723,32199,2017-11-01
SK8,2513,2803,5316,23425,22058,45483,2017-11-01
SK9,1397,1629,3026,15483,14819,30302,2017-11-01
SK10,1497,1699,3196,15631,14926,30557,2017-11-01
SK11,1715,1966,3681,13680,12155,25835,2017-11-01
SK12,584,616,1200,7992,7814,15806,2017-11-01
SK13,1490,1945,3435,11955,10713,22668,2017-11-01
SK14,2690,3371,6061,15922,13383,29305,2017-11-01
SK15,1530,1780,3310,9636,8271,17907,2017-11-01
SK16,1086,1357,2443,6628,5339,11967,2017-11-01
SK17,1188,1419,2607,11798,10206,22004,2017-11-01
SK22,532,595,1127,4724,4188,8912,2017-11-01
SK23,598,629,1227,7014,6388,13402,2017-11-01
SL0,441,466,907,4841,4380,9221,2017-11-01
SL1,6806,6880,13686,25820,18953,44773,2017-11-01
SL2,4438,5228,9666,19817,15429,35246,2017-11-01
SL3,2668,3503,6171,18176,15136,33312,2017-11-01
SL4,2077,2441,4518,17295,15905,33200,2017-11-01
SL5,1067,1233,2300,10192,10237,20429,2017-11-01
SL6,3670,4167,7837,32249,29433,61682,2017-11-01
SL7,787,844,1631,8645,8462,17107,2017-11-01
SL8,198,211,409,2684,2649,5333,2017-11-01
SL9,875,953,1828,9198,9250,18448,2017-11-01
SM1,2613,3188,5801,14212,11770,25982,2017-11-01
SM2,1425,1897,3322,10902,9900,20802,2017-11-01
SM3,1170,1365,2535,7960,7130,15090,2017-11-01
SM4,3187,3462,6649,13626,10265,23891,2017-11-01
SM5,2548,3212,5760,13689,12265,25954,2017-11-01
SM6,2404,2954,5358,13123,11604,24727,2017-11-01
SM7,621,650,1271,7359,7357,14716,2017-11-01
SN0,0,0,0,2,0,2,2017-11-01
SN1,3132,2710,5842,10899,7104,18003,2017-11-01
SN2,2769,3397,6166,14499,11022,25521,2017-11-01
SN3,2990,3766,6756,18941,15684,34625,2017-11-01
SN4,1033,1238,2271,11503,10511,22014,2017-11-01
SN5,1576,2179,3755,13380,11747,25127,2017-11-01
SN6,779,947,1726,8883,8139,17022,2017-11-01
SN7,478,643,1121,5615,5203,10818,2017-11-01
SN8,912,1047,1959,9559,9021,18580,2017-11-01
SN9,277,343,620,3253,3154,6407,2017-11-01
SN10,1191,1437,2628,11956,11140,23096,2017-11-01
SN11,851,1112,1963,8611,7912,16523,2017-11-01
SN12,1012,1150,2162,10292,9327,19619,2017-11-01
SN13,608,748,1356,6278,6027,12305,2017-11-01
SN14,1104,1247,2351,10688,9831,20519,2017-11-01
SN15,1511,1735,3246,14100,12265,26365,2017-11-01
SN16,397,419,816,5863,5551,11414,2017-11-01
SN20,0,0,0,2,0,2,2017-11-01
SN24,0,1,1,0,1,1,2017-11-01
SN25,1206,1575,2781,14070,12536,26606,2017-11-01
SN26,46,42,88,770,680,1450,2017-11-01
SN27,0,0,0,1,0,1,2017-11-01
SN31,0,0,0,0,1,1,2017-11-01
SN34,0,0,0,0,1,1,2017-11-01
SN48,0,0,0,1,0,1,2017-11-01
SN66,0,1,1,0,0,0,2017-11-01
SO0,0,0,0,0,1,1,2017-11-01
SO1,59,44,103,194,93,287,2017-11-01
SO2,85,46,131,172,76,248,2017-11-01
SO3,35,24,59,166,112,278,2017-11-01
SO4,33,37,70,170,139,309,2017-11-01
SO5,33,24,57,161,91,252,2017-11-01
SO6,0,0,0,2,0,2,2017-11-01
SO9,17,15,32,30,11,41,2017-11-01
SO14,3046,2419,5465,7097,3577,10674,2017-11-01
SO15,2799,2984,5783,13047,10040,23087,2017-11-01
SO16,4353,5398,9751,22171,17799,39970,2017-11-01
SO17,1405,1353,2758,5153,3547,8700,2017-11-01
SO18,2101,2392,4493,12780,10745,23525,2017-11-01
SO19,3398,4453,7851,18978,15741,34719,2017-11-01
SO20,280,317,597,3436,3156,6592,2017-11-01
SO21,586,715,1301,7992,7673,15665,2017-11-01
SO22,1455,1682,3137,9387,8691,18078,2017-11-01
SO23,1210,1298,2508,7339,6714,14053,2017-11-01
SO24,368,410,778,4740,4595,9335,2017-11-01
SO30,925,1097,2022,12586,12102,24688,2017-11-01
SO31,1537,1669,3206,17942,17302,35244,2017-11-01
SO32,567,624,1191,8491,8288,16779,2017-11-01
SO33,0,0,0,1,0,1,2017-11-01
SO40,1356,1668,3024,16106,14833,30939,2017-11-01
SO41,944,1003,1947,12664,12715,25379,2017-11-01
SO42,158,177,335,2038,1960,3998,2017-11-01
SO43,126,146,272,1844,1779,3623,2017-11-01
SO45,1292,1625,2917,13510,12502,26012,2017-11-01
SO50,2240,2715,4955,17386,15421,32807,2017-11-01
SO51,858,1034,1892,11467,11184,22651,2017-11-01
SO52,185,250,435,2756,2562,5318,2017-11-01
SO53,1047,1214,2261,12519,12099,24618,2017-11-01
SP1,1076,1129,2205,7741,7159,14900,2017-11-01
SP2,1613,1809,3422,10258,9028,19286,2017-11-01
SP3,371,461,832,4787,4593,9380,2017-11-01
SP4,1595,1892,3487,12979,11098,24077,2017-11-01
SP5,587,702,1289,9244,9075,18319,2017-11-01
SP6,393,398,791,5909,5730,11639,2017-11-01
SP7,495,629,1124,5635,5494,11129,2017-11-01
SP8,434,510,944,5623,5337,10960,2017-11-01
SP9,429,883,1312,3378,2508,5886,2017-11-01
SP10,2267,2921,5188,14262,11787,26049,2017-11-01
SP11,913,1210,2123,10955,10162,21117,2017-11-01
SR1,539,415,954,1214,482,1696,2017-11-01
SR2,2385,2565,4950,10012,7511,17523,2017-11-01
SR3,2075,2840,4915,12364,9886,22250,2017-11-01
SR4,2921,3761,6682,11833,8497,20330,2017-11-01
SR5,2560,3170,5730,9379,6551,15930,2017-11-01
SR6,1328,1617,2945,10784,9293,20077,2017-11-01
SR7,1572,2169,3741,9692,7533,17225,2017-11-01
SR8,2206,3017,5223,10865,8323,19188,2017-11-01
SS0,3163,3559,6722,13707,11056,24763,2017-11-01
SS1,1995,2171,4166,9127,7645,16772,2017-11-01
SS2,2604,3146,5750,11771,9656,21427,2017-11-01
SS3,1635,1986,3621,10131,9127,19258,2017-11-01
SS4,864,1086,1950,7699,7097,14796,2017-11-01
SS5,773,763,1536,8893,8227,17120,2017-11-01
SS6,1124,1343,2467,12315,11308,23623,2017-11-01
SS7,1893,2235,4128,19684,17884,37568,2017-11-01
SS8,1978,2645,4623,14322,11847,26169,2017-11-01
SS9,2238,2532,4770,18699,17208,35907,2017-11-01
SS11,651,823,1474,7232,6401,13633,2017-11-01
SS12,651,825,1476,7197,6517,13714,2017-11-01
SS13,1644,2141,3785,7804,6222,14026,2017-11-01
SS14,2045,2744,4789,8515,6553,15068,2017-11-01
SS15,2159,2795,4954,10626,9066,19692,2017-11-01
SS16,1862,2657,4519,10753,8650,19403,2017-11-01
SS17,1411,1821,3232,12768,11285,24053,2017-11-01
SS20,0,0,0,0,1,1,2017-11-01
SS30,0,0,0,1,1,2,2017-11-01
SS31,0,0,0,1,0,1,2017-11-01
SS39,0,1,1,1,0,1,2017-11-01
SS50,0,0,0,1,0,1,2017-11-01
SS92,0,0,0,1,0,1,2017-11-01
SS95,1,0,1,0,0,0,2017-11-01
SS99,0,1,1,0,0,0,2017-11-01
ST0,0,0,0,1,0,1,2017-11-01
ST1,2391,2683,5074,9643,6372,16015,2017-11-01
ST2,2030,2717,4747,10524,8046,18570,2017-11-01
ST3,3674,4805,8479,22513,17625,40138,2017-11-01
ST4,3654,4150,7804,17826,13634,31460,2017-11-01
ST5,4210,4915,9125,27455,22997,50452,2017-11-01
ST6,4142,5475,9617,20391,14983,35374,2017-11-01
ST7,1965,2496,4461,20524,18230,38754,2017-11-01
ST8,651,828,1479,7681,6849,14530,2017-11-01
ST9,262,344,606,4952,4562,9514,2017-11-01
ST10,733,974,1707,9876,8763,18639,2017-11-01
ST11,288,316,604,3928,3589,7517,2017-11-01
ST12,124,124,248,1428,1398,2826,2017-11-01
ST13,992,1245,2237,10311,9098,19409,2017-11-01
ST14,805,994,1799,7483,6491,13974,2017-11-01
ST15,665,836,1501,8375,7754,16129,2017-11-01
ST16,1715,1987,3702,10517,8629,19146,2017-11-01
ST17,1793,2241,4034,13852,12289,26141,2017-11-01
ST18,398,413,811,7066,6555,13621,2017-11-01
ST19,459,564,1023,5906,5504,11410,2017-11-01
ST20,179,228,407,2900,2658,5558,2017-11-01
ST21,112,164,276,2489,2333,4822,2017-11-01
SW0,1,1,2,1,3,4,2017-11-01
SW1,39,41,80,79,55,134,2017-11-01
SW2,7207,7671,14878,15958,11788,27746,2017-11-01
SW3,2026,2560,4586,8744,7443,16187,2017-11-01
SW4,4608,4760,9368,13465,9915,23380,2017-11-01
SW5,2285,1920,4205,5974,3896,9870,2017-11-01
SW6,5834,6630,12464,21883,18042,39925,2017-11-01
SW7,2860,2401,5261,8853,6069,14922,2017-11-01
SW8,5314,5529,10843,11132,6991,18123,2017-11-01
SW9,7532,7601,15133,12605,7797,20402,2017-11-01
SW10,1942,2254,4196,6558,5344,11902,2017-11-01
SW11,6525,7563,14088,23391,18703,42094,2017-11-01
SW12,2487,2654,5141,10898,9226,20124,2017-11-01
SW13,1006,1245,2251,6154,5905,12059,2017-11-01
SW14,1025,1118,2143,6533,6251,12784,2017-11-01
SW15,5054,5899,10953,22236,18815,41051,2017-11-01
SW16,10069,9889,19958,27597,20726,48323,2017-11-01
SW17,8163,7511,15674,20899,16036,36935,2017-11-01
SW18,4568,5317,9885,22705,19657,42362,2017-11-01
SW19,6441,7251,13692,31145,26222,57367,2017-11-01
SW20,1972,2276,4248,12140,10813,22953,2017-11-01
SY1,1471,1900,3371,8833,7179,16012,2017-11-01
SY2,811,990,1801,6160,5427,11587,2017-11-01
SY3,1410,1612,3022,12240,11519,23759,2017-11-01
SY4,768,933,1701,9650,9211,18861,2017-11-01
SY5,666,677,1343,8423,7846,16269,2017-11-01
SY6,178,206,384,2884,2720,5604,2017-11-01
SY7,302,415,717,4488,4129,8617,2017-11-01
SY8,561,736,1297,7287,6616,13903,2017-11-01
SY9,73,95,168,1119,971,2090,2017-11-01
SY10,419,499,918,6357,5894,12251,2017-11-01
SY11,1106,1385,2491,9243,8138,17381,2017-11-01
SY12,288,335,623,3213,2899,6112,2017-11-01
SY13,688,793,1481,7697,6874,14571,2017-11-01
SY14,164,185,349,2663,2625,5288,2017-11-01
SY15,135,143,278,2200,2065,4265,2017-11-01
SY16,774,873,1647,5579,4849,10428,2017-11-01
SY17,78,113,191,1507,1377,2884,2017-11-01
SY18,120,153,273,1832,1577,3409,2017-11-01
SY19,22,27,49,439,387,826,2017-11-01
SY20,239,301,540,2544,2297,4841,2017-11-01
SY21,560,759,1319,6430,5740,12170,2017-11-01
SY22,235,270,505,3586,3379,6965,2017-11-01
SY23,1316,1425,2741,8657,7525,16182,2017-11-01
SY24,161,204,365,1758,1567,3325,2017-11-01
SY25,129,169,298,1753,1578,3331,2017-11-01
T96,0,0,0,0,1,1,2017-11-01
TA1,1924,2225,4149,13956,12664,26620,2017-11-01
TA2,1190,1428,2618,10414,9639,20053,2017-11-01
TA3,353,376,729,6332,6119,12451,2017-11-01
TA4,537,651,1188,7828,7580,15408,2017-11-01
TA5,286,360,646,4586,4333,8919,2017-11-01
TA6,2459,2817,5276,16693,13918,30611,2017-11-01
TA7,419,470,889,6590,6298,12888,2017-11-01
TA8,589,664,1253,6589,5823,12412,2017-11-01
TA9,544,602,1146,4993,4504,9497,2017-11-01
TA10,315,268,583,3993,3971,7964,2017-11-01
TA11,248,290,538,3773,3675,7448,2017-11-01
TA12,154,218,372,2551,2426,4977,2017-11-01
TA13,97,120,217,1716,1636,3352,2017-11-01
TA14,81,120,201,1298,1170,2468,2017-11-01
TA15,18,27,45,289,270,559,2017-11-01
TA16,44,61,105,767,687,1454,2017-11-01
TA17,8,15,23,251,258,509,2017-11-01
TA18,311,408,719,4170,3776,7946,2017-11-01
TA19,312,399,711,4693,4582,9275,2017-11-01
TA20,774,816,1590,7803,7070,14873,2017-11-01
TA21,700,834,1534,7531,6987,14518,2017-11-01
TA22,54,82,136,1100,1081,2181,2017-11-01
TA23,236,296,532,2137,1952,4089,2017-11-01
TA24,679,882,1561,6929,6331,13260,2017-11-01
TD1,861,1131,1992,6161,5311,11472,2017-11-01
TD2,76,89,165,1061,1026,2087,2017-11-01
TD3,37,32,69,421,365,786,2017-11-01
TD4,84,78,162,903,828,1731,2017-11-01
TD5,353,441,794,4338,4241,8579,2017-11-01
TD6,238,296,534,3084,2986,6070,2017-11-01
TD7,309,377,686,2722,2483,5205,2017-11-01
TD8,218,299,517,2318,2129,4447,2017-11-01
TD9,776,1018,1794,6561,5543,12104,2017-11-01
TD10,31,56,87,448,406,854,2017-11-01
TD11,218,317,535,3058,2698,5756,2017-11-01
TD12,141,164,305,1706,1594,3300,2017-11-01
TD13,32,42,74,385,360,745,2017-11-01
TD14,233,347,580,2346,2039,4385,2017-11-01
TD15,756,1010,1766,6480,5563,12043,2017-11-01
TF1,2161,2597,4758,13425,11170,24595,2017-11-01
TF2,1929,2342,4271,13603,11723,25326,2017-11-01
TF3,1749,2344,4093,7907,6237,14144,2017-11-01
TF4,908,1223,2131,6796,5893,12689,2017-11-01
TF5,195,215,410,2031,1926,3957,2017-11-01
TF6,132,168,300,2352,2122,4474,2017-11-01
TF7,1294,1719,3013,5333,4157,9490,2017-11-01
TF8,92,103,195,1243,1143,2386,2017-11-01
TF9,889,1086,1975,9972,8701,18673,2017-11-01
TF10,590,607,1197,7098,6467,13565,2017-11-01
TF11,359,359,718,4224,3865,8089,2017-11-01
TF12,211,225,436,2041,1844,3885,2017-11-01
TF13,114,118,232,1436,1468,2904,2017-11-01
TN0,0,0,0,1,0,1,2017-11-01
TN1,779,861,1640,3972,3246,7218,2017-11-01
TN2,1214,1592,2806,10445,9539,19984,2017-11-01
TN3,338,367,705,4844,4694,9538,2017-11-01
TN4,1480,1805,3285,10884,10215,21099,2017-11-01
TN5,275,346,621,3534,3570,7104,2017-11-01
TN6,821,980,1801,10250,9647,19897,2017-11-01
TN7,67,84,151,1031,1023,2054,2017-11-01
TN8,489,599,1088,5192,4991,10183,2017-11-01
TN9,1041,1142,2183,6324,5710,12034,2017-11-01
TN10,749,861,1610,6013,5632,11645,2017-11-01
TN11,416,500,916,5662,5494,11156,2017-11-01
TN12,1011,1246,2257,11758,10862,22620,2017-11-01
TN13,983,1092,2075,9510,9272,18782,2017-11-01
TN14,498,547,1045,6404,6087,12491,2017-11-01
TN15,736,905,1641,10474,10064,20538,2017-11-01
TN16,657,713,1370,7907,7582,15489,2017-11-01
TN17,549,663,1212,5484,5261,10745,2017-11-01
TN18,215,243,458,2569,2448,5017,2017-11-01
TN19,143,196,339,2163,2017,4180,2017-11-01
TN20,121,153,274,1558,1571,3129,2017-11-01
TN21,459,597,1056,6817,6513,13330,2017-11-01
TN22,956,1127,2083,11044,10613,21657,2017-11-01
TN23,2270,2838,5108,14271,12116,26387,2017-11-01
TN24,1736,2139,3875,11657,10046,21703,2017-11-01
TN25,526,552,1078,7174,6894,14068,2017-11-01
TN26,320,359,679,4952,4676,9628,2017-11-01
TN27,358,442,800,5659,5342,11001,2017-11-01
TN28,309,379,688,3463,3084,6547,2017-11-01
TN29,534,656,1190,5364,4558,9922,2017-11-01
TN30,280,358,638,3839,3751,7590,2017-11-01
TN31,564,659,1223,5656,5156,10812,2017-11-01
TN32,197,199,396,2165,2019,4184,2017-11-01
TN33,526,519,1045,4952,4882,9834,2017-11-01
TN34,2112,2464,4576,9948,8212,18160,2017-11-01
TN35,1019,1271,2290,6247,5662,11909,2017-11-01
TN36,82,99,181,998,918,1916,2017-11-01
TN37,1318,1573,2891,6752,5510,12262,2017-11-01
TN38,1852,2226,4078,9369,8000,17369,2017-11-01
TN39,1029,1266,2295,9746,9176,18922,2017-11-01
TN40,827,1017,1844,5994,5536,11530,2017-11-01
TQ1,1922,2114,4036,11287,9544,20831,2017-11-01
TQ2,1986,2380,4366,12108,10696,22804,2017-11-01
TQ3,1489,1749,3238,11220,9942,21162,2017-11-01
TQ4,800,987,1787,7360,6622,13982,2017-11-01
TQ5,873,1008,1881,7197,6377,13574,2017-11-01
TQ6,323,419,742,3126,2786,5912,2017-11-01
TQ7,570,700,1270,6680,6473,13153,2017-11-01
TQ8,78,76,154,742,683,1425,2017-11-01
TQ9,817,916,1733,7035,7111,14146,2017-11-01
TQ10,122,168,290,1604,1559,3163,2017-11-01
TQ11,201,247,448,1587,1500,3087,2017-11-01
TQ12,2091,2486,4577,20855,19554,40409,2017-11-01
TQ13,784,837,1621,9567,9530,19097,2017-11-01
TQ14,803,944,1747,7411,6943,14354,2017-11-01
TR1,1111,1375,2486,7392,6937,14329,2017-11-01
TR2,292,379,671,4047,3933,7980,2017-11-01
TR3,363,415,778,5170,4949,10119,2017-11-01
TR4,361,431,792,4763,4568,9331,2017-11-01
TR5,153,154,307,1609,1597,3206,2017-11-01
TR6,147,170,317,1545,1391,2936,2017-11-01
TR7,1206,1314,2520,8118,7109,15227,2017-11-01
TR8,296,330,626,3822,3477,7299,2017-11-01
TR9,261,392,653,3183,2887,6070,2017-11-01
TR10,520,601,1121,3561,3198,6759,2017-11-01
TR11,1349,1525,2874,9981,9434,19415,2017-11-01
TR12,291,313,604,3791,3479,7270,2017-11-01
TR13,672,858,1530,7680,7294,14974,2017-11-01
TR14,1300,1447,2747,9217,7915,17132,2017-11-01
TR15,1029,1098,2127,7246,6353,13599,2017-11-01
TR16,513,622,1135,6205,5873,12078,2017-11-01
TR17,73,83,156,584,534,1118,2017-11-01
TR18,1203,1400,2603,6469,5617,12086,2017-11-01
TR19,409,462,871,3428,3225,6653,2017-11-01
TR20,311,340,651,3875,3652,7527,2017-11-01
TR21,82,108,190,581,474,1055,2017-11-01
TR22,8,7,15,26,20,46,2017-11-01
TR23,4,4,8,33,27,60,2017-11-01
TR24,4,6,10,48,29,77,2017-11-01
TR25,6,5,11,50,41,91,2017-11-01
TR26,586,646,1232,4082,3764,7846,2017-11-01
TR27,629,774,1403,5671,5204,10875,2017-11-01
TS1,2127,1688,3815,3163,1351,4514,2017-11-01
TS2,131,128,259,226,126,352,2017-11-01
TS3,2594,3215,5809,6739,4522,11261,2017-11-01
TS4,1482,1733,3215,4608,3310,7918,2017-11-01
TS5,2082,2594,4676,13589,11402,24991,2017-11-01
TS6,1865,2487,4352,9425,7338,16763,2017-11-01
TS7,671,955,1626,8712,7782,16494,2017-11-01
TS8,973,1352,2325,7248,6510,13758,2017-11-01
TS9,272,386,658,5347,5036,10383,2017-11-01
TS10,1913,2522,4435,12418,10320,22738,2017-11-01
TS11,412,557,969,4488,3917,8405,2017-11-01
TS12,979,1274,2253,7973,6803,14776,2017-11-01
TS13,553,699,1252,3381,2530,5911,2017-11-01
TS14,597,815,1412,6770,6035,12805,2017-11-01
TS15,390,389,779,5617,5203,10820,2017-11-01
TS16,313,433,746,4048,3777,7825,2017-11-01
TS17,1988,2541,4529,15439,13458,28897,2017-11-01
TS18,1524,1634,3158,7997,6459,14456,2017-11-01
TS19,2106,2852,4958,11361,9528,20889,2017-11-01
TS20,1047,1312,2359,6719,5597,12316,2017-11-01
TS21,368,457,825,4999,4473,9472,2017-11-01
TS22,186,248,434,3763,3419,7182,2017-11-01
TS23,1593,2084,3677,9516,7969,17485,2017-11-01
TS24,1534,1894,3428,5977,4366,10343,2017-11-01
TS25,1997,2603,4600,12173,9953,22126,2017-11-01
TS26,1197,1335,2532,8510,7545,16055,2017-11-01
TS27,454,627,1081,4431,3939,8370,2017-11-01
TS28,244,315,559,1768,1474,3242,2017-11-01
TS29,294,407,701,2065,1619,3684,2017-11-01
TS90,0,0,0,1,0,1,2017-11-01
TW0,0,0,0,0,1,1,2017-11-01
TW1,1454,1715,3169,10262,9365,19627,2017-11-01
TW2,1721,1972,3693,11423,10388,21811,2017-11-01
TW3,7492,5805,13297,14888,8987,23875,2017-11-01
TW4,5118,4244,9362,10514,6286,16800,2017-11-01
TW5,4575,3965,8540,11871,7729,19600,2017-11-01
TW6,10,2,12,29,11,40,2017-11-01
TW7,3293,3818,7111,14264,11222,25486,2017-11-01
TW8,2003,2311,4314,7716,5714,13430,2017-11-01
TW9,1467,1739,3206,8956,8098,17054,2017-11-01
TW10,1355,1598,2953,7769,7002,14771,2017-11-01
TW11,1298,1549,2847,9055,8513,17568,2017-11-01
TW12,1310,1536,2846,8780,8350,17130,2017-11-01
TW13,3182,3850,7032,12861,9267,22128,2017-11-01
TW14,2848,3210,6058,10559,7388,17947,2017-11-01
TW15,1164,1328,2492,11387,10049,21436,2017-11-01
TW16,939,1168,2107,8352,7398,15750,2017-11-01
TW17,511,552,1063,6039,5675,11714,2017-11-01
TW18,1181,1269,2450,10330,9251,19581,2017-11-01
TW19,955,1200,2155,7000,5761,12761,2017-11-01
TW20,1467,1526,2993,8534,7374,15908,2017-11-01
UB0,0,0,0,1,0,1,2017-11-01
UB1,9281,6676,15957,14354,8144,22498,2017-11-01
UB2,6808,5050,11858,11472,6919,18391,2017-11-01
UB3,6451,6546,12997,18524,11858,30382,2017-11-01
UB4,4406,4380,8786,14417,10418,24835,2017-11-01
UB5,4881,5815,10696,16111,11476,27587,2017-11-01
UB6,5923,5713,11636,20707,13801,34508,2017-11-01
UB7,2828,3245,6073,11459,8218,19677,2017-11-01
UB8,2631,2806,5437,11598,8890,20488,2017-11-01
UB9,681,779,1460,6073,5475,11548,2017-11-01
UB10,1943,2325,4268,13622,11806,25428,2017-11-01
UB11,2,0,2,11,4,15,2017-11-01
UNKNOWNNA,19835,19551,39386,82849,54755,137604,2017-11-01
W1,41,32,73,76,43,119,2017-11-01
W2,7219,6530,13749,16939,10807,27746,2017-11-01
W3,6774,6573,13347,20814,14527,35341,2017-11-01
W4,3414,4027,7441,17427,15072,32499,2017-11-01
W5,4462,4693,9155,21073,16808,37881,2017-11-01
W6,3810,3861,7671,11176,8790,19966,2017-11-01
W7,3129,3371,6500,10056,8151,18207,2017-11-01
W8,2061,2461,4522,8285,7009,15294,2017-11-01
W9,4477,4860,9337,12550,9242,21792,2017-11-01
W10,4576,5177,9753,9232,6799,16031,2017-11-01
W11,3837,4261,8098,10360,8273,18633,2017-11-01
W12,6746,6805,13551,14483,10115,24598,2017-11-01
W13,3226,3309,6535,12597,9967,22564,2017-11-01
W14,4472,4850,9322,12837,9824,22661,2017-11-01
W15,4,1,5,10,5,15,2017-11-01
W16,5,1,6,1,3,4,2017-11-01
W17,10,7,17,14,10,24,2017-11-01
W18,3,2,5,1,3,4,2017-11-01
W19,3,7,10,8,3,11,2017-11-01
W20,0,0,0,0,1,1,2017-11-01
W21,0,3,3,0,0,0,2017-11-01
W22,3,1,4,6,1,7,2017-11-01
W23,0,1,1,0,0,0,2017-11-01
W26,0,1,1,0,1,1,2017-11-01
W27,0,0,0,1,0,1,2017-11-01
W28,0,1,1,1,0,1,2017-11-01
W30,0,0,0,1,0,1,2017-11-01
W32,1,0,1,1,0,1,2017-11-01
W38,0,0,0,1,0,1,2017-11-01
W43,0,0,0,0,1,1,2017-11-01
WA1,1084,1190,2274,8311,7060,15371,2017-11-01
WA2,2533,3094,5627,13211,10654,23865,2017-11-01
WA3,1801,2365,4166,17465,15671,33136,2017-11-01
WA4,1779,2121,3900,18771,17232,36003,2017-11-01
WA5,2695,3359,6054,22431,19732,42163,2017-11-01
WA6,640,707,1347,7837,7327,15164,2017-11-01
WA7,4130,5467,9597,20666,16660,37326,2017-11-01
WA8,3436,4485,7921,21705,17919,39624,2017-11-01
WA9,3145,4046,7191,15523,11979,27502,2017-11-01
WA10,2137,2550,4687,12957,10756,23713,2017-11-01
WA11,1763,2422,4185,14727,12595,27322,2017-11-01
WA12,1220,1546,2766,8056,6663,14719,2017-11-01
WA13,370,414,784,5225,5072,10297,2017-11-01
WA14,1406,1453,2859,11464,10522,21986,2017-11-01
WA15,1769,1872,3641,16927,15695,32622,2017-11-01
WA16,834,836,1670,9755,9297,19052,2017-11-01
WC1,20,27,47,38,21,59,2017-11-01
WC2,8,3,11,21,5,26,2017-11-01
WC4,1,0,1,0,0,0,2017-11-01
WC12,1,0,1,0,0,0,2017-11-01
WC13,0,2,2,2,0,2,2017-11-01
WC14,3,1,4,1,2,3,2017-11-01
WC18,1,0,1,0,0,0,2017-11-01
WC19,1,1,2,0,0,0,2017-11-01
WC23,0,0,0,2,0,2,2017-11-01
WC24,2,0,2,4,2,6,2017-11-01
WC28,1,0,1,0,2,2,2017-11-01
WC44,0,0,0,1,0,1,2017-11-01
WC78,1,0,1,0,0,0,2017-11-01
WD1,64,58,122,169,113,282,2017-11-01
WD2,106,75,181,245,133,378,2017-11-01
WD3,1648,1845,3493,16630,16102,32732,2017-11-01
WD4,342,379,721,4652,4426,9078,2017-11-01
WD5,485,506,991,4467,4276,8743,2017-11-01
WD6,2387,2879,5266,14672,12393,27065,2017-11-01
WD7,456,522,978,5346,5144,10490,2017-11-01
WD17,1029,1143,2172,6753,5566,12319,2017-11-01
WD18,2368,2681,5049,8945,6261,15206,2017-11-01
WD19,1536,1888,3424,10273,9308,19581,2017-11-01
WD22,0,0,0,0,1,1,2017-11-01
WD23,1169,1371,2540,10255,10049,20304,2017-11-01
WD24,1622,1890,3512,8547,6631,15178,2017-11-01
WD25,1544,1873,3417,10775,9594,20369,2017-11-01
WF0,0,0,0,1,0,1,2017-11-01
WF1,2549,2807,5356,11475,8219,19694,2017-11-01
WF2,2798,3688,6486,17080,13984,31064,2017-11-01
WF3,1360,1866,3226,12466,11053,23519,2017-11-01
WF4,1785,2403,4188,16123,13962,30085,2017-11-01
WF5,874,1164,2038,7657,6748,14405,2017-11-01
WF6,1186,1568,2754,7388,5880,13268,2017-11-01
WF7,1002,1500,2502,7348,6115,13463,2017-11-01
WF8,1632,2182,3814,11509,9581,21090,2017-11-01
WF9,2459,3250,5709,12937,9877,22814,2017-11-01
WF10,2711,3793,6504,15530,11942,27472,2017-11-01
WF11,966,1319,2285,5673,4457,10130,2017-11-01
WF12,2043,2752,4795,11159,8394,19553,2017-11-01
WF13,2101,2701,4802,7695,5045,12740,2017-11-01
WF14,728,999,1727,7318,6608,13926,2017-11-01
WF15,837,1080,1917,6157,5329,11486,2017-11-01
WF16,715,948,1663,3959,2836,6795,2017-11-01
WF17,2604,3588,6192,13679,9803,23482,2017-11-01
WF21,0,0,0,1,0,1,2017-11-01
WN0,0,0,0,1,0,1,2017-11-01
WN1,1065,1230,2295,6778,5258,12036,2017-11-01
WN2,2434,3331,5765,17672,14314,31986,2017-11-01
WN3,1387,1922,3309,10915,8898,19813,2017-11-01
WN4,1207,1522,2729,10365,8830,19195,2017-11-01
WN5,2236,2734,4970,14900,12050,26950,2017-11-01
WN6,1603,1967,3570,14834,13032,27866,2017-11-01
WN7,2640,3259,5899,15787,12451,28238,2017-11-01
WN8,3183,4025,7208,15051,12156,27207,2017-11-01
WR1,692,652,1344,3219,2423,5642,2017-11-01
WR2,1232,1411,2643,10766,9550,20316,2017-11-01
WR3,838,959,1797,8029,7227,15256,2017-11-01
WR4,1503,2001,3504,8569,7251,15820,2017-11-01
WR5,1369,1750,3119,11944,10641,22585,2017-11-01
WR6,338,373,711,5583,5331,10914,2017-11-01
WR7,102,112,214,2491,2380,4871,2017-11-01
WR8,239,232,471,3457,3293,6750,2017-11-01
WR9,1244,1506,2750,12065,11240,23305,2017-11-01
WR10,521,692,1213,7547,7166,14713,2017-11-01
WR11,1694,2090,3784,17325,15205,32530,2017-11-01
WR12,163,195,358,2424,2306,4730,2017-11-01
WR13,235,230,465,3612,3524,7136,2017-11-01
WR14,1683,1997,3680,12673,11680,24353,2017-11-01
WR15,259,273,532,2964,2699,5663,2017-11-01
WS0,0,0,0,0,1,1,2017-11-01
WS1,2326,2850,5176,7504,4641,12145,2017-11-01
WS2,3089,4253,7342,10782,6928,17710,2017-11-01
WS3,3302,4273,7575,15535,11837,27372,2017-11-01
WS4,883,1082,1965,6012,5004,11016,2017-11-01
WS5,985,1496,2481,7696,6523,14219,2017-11-01
WS6,580,810,1390,6838,5856,12694,2017-11-01
WS7,990,1284,2274,11398,10051,21449,2017-11-01
WS8,807,1006,1813,5460,4422,9882,2017-11-01
WS9,958,1192,2150,9901,8860,18761,2017-11-01
WS10,3292,4353,7645,13797,9871,23668,2017-11-01
WS11,1847,2450,4297,15179,12943,28122,2017-11-01
WS12,1218,1673,2891,13003,11287,24290,2017-11-01
WS13,1129,1312,2441,9386,8386,17772,2017-11-01
WS14,614,589,1203,7045,6631,13676,2017-11-01
WS15,1616,2003,3619,14040,12334,26374,2017-11-01
WV0,0,1,1,1,0,1,2017-11-01
WV1,1844,1811,3655,4224,2518,6742,2017-11-01
WV2,1886,1997,3883,4415,2829,7244,2017-11-01
WV3,1921,2196,4117,9965,8072,18037,2017-11-01
WV4,1759,2334,4093,12088,9894,21982,2017-11-01
WV5,422,582,1004,6073,5514,11587,2017-11-01
WV6,2551,3019,5570,15826,13494,29320,2017-11-01
WV7,355,257,612,2238,2037,4275,2017-11-01
WV8,697,975,1672,5501,4981,10482,2017-11-01
WV9,278,402,680,2675,2342,5017,2017-11-01
WV10,4225,5681,9906,16704,12804,29508,2017-11-01
WV11,1974,2514,4488,11684,9166,20850,2017-11-01
WV12,1246,1684,2930,8725,7119,15844,2017-11-01
WV13,1474,1926,3400,6532,4978,11510,2017-11-01
WV14,3091,4046,7137,14546,11135,25681,2017-11-01
WV15,245,320,565,3459,3061,6520,2017-11-01
WV16,513,642,1155,6906,6256,13162,2017-11-01
YL55,0,0,0,0,1,1,2017-11-01
YO0,0,0,0,1,0,1,2017-11-01
YO1,330,343,673,1388,987,2375,2017-11-01
YO2,35,41,76,97,49,146,2017-11-01
YO3,40,32,72,105,72,177,2017-11-01
YO4,12,14,26,127,100,227,2017-11-01
YO5,8,10,18,40,30,70,2017-11-01
YO6,18,27,45,134,78,212,2017-11-01
YO7,624,781,1405,7932,7209,15141,2017-11-01
YO8,1781,2423,4204,16969,14750,31719,2017-11-01
YO9,2,1,3,0,2,2,2017-11-01
YO10,1464,1729,3193,7032,5951,12983,2017-11-01
YO11,1331,1568,2899,7323,5657,12980,2017-11-01
YO12,2121,2672,4793,13183,11147,24330,2017-11-01
YO13,231,303,534,4145,4013,8158,2017-11-01
YO14,384,575,959,4373,3780,8153,2017-11-01
YO15,732,808,1540,4748,3701,8449,2017-11-01
YO16,1113,1487,2600,8729,7039,15768,2017-11-01
YO17,756,929,1685,8517,7606,16123,2017-11-01
YO18,316,393,709,4496,4185,8681,2017-11-01
YO19,357,446,803,5042,4761,9803,2017-11-01
YO20,0,0,0,0,1,1,2017-11-01
YO21,538,593,1131,5393,4777,10170,2017-11-01
YO22,372,426,798,3208,2886,6094,2017-11-01
YO23,773,976,1749,7077,6734,13811,2017-11-01
YO24,1628,2201,3829,10048,8984,19032,2017-11-01
YO25,1007,1326,2333,13217,12012,25229,2017-11-01
YO26,1401,1842,3243,10631,9556,20187,2017-11-01
YO29,0,0,0,1,0,1,2017-11-01
YO30,1390,1751,3141,8776,7800,16576,2017-11-01
YO31,1481,1921,3402,8685,7584,16269,2017-11-01
YO32,971,1287,2258,10741,10233,20974,2017-11-01
YO34,1,0,1,1,1,2,2017-11-01
YO41,230,352,582,4338,4117,8455,2017-11-01
YO42,468,597,1065,5814,5487,11301,2017-11-01
YO43,330,429,759,4987,4624,9611,2017-11-01
YO45,0,0,0,0,1,1,2017-11-01
YO51,148,186,334,2273,2150,4423,2017-11-01
YO60,117,119,236,1943,1912,3855,2017-11-01
YO61,362,454,816,5688,5519,11207,2017-11-01
YO62,370,376,746,4773,4421,9194,2017-11-01
YO69,0,0,0,1,0,1,2017-11-01
ZE0,0,0,0,0,1,1,2017-11-01
ZE1,425,562,987,2748,2248,4996,2017-11-01
ZE2,597,822,1419,5512,4807,10319,2017-11-01
ZE3,21,26,47,168,141,309,2017-11-01
TotalNA,3738444,4343586,8082030,21754909,18446270,40201179,2017-11-01
AA3,0,0,0,1,0,1,2018-11-01
AA78,0,0,0,0,1,1,2018-11-01
AB1,76,82,158,219,147,366,2018-11-01
AB2,24,33,57,114,62,176,2018-11-01
AB3,7,9,16,37,44,81,2018-11-01
AB4,3,4,7,32,29,61,2018-11-01
AB5,1,4,5,21,25,46,2018-11-01
AB9,31,18,49,68,12,80,2018-11-01
AB10,1472,1542,3014,7463,6024,13487,2018-11-01
AB11,1861,1957,3818,6387,4342,10729,2018-11-01
AB12,1185,1557,2742,10521,9319,19840,2018-11-01
AB13,103,110,213,1402,1392,2794,2018-11-01
AB14,215,264,479,1929,1771,3700,2018-11-01
AB15,1400,1809,3209,15556,14521,30077,2018-11-01
AB16,2217,2903,5120,8361,6312,14673,2018-11-01
AB18,0,0,0,0,1,1,2018-11-01
AB21,908,1080,1988,9186,8103,17289,2018-11-01
AB22,569,754,1323,6311,5695,12006,2018-11-01
AB23,418,455,873,4784,4321,9105,2018-11-01
AB24,3072,3114,6186,9297,5862,15159,2018-11-01
AB25,1476,1372,2848,5109,3679,8788,2018-11-01
AB28,0,0,0,1,0,1,2018-11-01
AB29,0,1,1,0,0,0,2018-11-01
AB30,195,247,442,3000,2742,5742,2018-11-01
AB31,460,519,979,6443,6134,12577,2018-11-01
AB32,444,508,952,5668,5459,11127,2018-11-01
AB33,118,171,289,2338,2102,4440,2018-11-01
AB34,166,214,380,2223,2126,4349,2018-11-01
AB35,106,112,218,1001,913,1914,2018-11-01
AB36,19,22,41,228,220,448,2018-11-01
AB37,40,50,90,534,460,994,2018-11-01
AB38,127,182,309,1727,1538,3265,2018-11-01
AB39,660,744,1404,6839,6452,13291,2018-11-01
AB41,590,855,1445,8543,7951,16494,2018-11-01
AB42,1541,1806,3347,12477,10870,23347,2018-11-01
AB43,1037,1277,2314,8289,7283,15572,2018-11-01
AB44,188,229,417,1378,1194,2572,2018-11-01
AB45,434,509,943,4109,3680,7789,2018-11-01
AB51,958,1247,2205,14062,13109,27171,2018-11-01
AB52,115,169,284,2106,1938,4044,2018-11-01
AB53,341,431,772,4855,4265,9120,2018-11-01
AB54,412,505,917,4296,3793,8089,2018-11-01
AB55,270,435,705,3456,2966,6422,2018-11-01
AB56,643,737,1380,5133,4654,9787,2018-11-01
AL1,1970,2099,4069,14090,12580,26670,2018-11-01
AL2,862,1068,1930,9587,8997,18584,2018-11-01
AL3,1162,1329,2491,11049,10584,21633,2018-11-01
AL4,995,1168,2163,10770,10460,21230,2018-11-01
AL5,1106,1196,2302,12236,12077,24313,2018-11-01
AL6,361,360,721,5150,5045,10195,2018-11-01
AL7,1990,2384,4374,12163,10941,23104,2018-11-01
AL8,564,709,1273,5028,4839,9867,2018-11-01
AL9,413,476,889,4883,4518,9401,2018-11-01
AL10,3336,2891,6227,11398,8043,19441,2018-11-01
B0,2,0,2,0,0,0,2018-11-01
B1,887,767,1654,2106,1114,3220,2018-11-01
B2,77,56,133,106,46,152,2018-11-01
B3,174,153,327,640,419,1059,2018-11-01
B4,275,145,420,272,87,359,2018-11-01
B5,1276,1344,2620,2930,1783,4713,2018-11-01
B5,0,0,0,1,1,2,2018-11-01
B6,2648,2891,5539,4648,2360,7008,2018-11-01
B7,1043,1395,2438,1793,1026,2819,2018-11-01
B8,4915,5543,10458,10205,5493,15698,2018-11-01
B9,2763,3473,6236,5783,3263,9046,2018-11-01
B9,0,0,0,1,0,1,2018-11-01
B10,3168,3590,6758,6320,3245,9565,2018-11-01
B11,5329,6008,11337,11318,6086,17404,2018-11-01
B12,2796,2761,5557,4564,2339,6903,2018-11-01
B13,2924,3492,6416,12428,9558,21986,2018-11-01
B14,3238,3896,7134,13107,10886,23993,2018-11-01
B15,1544,1620,3164,4990,3778,8768,2018-11-01
B16,2740,2939,5679,6318,3797,10115,2018-11-01
B17,1732,2069,3801,8563,7150,15713,2018-11-01
B18,1998,2497,4495,3682,2282,5964,2018-11-01
B19,3120,3364,6484,4459,2289,6748,2018-11-01
B20,3751,4281,8032,10270,7048,17318,2018-11-01
B21,4570,4690,9260,7242,4103,11345,2018-11-01
B22,0,0,0,1,0,1,2018-11-01
B23,3929,4868,8797,12832,9661,22493,2018-11-01
B24,2206,2692,4898,8946,6885,15831,2018-11-01
B25,1472,1884,3356,4745,3203,7948,2018-11-01
B26,1995,2610,4605,11374,8897,20271,2018-11-01
B27,2153,2630,4783,7637,5503,13140,2018-11-01
B28,1801,2316,4117,10943,9033,19976,2018-11-01
B29,3213,3731,6944,9580,7440,17020,2018-11-01
B30,1928,2317,4245,9043,8196,17239,2018-11-01
B31,4061,5390,9451,16991,14223,31214,2018-11-01
B32,2880,4137,7017,11343,9070,20413,2018-11-01
B33,2926,3892,6818,9847,7118,16965,2018-11-01
B34,1342,1823,3165,5946,4637,10583,2018-11-01
B35,829,1168,1997,2408,2012,4420,2018-11-01
B36,2375,3317,5692,11585,9311,20896,2018-11-01
B37,2888,3647,6535,10628,8397,19025,2018-11-01
B38,1517,2052,3569,6069,5152,11221,2018-11-01
B41,1,0,1,1,0,1,2018-11-01
B42,1571,1942,3513,7877,6482,14359,2018-11-01
B43,1362,1824,3186,10732,9149,19881,2018-11-01
B44,2808,3720,6528,10811,8546,19357,2018-11-01
B45,1923,2542,4465,10676,9071,19747,2018-11-01
B46,403,476,879,5159,4731,9890,2018-11-01
B47,273,313,586,4010,3911,7921,2018-11-01
B48,186,185,371,2398,2253,4651,2018-11-01
B49,330,439,769,4199,3959,8158,2018-11-01
B50,195,213,408,2459,2328,4787,2018-11-01
B60,917,1039,1956,10494,9761,20255,2018-11-01
B61,1050,1240,2290,9382,8673,18055,2018-11-01
B62,1020,1245,2265,9113,8053,17166,2018-11-01
B63,1689,2243,3932,12831,10915,23746,2018-11-01
B64,1002,1329,2331,5450,4331,9781,2018-11-01
B65,1467,2028,3495,7650,5959,13609,2018-11-01
B66,2840,3280,6120,5615,3274,8889,2018-11-01
B67,2841,3498,6339,8804,6085,14889,2018-11-01
B68,2205,2919,5124,10312,7889,18201,2018-11-01
B69,2017,2766,4783,9073,6838,15911,2018-11-01
B70,2740,3408,6148,8277,5034,13311,2018-11-01
B71,2238,2923,5161,9541,6940,16481,2018-11-01
B72,418,435,853,3865,3411,7276,2018-11-01
B73,924,1084,2008,8968,8198,17166,2018-11-01
B74,881,1084,1965,13022,12318,25340,2018-11-01
B75,1074,1408,2482,9972,9449,19421,2018-11-01
B76,933,891,1824,9109,7960,17069,2018-11-01
B77,2796,3914,6710,20033,16987,37020,2018-11-01
B78,993,1194,2187,9196,8055,17251,2018-11-01
B79,998,1276,2274,8350,7000,15350,2018-11-01
B80,259,290,549,2824,2574,5398,2018-11-01
B90,1732,2015,3747,18228,16874,35102,2018-11-01
B91,1202,1428,2630,13648,12810,26458,2018-11-01
B92,1709,2040,3749,14052,12300,26352,2018-11-01
B93,531,589,1120,7984,7882,15866,2018-11-01
B94,167,178,345,3266,3148,6414,2018-11-01
B95,182,208,390,2595,2529,5124,2018-11-01
B96,118,142,260,2249,2120,4369,2018-11-01
B97,1317,1626,2943,12098,10690,22788,2018-11-01
B98,2884,3865,6749,17365,14202,31567,2018-11-01
BA0,0,0,0,1,1,2,2018-11-01
BA1,2404,2717,5121,14003,12774,26777,2018-11-01
BA2,3998,4325,8323,23874,21614,45488,2018-11-01
BA3,1399,1434,2833,13881,12811,26692,2018-11-01
BA4,646,747,1393,7199,6587,13786,2018-11-01
BA5,724,763,1487,7077,6792,13869,2018-11-01
BA6,632,642,1274,5233,5098,10331,2018-11-01
BA7,112,150,262,1391,1397,2788,2018-11-01
BA8,122,169,291,1773,1675,3448,2018-11-01
BA9,247,304,551,3200,2970,6170,2018-11-01
BA10,141,183,324,1331,1288,2619,2018-11-01
BA11,1378,1759,3137,12418,11742,24160,2018-11-01
BA12,1171,1456,2627,11333,10338,21671,2018-11-01
BA13,791,937,1728,7717,7173,14890,2018-11-01
BA14,2296,2573,4869,18399,16748,35147,2018-11-01
BA15,472,583,1055,5137,5183,10320,2018-11-01
BA16,613,664,1277,4820,4407,9227,2018-11-01
BA20,486,552,1038,4328,3599,7927,2018-11-01
BA21,1660,2173,3833,12356,10608,22964,2018-11-01
BA22,499,498,997,7312,6853,14165,2018-11-01
BB0,0,0,0,1,0,1,2018-11-01
BB1,4367,5872,10239,21171,15297,36468,2018-11-01
BB2,3750,4636,8386,18955,14853,33808,2018-11-01
BB3,1926,2337,4263,11569,9691,21260,2018-11-01
BB4,1870,2453,4323,15123,13447,28570,2018-11-01
BB5,3659,4624,8283,20010,16080,36090,2018-11-01
BB6,665,791,1456,5418,4779,10197,2018-11-01
BB7,1121,1228,2349,13071,12364,25435,2018-11-01
BB8,1176,1406,2582,8076,7081,15157,2018-11-01
BB9,2689,3400,6089,14543,10887,25430,2018-11-01
BB10,2152,2685,4837,12651,10088,22739,2018-11-01
BB11,1598,1994,3592,7194,5581,12775,2018-11-01
BB12,1766,2064,3830,12306,10491,22797,2018-11-01
BB18,659,847,1506,6274,5543,11817,2018-11-01
BD0,0,0,0,1,0,1,2018-11-01
BD1,597,426,1023,959,384,1343,2018-11-01
BD2,1850,2429,4279,9533,7606,17139,2018-11-01
BD3,3329,3905,7234,7905,4386,12291,2018-11-01
BD4,2361,3205,5566,8301,6167,14468,2018-11-01
BD5,2853,3360,6213,7141,3994,11135,2018-11-01
BD6,1798,2522,4320,9259,7544,16803,2018-11-01
BD7,3370,3542,6912,9151,5423,14574,2018-11-01
BD8,2761,3351,6112,7955,4585,12540,2018-11-01
BD9,2027,2765,4792,8099,5638,13737,2018-11-01
BD10,1390,1815,3205,8735,7677,16412,2018-11-01
BD11,386,547,933,4066,3777,7843,2018-11-01
BD12,872,1177,2049,5842,4898,10740,2018-11-01
BD13,1136,1424,2560,9453,8544,17997,2018-11-01
BD14,400,581,981,2772,2353,5125,2018-11-01
BD15,843,1178,2021,5347,4456,9803,2018-11-01
BD16,1078,1246,2324,9467,8671,18138,2018-11-01
BD17,711,828,1539,6803,6159,12962,2018-11-01
BD18,1689,2137,3826,8655,7091,15746,2018-11-01
BD19,938,1127,2065,7903,7034,14937,2018-11-01
BD20,1238,1581,2819,13812,12779,26591,2018-11-01
BD21,1844,2503,4347,7209,5007,12216,2018-11-01
BD22,1415,1880,3295,10407,9115,19522,2018-11-01
BD23,1023,1276,2299,11731,10789,22520,2018-11-01
BD24,186,221,407,2103,1968,4071,2018-11-01
BD99,0,0,0,0,1,1,2018-11-01
BH0,0,0,0,0,1,1,2018-11-01
BH1,1992,1882,3874,7043,4669,11712,2018-11-01
BH2,815,698,1513,3292,2174,5466,2018-11-01
BH2,0,0,0,1,0,1,2018-11-01
BH3,296,331,627,2179,1850,4029,2018-11-01
BH4,467,504,971,3790,3163,6953,2018-11-01
BH5,712,703,1415,3816,3043,6859,2018-11-01
BH6,1016,1097,2113,8597,8340,16937,2018-11-01
BH7,633,709,1342,4310,3905,8215,2018-11-01
BH8,1912,1933,3845,9632,8144,17776,2018-11-01
BH9,1631,1776,3407,10196,9251,19447,2018-11-01
BH10,840,983,1823,7396,6814,14210,2018-11-01
BH11,1034,1306,2340,7208,6419,13627,2018-11-01
BH12,1860,2112,3972,12622,11241,23863,2018-11-01
BH13,153,195,348,3399,3220,6619,2018-11-01
BH14,965,947,1912,9520,8827,18347,2018-11-01
BH15,1604,1774,3378,12498,11109,23607,2018-11-01
BH16,565,761,1326,6048,5777,11825,2018-11-01
BH17,884,1116,2000,8511,8023,16534,2018-11-01
BH18,256,226,482,5067,4880,9947,2018-11-01
BH19,429,583,1012,4433,3956,8389,2018-11-01
BH20,976,838,1814,8600,7527,16127,2018-11-01
BH21,1040,1215,2255,16613,16592,33205,2018-11-01
BH22,654,689,1343,11415,10888,22303,2018-11-01
BH23,1911,2007,3918,21064,20399,41463,2018-11-01
BH24,727,717,1444,9865,9694,19559,2018-11-01
BH25,823,918,1741,9868,9680,19548,2018-11-01
BH31,311,320,631,5372,5430,10802,2018-11-01
BL0,646,775,1421,6585,6324,12909,2018-11-01
BL1,4105,4745,8850,21320,16521,37841,2018-11-01
BL2,2735,3373,6108,15237,12989,28226,2018-11-01
BL3,4703,5729,10432,20409,14406,34815,2018-11-01
BL4,2249,2910,5159,10709,8162,18871,2018-11-01
BL5,1077,1283,2360,10175,9262,19437,2018-11-01
BL6,1321,1518,2839,11379,10298,21677,2018-11-01
BL7,430,500,930,6254,6029,12283,2018-11-01
BL8,1438,1724,3162,13634,12402,26036,2018-11-01
BL9,3246,3971,7217,16547,13210,29757,2018-11-01
BN1,6732,6453,13185,26212,21797,48009,2018-11-01
BN2,7606,8163,15769,27817,22082,49899,2018-11-01
BN3,5886,6159,12045,27778,23772,51550,2018-11-01
BN4,3,2,5,18,10,28,2018-11-01
BN5,206,239,445,3171,3165,6336,2018-11-01
BN6,662,681,1343,6980,7023,14003,2018-11-01
BN7,1183,1498,2681,6971,6766,13737,2018-11-01
BN8,517,588,1105,6419,6323,12742,2018-11-01
BN9,817,1063,1880,4615,3887,8502,2018-11-01
BN10,991,1183,2174,7046,6212,13258,2018-11-01
BN11,2097,2275,4372,11046,9452,20498,2018-11-01
BN12,812,969,1781,8338,8051,16389,2018-11-01
BN13,1211,1362,2573,10716,10148,20864,2018-11-01
BN14,1446,1647,3093,11380,10767,22147,2018-11-01
BN15,1340,1533,2873,10128,8982,19110,2018-11-01
BN16,895,987,1882,11134,11144,22278,2018-11-01
BN17,1638,2039,3677,11004,9626,20630,2018-11-01
BN18,554,530,1084,5346,5118,10464,2018-11-01
BN19,0,0,0,3,0,3,2018-11-01
BN20,834,1039,1873,7843,7662,15505,2018-11-01
BN21,1602,1737,3339,8346,7034,15380,2018-11-01
BN22,2013,2458,4471,10914,9718,20632,2018-11-01
BN23,1302,1709,3011,10214,9143,19357,2018-11-01
BN24,288,307,595,3880,3774,7654,2018-11-01
BN25,930,1199,2129,9087,8503,17590,2018-11-01
BN26,425,515,940,4767,4503,9270,2018-11-01
BN27,1145,1363,2508,11257,10694,21951,2018-11-01
BN32,1,0,1,0,0,0,2018-11-01
BN40,0,0,0,1,0,1,2018-11-01
BN41,1482,1728,3210,6810,6220,13030,2018-11-01
BN42,548,648,1196,3653,3237,6890,2018-11-01
BN43,1229,1268,2497,8520,7915,16435,2018-11-01
BN44,316,371,687,4076,4098,8174,2018-11-01
BN45,25,20,45,254,245,499,2018-11-01
BR0,0,0,0,2,0,2,2018-11-01
BR1,4276,5188,9464,20012,17873,37885,2018-11-01
BR2,2457,2739,5196,17630,16473,34103,2018-11-01
BR3,2662,3145,5807,18310,16863,35173,2018-11-01
BR4,964,844,1808,7577,7308,14885,2018-11-01
BR5,2864,3738,6602,15900,14631,30531,2018-11-01
BR6,2056,2380,4436,18062,17230,35292,2018-11-01
BR7,675,851,1526,7165,6846,14011,2018-11-01
BR8,1106,1396,2502,8446,7545,15991,2018-11-01
BS0,0,0,0,1,0,1,2018-11-01
BS1,1026,910,1936,3533,2111,5644,2018-11-01
BS2,1842,1865,3707,4667,3025,7692,2018-11-01
BS3,2443,2779,5222,12737,10568,23305,2018-11-01
BS4,3126,4019,7145,16667,13575,30242,2018-11-01
BS5,4927,5360,10287,17288,12800,30088,2018-11-01
BS6,2086,2150,4236,10654,9564,20218,2018-11-01
BS7,2776,2952,5728,13636,11288,24924,2018-11-01
BS8,1448,1469,2917,8498,7338,15836,2018-11-01
BS9,1293,1342,2635,12171,11399,23570,2018-11-01
BS10,1880,2465,4345,9449,7829,17278,2018-11-01
BS11,1268,1509,2777,5966,4719,10685,2018-11-01
BS12,21,14,35,113,54,167,2018-11-01
BS13,2013,2714,4727,9371,7534,16905,2018-11-01
BS14,1300,1556,2856,10663,9506,20169,2018-11-01
BS15,2035,2435,4470,17767,15703,33470,2018-11-01
BS16,3773,4173,7946,28267,25159,53426,2018-11-01
BS17,17,18,35,103,72,175,2018-11-01
BS18,17,15,32,89,73,162,2018-11-01
BS19,5,8,13,57,45,102,2018-11-01
BS20,946,1164,2110,12596,11837,24433,2018-11-01
BS21,771,1037,1808,9123,8674,17797,2018-11-01
BS22,1438,1875,3313,14545,12999,27544,2018-11-01
BS23,2187,2547,4734,11906,9283,21189,2018-11-01
BS24,712,898,1610,8469,7969,16438,2018-11-01
BS25,190,160,350,2638,2487,5125,2018-11-01
BS26,162,150,312,2039,2013,4052,2018-11-01
BS27,197,234,431,2921,2839,5760,2018-11-01
BS28,79,77,156,1460,1406,2866,2018-11-01
BS29,84,106,190,1130,1004,2134,2018-11-01
BS30,884,1080,1964,11577,10994,22571,2018-11-01
BS31,737,911,1648,8208,7589,15797,2018-11-01
BS32,972,1034,2006,9346,8505,17851,2018-11-01
BS34,1670,1927,3597,12050,10211,22261,2018-11-01
BS35,706,812,1518,9344,8666,18010,2018-11-01
BS36,476,490,966,6588,6289,12877,2018-11-01
BS37,1451,1777,3228,15238,13813,29051,2018-11-01
BS38,0,0,0,1,0,1,2018-11-01
BS39,454,516,970,6578,6182,12760,2018-11-01
BS40,308,336,644,5452,5357,10809,2018-11-01
BS41,179,194,373,2378,2314,4692,2018-11-01
BS45,0,0,0,2,1,3,2018-11-01
BS48,708,879,1587,9361,8919,18280,2018-11-01
BS49,394,425,819,4654,4506,9160,2018-11-01
BS51,0,0,0,1,0,1,2018-11-01
BS53,0,0,0,1,0,1,2018-11-01
BS57,0,0,0,1,0,1,2018-11-01
BS67,0,0,0,0,1,1,2018-11-01
BS94,0,1,1,0,0,0,2018-11-01
BS99,1,0,1,0,0,0,2018-11-01
CA0,0,0,0,1,1,2,2018-11-01
CA1,1489,1797,3286,7461,5984,13445,2018-11-01
CA2,1967,2750,4717,12992,10517,23509,2018-11-01
CA3,474,567,1041,5229,4719,9948,2018-11-01
CA4,189,268,457,3905,3796,7701,2018-11-01
CA5,183,201,384,2935,2868,5803,2018-11-01
CA6,266,324,590,3825,3378,7203,2018-11-01
CA7,691,900,1591,8807,8013,16820,2018-11-01
CA8,283,423,706,4097,3772,7869,2018-11-01
CA9,66,103,169,854,776,1630,2018-11-01
CA10,349,443,792,5887,5496,11383,2018-11-01
CA11,799,1033,1832,8290,7399,15689,2018-11-01
CA12,316,349,665,3064,2745,5809,2018-11-01
CA13,455,603,1058,6020,5580,11600,2018-11-01
CA14,1565,2175,3740,12466,10378,22844,2018-11-01
CA15,733,981,1714,5673,4655,10328,2018-11-01
CA16,142,189,331,2536,2377,4913,2018-11-01
CA17,127,180,307,2015,1803,3818,2018-11-01
CA18,8,5,13,120,116,236,2018-11-01
CA19,27,31,58,452,428,880,2018-11-01
CA20,87,96,183,1390,1220,2610,2018-11-01
CA21,24,21,45,332,284,616,2018-11-01
CA22,434,586,1020,3199,2612,5811,2018-11-01
CA23,50,74,124,559,475,1034,2018-11-01
CA24,28,57,85,405,320,725,2018-11-01
CA25,296,402,698,1947,1574,3521,2018-11-01
CA26,140,202,342,1331,1130,2461,2018-11-01
CA27,48,66,114,667,582,1249,2018-11-01
CA28,1379,1751,3130,9718,7917,17635,2018-11-01
CB1,3681,3942,7623,16347,13845,30192,2018-11-01
CB2,1497,1544,3041,7435,6566,14001,2018-11-01
CB3,1118,1302,2420,6642,6002,12644,2018-11-01
CB4,3632,4017,7649,16390,13496,29886,2018-11-01
CB5,1073,1195,2268,5012,4161,9173,2018-11-01
CB6,1298,1592,2890,14490,13221,27711,2018-11-01
CB7,1019,1156,2175,10190,9227,19417,2018-11-01
CB8,1501,1609,3110,12346,11233,23579,2018-11-01
CB9,1517,2051,3568,11429,9712,21141,2018-11-01
CB10,551,627,1178,5539,5287,10826,2018-11-01
CB11,667,761,1428,7238,6800,14038,2018-11-01
CB12,0,0,0,1,1,2,2018-11-01
CB19,0,0,0,1,0,1,2018-11-01
CB21,412,463,875,5161,4859,10020,2018-11-01
CB22,681,683,1364,7931,7298,15229,2018-11-01
CB23,994,1160,2154,11034,10417,21451,2018-11-01
CB24,1022,1057,2079,11031,10078,21109,2018-11-01
CB25,418,477,895,5837,5357,11194,2018-11-01
CF0,1,0,1,1,0,1,2018-11-01
CF1,90,70,160,168,64,232,2018-11-01
CF2,49,43,92,149,52,201,2018-11-01
CF3,2639,3427,6066,13456,12141,25597,2018-11-01
CF4,50,39,89,183,126,309,2018-11-01
CF5,3907,4803,8710,20961,18879,39840,2018-11-01
CF6,87,73,160,152,73,225,2018-11-01
CF7,14,8,22,78,57,135,2018-11-01
CF8,58,48,106,179,125,304,2018-11-01
CF10,1368,1164,2532,4011,2380,6391,2018-11-01
CF11,3330,3138,6468,11051,7796,18847,2018-11-01
CF14,3195,3544,6739,26172,24767,50939,2018-11-01
CF15,577,677,1254,7037,6881,13918,2018-11-01
CF16,0,0,0,0,1,1,2018-11-01
CF18,0,1,1,0,0,0,2018-11-01
CF23,2334,2882,5216,15804,14903,30707,2018-11-01
CF24,5150,4520,9670,11889,8121,20010,2018-11-01
CF31,1915,2391,4306,15957,14460,30417,2018-11-01
CF32,1459,1816,3275,10811,9167,19978,2018-11-01
CF33,754,1003,1757,5022,4260,9282,2018-11-01
CF34,1031,1364,2395,6681,5297,11978,2018-11-01
CF35,483,600,1083,6912,6340,13252,2018-11-01
CF36,529,639,1168,6175,5712,11887,2018-11-01
CF37,2247,2455,4702,12212,9799,22011,2018-11-01
CF38,737,1001,1738,8759,8110,16869,2018-11-01
CF39,1384,1981,3365,9649,7818,17467,2018-11-01
CF40,1043,1452,2495,6559,5072,11631,2018-11-01
CF41,507,712,1219,3544,2702,6246,2018-11-01
CF42,698,937,1635,4333,3370,7703,2018-11-01
CF43,686,1004,1690,3689,2640,6329,2018-11-01
CF44,1947,2799,4746,13510,10942,24452,2018-11-01
CF45,1141,1541,2682,6076,4623,10699,2018-11-01
CF46,615,868,1483,5192,4515,9707,2018-11-01
CF47,1323,1845,3168,6725,5062,11787,2018-11-01
CF48,1383,1912,3295,9024,7291,16315,2018-11-01
CF61,487,593,1080,3720,3425,7145,2018-11-01
CF62,1931,2415,4346,14650,13794,28444,2018-11-01
CF63,1410,1706,3116,6656,5798,12454,2018-11-01
CF64,1529,1750,3279,13572,13016,26588,2018-11-01
CF71,224,214,438,3869,3833,7702,2018-11-01
CF72,839,1060,1899,9965,9463,19428,2018-11-01
CF81,932,1330,2262,5146,3837,8983,2018-11-01
CF82,907,1183,2090,6936,5961,12897,2018-11-01
CF83,2688,3464,6152,17974,15835,33809,2018-11-01
CH1,2130,2445,4575,9481,7452,16933,2018-11-01
CH2,1611,1954,3565,12693,11310,24003,2018-11-01
CH3,1247,1364,2611,13918,13071,26989,2018-11-01
CH4,1589,2034,3623,12316,11227,23543,2018-11-01
CH5,2131,2690,4821,15025,12752,27777,2018-11-01
CH6,900,1215,2115,5734,4816,10550,2018-11-01
CH6,0,0,0,1,0,1,2018-11-01
CH7,1759,2301,4060,19187,17765,36952,2018-11-01
CH8,922,1222,2144,7725,6694,14419,2018-11-01
CH9,1,0,1,1,0,1,2018-11-01
CH14,0,0,0,1,0,1,2018-11-01
CH22,0,0,0,0,1,1,2018-11-01
CH24,0,0,0,1,0,1,2018-11-01
CH41,1797,1994,3791,4538,3253,7791,2018-11-01
CH42,2551,2953,5504,8582,6973,15555,2018-11-01
CH43,2168,2443,4611,12857,11304,24161,2018-11-01
CH44,2346,2804,5150,8259,6484,14743,2018-11-01
CH45,1733,1995,3728,10645,9500,20145,2018-11-01
CH46,1495,1829,3324,8369,7269,15638,2018-11-01
CH47,423,519,942,4126,4019,8145,2018-11-01
CH48,589,588,1177,5829,5753,11582,2018-11-01
CH49,1451,1777,3228,10104,9510,19614,2018-11-01
CH60,322,346,668,5425,5367,10792,2018-11-01
CH61,583,688,1271,6633,6448,13081,2018-11-01
CH62,1589,1910,3499,10009,8938,18947,2018-11-01
CH63,1210,1375,2585,11004,10554,21558,2018-11-01
CH64,590,686,1276,7591,7248,14839,2018-11-01
CH65,1960,2344,4304,8705,7189,15894,2018-11-01
CH66,1490,1857,3347,13076,11931,25007,2018-11-01
CM0,623,728,1351,6850,6110,12960,2018-11-01
CM1,3192,3734,6926,23693,21031,44724,2018-11-01
CM2,2541,2981,5522,22717,20417,43134,2018-11-01
CM3,1666,1978,3644,22479,21269,43748,2018-11-01
CM4,320,359,679,4403,4249,8652,2018-11-01
CM5,340,388,728,4568,4358,8926,2018-11-01
CM6,743,835,1578,11282,10770,22052,2018-11-01
CM7,2244,2843,5087,18294,15800,34094,2018-11-01
CM8,1552,2051,3603,11989,10521,22510,2018-11-01
CM9,1238,1521,2759,13582,12397,25979,2018-11-01
CM11,695,805,1500,7959,7421,15380,2018-11-01
CM12,702,704,1406,8188,7845,16033,2018-11-01
CM13,967,1081,2048,10085,9350,19435,2018-11-01
CM14,948,1160,2108,7871,7080,14951,2018-11-01
CM15,763,927,1690,9495,9139,18634,2018-11-01
CM16,800,925,1725,9254,8655,17909,2018-11-01
CM17,906,1147,2053,8797,8170,16967,2018-11-01
CM18,1732,2191,3923,8659,6928,15587,2018-11-01
CM19,1383,1626,3009,7786,6195,13981,2018-11-01
CM20,1808,2215,4023,8012,6095,14107,2018-11-01
CM21,363,422,785,4685,4298,8983,2018-11-01
CM22,479,494,973,6340,5955,12295,2018-11-01
CM23,1703,2007,3710,15672,14419,30091,2018-11-01
CM24,276,315,591,3134,2838,5972,2018-11-01
CM77,451,562,1013,6007,5752,11759,2018-11-01
CO0,1,1,2,0,0,0,2018-11-01
CO1,1276,1404,2680,5470,4209,9679,2018-11-01
CO1,0,0,0,0,1,1,2018-11-01
CO2,2183,2822,5005,13016,10904,23920,2018-11-01
CO3,1369,1502,2871,11496,10502,21998,2018-11-01
CO4,2889,3468,6357,16675,14073,30748,2018-11-01
CO5,860,1017,1877,11622,10852,22474,2018-11-01
CO6,823,999,1822,11458,10984,22442,2018-11-01
CO7,1183,1315,2498,13604,12457,26061,2018-11-01
CO8,57,83,140,981,942,1923,2018-11-01
CO9,869,1067,1936,10172,9247,19419,2018-11-01
CO10,1844,2250,4094,18427,16738,35165,2018-11-01
CO11,412,545,957,5200,4901,10101,2018-11-01
CO12,1069,1345,2414,8170,6789,14959,2018-11-01
CO13,391,478,869,4954,4601,9555,2018-11-01
CO14,289,378,667,2349,1941,4290,2018-11-01
CO15,2226,2716,4942,15469,12747,28216,2018-11-01
CO16,1073,1299,2372,9717,8509,18226,2018-11-01
CR0,16770,18980,35750,51303,40033,91336,2018-11-01
CR1,7,6,13,9,2,11,2018-11-01
CR2,3005,3502,6507,18277,16339,34616,2018-11-01
CR3,1258,1516,2774,11220,10676,21896,2018-11-01
CR4,8370,8306,16676,21011,14316,35327,2018-11-01
CR5,1388,1674,3062,11354,10838,22192,2018-11-01
CR6,343,398,741,4047,3849,7896,2018-11-01
CR7,6780,6767,13547,14565,10575,25140,2018-11-01
CR8,1850,2134,3984,12570,11576,24146,2018-11-01
CR9,56,45,101,64,23,87,2018-11-01
CT0,0,0,0,0,1,1,2018-11-01
CT1,2193,2486,4679,7997,6407,14404,2018-11-01
CT2,1849,1984,3833,8608,7471,16079,2018-11-01
CT3,803,991,1794,7043,6490,13533,2018-11-01
CT4,613,663,1276,6942,6840,13782,2018-11-01
CT5,1413,1552,2965,12409,11834,24243,2018-11-01
CT6,1652,1874,3526,14494,13456,27950,2018-11-01
CT7,380,479,859,4555,4176,8731,2018-11-01
CT8,424,473,897,2631,2420,5051,2018-11-01
CT9,3277,3674,6951,13814,11426,25240,2018-11-01
CT10,1305,1401,2706,9075,8522,17597,2018-11-01
CT11,2252,2407,4659,9554,8091,17645,2018-11-01
CT12,1152,1368,2520,6312,5401,11713,2018-11-01
CT13,389,417,806,3392,3099,6491,2018-11-01
CT14,1711,1974,3685,12689,11357,24046,2018-11-01
CT15,488,622,1110,5372,4842,10214,2018-11-01
CT16,1288,1411,2699,6832,5476,12308,2018-11-01
CT17,1490,1702,3192,6693,5339,12032,2018-11-01
CT18,496,524,1020,5767,5413,11180,2018-11-01
CT19,1878,2214,4092,9295,7765,17060,2018-11-01
CT20,1478,1679,3157,7792,6063,13855,2018-11-01
CT21,617,725,1342,6719,6337,13056,2018-11-01
CV0,0,0,0,0,1,1,2018-11-01
CV1,4405,3462,7867,6834,2977,9811,2018-11-01
CV2,5457,6795,12252,20351,15080,35431,2018-11-01
CV3,4346,5427,9773,23529,18685,42214,2018-11-01
CV4,2332,2701,5033,10234,8047,18281,2018-11-01
CV5,2333,2721,5054,17498,14914,32412,2018-11-01
CV6,7450,9004,16454,28753,20838,49591,2018-11-01
CV7,1139,1428,2567,11391,10330,21721,2018-11-01
CV8,1090,1183,2273,12489,11899,24388,2018-11-01
CV9,890,1106,1996,8437,7221,15658,2018-11-01
CV10,2592,3577,6169,18512,15452,33964,2018-11-01
CV11,2006,2401,4407,14529,11963,26492,2018-11-01
CV12,1471,2020,3491,11248,9445,20693,2018-11-01
CV13,272,326,598,4593,4338,8931,2018-11-01
CV19,0,0,0,1,0,1,2018-11-01
CV21,2383,2887,5270,13612,10182,23794,2018-11-01
CV22,1571,1867,3438,13867,12239,26106,2018-11-01
CV23,667,790,1457,9405,8678,18083,2018-11-01
CV27,0,0,0,1,0,1,2018-11-01
CV31,2028,2250,4278,10438,8288,18726,2018-11-01
CV32,1587,1755,3342,11930,10295,22225,2018-11-01
CV33,218,239,457,2876,2751,5627,2018-11-01
CV34,1422,1701,3123,12019,10822,22841,2018-11-01
CV35,645,776,1421,10655,10407,21062,2018-11-01
CV36,262,303,565,3977,3790,7767,2018-11-01
CV37,1692,2006,3698,16613,15729,32342,2018-11-01
CV47,547,704,1251,7246,6752,13998,2018-11-01
CW1,2421,2874,5295,13827,11516,25343,2018-11-01
CW2,2108,2291,4399,14711,12523,27234,2018-11-01
CW3,270,330,600,3758,3576,7334,2018-11-01
CW4,246,290,536,4137,4103,8240,2018-11-01
CW5,953,1043,1996,11770,11232,23002,2018-11-01
CW6,272,355,627,5539,5442,10981,2018-11-01
CW7,1797,2246,4043,11241,9664,20905,2018-11-01
CW8,1275,1485,2760,15088,14179,29267,2018-11-01
CW9,1311,1465,2776,13192,11830,25022,2018-11-01
CW10,472,617,1089,6075,5593,11668,2018-11-01
CW11,758,870,1628,9817,9378,19195,2018-11-01
CW12,1028,1121,2149,11869,11115,22984,2018-11-01
D21,0,0,0,1,0,1,2018-11-01
DA0,1,1,2,0,0,0,2018-11-01
DA1,3720,4641,8361,20646,16994,37640,2018-11-01
DA2,1026,1364,2390,8662,7898,16560,2018-11-01
DA3,552,582,1134,7004,6740,13744,2018-11-01
DA4,334,376,710,3803,3556,7359,2018-11-01
DA5,889,914,1803,8085,7654,15739,2018-11-01
DA6,568,662,1230,3758,3317,7075,2018-11-01
DA7,1687,2032,3719,13045,11637,24682,2018-11-01
DA8,2965,3761,6726,10956,9006,19962,2018-11-01
DA9,698,796,1494,5120,4454,9574,2018-11-01
DA10,438,604,1042,2662,2096,4758,2018-11-01
DA11,2607,3051,5658,13462,10391,23853,2018-11-01
DA12,3117,3631,6748,16736,13881,30617,2018-11-01
DA13,364,422,786,6149,5857,12006,2018-11-01
DA14,1117,1432,2549,7691,7135,14826,2018-11-01
DA15,1292,1563,2855,10860,9807,20667,2018-11-01
DA16,2157,2757,4914,13062,11167,24229,2018-11-01
DA17,1450,1848,3298,5996,4811,10807,2018-11-01
DA18,743,901,1644,1343,915,2258,2018-11-01
DD1,1089,966,2055,2236,1502,3738,2018-11-01
DD2,2670,3256,5926,12613,10968,23581,2018-11-01
DD3,2625,3073,5698,11026,8632,19658,2018-11-01
DD4,3203,3951,7154,12585,10206,22791,2018-11-01
DD5,1001,1214,2215,12184,11672,23856,2018-11-01
DD6,427,525,952,3500,3357,6857,2018-11-01
DD7,463,612,1075,4717,4321,9038,2018-11-01
DD8,1093,1416,2509,10719,9565,20284,2018-11-01
DD9,505,672,1177,4042,3627,7669,2018-11-01
DD10,896,1168,2064,7894,6869,14763,2018-11-01
DD11,1329,1678,3007,9769,8303,18072,2018-11-01
DE0,0,0,0,1,0,1,2018-11-01
DE1,1340,1202,2542,3916,2204,6120,2018-11-01
DE2,24,18,42,69,28,97,2018-11-01
DE3,543,718,1261,6708,6209,12917,2018-11-01
DE4,1179,1473,2652,13255,12095,25350,2018-11-01
DE5,830,1139,1969,8239,7183,15422,2018-11-01
DE6,695,852,1547,10360,9707,20067,2018-11-01
DE7,2378,3140,5518,17515,14512,32027,2018-11-01
DE11,1850,2380,4230,16530,14487,31017,2018-11-01
DE12,683,875,1558,8358,7494,15852,2018-11-01
DE13,1323,1722,3045,15778,14439,30217,2018-11-01
DE14,2172,2523,4695,10271,7137,17408,2018-11-01
DE15,1237,1521,2758,8417,6959,15376,2018-11-01
DE19,0,0,0,0,1,1,2018-11-01
DE21,2944,3976,6920,19621,16508,36129,2018-11-01
DE22,2555,3031,5586,15421,13040,28461,2018-11-01
DE23,4832,5375,10207,18316,13420,31736,2018-11-01
DE24,3728,5137,8865,17744,13498,31242,2018-11-01
DE40,0,0,0,1,0,1,2018-11-01
DE44,0,0,0,0,1,1,2018-11-01
DE45,217,268,485,3376,3251,6627,2018-11-01
DE51,0,0,0,1,0,1,2018-11-01
DE55,2022,2693,4715,18637,15891,34528,2018-11-01
DE56,1303,1634,2937,15195,13955,29150,2018-11-01
DE65,644,817,1461,9111,8532,17643,2018-11-01
DE66,0,0,0,0,1,1,2018-11-01
DE72,608,837,1445,8148,7634,15782,2018-11-01
DE73,576,776,1352,7597,7132,14729,2018-11-01
DE74,443,492,935,4708,4108,8816,2018-11-01
DE75,852,1066,1918,6396,5453,11849,2018-11-01
DG1,1176,1387,2563,9896,8976,18872,2018-11-01
DG2,1300,1719,3019,7750,6833,14583,2018-11-01
DG3,166,248,414,1792,1691,3483,2018-11-01
DG4,211,322,533,1477,1109,2586,2018-11-01
DG5,212,236,448,1961,1755,3716,2018-11-01
DG6,274,296,570,1894,1792,3686,2018-11-01
DG7,419,506,925,4722,4480,9202,2018-11-01
DG8,488,671,1159,4771,4235,9006,2018-11-01
DG9,790,939,1729,5599,4882,10481,2018-11-01
DG10,171,194,365,1490,1331,2821,2018-11-01
DG11,482,598,1080,5066,4538,9604,2018-11-01
DG12,640,812,1452,4372,3707,8079,2018-11-01
DG13,128,146,274,1087,960,2047,2018-11-01
DG14,32,39,71,568,504,1072,2018-11-01
DG16,140,203,343,1404,1203,2607,2018-11-01
DH1,2017,2334,4351,13640,12192,25832,2018-11-01
DH2,1355,1942,3297,10707,8935,19642,2018-11-01
DH3,1245,1689,2934,8957,7493,16450,2018-11-01
DH4,1598,2117,3715,11773,9839,21612,2018-11-01
DH5,1034,1505,2539,6782,5276,12058,2018-11-01
DH6,1510,2163,3673,11984,10107,22091,2018-11-01
DH7,1802,2606,4408,14421,12328,26749,2018-11-01
DH8,1696,2333,4029,13555,11659,25214,2018-11-01
DH9,1951,2665,4616,11794,9176,20970,2018-11-01
DH10,0,0,0,1,0,1,2018-11-01
DH11,0,0,0,1,0,1,2018-11-01
DL1,2819,3826,6645,15046,11486,26532,2018-11-01
DL2,448,566,1014,7133,6892,14025,2018-11-01
DL3,2261,2780,5041,14956,12928,27884,2018-11-01
DL4,583,771,1354,3070,2275,5345,2018-11-01
DL5,1530,2025,3555,9893,8425,18318,2018-11-01
DL6,525,644,1169,5850,5380,11230,2018-11-01
DL7,350,472,822,6048,5812,11860,2018-11-01
DL8,403,542,945,7812,7343,15155,2018-11-01
DL9,1871,1260,3131,5189,3480,8669,2018-11-01
DL10,622,807,1429,7035,6722,13757,2018-11-01
DL11,105,132,237,2184,2075,4259,2018-11-01
DL12,368,474,842,4730,4285,9015,2018-11-01
DL13,426,581,1007,5456,4691,10147,2018-11-01
DL14,1688,2309,3997,12825,10696,23521,2018-11-01
DL15,914,1295,2209,7777,6476,14253,2018-11-01
DL16,858,1159,2017,7541,6379,13920,2018-11-01
DL17,892,1290,2182,6050,4747,10797,2018-11-01
DN0,1,0,1,1,0,1,2018-11-01
DN1,1130,927,2057,2473,1063,3536,2018-11-01
DN2,1676,2092,3768,7766,5827,13593,2018-11-01
DN3,1108,1538,2646,11044,9472,20516,2018-11-01
DN4,2975,3663,6638,18151,14360,32511,2018-11-01
DN5,1898,2617,4515,13670,11562,25232,2018-11-01
DN6,1840,2439,4279,9864,7832,17696,2018-11-01
DN7,1101,1573,2674,7666,6184,13850,2018-11-01
DN8,950,1296,2246,6007,4540,10547,2018-11-01
DN9,605,736,1341,8445,8052,16497,2018-11-01
DN10,349,446,795,5191,4745,9936,2018-11-01
DN11,1401,1817,3218,9860,8407,18267,2018-11-01
DN12,1560,2086,3646,7143,5381,12524,2018-11-01
DN14,1963,2756,4719,17176,14234,31410,2018-11-01
DN15,2318,2565,4883,12046,9176,21222,2018-11-01
DN16,1601,1976,3577,10477,8749,19226,2018-11-01
DN17,1725,2245,3970,13068,11042,24110,2018-11-01
DN18,520,736,1256,4501,3729,8230,2018-11-01
DN19,183,231,414,2528,2277,4805,2018-11-01
DN20,599,774,1373,7498,6651,14149,2018-11-01
DN21,1732,2274,4006,13708,11866,25574,2018-11-01
DN22,1337,1769,3106,13369,11979,25348,2018-11-01
DN31,845,992,1837,2388,1477,3865,2018-11-01
DN32,2385,2698,5083,7735,5572,13307,2018-11-01
DN33,1263,1430,2693,6488,5436,11924,2018-11-01
DN34,1169,1442,2611,6434,5161,11595,2018-11-01
DN35,1942,2371,4313,11153,9048,20201,2018-11-01
DN36,552,689,1241,8052,7362,15414,2018-11-01
DN37,873,1116,1989,8040,7217,15257,2018-11-01
DN38,83,111,194,1165,1033,2198,2018-11-01
DN39,83,105,188,1169,977,2146,2018-11-01
DN40,681,948,1629,4601,3509,8110,2018-11-01
DN41,141,192,333,2591,2417,5008,2018-11-01
DT0,0,0,0,0,1,1,2018-11-01
DT1,829,1010,1839,7342,6871,14213,2018-11-01
DT2,673,752,1425,10515,10262,20777,2018-11-01
DT3,870,1008,1878,9397,8737,18134,2018-11-01
DT4,2132,2336,4468,12992,11145,24137,2018-11-01
DT5,710,853,1563,4315,3719,8034,2018-11-01
DT6,717,841,1558,8554,8389,16943,2018-11-01
DT7,209,245,454,2164,2076,4240,2018-11-01
DT8,161,203,364,2428,2363,4791,2018-11-01
DT9,662,813,1475,8221,8092,16313,2018-11-01
DT10,291,352,643,4841,4597,9438,2018-11-01
DT11,1064,1221,2285,12251,10953,23204,2018-11-01
DY0,0,0,0,1,0,1,2018-11-01
DY1,2085,2592,4677,10632,8221,18853,2018-11-01
DY2,2395,3149,5544,10609,7770,18379,2018-11-01
DY3,1313,1685,2998,12349,10681,23030,2018-11-01
DY4,2999,4016,7015,13247,9651,22898,2018-11-01
DY5,2205,2953,5158,13888,11128,25016,2018-11-01
DY6,794,1010,1804,10943,9971,20914,2018-11-01
DY7,190,215,405,3276,3178,6454,2018-11-01
DY8,2014,2475,4489,18493,16515,35008,2018-11-01
DY9,1342,1628,2970,11024,9667,20691,2018-11-01
DY10,1633,2044,3677,13165,11659,24824,2018-11-01
DY11,1359,1705,3064,11469,9924,21393,2018-11-01
DY12,363,441,804,5068,4631,9699,2018-11-01
DY13,793,999,1792,8870,7973,16843,2018-11-01
DY14,217,206,423,3660,3348,7008,2018-11-01
E0,0,0,0,1,0,1,2018-11-01
E1,11324,8644,19968,17672,8943,26615,2018-11-01
E1,0,1,1,0,0,0,2018-11-01
E1,1,0,1,0,0,0,2018-11-01
E1,0,0,0,0,1,1,2018-11-01
E1,1097,1236,2333,4668,3038,7706,2018-11-01
E2,5763,5668,11431,12174,7280,19454,2018-11-01
E2,0,1,1,0,0,0,2018-11-01
E2,0,0,0,0,1,1,2018-11-01
E3,6907,7072,13979,15398,9993,25391,2018-11-01
E4,4596,5188,9784,22591,19056,41647,2018-11-01
E5,7388,7541,14929,12234,8255,20489,2018-11-01
E6,16462,12972,29434,23988,12461,36449,2018-11-01
E7,12307,8753,21060,16336,8470,24806,2018-11-01
E8,5703,6107,11810,10760,7625,18385,2018-11-01
E9,5791,6459,12250,9688,6951,16639,2018-11-01
E10,7854,6662,14516,14741,8446,23187,2018-11-01
E11,6929,6641,13570,18773,13578,32351,2018-11-01
E12,9389,6883,16272,12400,6468,18868,2018-11-01
E13,9840,7809,17649,13453,7118,20571,2018-11-01
E14,10001,10318,20319,25459,14983,40442,2018-11-01
E15,9356,8290,17646,15629,8709,24338,2018-11-01
E16,7269,7668,14937,14952,8986,23938,2018-11-01
E17,15135,14222,29357,34101,22550,56651,2018-11-01
E18,1360,1504,2864,7160,6176,13336,2018-11-01
E19,0,0,0,1,0,1,2018-11-01
E20,363,466,829,1407,865,2272,2018-11-01
EC1,17,7,24,22,7,29,2018-11-01
EC1,76,59,135,342,186,528,2018-11-01
EC1,2,0,2,1,0,1,2018-11-01
EC1,1,0,1,0,1,1,2018-11-01
EC1,104,100,204,449,266,715,2018-11-01
EC1,311,335,646,703,360,1063,2018-11-01
EC1,2,2,4,4,0,4,2018-11-01
EC1,1,0,1,0,0,0,2018-11-01
EC1,575,642,1217,1479,997,2476,2018-11-01
EC1,0,1,1,1,0,1,2018-11-01
EC1,2,1,3,0,0,0,2018-11-01
EC1,1623,1586,3209,3639,2171,5810,2018-11-01
EC1,399,411,810,1046,623,1669,2018-11-01
EC1,0,0,0,1,0,1,2018-11-01
EC2,1,1,2,6,2,8,2018-11-01
EC2,123,102,225,555,284,839,2018-11-01
EC2,0,1,1,2,0,2,2018-11-01
EC2,20,8,28,179,33,212,2018-11-01
EC2,4,3,7,28,4,32,2018-11-01
EC2,0,0,0,6,2,8,2018-11-01
EC2,1,1,2,41,15,56,2018-11-01
EC2,0,0,0,1,0,1,2018-11-01
EC2,4,5,9,99,27,126,2018-11-01
EC2,196,195,391,1439,988,2427,2018-11-01
EC3,0,1,1,2,1,3,2018-11-01
EC3,8,4,12,69,10,79,2018-11-01
EC3,5,4,9,20,8,28,2018-11-01
EC3,29,28,57,130,55,185,2018-11-01
EC3,1,0,1,1,1,2,2018-11-01
EC3,17,11,28,51,27,78,2018-11-01
EC3,4,1,5,62,19,81,2018-11-01
EC3,1,0,1,0,0,0,2018-11-01
EC4,2,1,3,4,2,6,2018-11-01
EC4,49,18,67,151,88,239,2018-11-01
EC4,0,0,0,1,0,1,2018-11-01
EC4,0,0,0,1,0,1,2018-11-01
EC4,16,15,31,135,50,185,2018-11-01
EC4,6,1,7,74,18,92,2018-11-01
EC4,0,0,0,11,4,15,2018-11-01
EC4,6,6,12,40,15,55,2018-11-01
EC4,1,0,1,0,0,0,2018-11-01
EC4,28,25,53,168,106,274,2018-11-01
EC4,0,0,0,1,0,1,2018-11-01
EC4,14,17,31,120,70,190,2018-11-01
EC8,0,1,1,0,0,0,2018-11-01
EC10,1,0,1,0,0,0,2018-11-01
EC11,0,1,1,0,0,0,2018-11-01
EC12,0,0,0,1,0,1,2018-11-01
EC14,1,2,3,4,0,4,2018-11-01
EC15,0,0,0,1,0,1,2018-11-01
EC16,1,0,1,1,0,1,2018-11-01
EC17,1,0,1,2,2,4,2018-11-01
EC19,0,1,1,1,0,1,2018-11-01
EC24,0,0,0,0,1,1,2018-11-01
EC27,0,0,0,3,1,4,2018-11-01
EC28,0,0,0,1,0,1,2018-11-01
EC31,0,0,0,0,1,1,2018-11-01
EC34,1,0,1,0,0,0,2018-11-01
EC41,0,0,0,1,0,1,2018-11-01
EC47,0,0,0,4,0,4,2018-11-01
EC77,1,0,1,0,0,0,2018-11-01
EH0,1,5,6,2,3,5,2018-11-01
EH1,583,518,1101,1468,1027,2495,2018-11-01
EH1,0,1,1,0,0,0,2018-11-01
EH2,107,99,206,442,265,707,2018-11-01
EH3,1800,1871,3671,7377,6266,13643,2018-11-01
EH3,0,0,0,1,0,1,2018-11-01
EH4,3707,4225,7932,17900,15965,33865,2018-11-01
EH5,1500,1868,3368,6479,5360,11839,2018-11-01
EH6,3248,3410,6658,12098,9555,21653,2018-11-01
EH7,2715,2964,5679,10153,7938,18091,2018-11-01
EH8,1816,1890,3706,5847,4670,10517,2018-11-01
EH9,1341,1489,2830,6401,5914,12315,2018-11-01
EH10,1907,1903,3810,13010,11585,24595,2018-11-01
EH11,3653,3789,7442,10255,7544,17799,2018-11-01
EH12,1920,2399,4319,14110,13124,27234,2018-11-01
EH13,899,1036,1935,4823,4338,9161,2018-11-01
EH14,2611,2916,5527,13193,11188,24381,2018-11-01
EH15,1346,1588,2934,6974,6204,13178,2018-11-01
EH16,2402,2810,5212,9015,7449,16464,2018-11-01
EH17,1412,1851,3263,5854,4663,10517,2018-11-01
EH18,100,150,250,848,810,1658,2018-11-01
EH19,688,882,1570,5167,4822,9989,2018-11-01
EH20,350,482,832,2325,1931,4256,2018-11-01
EH21,1549,1866,3415,8039,7105,15144,2018-11-01
EH22,1787,2362,4149,10792,9361,20153,2018-11-01
EH23,472,650,1122,3117,2746,5863,2018-11-01
EH24,73,131,204,681,631,1312,2018-11-01
EH25,163,221,384,1224,1134,2358,2018-11-01
EH26,877,1188,2065,6070,5336,11406,2018-11-01
EH27,149,157,306,1083,1034,2117,2018-11-01
EH28,150,200,350,1273,1129,2402,2018-11-01
EH29,205,264,469,1926,1771,3697,2018-11-01
EH30,454,642,1096,3750,3391,7141,2018-11-01
EH31,87,94,181,996,969,1965,2018-11-01
EH32,915,1214,2129,6936,6173,13109,2018-11-01
EH33,664,859,1523,4775,4211,8986,2018-11-01
EH34,68,91,159,1026,975,2001,2018-11-01
EH35,83,147,230,800,660,1460,2018-11-01
EH36,10,8,18,169,162,331,2018-11-01
EH37,51,91,142,647,611,1258,2018-11-01
EH38,18,14,32,168,184,352,2018-11-01
EH39,371,462,833,3654,3533,7187,2018-11-01
EH40,65,91,156,842,819,1661,2018-11-01
EH41,490,636,1126,4603,4282,8885,2018-11-01
EH42,472,607,1079,4055,3753,7808,2018-11-01
EH43,43,65,108,275,255,530,2018-11-01
EH44,121,157,278,1267,1198,2465,2018-11-01
EH45,444,566,1010,4086,3832,7918,2018-11-01
EH46,128,143,271,1470,1489,2959,2018-11-01
EH47,1471,2022,3493,9090,7435,16525,2018-11-01
EH48,1727,2304,4031,13352,11593,24945,2018-11-01
EH49,635,832,1467,6182,5711,11893,2018-11-01
EH51,696,881,1577,5131,4508,9639,2018-11-01
EH52,925,1299,2224,7174,6067,13241,2018-11-01
EH53,455,597,1052,4071,3630,7701,2018-11-01
EH54,3638,4686,8324,18344,15521,33865,2018-11-01
EH55,413,523,936,2969,2519,5488,2018-11-01
EN0,0,0,0,0,1,1,2018-11-01
EN1,3501,4242,7743,15447,13366,28813,2018-11-01
EN2,1635,2092,3727,10884,9859,20743,2018-11-01
EN3,5876,7555,13431,17698,13331,31029,2018-11-01
EN4,1559,1789,3348,9946,8999,18945,2018-11-01
EN5,2528,3155,5683,14239,12806,27045,2018-11-01
EN6,1244,1433,2677,11690,10950,22640,2018-11-01
EN7,839,977,1816,8638,8199,16837,2018-11-01
EN8,2214,2682,4896,13552,11186,24738,2018-11-01
EN9,1072,1288,2360,9729,8495,18224,2018-11-01
EN10,729,859,1588,6770,6405,13175,2018-11-01
EN11,1002,1110,2112,8538,7516,16054,2018-11-01
EX0,0,0,0,2,0,2,2018-11-01
EX1,1252,1465,2717,7259,6446,13705,2018-11-01
EX2,2123,2597,4720,14934,13491,28425,2018-11-01
EX3,148,145,293,1891,1919,3810,2018-11-01
EX4,3236,3739,6975,16079,13471,29550,2018-11-01
EX5,599,770,1369,9170,8907,18077,2018-11-01
EX6,398,450,848,6090,5869,11959,2018-11-01
EX7,600,728,1328,5035,4608,9643,2018-11-01
EX8,1714,2067,3781,13693,12626,26319,2018-11-01
EX9,155,229,384,2754,2708,5462,2018-11-01
EX10,531,677,1208,6621,6597,13218,2018-11-01
EX11,260,276,536,3500,3490,6990,2018-11-01
EX12,278,398,676,3709,3457,7166,2018-11-01
EX13,362,477,839,4989,4761,9750,2018-11-01
EX14,666,857,1523,8408,7837,16245,2018-11-01
EX15,713,815,1528,8822,8223,17045,2018-11-01
EX16,1277,1516,2793,12179,11202,23381,2018-11-01
EX17,699,851,1550,7622,7160,14782,2018-11-01
EX18,110,97,207,1324,1263,2587,2018-11-01
EX19,67,109,176,1572,1444,3016,2018-11-01
EX20,694,911,1605,8382,7726,16108,2018-11-01
EX21,108,108,216,1882,1782,3664,2018-11-01
EX22,314,383,697,4677,4205,8882,2018-11-01
EX23,588,679,1267,6226,5789,12015,2018-11-01
EX24,97,129,226,1518,1500,3018,2018-11-01
EX31,878,1102,1980,9993,9201,19194,2018-11-01
EX32,1369,1596,2965,8270,7244,15514,2018-11-01
EX33,354,429,783,3996,3756,7752,2018-11-01
EX34,905,1115,2020,6332,5423,11755,2018-11-01
EX35,86,78,164,702,625,1327,2018-11-01
EX36,328,361,689,3558,3270,6828,2018-11-01
EX37,79,100,179,1633,1518,3151,2018-11-01
EX38,317,367,684,3201,2954,6155,2018-11-01
EX39,1566,1899,3465,14359,13211,27570,2018-11-01
FK1,1437,1874,3311,9750,8186,17936,2018-11-01
FK1,0,0,0,0,1,1,2018-11-01
FK2,2173,2757,4930,17216,15232,32448,2018-11-01
FK3,996,1248,2244,5323,4406,9729,2018-11-01
FK4,559,817,1376,4773,4265,9038,2018-11-01
FK5,735,1030,1765,7322,6812,14134,2018-11-01
FK6,670,875,1545,4835,4146,8981,2018-11-01
FK7,1557,2139,3696,10346,9337,19683,2018-11-01
FK8,1077,1211,2288,6085,5432,11517,2018-11-01
FK9,591,768,1359,4387,4038,8425,2018-11-01
FK10,1962,2601,4563,12437,10846,23283,2018-11-01
FK11,90,133,223,1038,1006,2044,2018-11-01
FK12,237,293,530,1772,1565,3337,2018-11-01
FK13,309,364,673,2174,1860,4034,2018-11-01
FK14,185,197,382,1805,1768,3573,2018-11-01
FK15,427,523,950,4133,4005,8138,2018-11-01
FK16,79,97,176,907,861,1768,2018-11-01
FK17,131,187,318,1401,1294,2695,2018-11-01
FK18,5,7,12,101,81,182,2018-11-01
FK19,24,25,49,260,211,471,2018-11-01
FK20,26,46,72,167,126,293,2018-11-01
FK21,45,49,94,396,341,737,2018-11-01
FY0,0,0,0,3,3,6,2018-11-01
FY1,3471,3596,7067,9350,5945,15295,2018-11-01
FY2,1396,1577,2973,8151,6977,15128,2018-11-01
FY3,2170,2653,4823,10195,8599,18794,2018-11-01
FY4,2677,3312,5989,14666,12168,26834,2018-11-01
FY5,1728,1920,3648,16637,15031,31668,2018-11-01
FY6,741,944,1685,11266,10588,21854,2018-11-01
FY7,1890,2090,3980,8003,6394,14397,2018-11-01
FY8,1775,2008,3783,16986,15760,32746,2018-11-01
G1,587,407,994,1497,824,2321,2018-11-01
G2,316,202,518,594,266,860,2018-11-01
G2,0,1,1,0,0,0,2018-11-01
G3,1886,1668,3554,4903,3208,8111,2018-11-01
G4,1314,952,2266,2615,1415,4030,2018-11-01
G5,1406,1242,2648,3072,1882,4954,2018-11-01
G6,0,4,4,5,0,5,2018-11-01
G7,1,0,1,4,3,7,2018-11-01
G8,0,0,0,2,0,2,2018-11-01
G9,0,0,0,3,0,3,2018-11-01
G10,0,2,2,0,0,0,2018-11-01
G11,1548,1647,3195,5972,5257,11229,2018-11-01
G12,1738,1637,3375,8172,7304,15476,2018-11-01
G13,2301,2615,4916,9672,8318,17990,2018-11-01
G14,1518,1747,3265,5110,4187,9297,2018-11-01
G15,1779,2010,3789,4028,3202,7230,2018-11-01
G16,2,1,3,0,0,0,2018-11-01
G17,0,0,0,0,1,1,2018-11-01
G18,0,1,1,0,1,1,2018-11-01
G19,1,0,1,0,0,0,2018-11-01
G20,3103,3284,6387,7651,5836,13487,2018-11-01
G21,3318,3591,6909,6572,4340,10912,2018-11-01
G22,1923,2217,4140,4023,2827,6850,2018-11-01
G23,554,739,1293,2121,1782,3903,2018-11-01
G24,1,0,1,0,0,0,2018-11-01
G25,0,2,2,1,0,1,2018-11-01
G26,0,0,0,2,0,2,2018-11-01
G29,0,0,0,1,0,1,2018-11-01
G30,3,0,3,1,0,1,2018-11-01
G31,2803,2937,5740,5766,3962,9728,2018-11-01
G32,2618,3263,5881,10766,8237,19003,2018-11-01
G33,3476,4184,7660,12393,10248,22641,2018-11-01
G34,1088,1293,2381,1759,1233,2992,2018-11-01
G35,1,1,2,0,0,0,2018-11-01
G36,0,2,2,2,0,2,2018-11-01
G37,0,0,0,0,1,1,2018-11-01
G38,0,0,0,1,0,1,2018-11-01
G39,0,0,0,0,1,1,2018-11-01
G40,1251,1474,2725,3022,1965,4987,2018-11-01
G41,2692,2850,5542,10690,8666,19356,2018-11-01
G42,3681,3191,6872,8077,5481,13558,2018-11-01
G43,1274,1374,2648,5303,4472,9775,2018-11-01
G44,1818,2252,4070,9340,8331,17671,2018-11-01
G45,1716,1965,3681,3310,2222,5532,2018-11-01
G46,1704,1930,3634,8562,7899,16461,2018-11-01
G47,1,1,2,3,1,4,2018-11-01
G48,2,0,2,1,1,2,2018-11-01
G49,0,0,0,3,0,3,2018-11-01
G50,2,0,2,1,1,2,2018-11-01
G51,2919,2926,5845,5843,3720,9563,2018-11-01
G52,2233,2823,5056,8016,6590,14606,2018-11-01
G53,2833,3423,6256,9575,8071,17646,2018-11-01
G54,2,0,2,2,0,2,2018-11-01
G55,0,3,3,1,1,2,2018-11-01
G56,1,1,2,1,0,1,2018-11-01
G57,0,1,1,0,0,0,2018-11-01
G58,0,0,0,1,0,1,2018-11-01
G59,0,0,0,0,1,1,2018-11-01
G60,253,301,554,1961,1844,3805,2018-11-01
G61,1069,1147,2216,11132,11031,22163,2018-11-01
G62,601,667,1268,5019,5001,10020,2018-11-01
G63,300,361,661,3831,3989,7820,2018-11-01
G64,1194,1498,2692,9719,9249,18968,2018-11-01
G65,815,1007,1822,4574,3823,8397,2018-11-01
G66,1926,2436,4362,13840,12687,26527,2018-11-01
G67,2647,3332,5979,10559,8248,18807,2018-11-01
G68,789,931,1720,7017,6603,13620,2018-11-01
G69,1751,2271,4022,12073,10815,22888,2018-11-01
G70,0,0,0,1,2,3,2018-11-01
G71,1461,1888,3349,10576,9676,20252,2018-11-01
G72,2930,3553,6483,16437,14376,30813,2018-11-01
G73,2182,2679,4861,9850,8391,18241,2018-11-01
G74,1900,2334,4234,13222,11510,24732,2018-11-01
G75,2326,3114,5440,13472,11771,25243,2018-11-01
G76,936,1110,2046,8132,8064,16196,2018-11-01
G77,880,1035,1915,9806,9927,19733,2018-11-01
G78,1431,1750,3181,7750,6889,14639,2018-11-01
G80,1,0,1,0,0,0,2018-11-01
G81,2899,3681,6580,11183,9233,20416,2018-11-01
G82,1587,2022,3609,8707,7617,16324,2018-11-01
G83,1489,1979,3468,8172,7039,15211,2018-11-01
G84,1177,1456,2633,7823,7116,14939,2018-11-01
GL0,0,0,0,0,1,1,2018-11-01
GL1,3014,3152,6166,11030,7836,18866,2018-11-01
GL1,0,0,0,0,1,1,2018-11-01
GL2,1932,2436,4368,21863,20279,42142,2018-11-01
GL3,1210,1606,2816,12380,11353,23733,2018-11-01
GL4,2335,2941,5276,17290,15373,32663,2018-11-01
GL5,1500,1640,3140,11556,10760,22316,2018-11-01
GL6,823,972,1795,10090,9832,19922,2018-11-01
GL7,1628,1944,3572,17479,16581,34060,2018-11-01
GL8,261,351,612,3473,3378,6851,2018-11-01
GL9,49,61,110,1124,1074,2198,2018-11-01
GL10,584,590,1174,5571,4992,10563,2018-11-01
GL11,603,782,1385,7267,6740,14007,2018-11-01
GL12,479,476,955,6096,5723,11819,2018-11-01
GL13,152,173,325,2529,2246,4775,2018-11-01
GL14,671,857,1528,5830,5038,10868,2018-11-01
GL15,739,902,1641,8423,7590,16013,2018-11-01
GL16,438,616,1054,5377,4945,10322,2018-11-01
GL17,383,516,899,4682,4286,8968,2018-11-01
GL18,267,355,622,3365,3076,6441,2018-11-01
GL19,228,203,431,3704,3576,7280,2018-11-01
GL20,1051,1205,2256,11199,10194,21393,2018-11-01
GL50,1224,1492,2716,7570,6370,13940,2018-11-01
GL51,2703,3400,6103,18326,15776,34102,2018-11-01
GL52,2012,2285,4297,16941,15966,32907,2018-11-01
GL53,776,807,1583,7711,7595,15306,2018-11-01
GL54,761,867,1628,9811,9564,19375,2018-11-01
GL55,168,182,350,2308,2333,4641,2018-11-01
GL56,322,381,703,3768,3714,7482,2018-11-01
GU0,0,0,0,0,1,1,2018-11-01
GU1,1914,2059,3973,11335,9923,21258,2018-11-01
GU2,2116,2205,4321,10566,8800,19366,2018-11-01
GU3,373,435,808,4797,4634,9431,2018-11-01
GU4,543,630,1173,6646,6561,13207,2018-11-01
GU5,334,427,761,4423,4531,8954,2018-11-01
GU6,556,557,1113,5846,5869,11715,2018-11-01
GU7,1083,1208,2291,8745,8367,17112,2018-11-01
GU8,577,638,1215,7169,7111,14280,2018-11-01
GU9,1124,1383,2507,11372,10917,22289,2018-11-01
GU10,653,738,1391,9656,9529,19185,2018-11-01
GU11,1747,1973,3720,8578,6639,15217,2018-11-01
GU12,1495,1885,3380,12300,10896,23196,2018-11-01
GU13,748,14,762,414,37,451,2018-11-01
GU14,2925,3433,6358,21343,18789,40132,2018-11-01
GU15,1805,1970,3775,14314,12821,27135,2018-11-01
GU16,1050,978,2028,10024,8962,18986,2018-11-01
GU17,614,472,1086,5026,4116,9142,2018-11-01
GU18,141,177,318,3042,2978,6020,2018-11-01
GU19,229,216,445,2432,2324,4756,2018-11-01
GU20,126,131,257,1934,1950,3884,2018-11-01
GU21,2792,3271,6063,19459,16903,36362,2018-11-01
GU22,1795,2142,3937,14319,12762,27081,2018-11-01
GU23,226,240,466,2873,2808,5681,2018-11-01
GU24,833,779,1612,7033,6696,13729,2018-11-01
GU25,375,380,755,2800,2835,5635,2018-11-01
GU26,254,246,500,3048,3003,6051,2018-11-01
GU27,705,852,1557,6944,6775,13719,2018-11-01
GU28,255,267,522,2744,2674,5418,2018-11-01
GU29,305,427,732,3846,3927,7773,2018-11-01
GU30,356,403,759,3952,3861,7813,2018-11-01
GU31,409,463,872,4529,4404,8933,2018-11-01
GU32,512,636,1148,4591,4369,8960,2018-11-01
GU33,298,357,655,3371,3287,6658,2018-11-01
GU34,1097,1340,2437,12578,11959,24537,2018-11-01
GU35,1001,1181,2182,9618,8529,18147,2018-11-01
GU46,401,449,850,6162,5922,12084,2018-11-01
GU47,644,772,1416,7769,7245,15014,2018-11-01
GU51,728,788,1516,9691,9186,18877,2018-11-01
GU52,412,511,923,7121,6962,14083,2018-11-01
HA0,11833,9336,21169,18534,11352,29886,2018-11-01
HA1,4490,4672,9162,14886,10871,25757,2018-11-01
HA2,5680,6336,12016,21687,16469,38156,2018-11-01
HA3,8287,8164,16451,29568,21525,51093,2018-11-01
HA4,2654,3188,5842,19714,17600,37314,2018-11-01
HA5,2480,2784,5264,18190,16834,35024,2018-11-01
HA6,1183,1525,2708,9482,8832,18314,2018-11-01
HA7,2959,3236,6195,15418,12879,28297,2018-11-01
HA8,8438,8242,16680,27374,20104,47478,2018-11-01
HA9,9349,7617,16966,19393,12329,31722,2018-11-01
HD1,2438,2199,4637,5992,3638,9630,2018-11-01
HD2,1999,2638,4637,9189,7521,16710,2018-11-01
HD3,1420,1907,3327,10636,9523,20159,2018-11-01
HD4,1683,2241,3924,9504,7841,17345,2018-11-01
HD5,1715,2295,4010,9882,8360,18242,2018-11-01
HD6,1257,1551,2808,9432,8366,17798,2018-11-01
HD7,988,1286,2274,8309,7429,15738,2018-11-01
HD8,953,1263,2216,12704,12077,24781,2018-11-01
HD9,1288,1574,2862,13396,12403,25799,2018-11-01
HG1,1666,1940,3606,12438,11247,23685,2018-11-01
HG2,1379,1596,2975,11941,11525,23466,2018-11-01
HG3,896,975,1871,10700,10400,21100,2018-11-01
HG4,898,1161,2059,9606,8895,18501,2018-11-01
HG5,602,726,1328,7198,6760,13958,2018-11-01
HP1,1257,1452,2709,9610,8745,18355,2018-11-01
HP2,2278,2894,5172,14683,12408,27091,2018-11-01
HP2,0,0,0,1,0,1,2018-11-01
HP3,1547,1853,3400,12765,11437,24202,2018-11-01
HP4,881,872,1753,9630,9462,19092,2018-11-01
HP5,1288,1472,2760,9969,9088,19057,2018-11-01
HP6,612,629,1241,5750,5589,11339,2018-11-01
HP7,404,485,889,4338,4203,8541,2018-11-01
HP8,225,254,479,2942,3016,5958,2018-11-01
HP9,631,661,1292,7186,7241,14427,2018-11-01
HP10,573,653,1226,8047,7919,15966,2018-11-01
HP11,996,1079,2075,5565,4492,10057,2018-11-01
HP12,1443,1769,3212,8105,6333,14438,2018-11-01
HP13,2493,3013,5506,15922,13332,29254,2018-11-01
HP14,598,622,1220,7358,7003,14361,2018-11-01
HP15,422,522,944,7181,6991,14172,2018-11-01
HP16,333,373,706,4920,4910,9830,2018-11-01
HP17,299,315,614,4212,4120,8332,2018-11-01
HP18,519,659,1178,7344,7113,14457,2018-11-01
HP19,1328,1777,3105,8962,7540,16502,2018-11-01
HP20,946,1083,2029,5309,4253,9562,2018-11-01
HP21,1767,2260,4027,12192,10493,22685,2018-11-01
HP22,831,823,1654,10769,10624,21393,2018-11-01
HP23,630,729,1359,7089,6850,13939,2018-11-01
HP25,0,0,0,0,1,1,2018-11-01
HP27,399,411,810,5062,4923,9985,2018-11-01
HR1,1311,1442,2753,12370,11425,23795,2018-11-01
HR2,1756,2290,4046,13812,12180,25992,2018-11-01
HR3,169,221,390,3152,2997,6149,2018-11-01
HR4,1275,1436,2711,10894,9876,20770,2018-11-01
HR5,148,164,312,1870,1667,3537,2018-11-01
HR6,829,987,1816,7911,7191,15102,2018-11-01
HR7,211,234,445,2867,2560,5427,2018-11-01
HR8,470,588,1058,5544,5194,10738,2018-11-01
HR9,637,822,1459,8544,7849,16393,2018-11-01
HS1,296,363,659,1545,1343,2888,2018-11-01
HS2,513,664,1177,5157,4485,9642,2018-11-01
HS3,54,73,127,487,358,845,2018-11-01
HS4,19,15,34,96,78,174,2018-11-01
HS5,9,16,25,95,80,175,2018-11-01
HS6,62,91,153,613,542,1155,2018-11-01
HS7,73,100,173,477,392,869,2018-11-01
HS8,89,109,198,708,576,1284,2018-11-01
HS9,84,55,139,423,400,823,2018-11-01
HU1,363,255,618,963,440,1403,2018-11-01
HU2,424,391,815,1015,413,1428,2018-11-01
HU3,3195,3158,6353,7131,3874,11005,2018-11-01
HU4,1489,1830,3319,7639,6061,13700,2018-11-01
HU5,3646,3846,7492,14404,10932,25336,2018-11-01
HU6,2850,3338,6188,8715,6155,14870,2018-11-01
HU7,3139,3878,7017,13607,10797,24404,2018-11-01
HU8,2217,2816,5033,11003,8521,19524,2018-11-01
HU9,3287,4109,7396,10756,7371,18127,2018-11-01
HU10,607,727,1334,7446,7054,14500,2018-11-01
HU11,371,450,821,5149,4543,9692,2018-11-01
HU12,914,1226,2140,10005,8827,18832,2018-11-01
HU13,677,854,1531,5450,4796,10246,2018-11-01
HU14,225,245,470,3433,3383,6816,2018-11-01
HU15,664,845,1509,9388,8845,18233,2018-11-01
HU16,580,720,1300,6024,5509,11533,2018-11-01
HU17,1600,1888,3488,16646,15311,31957,2018-11-01
HU18,362,484,846,3282,2847,6129,2018-11-01
HU19,471,541,1012,2470,1676,4146,2018-11-01
HU20,24,32,56,375,371,746,2018-11-01
HU23,1,0,1,0,0,0,2018-11-01
HU30,1,0,1,0,0,0,2018-11-01
HU33,1,0,1,0,0,0,2018-11-01
HU41,1,0,1,0,0,0,2018-11-01
HU44,0,0,0,0,1,1,2018-11-01
HV15,0,0,0,0,1,1,2018-11-01
HX0,0,0,0,0,1,1,2018-11-01
HX1,1946,2477,4423,6582,4162,10744,2018-11-01
HX2,2051,2765,4816,12612,10576,23188,2018-11-01
HX3,2277,2931,5208,16031,13898,29929,2018-11-01
HX4,431,615,1046,4544,4268,8812,2018-11-01
HX5,534,714,1248,3423,2858,6281,2018-11-01
HX6,936,1170,2106,6808,5832,12640,2018-11-01
HX7,717,821,1538,4654,4588,9242,2018-11-01
IG1,10742,9231,19973,21749,12956,34705,2018-11-01
IG2,2994,3112,6106,10201,7280,17481,2018-11-01
IG3,4885,4670,9555,13288,8581,21869,2018-11-01
IG4,849,914,1763,3767,2853,6620,2018-11-01
IG5,1269,1474,2743,6416,5288,11704,2018-11-01
IG6,2212,2612,4824,10473,8276,18749,2018-11-01
IG7,1252,1534,2786,8009,7183,15192,2018-11-01
IG8,2268,2682,4950,13846,12205,26051,2018-11-01
IG9,535,586,1121,5083,4865,9948,2018-11-01
IG10,1508,1839,3347,11944,11279,23223,2018-11-01
IG11,8596,8383,16979,17606,10519,28125,2018-11-01
IP1,2601,2727,5328,13319,10334,23653,2018-11-01
IP2,1889,2392,4281,10277,7949,18226,2018-11-01
IP3,1679,2191,3870,11855,9374,21229,2018-11-01
IP4,1912,2181,4093,13279,11174,24453,2018-11-01
IP5,539,631,1170,7499,7108,14607,2018-11-01
IP6,427,522,949,6987,6459,13446,2018-11-01
IP7,478,636,1114,6423,5912,12335,2018-11-01
IP8,266,343,609,4495,4068,8563,2018-11-01
IP9,315,369,684,4606,4380,8986,2018-11-01
IP10,67,100,167,1505,1442,2947,2018-11-01
IP11,1139,1470,2609,11795,10133,21928,2018-11-01
IP12,888,917,1805,9702,9290,18992,2018-11-01
IP13,549,635,1184,7641,7389,15030,2018-11-01
IP14,1226,1505,2731,15750,14287,30037,2018-11-01
IP15,74,96,170,884,935,1819,2018-11-01
IP16,320,354,674,2491,2179,4670,2018-11-01
IP17,368,488,856,4771,4661,9432,2018-11-01
IP18,127,152,279,1393,1426,2819,2018-11-01
IP19,269,333,602,4112,3798,7910,2018-11-01
IP20,227,278,505,3280,3007,6287,2018-11-01
IP21,245,293,538,4684,4411,9095,2018-11-01
IP22,779,855,1634,8801,8125,16926,2018-11-01
IP23,212,280,492,3054,2790,5844,2018-11-01
IP24,1747,2177,3924,9307,7447,16754,2018-11-01
IP25,659,789,1448,7132,6356,13488,2018-11-01
IP26,292,368,660,3409,3182,6591,2018-11-01
IP27,889,1080,1969,6186,5482,11668,2018-11-01
IP28,1053,1282,2335,9027,8592,17619,2018-11-01
IP29,213,269,482,3782,3664,7446,2018-11-01
IP30,360,464,824,5692,5424,11116,2018-11-01
IP31,545,705,1250,8407,7956,16363,2018-11-01
IP32,760,954,1714,5584,5070,10654,2018-11-01
IP33,1089,1291,2380,8387,7485,15872,2018-11-01
IV1,180,171,351,1025,917,1942,2018-11-01
IV2,2293,2866,5159,17852,16195,34047,2018-11-01
IV3,1423,1670,3093,6105,4899,11004,2018-11-01
IV3,0,0,0,0,1,1,2018-11-01
IV4,173,202,375,1852,1679,3531,2018-11-01
IV5,46,56,102,537,519,1056,2018-11-01
IV6,159,205,364,1801,1663,3464,2018-11-01
IV7,197,244,441,2348,2216,4564,2018-11-01
IV8,30,31,61,355,356,711,2018-11-01
IV9,60,60,120,465,461,926,2018-11-01
IV10,99,118,217,1092,1068,2160,2018-11-01
IV11,45,55,100,329,307,636,2018-11-01
IV12,618,777,1395,4676,4225,8901,2018-11-01
IV13,10,21,31,279,226,505,2018-11-01
IV14,70,105,175,849,776,1625,2018-11-01
IV15,334,376,710,1960,1735,3695,2018-11-01
IV16,62,71,133,715,663,1378,2018-11-01
IV17,362,464,826,2156,1814,3970,2018-11-01
IV18,310,380,690,2072,1725,3797,2018-11-01
IV19,231,283,514,1731,1538,3269,2018-11-01
IV20,146,181,327,1162,1040,2202,2018-11-01
IV21,58,56,114,454,386,840,2018-11-01
IV22,54,73,127,616,530,1146,2018-11-01
IV23,35,47,82,356,322,678,2018-11-01
IV24,41,64,105,560,531,1091,2018-11-01
IV25,92,104,196,953,935,1888,2018-11-01
IV26,111,118,229,714,677,1391,2018-11-01
IV27,154,154,308,1497,1282,2779,2018-11-01
IV28,11,21,32,190,183,373,2018-11-01
IV30,1576,1990,3566,12376,11063,23439,2018-11-01
IV31,340,424,764,2602,2270,4872,2018-11-01
IV32,194,189,383,1863,1748,3611,2018-11-01
IV33,1,0,1,1,1,2,2018-11-01
IV34,0,0,0,0,1,1,2018-11-01
IV36,714,967,1681,5966,5343,11309,2018-11-01
IV40,127,183,310,985,845,1830,2018-11-01
IV41,33,20,53,145,120,265,2018-11-01
IV42,17,18,35,196,175,371,2018-11-01
IV43,13,14,27,122,106,228,2018-11-01
IV44,10,13,23,113,100,213,2018-11-01
IV45,12,4,16,122,105,227,2018-11-01
IV46,4,5,9,36,28,64,2018-11-01
IV47,16,23,39,255,209,464,2018-11-01
IV48,0,4,4,34,32,66,2018-11-01
IV49,61,63,124,447,375,822,2018-11-01
IV51,217,300,517,2030,1802,3832,2018-11-01
IV52,21,24,45,117,135,252,2018-11-01
IV53,4,5,9,63,59,122,2018-11-01
IV54,56,77,133,568,470,1038,2018-11-01
IV55,50,55,105,534,496,1030,2018-11-01
IV56,8,8,16,155,126,281,2018-11-01
IV62,0,0,0,1,0,1,2018-11-01
IV63,120,139,259,1018,945,1963,2018-11-01
KA1,1422,1827,3249,9697,8343,18040,2018-11-01
KA2,286,396,682,2537,2313,4850,2018-11-01
KA3,1860,2457,4317,13414,12024,25438,2018-11-01
KA4,258,339,597,1917,1774,3691,2018-11-01
KA5,385,607,992,3597,2990,6587,2018-11-01
KA6,962,1281,2243,6512,5577,12089,2018-11-01
KA7,1217,1425,2642,10407,9895,20302,2018-11-01
KA8,1231,1652,2883,5537,4270,9807,2018-11-01
KA9,660,768,1428,5945,5552,11497,2018-11-01
KA10,620,772,1392,6071,5758,11829,2018-11-01
KA11,1140,1563,2703,7076,6174,13250,2018-11-01
KA12,1154,1573,2727,5602,4471,10073,2018-11-01
KA13,1003,1307,2310,5609,4801,10410,2018-11-01
KA14,30,26,56,187,170,357,2018-11-01
KA15,311,415,726,2593,2293,4886,2018-11-01
KA16,180,195,375,1124,892,2016,2018-11-01
KA17,159,209,368,1536,1322,2858,2018-11-01
KA18,1050,1469,2519,7011,5620,12631,2018-11-01
KA19,358,460,818,2657,2321,4978,2018-11-01
KA20,669,866,1535,2661,2126,4787,2018-11-01
KA21,837,949,1786,3809,3240,7049,2018-11-01
KA22,681,956,1637,3461,2924,6385,2018-11-01
KA23,215,264,479,2012,1927,3939,2018-11-01
KA24,308,444,752,2020,1798,3818,2018-11-01
KA25,412,555,967,2250,1845,4095,2018-11-01
KA26,520,696,1216,3686,3146,6832,2018-11-01
KA27,237,310,547,1828,1716,3544,2018-11-01
KA28,44,69,113,429,360,789,2018-11-01
KA29,57,69,126,597,577,1174,2018-11-01
KA30,441,631,1072,4207,3741,7948,2018-11-01
KT1,1867,2004,3871,7663,6147,13810,2018-11-01
KT2,2186,2624,4810,11839,10742,22581,2018-11-01
KT3,3220,3531,6751,15746,13524,29270,2018-11-01
KT4,1570,1713,3283,11734,10730,22464,2018-11-01
KT5,1296,1419,2715,7703,6649,14352,2018-11-01
KT6,1948,2365,4313,11791,10257,22048,2018-11-01
KT7,417,461,878,4073,4111,8184,2018-11-01
KT8,1015,1144,2159,8011,7627,15638,2018-11-01
KT9,1284,1446,2730,7936,7052,14988,2018-11-01
KT10,934,904,1838,9238,9300,18538,2018-11-01
KT11,887,897,1784,7107,7299,14406,2018-11-01
KT12,1804,1920,3724,15198,14657,29855,2018-11-01
KT13,975,1125,2100,10237,9996,20233,2018-11-01
KT14,611,637,1248,5425,5302,10727,2018-11-01
KT15,1194,1337,2531,11441,10695,22136,2018-11-01
KT16,795,972,1767,7761,7229,14990,2018-11-01
KT17,1109,1135,2244,9814,9057,18871,2018-11-01
KT18,691,866,1557,6574,6497,13071,2018-11-01
KT19,2059,2285,4344,13501,12449,25950,2018-11-01
KT20,697,838,1535,8700,8493,17193,2018-11-01
KT21,436,502,938,5465,5548,11013,2018-11-01
KT22,1085,1111,2196,10041,9566,19607,2018-11-01
KT23,356,341,697,4523,4507,9030,2018-11-01
KT24,271,281,552,3946,4049,7995,2018-11-01
KW1,482,519,1001,3848,3329,7177,2018-11-01
KW2,7,3,10,33,27,60,2018-11-01
KW3,33,51,84,413,345,758,2018-11-01
KW5,10,13,23,128,109,237,2018-11-01
KW6,12,8,20,150,116,266,2018-11-01
KW7,3,4,7,44,40,84,2018-11-01
KW8,26,35,61,319,276,595,2018-11-01
KW9,67,94,161,648,576,1224,2018-11-01
KW10,77,96,173,614,545,1159,2018-11-01
KW11,4,10,14,50,37,87,2018-11-01
KW12,47,67,114,634,588,1222,2018-11-01
KW13,3,4,7,43,34,77,2018-11-01
KW14,621,745,1366,4440,3740,8180,2018-11-01
KW15,421,502,923,2913,2678,5591,2018-11-01
KW16,146,229,375,1361,1218,2579,2018-11-01
KW17,359,437,796,3542,3219,6761,2018-11-01
KY1,1389,1749,3138,8450,6867,15317,2018-11-01
KY2,1500,2050,3550,10273,8965,19238,2018-11-01
KY3,513,643,1156,3894,3583,7477,2018-11-01
KY4,1100,1560,2660,7583,6174,13757,2018-11-01
KY5,1069,1557,2626,6465,5128,11593,2018-11-01
KY6,1092,1357,2449,6302,5422,11724,2018-11-01
KY7,1488,1875,3363,9294,8162,17456,2018-11-01
KY8,1859,2428,4287,11481,9646,21127,2018-11-01
KY9,66,79,145,747,749,1496,2018-11-01
KY10,369,513,882,3355,3099,6454,2018-11-01
KY11,3161,3995,7156,21619,19221,40840,2018-11-01
KY12,1861,2218,4079,14208,12586,26794,2018-11-01
KY13,359,399,758,4579,4529,9108,2018-11-01
KY14,228,312,540,2648,2380,5028,2018-11-01
KY15,761,992,1753,8141,7603,15744,2018-11-01
KY16,1134,1363,2497,6344,5787,12131,2018-11-01
L1,626,550,1176,1398,815,2213,2018-11-01
L2,78,44,122,240,109,349,2018-11-01
L3,1072,1017,2089,3312,2108,5420,2018-11-01
L4,3932,4858,8790,9772,6576,16348,2018-11-01
L5,1464,1802,3266,3127,1820,4947,2018-11-01
L6,2744,2842,5586,5188,2865,8053,2018-11-01
L7,2490,2276,4766,3735,1923,5658,2018-11-01
L8,4321,4387,8708,6971,4124,11095,2018-11-01
L9,2297,3054,5351,9097,6863,15960,2018-11-01
L10,907,1305,2212,5025,4104,9129,2018-11-01
L11,2470,3350,5820,7128,5240,12368,2018-11-01
L12,1697,2203,3900,10713,9564,20277,2018-11-01
L13,2688,3256,5944,8192,5872,14064,2018-11-01
L14,2146,3029,5175,7630,6045,13675,2018-11-01
L15,2464,2739,5203,7151,5415,12566,2018-11-01
L16,691,860,1551,5401,4940,10341,2018-11-01
L17,1617,1719,3336,7118,5981,13099,2018-11-01
L18,1295,1566,2861,8896,8109,17005,2018-11-01
L19,1541,1829,3370,7692,6566,14258,2018-11-01
L20,3174,3734,6908,8348,5699,14047,2018-11-01
L21,1963,2587,4550,6886,5244,12130,2018-11-01
L22,961,1068,2029,4536,3770,8306,2018-11-01
L23,1596,1950,3546,11109,10195,21304,2018-11-01
L24,1302,1821,3123,4505,3306,7811,2018-11-01
L25,2000,2408,4408,11642,9969,21611,2018-11-01
L26,1051,1298,2349,5163,4530,9693,2018-11-01
L27,542,785,1327,1727,1270,2997,2018-11-01
L28,641,844,1485,1667,1014,2681,2018-11-01
L29,26,24,50,201,207,408,2018-11-01
L30,1510,1981,3491,5665,4386,10051,2018-11-01
L31,1249,1485,2734,11485,10380,21865,2018-11-01
L32,1760,2298,4058,5782,4246,10028,2018-11-01
L33,1600,2100,3700,4862,3714,8576,2018-11-01
L34,625,761,1386,4462,3696,8158,2018-11-01
L35,1704,2360,4064,10597,8631,19228,2018-11-01
L36,3132,4286,7418,12197,9812,22009,2018-11-01
L37,837,944,1781,9188,9002,18190,2018-11-01
L38,86,109,195,1079,1072,2151,2018-11-01
L39,1032,1170,2202,10142,9512,19654,2018-11-01
L40,604,628,1232,7483,6902,14385,2018-11-01
L41,120,135,255,118,60,178,2018-11-01
L42,62,47,109,87,38,125,2018-11-01
L43,92,137,229,170,143,313,2018-11-01
L44,49,32,81,86,29,115,2018-11-01
L45,20,24,44,68,43,111,2018-11-01
L46,18,26,44,92,42,134,2018-11-01
L47,15,13,28,43,32,75,2018-11-01
L48,13,14,27,56,47,103,2018-11-01
L49,24,36,60,63,54,117,2018-11-01
L52,0,1,1,0,0,0,2018-11-01
L60,6,17,23,105,106,211,2018-11-01
L61,13,12,25,49,59,108,2018-11-01
L62,30,33,63,75,54,129,2018-11-01
L63,22,19,41,89,52,141,2018-11-01
L64,28,25,53,126,112,238,2018-11-01
L65,26,27,53,62,36,98,2018-11-01
L66,27,30,57,137,115,252,2018-11-01
L67,0,1,1,0,0,0,2018-11-01
L69,19,5,24,32,6,38,2018-11-01
L71,0,1,1,0,0,0,2018-11-01
LA0,0,0,0,0,1,1,2018-11-01
LA1,3323,3860,7183,14987,12535,27522,2018-11-01
LA2,636,746,1382,8533,8146,16679,2018-11-01
LA3,1407,1638,3045,8971,7777,16748,2018-11-01
LA4,1474,1730,3204,8677,7293,15970,2018-11-01
LA5,524,619,1143,6389,6158,12547,2018-11-01
LA6,320,395,715,5492,5434,10926,2018-11-01
LA7,127,150,277,2035,1984,4019,2018-11-01
LA8,200,231,431,3798,3654,7452,2018-11-01
LA9,1157,1457,2614,11500,10490,21990,2018-11-01
LA10,107,100,207,1417,1340,2757,2018-11-01
LA11,236,298,534,4046,3949,7995,2018-11-01
LA12,675,829,1504,8035,7243,15278,2018-11-01
LA13,1011,1273,2284,6777,5839,12616,2018-11-01
LA14,2506,2969,5475,11823,9370,21193,2018-11-01
LA15,344,458,802,2781,2420,5201,2018-11-01
LA16,98,140,238,1366,1199,2565,2018-11-01
LA17,20,34,54,492,473,965,2018-11-01
LA18,368,475,843,2936,2388,5324,2018-11-01
LA19,15,38,53,428,392,820,2018-11-01
LA20,15,32,47,524,484,1008,2018-11-01
LA21,32,46,78,407,366,773,2018-11-01
LA22,224,242,466,1846,1694,3540,2018-11-01
LA23,427,448,875,3344,2976,6320,2018-11-01
LD0,0,0,0,1,0,1,2018-11-01
LD1,344,440,784,4506,4016,8522,2018-11-01
LD2,159,186,345,2214,1990,4204,2018-11-01
LD3,761,821,1582,7594,6945,14539,2018-11-01
LD4,16,21,37,315,305,620,2018-11-01
LD5,26,47,73,440,380,820,2018-11-01
LD6,74,115,189,1090,966,2056,2018-11-01
LD7,135,165,300,1858,1687,3545,2018-11-01
LD8,110,119,229,1825,1727,3552,2018-11-01
LE0,0,0,0,1,0,1,2018-11-01
LE1,1660,1526,3186,2711,1325,4036,2018-11-01
LE2,8946,9938,18884,35287,27889,63176,2018-11-01
LE3,7716,8995,16711,32642,24476,57118,2018-11-01
LE4,8718,10609,19327,32221,23732,55953,2018-11-01
LE5,8251,9433,17684,27943,20185,48128,2018-11-01
LE6,359,443,802,4897,4453,9350,2018-11-01
LE7,1362,1724,3086,18970,17626,36596,2018-11-01
LE8,1038,1318,2356,14768,14282,29050,2018-11-01
LE9,1794,2311,4105,22621,20484,43105,2018-11-01
LE10,1729,2163,3892,19783,17458,37241,2018-11-01
LE11,3771,3893,7664,19224,14826,34050,2018-11-01
LE12,2002,2477,4479,25410,23642,49052,2018-11-01
LE13,1073,1360,2433,9916,8623,18539,2018-11-01
LE14,402,502,904,7384,6992,14376,2018-11-01
LE15,1000,1368,2368,12867,12152,25019,2018-11-01
LE16,1243,1427,2670,13910,13103,27013,2018-11-01
LE17,524,709,1233,8985,8203,17188,2018-11-01
LE18,1398,1844,3242,11722,10181,21903,2018-11-01
LE19,453,585,1038,5764,5421,11185,2018-11-01
LE62,0,1,1,0,0,0,2018-11-01
LE65,511,629,1140,6077,5557,11634,2018-11-01
LE67,2207,2856,5063,23203,20312,43515,2018-11-01
LL1,2,1,3,11,8,19,2018-11-01
LL2,0,0,0,3,0,3,2018-11-01
LL10,0,0,0,1,0,1,2018-11-01
LL11,1869,2409,4278,13314,11217,24531,2018-11-01
LL12,1227,1364,2591,10438,9512,19950,2018-11-01
LL13,2291,2588,4879,10875,8850,19725,2018-11-01
LL14,1692,2376,4068,11032,9005,20037,2018-11-01
LL15,367,434,801,4038,3761,7799,2018-11-01
LL16,649,801,1450,5639,5128,10767,2018-11-01
LL17,184,237,421,2166,2037,4203,2018-11-01
LL18,2505,3235,5740,13857,11722,25579,2018-11-01
LL19,973,1282,2255,7064,6332,13396,2018-11-01
LL20,353,380,733,3191,2721,5912,2018-11-01
LL21,200,258,458,2600,2330,4930,2018-11-01
LL22,679,873,1552,6961,6142,13103,2018-11-01
LL23,120,136,256,1561,1357,2918,2018-11-01
LL24,58,75,133,876,722,1598,2018-11-01
LL25,19,15,34,182,171,353,2018-11-01
LL26,177,246,423,1614,1405,3019,2018-11-01
LL27,34,48,82,324,277,601,2018-11-01
LL28,508,616,1124,5081,4891,9972,2018-11-01
LL29,1192,1412,2604,6782,5939,12721,2018-11-01
LL30,1089,1339,2428,7335,6479,13814,2018-11-01
LL31,376,516,892,3630,3412,7042,2018-11-01
LL32,293,362,655,2428,2265,4693,2018-11-01
LL33,196,239,435,1374,1232,2606,2018-11-01
LL34,182,283,465,1570,1412,2982,2018-11-01
LL35,18,27,45,291,256,547,2018-11-01
LL36,149,216,365,1663,1451,3114,2018-11-01
LL37,19,22,41,245,191,436,2018-11-01
LL38,13,40,53,271,205,476,2018-11-01
LL39,9,15,24,89,76,165,2018-11-01
LL40,160,196,356,1551,1366,2917,2018-11-01
LL41,312,415,727,2145,1722,3867,2018-11-01
LL42,134,177,311,768,620,1388,2018-11-01
LL43,14,17,31,215,188,403,2018-11-01
LL44,21,40,61,377,360,737,2018-11-01
LL45,28,21,49,234,233,467,2018-11-01
LL46,54,63,117,661,603,1264,2018-11-01
LL47,12,32,44,230,195,425,2018-11-01
LL48,94,132,226,906,799,1705,2018-11-01
LL49,208,222,430,1495,1264,2759,2018-11-01
LL51,29,32,61,345,283,628,2018-11-01
LL52,79,89,168,1019,952,1971,2018-11-01
LL53,503,594,1097,6091,5590,11681,2018-11-01
LL54,412,518,930,4091,3694,7785,2018-11-01
LL55,985,1205,2190,7272,6441,13713,2018-11-01
LL56,108,87,195,812,780,1592,2018-11-01
LL57,1694,1761,3455,7512,6262,13774,2018-11-01
LL58,139,195,334,1396,1285,2681,2018-11-01
LL59,259,255,514,2050,1945,3995,2018-11-01
LL60,106,116,222,1183,1099,2282,2018-11-01
LL61,215,237,452,2294,2194,4488,2018-11-01
LL62,66,45,111,708,657,1365,2018-11-01
LL63,49,62,111,523,462,985,2018-11-01
LL64,33,34,67,323,290,613,2018-11-01
LL65,1228,1495,2723,8269,6991,15260,2018-11-01
LL66,8,11,19,112,94,206,2018-11-01
LL67,51,77,128,502,455,957,2018-11-01
LL68,245,332,577,2289,1976,4265,2018-11-01
LL69,26,32,58,270,223,493,2018-11-01
LL70,12,14,26,120,118,238,2018-11-01
LL71,69,77,146,719,652,1371,2018-11-01
LL72,37,49,86,276,246,522,2018-11-01
LL73,1,2,3,96,90,186,2018-11-01
LL74,72,76,148,974,929,1903,2018-11-01
LL75,54,52,106,554,521,1075,2018-11-01
LL76,9,10,19,119,108,227,2018-11-01
LL77,271,364,635,2524,2354,4878,2018-11-01
LL78,11,16,27,214,204,418,2018-11-01
LN1,1222,1424,2646,9751,8455,18206,2018-11-01
LN2,2132,2548,4680,13137,11421,24558,2018-11-01
LN3,270,328,598,3871,3522,7393,2018-11-01
LN4,1240,1641,2881,15288,13805,29093,2018-11-01
LN5,1886,2035,3921,11301,9331,20632,2018-11-01
LN6,2508,3099,5607,21471,19273,40744,2018-11-01
LN7,204,251,455,2561,2355,4916,2018-11-01
LN8,546,715,1261,7091,6391,13482,2018-11-01
LN9,315,380,695,3842,3473,7315,2018-11-01
LN10,149,168,317,2498,2361,4859,2018-11-01
LN11,1048,1309,2357,10859,10047,20906,2018-11-01
LN12,567,728,1295,5011,3907,8918,2018-11-01
LN13,303,358,661,3194,2883,6077,2018-11-01
LS0,0,1,1,0,0,0,2018-11-01
LS1,283,266,549,858,501,1359,2018-11-01
LS2,911,761,1672,1380,628,2008,2018-11-01
LS3,356,322,678,538,274,812,2018-11-01
LS4,786,814,1600,2241,1505,3746,2018-11-01
LS5,628,721,1349,2384,1831,4215,2018-11-01
LS6,3280,3117,6397,8564,6362,14926,2018-11-01
LS7,3048,3589,6637,8359,6527,14886,2018-11-01
LS8,4549,4974,9523,14770,11464,26234,2018-11-01
LS9,4284,5037,9321,9007,5039,14046,2018-11-01
LS10,2827,3907,6734,10287,7141,17428,2018-11-01
LS11,3728,4294,8022,9147,5225,14372,2018-11-01
LS12,3155,3798,6953,12197,8774,20971,2018-11-01
LS13,2527,3436,5963,10827,8477,19304,2018-11-01
LS14,2671,3591,6262,10402,8056,18458,2018-11-01
LS15,1813,2277,4090,12639,10832,23471,2018-11-01
LS16,1699,2134,3833,13005,12056,25061,2018-11-01
LS17,1767,2390,4157,16929,15788,32717,2018-11-01
LS18,1208,1051,2259,8088,6943,15031,2018-11-01
LS19,807,1040,1847,7397,6829,14226,2018-11-01
LS20,503,561,1064,4833,4616,9449,2018-11-01
LS21,714,870,1584,6952,6491,13443,2018-11-01
LS22,484,542,1026,6436,6241,12677,2018-11-01
LS23,260,292,552,3421,3389,6810,2018-11-01
LS24,378,477,855,4723,4350,9073,2018-11-01
LS25,1511,2140,3651,15489,13912,29401,2018-11-01
LS26,1330,1813,3143,10981,9708,20689,2018-11-01
LS27,1826,2435,4261,12815,10645,23460,2018-11-01
LS28,1706,2389,4095,14251,12863,27114,2018-11-01
LS29,1060,1177,2237,12520,12460,24980,2018-11-01
LS70,0,0,0,1,0,1,2018-11-01
LU1,5688,5242,10930,14571,9007,23578,2018-11-01
LU2,3950,4777,8727,21627,17343,38970,2018-11-01
LU3,4943,6235,11178,21608,16030,37638,2018-11-01
LU4,4894,6207,11101,17659,11818,29477,2018-11-01
LU5,2026,2651,4677,14870,12283,27153,2018-11-01
LU6,1276,1628,2904,13447,11832,25279,2018-11-01
LU7,1981,2427,4408,23044,20919,43963,2018-11-01
M0,20,8,28,29,16,45,2018-11-01
M1,975,693,1668,2504,1212,3716,2018-11-01
M2,17,13,30,60,34,94,2018-11-01
M3,1070,900,1970,3614,2037,5651,2018-11-01
M4,1000,768,1768,3387,2096,5483,2018-11-01
M4,0,0,0,1,0,1,2018-11-01
M5,1769,1837,3606,4559,2892,7451,2018-11-01
M6,3229,3224,6453,9627,6727,16354,2018-11-01
M7,3266,2834,6100,8218,5497,13715,2018-11-01
M8,4744,4262,9006,9894,5524,15418,2018-11-01
M9,3945,4895,8840,11062,7970,19032,2018-11-01
M10,88,74,162,74,26,100,2018-11-01
M11,2447,3110,5557,5594,3559,9153,2018-11-01
M12,2956,2599,5555,4707,2450,7157,2018-11-01
M13,3749,3058,6807,5756,2909,8665,2018-11-01
M14,5930,5147,11077,10440,6282,16722,2018-11-01
M15,2519,2027,4546,5252,2871,8123,2018-11-01
M16,3726,4030,7756,11130,8093,19223,2018-11-01
M17,3,5,8,15,3,18,2018-11-01
M18,2562,3046,5608,5991,3952,9943,2018-11-01
M19,3820,3905,7725,11183,8110,19293,2018-11-01
M20,3323,3561,6884,15542,13439,28981,2018-11-01
M21,2129,2417,4546,9944,8726,18670,2018-11-01
M22,3664,4515,8179,12196,9412,21608,2018-11-01
M23,2414,2971,5385,9360,7702,17062,2018-11-01
M24,3272,3936,7208,15459,12617,28076,2018-11-01
M25,1863,2183,4046,11008,9542,20550,2018-11-01
M26,1989,2518,4507,12080,10347,22427,2018-11-01
M27,2340,2859,5199,13849,11721,25570,2018-11-01
M28,1796,2163,3959,15036,13736,28772,2018-11-01
M29,975,1219,2194,8721,7773,16494,2018-11-01
M30,2680,3156,5836,11938,9195,21133,2018-11-01
M31,719,875,1594,2513,2108,4621,2018-11-01
M32,2063,2477,4540,9466,8124,17590,2018-11-01
M33,2807,3276,6083,22477,20545,43022,2018-11-01
M34,2549,3096,5645,16336,13841,30177,2018-11-01
M35,1252,1553,2805,6918,5722,12640,2018-11-01
M38,1135,1505,2640,3728,2715,6443,2018-11-01
M39,0,1,1,1,0,1,2018-11-01
M40,4232,5059,9291,11767,8352,20119,2018-11-01
M41,1868,2161,4029,15373,14229,29602,2018-11-01
M43,1386,1970,3356,7843,6295,14138,2018-11-01
M44,1075,1425,2500,6807,5691,12498,2018-11-01
M45,1238,1595,2833,7991,7066,15057,2018-11-01
M46,1106,1354,2460,7487,6157,13644,2018-11-01
M47,1,0,1,0,0,0,2018-11-01
M50,272,263,535,1296,772,2068,2018-11-01
M51,0,0,0,1,0,1,2018-11-01
M52,0,0,0,1,0,1,2018-11-01
M54,0,0,0,1,0,1,2018-11-01
M60,40,20,60,62,16,78,2018-11-01
M61,0,1,1,0,0,0,2018-11-01
M70,1,1,2,4,1,5,2018-11-01
M73,0,0,0,1,0,1,2018-11-01
M74,0,0,0,2,0,2,2018-11-01
M87,0,1,1,0,0,0,2018-11-01
M90,1,0,1,1,0,1,2018-11-01
ME1,1738,2185,3923,11082,9419,20501,2018-11-01
ME2,2140,2787,4927,14924,12895,27819,2018-11-01
ME3,1068,1318,2386,11389,10366,21755,2018-11-01
ME4,2708,3031,5739,9948,7092,17040,2018-11-01
ME5,2419,3247,5666,19513,17042,36555,2018-11-01
ME6,472,645,1117,4004,3581,7585,2018-11-01
ME7,3673,4610,8283,17022,13410,30432,2018-11-01
ME8,2076,2573,4649,18929,16835,35764,2018-11-01
ME9,783,900,1683,9068,8307,17375,2018-11-01
ME10,2617,3112,5729,17376,14885,32261,2018-11-01
ME11,267,336,603,1179,916,2095,2018-11-01
ME12,2164,2814,4978,13922,11348,25270,2018-11-01
ME13,1294,1605,2899,10246,9266,19512,2018-11-01
ME14,1450,1616,3066,12394,10668,23062,2018-11-01
ME15,2489,3149,5638,18631,15698,34329,2018-11-01
ME16,1440,1842,3282,11870,10240,22110,2018-11-01
ME17,719,846,1565,10153,9242,19395,2018-11-01
ME18,210,243,453,2976,2787,5763,2018-11-01
ME19,712,888,1600,9197,8942,18139,2018-11-01
ME20,781,935,1716,8162,7634,15796,2018-11-01
ME21,0,0,0,1,0,1,2018-11-01
ME22,0,0,0,1,0,1,2018-11-01
ME24,0,1,1,4,5,9,2018-11-01
ME30,0,0,0,1,0,1,2018-11-01
ME37,0,0,0,0,1,1,2018-11-01
ME38,0,0,0,1,0,1,2018-11-01
ME39,0,0,0,1,0,1,2018-11-01
ME50,0,0,0,1,0,1,2018-11-01
MK0,0,0,0,0,1,1,2018-11-01
MK1,78,59,137,303,175,478,2018-11-01
MK2,1304,1760,3064,5074,3727,8801,2018-11-01
MK3,1328,1784,3112,9138,8030,17168,2018-11-01
MK4,1062,1408,2470,8069,7591,15660,2018-11-01
MK5,859,1029,1888,5666,5205,10871,2018-11-01
MK6,3425,4045,7470,9135,6139,15274,2018-11-01
MK7,777,943,1720,5668,5124,10792,2018-11-01
MK8,698,905,1603,4772,4189,8961,2018-11-01
MK9,465,423,888,1272,681,1953,2018-11-01
MK10,795,1096,1891,6594,6060,12654,2018-11-01
MK11,492,662,1154,3182,2812,5994,2018-11-01
MK12,1103,1341,2444,4850,3650,8500,2018-11-01
MK13,1523,1824,3347,6800,5409,12209,2018-11-01
MK14,1774,2070,3844,7690,5954,13644,2018-11-01
MK15,392,461,853,2884,2649,5533,2018-11-01
MK16,734,866,1600,7356,6854,14210,2018-11-01
MK17,492,558,1050,7687,7489,15176,2018-11-01
MK18,1485,1538,3023,12882,12457,25339,2018-11-01
MK19,362,433,795,4876,4607,9483,2018-11-01
MK20,0,1,1,0,0,0,2018-11-01
MK34,1,0,1,1,0,1,2018-11-01
MK40,2723,2758,5481,11707,8732,20439,2018-11-01
MK41,2206,2623,4829,15605,14022,29627,2018-11-01
MK42,3247,4510,7757,17181,13805,30986,2018-11-01
MK43,1356,1359,2715,14822,14191,29013,2018-11-01
MK44,456,477,933,6814,6558,13372,2018-11-01
MK45,1481,1651,3132,18624,17552,36176,2018-11-01
MK46,255,312,567,3668,3549,7217,2018-11-01
ML1,3142,4071,7213,18411,15113,33524,2018-11-01
ML2,2235,2840,5075,12567,10295,22862,2018-11-01
ML3,2926,3745,6671,17602,14655,32257,2018-11-01
ML4,1462,1994,3456,6858,5502,12360,2018-11-01
ML5,2923,3790,6713,14468,11579,26047,2018-11-01
ML6,2938,3895,6833,18312,15391,33703,2018-11-01
ML7,740,1028,1768,5127,4167,9294,2018-11-01
ML8,669,960,1629,7215,6546,13761,2018-11-01
ML9,1174,1665,2839,8112,6890,15002,2018-11-01
ML10,411,464,875,4193,3986,8179,2018-11-01
ML11,1334,1888,3222,12755,11164,23919,2018-11-01
ML12,238,384,622,3582,3309,6891,2018-11-01
N0,1,0,1,1,1,2,2018-11-01
N1,10784,11802,22586,25617,18432,44049,2018-11-01
N1,75,100,175,226,139,365,2018-11-01
N1,0,1,1,0,1,1,2018-11-01
N1,0,1,1,0,0,0,2018-11-01
N1,1,0,1,0,0,0,2018-11-01
N1,0,0,0,0,1,1,2018-11-01
N2,2213,2433,4646,9161,8080,17241,2018-11-01
N2,0,0,0,0,1,1,2018-11-01
N3,2413,2653,5066,11749,9932,21681,2018-11-01
N4,7381,7003,14384,15599,10751,26350,2018-11-01
N5,2439,2785,5224,7688,6193,13881,2018-11-01
N6,1469,1785,3254,7177,6411,13588,2018-11-01
N7,6062,6384,12446,13306,9120,22426,2018-11-01
N8,4717,4712,9429,13245,10512,23757,2018-11-01
N9,6576,7811,14387,15595,11040,26635,2018-11-01
N10,2468,2872,5340,9451,8315,17766,2018-11-01
N11,2999,3257,6256,10776,8237,19013,2018-11-01
N12,2714,3025,5739,12435,10353,22788,2018-11-01
N13,3247,3332,6579,12249,9413,21662,2018-11-01
N14,2023,2378,4401,12124,10236,22360,2018-11-01
N15,8160,7276,15436,13541,7729,21270,2018-11-01
N16,9244,8523,17767,17846,11853,29699,2018-11-01
N17,11999,11933,23932,18788,11380,30168,2018-11-01
N18,4601,5348,9949,9749,6489,16238,2018-11-01
N19,4361,4937,9298,10076,7746,17822,2018-11-01
N20,1309,1477,2786,7932,7312,15244,2018-11-01
N21,1268,1428,2696,9217,8399,17616,2018-11-01
N22,6347,6139,12486,14593,9569,24162,2018-11-01
N41,0,0,0,0,1,1,2018-11-01
NE1,805,606,1411,1798,760,2558,2018-11-01
NE2,1532,1399,2931,5580,4084,9664,2018-11-01
NE2,0,0,0,1,0,1,2018-11-01
NE3,2874,3686,6560,17866,15412,33278,2018-11-01
NE4,4915,4268,9183,9177,4826,14003,2018-11-01
NE5,2999,4197,7196,14441,10903,25344,2018-11-01
NE6,4340,4978,9318,11988,8051,20039,2018-11-01
NE7,814,1005,1819,5273,4451,9724,2018-11-01
NE8,3137,3146,6283,8247,4764,13011,2018-11-01
NE9,2196,2870,5066,11300,8857,20157,2018-11-01
NE10,2303,3084,5387,10049,7232,17281,2018-11-01
NE11,936,1270,2206,5211,3965,9176,2018-11-01
NE12,1960,2632,4592,11517,9665,21182,2018-11-01
NE13,573,695,1268,5998,5586,11584,2018-11-01
NE15,2122,2869,4991,10293,7919,18212,2018-11-01
NE16,1010,1451,2461,8908,7644,16552,2018-11-01
NE17,265,340,605,1497,1241,2738,2018-11-01
NE18,26,29,55,393,377,770,2018-11-01
NE19,38,73,111,876,839,1715,2018-11-01
NE20,315,350,665,5115,5007,10122,2018-11-01
NE21,939,1306,2245,5768,4526,10294,2018-11-01
NE22,817,1050,1867,6087,5265,11352,2018-11-01
NE23,1826,2637,4463,13523,11446,24969,2018-11-01
NE24,2066,2894,4960,12554,10179,22733,2018-11-01
NE25,1189,1604,2793,11034,10136,21170,2018-11-01
NE26,864,999,1863,7024,6491,13515,2018-11-01
NE27,624,902,1526,4640,4045,8685,2018-11-01
NE28,3063,4128,7191,13471,10346,23817,2018-11-01
NE29,2454,3090,5544,10312,8256,18568,2018-11-01
NE30,921,1064,1985,7912,7272,15184,2018-11-01
NE31,1343,1692,3035,6422,5092,11514,2018-11-01
NE32,1634,2165,3799,7445,5793,13238,2018-11-01
NE33,2275,2182,4457,7974,5610,13584,2018-11-01
NE34,3168,4143,7311,15775,12667,28442,2018-11-01
NE35,359,471,830,2100,1696,3796,2018-11-01
NE36,251,304,555,2491,2333,4824,2018-11-01
NE37,1375,1926,3301,6019,4637,10656,2018-11-01
NE38,1798,2454,4252,11043,9201,20244,2018-11-01
NE39,339,503,842,3086,2687,5773,2018-11-01
NE40,692,970,1662,5315,4600,9915,2018-11-01
NE41,70,65,135,879,826,1705,2018-11-01
NE42,551,824,1375,4305,3850,8155,2018-11-01
NE43,116,133,249,1826,1756,3582,2018-11-01
NE44,22,28,50,438,438,876,2018-11-01
NE45,112,142,254,1450,1403,2853,2018-11-01
NE46,563,746,1309,5646,5326,10972,2018-11-01
NE47,237,301,538,3115,2945,6060,2018-11-01
NE48,96,160,256,1787,1548,3335,2018-11-01
NE49,154,259,413,1595,1273,2868,2018-11-01
NE61,1160,1564,2724,12434,11375,23809,2018-11-01
NE62,392,562,954,3284,2728,6012,2018-11-01
NE63,1641,2245,3886,8743,6803,15546,2018-11-01
NE64,363,508,871,1888,1470,3358,2018-11-01
NE65,644,897,1541,7789,7111,14900,2018-11-01
NE66,550,787,1337,6610,6032,12642,2018-11-01
NE67,19,18,37,367,366,733,2018-11-01
NE68,53,60,113,730,658,1388,2018-11-01
NE69,7,10,17,145,151,296,2018-11-01
NE70,55,79,134,694,666,1360,2018-11-01
NE71,87,114,201,1173,1078,2251,2018-11-01
NE99,5,0,5,7,0,7,2018-11-01
NG1,1054,883,1937,2225,1162,3387,2018-11-01
NG1,0,0,0,0,1,1,2018-11-01
NG2,3755,4293,8048,18358,15199,33557,2018-11-01
NG3,3765,4775,8540,14736,11263,25999,2018-11-01
NG4,2044,2766,4810,13988,11916,25904,2018-11-01
NG5,5557,7608,13165,27936,23267,51203,2018-11-01
NG6,2882,4030,6912,10599,8025,18624,2018-11-01
NG7,5602,5149,10751,10398,5572,15970,2018-11-01
NG8,4747,6546,11293,18710,14561,33271,2018-11-01
NG9,3995,4625,8620,25162,21397,46559,2018-11-01
NG10,2449,3009,5458,16746,14274,31020,2018-11-01
NG11,2209,2961,5170,12306,10047,22353,2018-11-01
NG12,1167,1488,2655,12979,12301,25280,2018-11-01
NG13,656,798,1454,8513,8108,16621,2018-11-01
NG14,587,727,1314,7471,7016,14487,2018-11-01
NG15,1818,2523,4341,15506,13339,28845,2018-11-01
NG16,2628,3467,6095,23628,20246,43874,2018-11-01
NG17,3568,4568,8136,24962,20786,45748,2018-11-01
NG18,2414,2706,5120,14292,11978,26270,2018-11-01
NG19,2486,3153,5639,18496,15460,33956,2018-11-01
NG20,1519,2067,3586,8863,6884,15747,2018-11-01
NG21,949,1230,2179,8408,7348,15756,2018-11-01
NG22,1129,1400,2529,10449,9228,19677,2018-11-01
NG23,424,460,884,7552,7352,14904,2018-11-01
NG24,2304,2950,5254,16451,13711,30162,2018-11-01
NG25,291,351,642,3356,3318,6674,2018-11-01
NG31,2401,2997,5398,16082,13366,29448,2018-11-01
NG32,388,408,796,5612,5310,10922,2018-11-01
NG33,277,329,606,4128,3838,7966,2018-11-01
NG34,1540,1733,3273,15870,14551,30421,2018-11-01
NG54,0,1,1,0,0,0,2018-11-01
NN1,3468,3179,6647,10388,6518,16906,2018-11-01
NN2,2695,2974,5669,13595,10667,24262,2018-11-01
NN3,4905,6118,11023,27085,22369,49454,2018-11-01
NN4,2266,2845,5111,18329,16258,34587,2018-11-01
NN5,2295,2841,5136,15027,12238,27265,2018-11-01
NN6,970,1105,2075,14745,14158,28903,2018-11-01
NN7,820,984,1804,12170,11475,23645,2018-11-01
NN8,3430,4055,7485,17831,14200,32031,2018-11-01
NN9,947,1256,2203,10866,9647,20513,2018-11-01
NN10,1552,2033,3585,15039,13315,28354,2018-11-01
NN11,1800,2283,4083,15131,13053,28184,2018-11-01
NN12,762,865,1627,10141,9433,19574,2018-11-01
NN13,641,747,1388,8138,7637,15775,2018-11-01
NN14,1320,1667,2987,17834,16502,34336,2018-11-01
NN15,1420,1758,3178,14346,13123,27469,2018-11-01
NN16,2124,2489,4613,10302,7741,18043,2018-11-01
NN17,1944,2359,4303,10307,8192,18499,2018-11-01
NN18,2648,3345,5993,12249,9642,21891,2018-11-01
NN28,1,0,1,0,0,0,2018-11-01
NN29,354,416,770,4620,4283,8903,2018-11-01
NO3,0,1,1,0,0,0,2018-11-01
NP0,0,0,0,0,1,1,2018-11-01
NP1,89,98,187,245,173,418,2018-11-01
NP1,0,0,0,0,1,1,2018-11-01
NP2,34,31,65,143,76,219,2018-11-01
NP2,0,0,0,1,0,1,2018-11-01
NP3,36,41,77,128,74,202,2018-11-01
NP4,1805,2492,4297,16061,13887,29948,2018-11-01
NP5,13,13,26,51,49,100,2018-11-01
NP6,34,38,72,172,95,267,2018-11-01
NP7,845,1126,1971,10204,9499,19703,2018-11-01
NP8,133,201,334,2195,2122,4317,2018-11-01
NP9,77,45,122,189,84,273,2018-11-01
NP10,899,1164,2063,9161,8503,17664,2018-11-01
NP11,1712,2276,3988,12749,10611,23360,2018-11-01
NP12,1399,1923,3322,11445,9951,21396,2018-11-01
NP13,949,1400,2349,6506,4941,11447,2018-11-01
NP15,136,177,313,3236,3120,6356,2018-11-01
NP16,873,1028,1901,9048,8455,17503,2018-11-01
NP18,570,723,1293,6685,6189,12874,2018-11-01
NP19,3795,4495,8290,17074,13388,30462,2018-11-01
NP20,3437,4234,7671,16501,12995,29496,2018-11-01
NP21,0,0,0,1,0,1,2018-11-01
NP22,1120,1597,2717,7087,5597,12684,2018-11-01
NP23,1551,2189,3740,10982,8760,19742,2018-11-01
NP24,295,397,692,1473,1054,2527,2018-11-01
NP25,521,570,1091,6110,5682,11792,2018-11-01
NP26,783,966,1749,8911,8117,17028,2018-11-01
NP34,0,0,0,0,1,1,2018-11-01
NP41,0,0,0,1,0,1,2018-11-01
NP42,1,0,1,0,0,0,2018-11-01
NP44,2426,3102,5528,16369,14100,30469,2018-11-01
NR0,0,0,0,1,1,2,2018-11-01
NR1,1865,1926,3791,8642,6642,15284,2018-11-01
NR2,1650,1905,3555,7878,6730,14608,2018-11-01
NR3,2556,2850,5406,10497,7920,18417,2018-11-01
NR4,1151,1377,2528,7317,6672,13989,2018-11-01
NR5,1933,2273,4206,8998,7433,16431,2018-11-01
NR6,907,1108,2015,9281,8230,17511,2018-11-01
NR7,1213,1448,2661,12259,11073,23332,2018-11-01
NR8,619,758,1377,8364,8033,16397,2018-11-01
NR9,460,557,1017,7200,6933,14133,2018-11-01
NR10,665,797,1462,9216,8733,17949,2018-11-01
NR11,550,655,1205,7305,6944,14249,2018-11-01
NR12,614,727,1341,8527,7944,16471,2018-11-01
NR13,726,856,1582,10931,10451,21382,2018-11-01
NR14,719,738,1457,10173,9772,19945,2018-11-01
NR15,429,525,954,6290,6125,12415,2018-11-01
NR16,329,419,748,5161,4951,10112,2018-11-01
NR17,548,616,1164,6500,5894,12394,2018-11-01
NR18,629,762,1391,7057,6692,13749,2018-11-01
NR19,799,965,1764,7361,6559,13920,2018-11-01
NR20,549,684,1233,7731,7263,14994,2018-11-01
NR21,531,648,1179,6266,5703,11969,2018-11-01
NR22,40,50,90,324,307,631,2018-11-01
NR23,114,145,259,1152,1027,2179,2018-11-01
NR24,114,153,267,1735,1643,3378,2018-11-01
NR25,300,338,638,3291,3113,6404,2018-11-01
NR26,291,382,673,2976,2776,5752,2018-11-01
NR27,492,562,1054,4167,3805,7972,2018-11-01
NR28,627,750,1377,6453,5879,12332,2018-11-01
NR29,645,802,1447,8258,7531,15789,2018-11-01
NR30,2330,2432,4762,9267,6777,16044,2018-11-01
NR31,2597,3075,5672,17273,14510,31783,2018-11-01
NR32,2104,2296,4400,13599,11668,25267,2018-11-01
NR33,1745,2008,3753,14131,12535,26666,2018-11-01
NR34,712,899,1611,8695,7934,16629,2018-11-01
NR35,355,428,783,4290,3923,8213,2018-11-01
NW0,3,1,4,3,1,4,2018-11-01
NW1,7307,7846,15153,16361,10860,27221,2018-11-01
NW1,0,1,1,0,0,0,2018-11-01
NW2,11391,10083,21474,25770,16635,42405,2018-11-01
NW3,4824,5725,10549,19850,16600,36450,2018-11-01
NW4,3707,3783,7490,13394,10182,23576,2018-11-01
NW5,3453,3978,7431,8362,6628,14990,2018-11-01
NW5,0,1,1,0,0,0,2018-11-01
NW6,8718,8754,17472,22164,16892,39056,2018-11-01
NW7,1979,2424,4403,10742,9495,20237,2018-11-01
NW8,4035,4820,8855,12515,9542,22057,2018-11-01
NW9,9362,9411,18773,26944,17682,44626,2018-11-01
NW10,17284,15877,33161,30838,19809,50647,2018-11-01
NW11,3640,3460,7100,14082,12126,26208,2018-11-01
NW12,3,1,4,2,2,4,2018-11-01
NW13,0,1,1,3,1,4,2018-11-01
NW14,1,0,1,1,1,2,2018-11-01
NW15,0,0,0,2,0,2,2018-11-01
NW16,4,1,5,3,0,3,2018-11-01
NW17,0,0,0,2,1,3,2018-11-01
NW18,1,0,1,1,1,2,2018-11-01
NW19,0,1,1,1,1,2,2018-11-01
NW20,0,1,1,1,0,1,2018-11-01
NW21,1,0,1,0,0,0,2018-11-01
NW22,1,0,1,2,0,2,2018-11-01
NW24,1,0,1,0,0,0,2018-11-01
NW25,0,0,0,0,2,2,2018-11-01
NW26,1,1,2,0,0,0,2018-11-01
NW28,0,0,0,0,1,1,2018-11-01
NW44,2,0,2,0,0,0,2018-11-01
NW51,1,0,1,0,0,0,2018-11-01
NW70,1,0,1,0,0,0,2018-11-01
NW77,0,1,1,0,0,0,2018-11-01
NW96,0,0,0,1,0,1,2018-11-01
NW99,2,0,2,1,0,1,2018-11-01
OL0,1,0,1,0,0,0,2018-11-01
OL1,1977,2334,4311,5957,4240,10197,2018-11-01
OL1,1,0,1,0,0,0,2018-11-01
OL2,1974,2501,4475,14686,12728,27414,2018-11-01
OL3,530,546,1076,6093,5844,11937,2018-11-01
OL4,2908,3491,6399,14405,11261,25666,2018-11-01
OL5,528,697,1225,4002,3463,7465,2018-11-01
OL6,2140,2586,4726,9250,6908,16158,2018-11-01
OL7,1128,1525,2653,5392,3958,9350,2018-11-01
OL8,3468,4249,7717,11333,7491,18824,2018-11-01
OL9,2993,3590,6583,12779,9409,22188,2018-11-01
OL10,1872,2277,4149,9260,7670,16930,2018-11-01
OL11,3068,3759,6827,14649,11667,26316,2018-11-01
OL12,2650,3381,6031,15475,12914,28389,2018-11-01
OL13,801,1067,1868,5631,4770,10401,2018-11-01
OL14,830,1087,1917,5291,4640,9931,2018-11-01
OL15,612,710,1322,5549,4951,10500,2018-11-01
OL16,2568,3079,5647,12074,9537,21611,2018-11-01
OX0,1,1,2,0,0,0,2018-11-01
OX1,1720,1404,3124,6164,4877,11041,2018-11-01
OX2,2983,3241,6224,13430,12276,25706,2018-11-01
OX3,3359,4157,7516,13529,11210,24739,2018-11-01
OX4,5891,6167,12058,17954,13492,31446,2018-11-01
OX5,1439,1470,2909,9285,8230,17515,2018-11-01
OX6,33,27,60,81,69,150,2018-11-01
OX7,825,1086,1911,9544,9113,18657,2018-11-01
OX8,48,47,95,181,149,330,2018-11-01
OX9,560,660,1220,5887,5621,11508,2018-11-01
OX10,1112,1324,2436,10265,9575,19840,2018-11-01
OX11,1607,2077,3684,14624,12959,27583,2018-11-01
OX12,1090,1310,2400,10467,9579,20046,2018-11-01
OX13,489,632,1121,5746,5353,11099,2018-11-01
OX14,2092,2513,4605,16846,14980,31826,2018-11-01
OX15,595,653,1248,8276,8082,16358,2018-11-01
OX16,2889,3669,6558,16536,13053,29589,2018-11-01
OX17,483,570,1053,7478,7233,14711,2018-11-01
OX18,919,1205,2124,9725,8882,18607,2018-11-01
OX20,196,231,427,1920,1940,3860,2018-11-01
OX23,0,0,0,1,0,1,2018-11-01
OX25,347,495,842,4059,3867,7926,2018-11-01
OX26,1787,2195,3982,12619,10918,23537,2018-11-01
OX27,225,304,529,2859,2847,5706,2018-11-01
OX28,1293,1557,2850,9895,9044,18939,2018-11-01
OX29,814,919,1733,9571,9094,18665,2018-11-01
OX33,294,288,582,3090,2981,6071,2018-11-01
OX39,170,216,386,3117,2968,6085,2018-11-01
OX44,250,356,606,3368,3200,6568,2018-11-01
OX49,112,149,261,1696,1742,3438,2018-11-01
PA0,0,0,0,1,0,1,2018-11-01
PA1,1478,1657,3135,6955,5523,12478,2018-11-01
PA2,2294,2951,5245,13210,11412,24622,2018-11-01
PA3,1962,2424,4386,6846,5197,12043,2018-11-01
PA4,1377,1786,3163,8372,7224,15596,2018-11-01
PA5,1368,1843,3211,6991,5644,12635,2018-11-01
PA6,158,208,366,2671,2653,5324,2018-11-01
PA7,209,271,480,2895,2738,5633,2018-11-01
PA8,757,972,1729,5344,4825,10169,2018-11-01
PA9,61,75,136,706,670,1376,2018-11-01
PA10,141,207,348,1454,1406,2860,2018-11-01
PA11,219,258,477,2267,2151,4418,2018-11-01
PA12,147,189,336,1274,1231,2505,2018-11-01
PA13,146,170,316,1806,1832,3638,2018-11-01
PA14,1263,1543,2806,4843,3977,8820,2018-11-01
PA15,1413,1631,3044,4518,3517,8035,2018-11-01
PA16,1971,2243,4214,8989,7981,16970,2018-11-01
PA17,76,84,160,910,833,1743,2018-11-01
PA18,76,106,182,1027,991,2018,2018-11-01
PA19,529,663,1192,4107,3670,7777,2018-11-01
PA20,351,456,807,2104,1710,3814,2018-11-01
PA21,39,32,71,342,287,629,2018-11-01
PA22,13,7,20,137,139,276,2018-11-01
PA23,744,924,1668,4311,3964,8275,2018-11-01
PA24,23,21,44,212,162,374,2018-11-01
PA25,0,4,4,26,25,51,2018-11-01
PA26,12,7,19,57,46,103,2018-11-01
PA27,18,40,58,299,291,590,2018-11-01
PA28,396,460,856,2559,2209,4768,2018-11-01
PA29,98,98,196,883,772,1655,2018-11-01
PA30,67,75,142,517,502,1019,2018-11-01
PA31,214,258,472,2026,1799,3825,2018-11-01
PA32,46,59,105,486,440,926,2018-11-01
PA33,34,29,63,310,262,572,2018-11-01
PA34,622,721,1343,3809,3297,7106,2018-11-01
PA35,51,79,130,553,533,1086,2018-11-01
PA36,1,1,2,22,15,37,2018-11-01
PA37,118,145,263,1161,1114,2275,2018-11-01
PA38,32,31,63,374,354,728,2018-11-01
PA39,3,0,3,3,6,9,2018-11-01
PA40,1,2,3,5,2,7,2018-11-01
PA41,11,15,26,57,51,108,2018-11-01
PA42,59,78,137,413,341,754,2018-11-01
PA43,50,62,112,293,257,550,2018-11-01
PA44,10,13,23,112,112,224,2018-11-01
PA45,14,12,26,58,44,102,2018-11-01
PA46,8,8,16,72,71,143,2018-11-01
PA47,5,8,13,69,60,129,2018-11-01
PA48,20,16,36,114,126,240,2018-11-01
PA49,5,11,16,71,75,146,2018-11-01
PA60,11,17,28,89,70,159,2018-11-01
PA61,7,15,22,60,53,113,2018-11-01
PA62,2,2,4,10,8,18,2018-11-01
PA63,1,0,1,3,4,7,2018-11-01
PA64,2,3,5,34,40,74,2018-11-01
PA65,13,9,22,87,83,170,2018-11-01
PA66,2,13,15,72,71,143,2018-11-01
PA67,16,13,29,100,99,199,2018-11-01
PA68,0,0,0,6,3,9,2018-11-01
PA69,1,1,2,10,6,16,2018-11-01
PA70,4,2,6,27,28,55,2018-11-01
PA71,1,0,1,24,18,42,2018-11-01
PA72,18,14,32,189,181,370,2018-11-01
PA73,3,3,6,24,23,47,2018-11-01
PA74,1,2,3,18,16,34,2018-11-01
PA75,65,82,147,584,558,1142,2018-11-01
PA76,4,7,11,60,64,124,2018-11-01
PA77,19,37,56,251,253,504,2018-11-01
PA78,13,13,26,76,64,140,2018-11-01
PA80,16,14,30,109,84,193,2018-11-01
PA81,4,6,10,19,10,29,2018-11-01
PA82,5,5,10,13,15,28,2018-11-01
PA83,0,0,0,2,1,3,2018-11-01
PA84,0,1,1,1,0,1,2018-11-01
PA85,3,3,6,2,5,7,2018-11-01
PA86,22,35,57,78,76,154,2018-11-01
PA87,27,38,65,50,38,88,2018-11-01
PA88,4,2,6,8,4,12,2018-11-01
PE1,4930,5037,9967,15693,9901,25594,2018-11-01
PE2,2929,3756,6685,17164,13940,31104,2018-11-01
PE3,2326,3017,5343,10239,7476,17715,2018-11-01
PE4,1503,1987,3490,10208,8845,19053,2018-11-01
PE5,41,42,83,635,601,1236,2018-11-01
PE6,1138,1518,2656,15084,14198,29282,2018-11-01
PE7,1695,2241,3936,17249,15342,32591,2018-11-01
PE8,582,713,1295,7142,6687,13829,2018-11-01
PE9,1214,1514,2728,12356,11689,24045,2018-11-01
PE10,787,1026,1813,9208,8595,17803,2018-11-01
PE11,1838,2202,4040,16723,13850,30573,2018-11-01
PE12,1296,1610,2906,16095,14197,30292,2018-11-01
PE13,1960,2095,4055,12882,10674,23556,2018-11-01
PE14,684,797,1481,8907,8137,17044,2018-11-01
PE15,1177,1469,2646,11152,9909,21061,2018-11-01
PE16,392,513,905,4282,3682,7964,2018-11-01
PE17,63,46,109,165,120,285,2018-11-01
PE18,50,80,130,121,97,218,2018-11-01
PE19,1800,2237,4037,17335,15773,33108,2018-11-01
PE20,498,607,1105,5743,5124,10867,2018-11-01
PE21,2588,2723,5311,14417,11410,25827,2018-11-01
PE22,506,600,1106,6945,6253,13198,2018-11-01
PE23,309,331,640,3481,3186,6667,2018-11-01
PE24,472,573,1045,4829,4004,8833,2018-11-01
PE25,1333,1476,2809,7358,5793,13151,2018-11-01
PE26,409,521,930,4583,4149,8732,2018-11-01
PE27,874,1116,1990,7809,6849,14658,2018-11-01
PE28,1502,1778,3280,19022,18108,37130,2018-11-01
PE29,1733,2179,3912,10262,8610,18872,2018-11-01
PE30,2711,3116,5827,14590,12312,26902,2018-11-01
PE31,512,584,1096,7823,7363,15186,2018-11-01
PE32,444,497,941,6369,6074,12443,2018-11-01
PE33,428,566,994,6221,5727,11948,2018-11-01
PE34,458,553,1011,5673,5156,10829,2018-11-01
PE35,3,2,5,38,32,70,2018-11-01
PE36,245,281,526,2304,2165,4469,2018-11-01
PE37,379,506,885,4189,3750,7939,2018-11-01
PE38,500,595,1095,5846,5204,11050,2018-11-01
PE99,0,0,0,1,0,1,2018-11-01
PH1,2455,3162,5617,14498,12280,26778,2018-11-01
PH2,1540,1752,3292,12819,11888,24707,2018-11-01
PH3,254,270,524,2563,2436,4999,2018-11-01
PH4,29,47,76,364,352,716,2018-11-01
PH5,20,52,72,338,312,650,2018-11-01
PH6,82,94,176,996,980,1976,2018-11-01
PH7,377,462,839,3376,3093,6469,2018-11-01
PH8,86,101,187,817,753,1570,2018-11-01
PH9,19,42,61,369,347,716,2018-11-01
PH10,468,495,963,4174,3825,7999,2018-11-01
PH11,130,172,302,1368,1172,2540,2018-11-01
PH12,51,66,117,814,722,1536,2018-11-01
PH13,190,209,399,1607,1401,3008,2018-11-01
PH14,40,81,121,862,825,1687,2018-11-01
PH15,164,208,372,1406,1215,2621,2018-11-01
PH16,171,202,373,1539,1434,2973,2018-11-01
PH17,10,7,17,82,61,143,2018-11-01
PH18,25,42,67,307,256,563,2018-11-01
PH19,2,4,6,42,35,77,2018-11-01
PH20,61,81,142,624,560,1184,2018-11-01
PH21,94,108,202,833,778,1611,2018-11-01
PH22,193,242,435,1251,1100,2351,2018-11-01
PH23,28,34,62,325,325,650,2018-11-01
PH24,22,20,42,310,284,594,2018-11-01
PH25,29,34,63,367,349,716,2018-11-01
PH26,161,170,331,1449,1322,2771,2018-11-01
PH30,0,0,0,6,2,8,2018-11-01
PH31,17,25,42,239,230,469,2018-11-01
PH32,37,44,81,277,250,527,2018-11-01
PH33,692,883,1575,4201,3550,7751,2018-11-01
PH34,31,47,78,441,406,847,2018-11-01
PH35,16,17,33,136,108,244,2018-11-01
PH36,33,68,101,523,472,995,2018-11-01
PH37,6,11,17,64,54,118,2018-11-01
PH38,11,13,24,88,82,170,2018-11-01
PH39,28,20,48,163,167,330,2018-11-01
PH40,21,17,38,126,100,226,2018-11-01
PH41,66,58,124,362,327,689,2018-11-01
PH42,2,7,9,40,31,71,2018-11-01
PH43,2,2,4,9,9,18,2018-11-01
PH44,3,1,4,3,5,8,2018-11-01
PH49,41,57,98,432,376,808,2018-11-01
PH50,42,78,120,314,238,552,2018-11-01
PL0,0,1,1,0,0,0,2018-11-01
PL1,2239,2194,4433,7115,4708,11823,2018-11-01
PL2,2264,2718,4982,9969,8205,18174,2018-11-01
PL3,1711,2066,3777,10767,9389,20156,2018-11-01
PL4,2811,2601,5412,8545,5838,14383,2018-11-01
PL5,2735,3765,6500,13556,11135,24691,2018-11-01
PL6,1926,2498,4424,15264,13543,28807,2018-11-01
PL7,1116,1414,2530,11638,10968,22606,2018-11-01
PL8,179,159,338,2495,2491,4986,2018-11-01
PL9,984,1239,2223,11223,10577,21800,2018-11-01
PL10,159,208,367,1314,1207,2521,2018-11-01
PL11,530,689,1219,3944,3462,7406,2018-11-01
PL12,851,1035,1886,8480,7864,16344,2018-11-01
PL13,364,475,839,3855,3411,7266,2018-11-01
PL14,866,1155,2021,9041,8462,17503,2018-11-01
PL15,602,762,1364,8057,7469,15526,2018-11-01
PL16,43,60,103,843,801,1644,2018-11-01
PL17,346,367,713,4112,3726,7838,2018-11-01
PL18,173,254,427,2063,1958,4021,2018-11-01
PL19,594,666,1260,6269,6053,12322,2018-11-01
PL20,413,501,914,4696,4583,9279,2018-11-01
PL21,585,716,1301,7027,6862,13889,2018-11-01
PL22,116,168,284,1427,1397,2824,2018-11-01
PL23,119,149,268,1239,1223,2462,2018-11-01
PL24,441,567,1008,3851,3563,7414,2018-11-01
PL25,1213,1340,2553,9342,8523,17865,2018-11-01
PL26,1160,1248,2408,10642,9536,20178,2018-11-01
PL27,385,502,887,4671,4506,9177,2018-11-01
PL28,187,198,385,1589,1541,3130,2018-11-01
PL29,37,25,62,373,359,732,2018-11-01
PL30,239,301,540,4437,4195,8632,2018-11-01
PL31,761,903,1664,5387,4625,10012,2018-11-01
PL32,144,190,334,1684,1581,3265,2018-11-01
PL33,67,75,142,740,713,1453,2018-11-01
PL34,65,77,142,699,656,1355,2018-11-01
PL35,31,40,71,403,397,800,2018-11-01
PO1,2720,3050,5770,6955,4551,11506,2018-11-01
PO2,3325,4176,7501,13283,10026,23309,2018-11-01
PO3,1219,1439,2658,7031,6010,13041,2018-11-01
PO4,2820,3220,6040,12993,10463,23456,2018-11-01
PO5,2545,2511,5056,7757,5337,13094,2018-11-01
PO6,2604,3145,5749,14212,12195,26407,2018-11-01
PO7,1690,2090,3780,16330,15021,31351,2018-11-01
PO8,1288,1552,2840,13964,13091,27055,2018-11-01
PO9,3104,4103,7207,16425,14224,30649,2018-11-01
PO10,634,771,1405,7341,6937,14278,2018-11-01
PO11,650,704,1354,7331,6720,14051,2018-11-01
PO12,2676,3158,5834,16311,14052,30363,2018-11-01
PO13,1977,2543,4520,12235,11076,23311,2018-11-01
PO14,1198,1360,2558,12946,12180,25126,2018-11-01
PO15,857,944,1801,8687,8040,16727,2018-11-01
PO16,1281,1378,2659,12315,11278,23593,2018-11-01
PO17,230,225,455,2812,2583,5395,2018-11-01
PO18,468,534,1002,5804,5695,11499,2018-11-01
PO19,1651,1931,3582,10544,10052,20596,2018-11-01
PO20,1192,1371,2563,13475,12811,26286,2018-11-01
PO21,2086,2125,4211,14582,12949,27531,2018-11-01
PO22,1153,1350,2503,11787,11052,22839,2018-11-01
PO30,1496,1749,3245,10233,9488,19721,2018-11-01
PO31,663,762,1425,5367,5072,10439,2018-11-01
PO32,423,478,901,3094,2853,5947,2018-11-01
PO33,1674,1994,3668,10727,9673,20400,2018-11-01
PO34,58,67,125,912,916,1828,2018-11-01
PO35,145,136,281,1449,1424,2873,2018-11-01
PO36,833,939,1772,5962,5433,11395,2018-11-01
PO37,482,513,995,3432,3008,6440,2018-11-01
PO38,580,661,1241,4944,4507,9451,2018-11-01
PO39,94,133,227,986,932,1918,2018-11-01
PO40,241,269,510,2160,2063,4223,2018-11-01
PO41,69,72,141,963,939,1902,2018-11-01
PR0,0,0,0,1,0,1,2018-11-01
PR1,5074,5721,10795,20569,15237,35806,2018-11-01
PR2,4117,5082,9199,26842,22883,49725,2018-11-01
PR3,941,1165,2106,15865,15010,30875,2018-11-01
PR4,1853,2303,4156,24357,22653,47010,2018-11-01
PR5,1632,2083,3715,15134,13390,28524,2018-11-01
PR6,1335,1616,2951,13528,12296,25824,2018-11-01
PR7,2077,2550,4627,22638,20631,43269,2018-11-01
PR8,2617,3030,5647,19525,17837,37362,2018-11-01
PR9,1938,2221,4159,15634,13725,29359,2018-11-01
PR23,0,0,0,1,0,1,2018-11-01
PR25,1369,1735,3104,11309,10306,21615,2018-11-01
PR26,471,516,987,5202,4868,10070,2018-11-01
QF62,0,0,0,1,0,1,2018-11-01
RG1,5352,5198,10550,14681,8898,23579,2018-11-01
RG2,3259,3899,7158,13992,10491,24483,2018-11-01
RG3,28,26,54,100,48,148,2018-11-01
RG4,1758,2163,3921,15467,14273,29740,2018-11-01
RG5,1101,1270,2371,10323,9511,19834,2018-11-01
RG6,2057,2218,4275,14570,12511,27081,2018-11-01
RG7,1112,1378,2490,13550,12859,26409,2018-11-01
RG8,769,704,1473,7922,7642,15564,2018-11-01
RG9,1004,990,1994,9494,9358,18852,2018-11-01
RG10,634,641,1275,7618,7316,14934,2018-11-01
RG11,33,26,59,95,65,160,2018-11-01
RG12,3051,3801,6852,21329,18421,39750,2018-11-01
RG13,29,42,71,87,71,158,2018-11-01
RG14,1989,2312,4301,14934,12764,27698,2018-11-01
RG15,19,25,44,71,57,128,2018-11-01
RG16,18,21,39,99,69,168,2018-11-01
RG17,605,666,1271,6023,5675,11698,2018-11-01
RG18,721,844,1565,7351,6773,14124,2018-11-01
RG19,720,788,1508,6547,6046,12593,2018-11-01
RG20,600,713,1313,8208,7939,16147,2018-11-01
RG21,2068,2346,4414,9766,7602,17368,2018-11-01
RG22,2053,2630,4683,15536,13575,29111,2018-11-01
RG23,550,672,1222,4965,4465,9430,2018-11-01
RG24,1556,2059,3615,12856,11380,24236,2018-11-01
RG25,287,318,605,3550,3337,6887,2018-11-01
RG26,795,964,1759,9101,8392,17493,2018-11-01
RG27,631,676,1307,9266,9227,18493,2018-11-01
RG28,224,285,509,2286,2067,4353,2018-11-01
RG29,191,274,465,2638,2564,5202,2018-11-01
RG30,3775,4501,8276,15996,12366,28362,2018-11-01
RG31,1163,1478,2641,11059,10055,21114,2018-11-01
RG33,0,0,0,0,1,1,2018-11-01
RG34,0,0,0,0,1,1,2018-11-01
RG40,1031,1120,2151,12032,11539,23571,2018-11-01
RG41,1035,1199,2234,11872,11521,23393,2018-11-01
RG42,1074,1158,2232,10784,10281,21065,2018-11-01
RG45,444,495,939,5579,5462,11041,2018-11-01
RH1,2502,2967,5469,18011,16159,34170,2018-11-01
RH2,995,1214,2209,10136,9751,19887,2018-11-01
RH3,130,117,247,1818,1798,3616,2018-11-01
RH4,687,814,1501,6054,5703,11757,2018-11-01
RH5,642,659,1301,6946,6623,13569,2018-11-01
RH6,1391,1518,2909,12803,11739,24542,2018-11-01
RH7,491,384,875,3853,3358,7211,2018-11-01
RH8,587,672,1259,6032,5983,12015,2018-11-01
RH9,187,224,411,2216,2220,4436,2018-11-01
RH10,3761,4058,7819,26458,22517,48975,2018-11-01
RH11,4519,5386,9905,20034,15510,35544,2018-11-01
RH12,1837,2150,3987,18863,17880,36743,2018-11-01
RH13,1318,1566,2884,15306,14558,29864,2018-11-01
RH14,504,590,1094,6402,6067,12469,2018-11-01
RH15,1422,1585,3007,12021,11422,23443,2018-11-01
RH16,1587,1870,3457,13557,12756,26313,2018-11-01
RH17,635,740,1375,7853,7751,15604,2018-11-01
RH18,283,301,584,1916,1951,3867,2018-11-01
RH19,1437,1636,3073,13992,12984,26976,2018-11-01
RH20,697,752,1449,10796,10720,21516,2018-11-01
RM1,1425,1646,3071,7651,6310,13961,2018-11-01
RM2,588,711,1299,5087,4599,9686,2018-11-01
RM3,2913,3899,6812,14801,12182,26983,2018-11-01
RM4,139,150,289,1983,1856,3839,2018-11-01
RM5,1208,1481,2689,6996,6114,13110,2018-11-01
RM6,3059,3740,6799,11535,8674,20209,2018-11-01
RM7,2145,2762,4907,10309,8361,18670,2018-11-01
RM8,4675,5537,10212,13584,9527,23111,2018-11-01
RM9,3800,4779,8579,11211,7558,18769,2018-11-01
RM10,4153,5190,9343,11775,8023,19798,2018-11-01
RM11,1371,1593,2964,12393,11534,23927,2018-11-01
RM12,1813,2174,3987,12872,11178,24050,2018-11-01
RM13,1993,2371,4364,10801,8898,19699,2018-11-01
RM14,1001,1081,2082,10650,9968,20618,2018-11-01
RM15,1822,2256,4078,10697,8708,19405,2018-11-01
RM16,1968,2504,4472,15584,13641,29225,2018-11-01
RM17,1973,2519,4492,10206,7475,17681,2018-11-01
RM18,1424,1892,3316,5771,4536,10307,2018-11-01
RM19,507,691,1198,2591,1874,4465,2018-11-01
RM20,468,617,1085,2404,1563,3967,2018-11-01
S1,591,421,1012,1055,466,1521,2018-11-01
S2,3832,4448,8280,10205,6672,16877,2018-11-01
S3,1921,1566,3487,3377,1495,4872,2018-11-01
S4,1440,1401,2841,3229,1755,4984,2018-11-01
S5,4599,6205,10804,16226,11500,27726,2018-11-01
S6,3196,3849,7045,18881,15766,34647,2018-11-01
S6,0,0,0,0,1,1,2018-11-01
S7,1237,1158,2395,5985,5015,11000,2018-11-01
S7,0,0,0,1,0,1,2018-11-01
S8,2615,3101,5716,14823,12480,27303,2018-11-01
S8,0,0,0,1,0,1,2018-11-01
S9,2172,2608,4780,8292,5174,13466,2018-11-01
S10,2235,2199,4434,13174,11660,24834,2018-11-01
S11,1734,1821,3555,10725,9818,20543,2018-11-01
S12,1534,2264,3798,11937,9407,21344,2018-11-01
S13,1508,2091,3599,9845,7827,17672,2018-11-01
S14,807,1060,1867,2163,1388,3551,2018-11-01
S16,0,0,0,0,1,1,2018-11-01
S17,464,564,1028,6091,5977,12068,2018-11-01
S18,697,865,1562,9602,9036,18638,2018-11-01
S19,4,9,13,49,35,84,2018-11-01
S20,1152,1609,2761,10917,9308,20225,2018-11-01
S21,776,1099,1875,7541,6378,13919,2018-11-01
S22,0,1,1,0,0,0,2018-11-01
S24,0,0,0,0,1,1,2018-11-01
S25,811,1178,1989,7716,6710,14426,2018-11-01
S26,865,1300,2165,9589,8376,17965,2018-11-01
S29,0,0,0,1,0,1,2018-11-01
S30,32,30,62,151,129,280,2018-11-01
S31,23,29,52,94,38,132,2018-11-01
S32,146,170,316,2360,2314,4674,2018-11-01
S33,146,149,295,1970,1859,3829,2018-11-01
S35,1353,1841,3194,15256,13474,28730,2018-11-01
S36,972,1235,2207,10824,9642,20466,2018-11-01
S37,1,0,1,0,0,0,2018-11-01
S40,1762,2184,3946,12102,10221,22323,2018-11-01
S41,1806,2350,4156,12267,10301,22568,2018-11-01
S42,1031,1421,2452,10711,9320,20031,2018-11-01
S43,1890,2635,4525,14134,11521,25655,2018-11-01
S44,1021,1384,2405,7677,6344,14021,2018-11-01
S45,568,822,1390,4841,4013,8854,2018-11-01
S46,0,0,0,3,0,3,2018-11-01
S49,0,0,0,1,0,1,2018-11-01
S54,0,0,0,1,0,1,2018-11-01
S60,1780,2484,4264,13862,11261,25123,2018-11-01
S61,2026,2613,4639,11302,8925,20227,2018-11-01
S62,1106,1481,2587,6433,4967,11400,2018-11-01
S63,2464,3121,5585,13285,10552,23837,2018-11-01
S64,1795,2253,4048,10296,8040,18336,2018-11-01
S65,2508,2918,5426,10012,7136,17148,2018-11-01
S66,2027,2853,4880,16130,13591,29721,2018-11-01
S68,0,0,0,0,1,1,2018-11-01
S70,2558,2957,5515,12683,9246,21929,2018-11-01
S71,2589,3320,5909,15556,12347,27903,2018-11-01
S72,1373,1827,3200,8620,6810,15430,2018-11-01
S73,1549,2015,3564,9450,7486,16936,2018-11-01
S74,863,1241,2104,5956,4822,10778,2018-11-01
S75,1537,2045,3582,16503,14484,30987,2018-11-01
S76,0,0,0,1,0,1,2018-11-01
S80,1732,2081,3813,10001,7967,17968,2018-11-01
S81,1380,1886,3266,13919,12259,26178,2018-11-01
SA1,4339,4282,8621,13474,8955,22429,2018-11-01
SA2,1716,1779,3495,12683,11339,24022,2018-11-01
SA3,799,852,1651,10418,10188,20606,2018-11-01
SA4,1514,1920,3434,16585,15681,32266,2018-11-01
SA5,2071,2936,5007,11266,9164,20430,2018-11-01
SA6,1593,2263,3856,11371,9615,20986,2018-11-01
SA7,556,753,1309,5511,5012,10523,2018-11-01
SA8,461,588,1049,4720,4293,9013,2018-11-01
SA9,519,714,1233,5595,4979,10574,2018-11-01
SA10,1050,1488,2538,11281,9852,21133,2018-11-01
SA11,1661,2302,3963,11978,9774,21752,2018-11-01
SA12,1726,2207,3933,10605,9115,19720,2018-11-01
SA13,982,1228,2210,6618,5326,11944,2018-11-01
SA14,1173,1493,2666,12413,11283,23696,2018-11-01
SA15,1753,2110,3863,12389,10490,22879,2018-11-01
SA16,317,394,711,3113,2785,5898,2018-11-01
SA17,330,403,733,3557,3149,6706,2018-11-01
SA18,1192,1375,2567,10883,9759,20642,2018-11-01
SA19,262,344,606,3896,3653,7549,2018-11-01
SA20,109,136,245,1315,1139,2454,2018-11-01
SA31,759,951,1710,5613,5228,10841,2018-11-01
SA32,151,179,330,3156,3050,6206,2018-11-01
SA33,311,402,713,5105,4782,9887,2018-11-01
SA34,130,150,280,2049,1884,3933,2018-11-01
SA35,13,20,33,368,329,697,2018-11-01
SA36,10,6,16,142,134,276,2018-11-01
SA37,30,45,75,589,514,1103,2018-11-01
SA38,152,165,317,1785,1661,3446,2018-11-01
SA39,67,85,152,1014,919,1933,2018-11-01
SA40,124,122,246,1087,985,2072,2018-11-01
SA41,49,57,106,845,787,1632,2018-11-01
SA42,61,70,131,836,785,1621,2018-11-01
SA43,469,570,1039,4859,4435,9294,2018-11-01
SA44,312,357,669,4524,4355,8879,2018-11-01
SA45,68,53,121,628,576,1204,2018-11-01
SA46,99,105,204,958,867,1825,2018-11-01
SA47,47,43,90,410,394,804,2018-11-01
SA48,360,351,711,3302,3022,6324,2018-11-01
SA61,755,989,1744,4715,4205,8920,2018-11-01
SA62,578,701,1279,8387,7850,16237,2018-11-01
SA63,29,32,61,511,481,992,2018-11-01
SA64,91,125,216,848,715,1563,2018-11-01
SA65,160,207,367,1580,1390,2970,2018-11-01
SA66,91,92,183,1281,1239,2520,2018-11-01
SA67,204,274,478,2783,2656,5439,2018-11-01
SA68,103,128,231,1626,1516,3142,2018-11-01
SA69,99,127,226,1479,1334,2813,2018-11-01
SA70,366,471,837,3363,3068,6431,2018-11-01
SA71,450,515,965,4046,3580,7626,2018-11-01
SA72,545,623,1168,3456,3132,6588,2018-11-01
SA73,894,1129,2023,7159,6272,13431,2018-11-01
SA99,1,1,2,0,0,0,2018-11-01
SE0,0,1,1,0,1,1,2018-11-01
SE1,8723,8837,17560,19032,11740,30772,2018-11-01
SE1,0,0,0,2,0,2,2018-11-01
SE2,3271,3939,7210,7999,5863,13862,2018-11-01
SE3,2769,3325,6094,11672,9804,21476,2018-11-01
SE4,3561,3882,7443,8433,6968,15401,2018-11-01
SE5,7543,8245,15788,12803,8734,21537,2018-11-01
SE6,6524,7290,13814,15797,12681,28478,2018-11-01
SE6,1,0,1,0,0,0,2018-11-01
SE7,2644,3106,5750,6466,4593,11059,2018-11-01
SE8,4512,4810,9322,8080,5437,13517,2018-11-01
SE9,4836,5895,10731,21188,17894,39082,2018-11-01
SE10,2570,3124,5694,9346,7345,16691,2018-11-01
SE11,3236,3388,6624,6557,4104,10661,2018-11-01
SE12,2436,2844,5280,8777,7370,16147,2018-11-01
SE13,5381,5653,11034,12669,9792,22461,2018-11-01
SE14,3925,4064,7989,6834,4672,11506,2018-11-01
SE15,11201,11446,22647,16827,11971,28798,2018-11-01
SE16,5639,6360,11999,14431,9888,24319,2018-11-01
SE17,6064,6237,12301,8406,4815,13221,2018-11-01
SE18,11649,12089,23738,21612,14501,36113,2018-11-01
SE19,2815,3377,6192,9265,7660,16925,2018-11-01
SE20,2569,2976,5545,7056,5854,12910,2018-11-01
SE21,1456,1582,3038,5066,4724,9790,2018-11-01
SE22,3164,3487,6651,9452,8220,17672,2018-11-01
SE23,3451,3965,7416,10415,8995,19410,2018-11-01
SE24,1945,2035,3980,5850,5111,10961,2018-11-01
SE25,4089,4715,8804,10777,8910,19687,2018-11-01
SE26,3156,3745,6901,8746,7427,16173,2018-11-01
SE27,2616,2895,5511,6527,5301,11828,2018-11-01
SE28,3599,4491,8090,7809,5532,13341,2018-11-01
SE29,1,3,4,2,0,2,2018-11-01
SE31,0,1,1,0,0,0,2018-11-01
SE33,0,1,1,0,0,0,2018-11-01
SE35,0,1,1,0,0,0,2018-11-01
SE37,0,1,1,0,0,0,2018-11-01
SE50,0,0,0,1,0,1,2018-11-01
SE57,0,1,1,0,0,0,2018-11-01
SE59,0,0,0,1,0,1,2018-11-01
SE60,0,0,0,2,0,2,2018-11-01
SE72,1,0,1,0,0,0,2018-11-01
SE73,0,0,0,1,0,1,2018-11-01
SE74,0,1,1,1,0,1,2018-11-01
SE75,1,0,1,0,0,0,2018-11-01
SE76,0,0,0,1,0,1,2018-11-01
SE77,1,0,1,0,0,0,2018-11-01
SE81,0,0,0,0,1,1,2018-11-01
SE85,0,0,0,1,0,1,2018-11-01
SE88,0,0,0,1,0,1,2018-11-01
SE90,0,0,0,0,1,1,2018-11-01
SE91,0,1,1,0,0,0,2018-11-01
SE99,0,0,0,0,1,1,2018-11-01
SG0,0,0,0,0,1,1,2018-11-01
SG1,3209,3810,7019,18828,15774,34602,2018-11-01
SG2,2189,2752,4941,15533,13544,29077,2018-11-01
SG3,253,289,542,2847,2737,5584,2018-11-01
SG4,1187,1386,2573,11474,10799,22273,2018-11-01
SG5,1352,1554,2906,12662,11881,24543,2018-11-01
SG6,1723,2202,3925,12206,10880,23086,2018-11-01
SG7,522,587,1109,5231,4975,10206,2018-11-01
SG8,1373,1557,2930,15612,14403,30015,2018-11-01
SG9,273,300,573,4558,4476,9034,2018-11-01
SG10,50,64,114,815,816,1631,2018-11-01
SG11,247,210,457,3528,3337,6865,2018-11-01
SG12,1225,1341,2566,11573,10781,22354,2018-11-01
SG13,708,773,1481,6648,6312,12960,2018-11-01
SG14,839,918,1757,7609,7135,14744,2018-11-01
SG15,227,261,488,2179,2037,4216,2018-11-01
SG16,174,216,390,2445,2398,4843,2018-11-01
SG17,473,517,990,5292,4958,10250,2018-11-01
SG18,957,1229,2186,10728,9768,20496,2018-11-01
SG19,827,1095,1922,9909,9037,18946,2018-11-01
SK0,0,0,0,0,1,1,2018-11-01
SK1,722,890,1612,3803,2886,6689,2018-11-01
SK2,1506,1832,3338,10582,9517,20099,2018-11-01
SK3,1778,2222,4000,8874,7669,16543,2018-11-01
SK4,1936,2024,3960,13361,12103,25464,2018-11-01
SK5,2102,2675,4777,9127,7494,16621,2018-11-01
SK6,1981,2386,4367,19540,17930,37470,2018-11-01
SK7,1428,1590,3018,16509,15901,32410,2018-11-01
SK8,2457,2747,5204,23479,22190,45669,2018-11-01
SK9,1424,1585,3009,15520,14958,30478,2018-11-01
SK10,1492,1672,3164,15691,15083,30774,2018-11-01
SK11,1724,1952,3676,13666,12225,25891,2018-11-01
SK12,610,601,1211,7969,7858,15827,2018-11-01
SK13,1520,1899,3419,11973,10845,22818,2018-11-01
SK14,2659,3374,6033,16200,13662,29862,2018-11-01
SK15,1569,1783,3352,9652,8355,18007,2018-11-01
SK16,1102,1358,2460,6630,5456,12086,2018-11-01
SK17,1194,1411,2605,11762,10326,22088,2018-11-01
SK22,534,609,1143,4693,4189,8882,2018-11-01
SK23,583,640,1223,7110,6464,13574,2018-11-01
SL0,433,481,914,4898,4426,9324,2018-11-01
SL1,6866,7032,13898,26273,19220,45493,2018-11-01
SL2,4505,5281,9786,20073,15728,35801,2018-11-01
SL3,2716,3595,6311,18381,15312,33693,2018-11-01
SL4,2091,2444,4535,17364,16059,33423,2018-11-01
SL5,1095,1254,2349,10233,10352,20585,2018-11-01
SL6,3720,4213,7933,32420,29680,62100,2018-11-01
SL7,763,823,1586,8613,8508,17121,2018-11-01
SL8,200,201,401,2653,2687,5340,2018-11-01
SL9,860,950,1810,9212,9317,18529,2018-11-01
SM1,2693,3274,5967,14400,11896,26296,2018-11-01
SM2,1461,1870,3331,10962,9969,20931,2018-11-01
SM3,1195,1377,2572,8028,7201,15229,2018-11-01
SM4,3226,3472,6698,13724,10426,24150,2018-11-01
SM5,2602,3188,5790,13747,12375,26122,2018-11-01
SM6,2449,3000,5449,13233,11800,25033,2018-11-01
SM7,621,652,1273,7366,7397,14763,2018-11-01
SN0,0,0,0,2,0,2,2018-11-01
SN1,3312,2872,6184,11064,7153,18217,2018-11-01
SN2,2895,3547,6442,14561,11147,25708,2018-11-01
SN3,3011,3831,6842,19140,15924,35064,2018-11-01
SN4,1029,1244,2273,11579,10549,22128,2018-11-01
SN5,1589,2146,3735,13541,11880,25421,2018-11-01
SN6,801,955,1756,8910,8244,17154,2018-11-01
SN7,467,630,1097,5665,5242,10907,2018-11-01
SN8,911,1055,1966,9542,9052,18594,2018-11-01
SN9,273,329,602,3228,3168,6396,2018-11-01
SN10,1206,1446,2652,12004,11179,23183,2018-11-01
SN11,872,1121,1993,8730,8114,16844,2018-11-01
SN12,999,1137,2136,10397,9476,19873,2018-11-01
SN13,621,765,1386,6334,6118,12452,2018-11-01
SN14,1124,1283,2407,10631,9834,20465,2018-11-01
SN15,1504,1753,3257,14297,12300,26597,2018-11-01
SN16,406,415,821,5886,5635,11521,2018-11-01
SN20,0,0,0,1,0,1,2018-11-01
SN24,0,1,1,0,1,1,2018-11-01
SN25,1246,1630,2876,14655,13105,27760,2018-11-01
SN26,42,41,83,818,739,1557,2018-11-01
SN27,0,0,0,1,0,1,2018-11-01
SN28,0,0,0,1,0,1,2018-11-01
SN31,0,0,0,0,1,1,2018-11-01
SN34,0,0,0,0,1,1,2018-11-01
SN48,0,0,0,1,0,1,2018-11-01
SN66,0,1,1,0,0,0,2018-11-01
SO0,0,0,0,0,1,1,2018-11-01
SO1,57,42,99,174,76,250,2018-11-01
SO2,83,46,129,158,70,228,2018-11-01
SO3,33,22,55,151,100,251,2018-11-01
SO3,1,0,1,0,1,1,2018-11-01
SO4,33,33,66,158,126,284,2018-11-01
SO5,33,23,56,145,81,226,2018-11-01
SO6,0,0,0,2,0,2,2018-11-01
SO9,17,15,32,29,11,40,2018-11-01
SO14,3169,2571,5740,7370,3753,11123,2018-11-01
SO15,2875,3075,5950,13165,10051,23216,2018-11-01
SO16,4434,5471,9905,22478,18146,40624,2018-11-01
SO17,1434,1384,2818,5180,3607,8787,2018-11-01
SO18,2123,2441,4564,12880,10795,23675,2018-11-01
SO19,3456,4478,7934,19027,15938,34965,2018-11-01
SO20,271,293,564,3440,3229,6669,2018-11-01
SO21,600,708,1308,8005,7681,15686,2018-11-01
SO22,1467,1686,3153,9411,8809,18220,2018-11-01
SO23,1217,1337,2554,7372,6780,14152,2018-11-01
SO24,345,408,753,4674,4575,9249,2018-11-01
SO30,946,1072,2018,12642,12163,24805,2018-11-01
SO31,1562,1694,3256,18140,17607,35747,2018-11-01
SO32,551,631,1182,8690,8524,17214,2018-11-01
SO33,0,0,0,1,1,2,2018-11-01
SO40,1353,1652,3005,16033,14941,30974,2018-11-01
SO41,972,988,1960,12762,12818,25580,2018-11-01
SO42,150,171,321,2018,1975,3993,2018-11-01
SO43,127,132,259,1864,1797,3661,2018-11-01
SO45,1284,1590,2874,13402,12571,25973,2018-11-01
SO50,2227,2765,4992,17613,15733,33346,2018-11-01
SO51,881,1041,1922,11468,11248,22716,2018-11-01
SO52,182,256,438,2760,2599,5359,2018-11-01
SO53,1048,1210,2258,12533,12090,24623,2018-11-01
SP1,1092,1128,2220,7770,7154,14924,2018-11-01
SP2,1629,1815,3444,10322,9173,19495,2018-11-01
SP3,366,445,811,4757,4629,9386,2018-11-01
SP4,1512,1827,3339,13137,11269,24406,2018-11-01
SP5,597,681,1278,9293,9117,18410,2018-11-01
SP6,400,392,792,5886,5709,11595,2018-11-01
SP7,472,615,1087,5710,5535,11245,2018-11-01
SP8,457,527,984,5619,5394,11013,2018-11-01
SP9,433,891,1324,3547,2691,6238,2018-11-01
SP10,2234,2917,5151,14257,11854,26111,2018-11-01
SP11,923,1208,2131,11379,10603,21982,2018-11-01
SR1,544,433,977,1219,475,1694,2018-11-01
SR2,2405,2575,4980,9983,7609,17592,2018-11-01
SR3,2070,2815,4885,12414,9973,22387,2018-11-01
SR4,2960,3840,6800,11806,8564,20370,2018-11-01
SR5,2568,3156,5724,9365,6691,16056,2018-11-01
SR6,1285,1609,2894,10804,9328,20132,2018-11-01
SR7,1576,2224,3800,9664,7582,17246,2018-11-01
SR8,2194,3017,5211,10853,8394,19247,2018-11-01
SS0,3225,3586,6811,13792,11264,25056,2018-11-01
SS1,2001,2194,4195,9141,7736,16877,2018-11-01
SS2,2657,3212,5869,11980,9834,21814,2018-11-01
SS3,1618,1991,3609,10229,9254,19483,2018-11-01
SS4,880,1068,1948,7830,7294,15124,2018-11-01
SS5,821,731,1552,8945,8347,17292,2018-11-01
SS6,1123,1347,2470,12265,11340,23605,2018-11-01
SS7,1864,2183,4047,19689,18056,37745,2018-11-01
SS8,1964,2615,4579,14356,11930,26286,2018-11-01
SS9,2171,2489,4660,18848,17328,36176,2018-11-01
SS11,648,796,1444,7315,6537,13852,2018-11-01
SS12,661,830,1491,7254,6559,13813,2018-11-01
SS13,1612,2137,3749,7859,6285,14144,2018-11-01
SS14,2036,2771,4807,8642,6687,15329,2018-11-01
SS15,2169,2767,4936,10877,9300,20177,2018-11-01
SS16,1934,2700,4634,10870,8836,19706,2018-11-01
SS17,1403,1743,3146,12838,11460,24298,2018-11-01
SS20,0,0,0,0,1,1,2018-11-01
SS30,0,0,0,1,1,2,2018-11-01
SS31,0,0,0,1,0,1,2018-11-01
SS39,0,1,1,0,0,0,2018-11-01
SS50,0,0,0,1,0,1,2018-11-01
SS92,0,0,0,1,0,1,2018-11-01
SS95,1,0,1,0,0,0,2018-11-01
SS99,0,1,1,0,0,0,2018-11-01
ST0,0,0,0,1,0,1,2018-11-01
ST1,2459,2760,5219,9735,6437,16172,2018-11-01
ST2,2055,2800,4855,10619,8141,18760,2018-11-01
ST3,3721,4855,8576,22409,17765,40174,2018-11-01
ST4,3804,4215,8019,17866,13823,31689,2018-11-01
ST5,4237,4933,9170,27409,23061,50470,2018-11-01
ST6,4235,5592,9827,20577,15173,35750,2018-11-01
ST7,1966,2450,4416,20559,18398,38957,2018-11-01
ST8,645,843,1488,7685,6858,14543,2018-11-01
ST9,278,349,627,4904,4566,9470,2018-11-01
ST10,739,979,1718,9921,8835,18756,2018-11-01
ST11,308,331,639,3946,3586,7532,2018-11-01
ST12,126,128,254,1462,1436,2898,2018-11-01
ST13,1030,1246,2276,10291,9132,19423,2018-11-01
ST14,798,996,1794,7538,6575,14113,2018-11-01
ST15,680,838,1518,8456,7875,16331,2018-11-01
ST16,1743,2023,3766,10699,8874,19573,2018-11-01
ST17,1759,2237,3996,13924,12402,26326,2018-11-01
ST18,395,426,821,7206,6723,13929,2018-11-01
ST19,442,549,991,5976,5591,11567,2018-11-01
ST20,170,223,393,2949,2707,5656,2018-11-01
ST21,118,173,291,2506,2391,4897,2018-11-01
SW0,1,1,2,1,3,4,2018-11-01
SW1,38,40,78,75,48,123,2018-11-01
SW1,97,82,179,389,179,568,2018-11-01
SW1,1,0,1,0,1,1,2018-11-01
SW1,0,0,0,0,1,1,2018-11-01
SW1,124,90,214,448,237,685,2018-11-01
SW1,47,61,108,356,192,548,2018-11-01
SW1,0,1,1,0,0,0,2018-11-01
SW1,0,0,0,1,2,3,2018-11-01
SW1,0,1,1,1,0,1,2018-11-01
SW1,1227,1493,2720,4104,2795,6899,2018-11-01
SW1,1,0,1,0,0,0,2018-11-01
SW1,0,0,0,0,1,1,2018-11-01
SW1,2134,2531,4665,7004,5157,12161,2018-11-01
SW1,840,973,1813,2733,2199,4932,2018-11-01
SW1,720,897,1617,2552,2079,4631,2018-11-01
SW1,71,56,127,373,176,549,2018-11-01
SW1,1,1,2,1,0,1,2018-11-01
SW2,7297,7725,15022,16223,12095,28318,2018-11-01
SW3,2100,2601,4701,8679,7448,16127,2018-11-01
SW4,4689,4815,9504,13619,10141,23760,2018-11-01
SW5,2278,1957,4235,5971,3916,9887,2018-11-01
SW6,5917,6786,12703,22097,18359,40456,2018-11-01
SW7,2902,2449,5351,8772,6024,14796,2018-11-01
SW8,5335,5607,10942,11265,7108,18373,2018-11-01
SW9,7586,7645,15231,12992,8176,21168,2018-11-01
SW10,1959,2281,4240,6564,5350,11914,2018-11-01
SW11,6658,7756,14414,23956,19230,43186,2018-11-01
SW12,2510,2671,5181,11028,9450,20478,2018-11-01
SW13,1026,1261,2287,6201,5916,12117,2018-11-01
SW14,1052,1177,2229,6546,6283,12829,2018-11-01
SW15,5218,6094,11312,22505,19006,41511,2018-11-01
SW16,10288,10092,20380,27898,21198,49096,2018-11-01
SW17,8309,7605,15914,21002,16390,37392,2018-11-01
SW18,4656,5405,10061,23007,20075,43082,2018-11-01
SW19,6659,7377,14036,31489,26609,58098,2018-11-01
SW20,2044,2307,4351,12221,10841,23062,2018-11-01
SY1,1510,1892,3402,8957,7373,16330,2018-11-01
SY2,838,981,1819,6269,5534,11803,2018-11-01
SY3,1365,1594,2959,12331,11648,23979,2018-11-01
SY4,766,928,1694,9837,9323,19160,2018-11-01
SY5,682,681,1363,8505,8016,16521,2018-11-01
SY6,183,204,387,2878,2712,5590,2018-11-01
SY7,315,405,720,4497,4166,8663,2018-11-01
SY8,562,735,1297,7311,6658,13969,2018-11-01
SY9,69,94,163,1105,973,2078,2018-11-01
SY10,419,473,892,6411,5931,12342,2018-11-01
SY11,1140,1369,2509,9334,8272,17606,2018-11-01
SY12,266,329,595,3263,2954,6217,2018-11-01
SY13,698,790,1488,7742,7023,14765,2018-11-01
SY14,169,182,351,2708,2682,5390,2018-11-01
SY15,123,140,263,2219,2071,4290,2018-11-01
SY16,796,871,1667,5570,4876,10446,2018-11-01
SY17,90,106,196,1529,1396,2925,2018-11-01
SY18,123,156,279,1830,1576,3406,2018-11-01
SY19,24,24,48,446,391,837,2018-11-01
SY20,246,309,555,2549,2323,4872,2018-11-01
SY21,566,740,1306,6447,5791,12238,2018-11-01
SY22,247,255,502,3608,3433,7041,2018-11-01
SY23,1292,1440,2732,8700,7572,16272,2018-11-01
SY24,166,196,362,1752,1569,3321,2018-11-01
SY25,131,172,303,1758,1587,3345,2018-11-01
TA1,1995,2288,4283,14035,12914,26949,2018-11-01
TA2,1210,1430,2640,10647,9841,20488,2018-11-01
TA3,355,389,744,6368,6170,12538,2018-11-01
TA4,513,642,1155,7873,7641,15514,2018-11-01
TA5,285,355,640,4645,4371,9016,2018-11-01
TA6,2501,2897,5398,16876,14096,30972,2018-11-01
TA7,416,453,869,6617,6374,12991,2018-11-01
TA8,598,694,1292,6630,5882,12512,2018-11-01
TA9,525,619,1144,5015,4505,9520,2018-11-01
TA10,310,272,582,4034,3979,8013,2018-11-01
TA11,226,305,531,3825,3723,7548,2018-11-01
TA12,160,213,373,2566,2451,5017,2018-11-01
TA13,101,129,230,1717,1673,3390,2018-11-01
TA14,88,123,211,1309,1172,2481,2018-11-01
TA15,20,27,47,285,259,544,2018-11-01
TA16,39,61,100,770,712,1482,2018-11-01
TA17,6,13,19,245,259,504,2018-11-01
TA18,303,397,700,4148,3799,7947,2018-11-01
TA19,318,377,695,4711,4628,9339,2018-11-01
TA20,760,810,1570,7835,7100,14935,2018-11-01
TA21,711,846,1557,7608,7085,14693,2018-11-01
TA22,62,81,143,1091,1073,2164,2018-11-01
TA23,231,293,524,2166,1974,4140,2018-11-01
TA24,668,876,1544,6976,6345,13321,2018-11-01
TD1,888,1137,2025,6209,5370,11579,2018-11-01
TD2,78,91,169,1065,1027,2092,2018-11-01
TD3,34,33,67,440,376,816,2018-11-01
TD4,92,90,182,895,849,1744,2018-11-01
TD5,348,437,785,4363,4244,8607,2018-11-01
TD6,240,308,548,3141,3021,6162,2018-11-01
TD7,302,367,669,2718,2518,5236,2018-11-01
TD8,215,288,503,2298,2114,4412,2018-11-01
TD9,769,1005,1774,6553,5566,12119,2018-11-01
TD10,28,54,82,447,410,857,2018-11-01
TD11,228,319,547,3038,2719,5757,2018-11-01
TD12,128,169,297,1710,1611,3321,2018-11-01
TD13,34,41,75,389,371,760,2018-11-01
TD14,224,366,590,2375,2064,4439,2018-11-01
TD15,732,1001,1733,6525,5634,12159,2018-11-01
TF1,2220,2620,4840,13578,11272,24850,2018-11-01
TF2,1978,2399,4377,13666,11839,25505,2018-11-01
TF3,1798,2382,4180,8074,6376,14450,2018-11-01
TF4,917,1235,2152,7021,6121,13142,2018-11-01
TF5,181,221,402,2032,1938,3970,2018-11-01
TF6,137,160,297,2373,2169,4542,2018-11-01
TF7,1354,1738,3092,5392,4235,9627,2018-11-01
TF8,94,98,192,1215,1135,2350,2018-11-01
TF9,870,1070,1940,10053,8807,18860,2018-11-01
TF10,613,611,1224,7166,6635,13801,2018-11-01
TF11,358,381,739,4390,4059,8449,2018-11-01
TF12,193,228,421,2066,1884,3950,2018-11-01
TF13,108,123,231,1446,1462,2908,2018-11-01
TN0,0,0,0,1,0,1,2018-11-01
TN1,791,880,1671,4053,3268,7321,2018-11-01
TN2,1218,1599,2817,10458,9667,20125,2018-11-01
TN3,328,362,690,4856,4713,9569,2018-11-01
TN3,0,0,0,1,0,1,2018-11-01
TN4,1503,1846,3349,10980,10270,21250,2018-11-01
TN5,276,348,624,3555,3565,7120,2018-11-01
TN6,823,993,1816,10250,9649,19899,2018-11-01
TN7,66,88,154,1027,1024,2051,2018-11-01
TN8,487,601,1088,5229,5016,10245,2018-11-01
TN9,1052,1134,2186,6384,5770,12154,2018-11-01
TN10,770,881,1651,5967,5643,11610,2018-11-01
TN11,424,487,911,5749,5583,11332,2018-11-01
TN12,1010,1291,2301,11802,10992,22794,2018-11-01
TN13,995,1098,2093,9634,9336,18970,2018-11-01
TN14,494,556,1050,6481,6147,12628,2018-11-01
TN15,746,879,1625,10462,10158,20620,2018-11-01
TN16,657,720,1377,7969,7608,15577,2018-11-01
TN17,563,650,1213,5518,5275,10793,2018-11-01
TN18,207,239,446,2619,2487,5106,2018-11-01
TN19,133,205,338,2160,2018,4178,2018-11-01
TN20,123,143,266,1574,1578,3152,2018-11-01
TN21,463,583,1046,6839,6576,13415,2018-11-01
TN22,977,1135,2112,11040,10742,21782,2018-11-01
TN23,2371,2898,5269,14470,12400,26870,2018-11-01
TN24,1795,2188,3983,11729,10174,21903,2018-11-01
TN25,541,537,1078,7355,7053,14408,2018-11-01
TN26,320,360,680,5001,4760,9761,2018-11-01
TN27,361,451,812,5676,5443,11119,2018-11-01
TN28,319,383,702,3491,3123,6614,2018-11-01
TN29,518,660,1178,5379,4586,9965,2018-11-01
TN30,299,362,661,3823,3763,7586,2018-11-01
TN31,562,627,1189,5663,5234,10897,2018-11-01
TN32,205,200,405,2175,2021,4196,2018-11-01
TN33,530,535,1065,4973,4906,9879,2018-11-01
TN34,2184,2515,4699,10036,8328,18364,2018-11-01
TN35,1046,1256,2302,6222,5738,11960,2018-11-01
TN36,76,98,174,1000,919,1919,2018-11-01
TN37,1351,1563,2914,6762,5555,12317,2018-11-01
TN38,1866,2203,4069,9422,8106,17528,2018-11-01
TN39,1069,1259,2328,9793,9209,19002,2018-11-01
TN40,836,1013,1849,6095,5673,11768,2018-11-01
TQ1,1987,2123,4110,11284,9661,20945,2018-11-01
TQ2,2005,2382,4387,12155,10753,22908,2018-11-01
TQ3,1534,1797,3331,11190,10081,21271,2018-11-01
TQ4,831,966,1797,7421,6698,14119,2018-11-01
TQ5,893,990,1883,7236,6426,13662,2018-11-01
TQ6,310,424,734,3090,2767,5857,2018-11-01
TQ7,557,690,1247,6722,6512,13234,2018-11-01
TQ8,77,71,148,731,677,1408,2018-11-01
TQ9,833,959,1792,7101,7211,14312,2018-11-01
TQ10,128,161,289,1605,1558,3163,2018-11-01
TQ11,198,249,447,1589,1494,3083,2018-11-01
TQ12,2159,2547,4706,21091,19781,40872,2018-11-01
TQ13,791,845,1636,9605,9590,19195,2018-11-01
TQ14,796,925,1721,7439,6959,14398,2018-11-01
TR1,1164,1407,2571,7471,7050,14521,2018-11-01
TR2,302,373,675,4035,3953,7988,2018-11-01
TR3,380,411,791,5174,5048,10222,2018-11-01
TR4,373,453,826,4852,4692,9544,2018-11-01
TR5,154,148,302,1609,1604,3213,2018-11-01
TR6,151,172,323,1532,1402,2934,2018-11-01
TR7,1207,1330,2537,8161,7233,15394,2018-11-01
TR8,305,328,633,3963,3632,7595,2018-11-01
TR9,292,387,679,3152,2909,6061,2018-11-01
TR10,532,611,1143,3565,3239,6804,2018-11-01
TR11,1379,1544,2923,10006,9561,19567,2018-11-01
TR12,306,312,618,3787,3500,7287,2018-11-01
TR13,695,847,1542,7723,7330,15053,2018-11-01
TR14,1324,1445,2769,9293,8076,17369,2018-11-01
TR15,1064,1117,2181,7386,6516,13902,2018-11-01
TR16,511,620,1131,6250,5952,12202,2018-11-01
TR17,67,85,152,589,535,1124,2018-11-01
TR18,1203,1366,2569,6457,5686,12143,2018-11-01
TR19,406,455,861,3454,3248,6702,2018-11-01
TR20,293,337,630,3873,3681,7554,2018-11-01
TR21,81,102,183,578,476,1054,2018-11-01
TR22,8,7,15,24,18,42,2018-11-01
TR23,4,5,9,34,26,60,2018-11-01
TR24,4,7,11,46,28,74,2018-11-01
TR25,5,4,9,48,41,89,2018-11-01
TR26,580,651,1231,4059,3752,7811,2018-11-01
TR27,625,771,1396,5768,5271,11039,2018-11-01
TS1,2148,1730,3878,3171,1372,4543,2018-11-01
TS2,137,134,271,225,130,355,2018-11-01
TS2,0,0,0,1,0,1,2018-11-01
TS3,2593,3220,5813,6784,4697,11481,2018-11-01
TS4,1474,1756,3230,4643,3414,8057,2018-11-01
TS5,2107,2601,4708,13633,11519,25152,2018-11-01
TS6,1852,2460,4312,9407,7432,16839,2018-11-01
TS7,676,960,1636,8727,7821,16548,2018-11-01
TS8,966,1339,2305,7328,6662,13990,2018-11-01
TS9,277,373,650,5370,5089,10459,2018-11-01
TS10,1928,2497,4425,12425,10487,22912,2018-11-01
TS11,395,541,936,4441,3934,8375,2018-11-01
TS12,1004,1262,2266,7995,6892,14887,2018-11-01
TS13,553,695,1248,3370,2547,5917,2018-11-01
TS14,609,815,1424,6836,6125,12961,2018-11-01
TS15,371,380,751,5725,5308,11033,2018-11-01
TS16,309,430,739,4056,3822,7878,2018-11-01
TS17,2010,2538,4548,15586,13613,29199,2018-11-01
TS18,1508,1624,3132,8080,6595,14675,2018-11-01
TS19,2030,2848,4878,11333,9624,20957,2018-11-01
TS20,1053,1303,2356,6689,5630,12319,2018-11-01
TS21,358,446,804,4990,4490,9480,2018-11-01
TS22,186,241,427,3835,3543,7378,2018-11-01
TS23,1590,2096,3686,9472,7934,17406,2018-11-01
TS24,1576,1944,3520,6018,4489,10507,2018-11-01
TS25,2047,2589,4636,12171,10024,22195,2018-11-01
TS26,1169,1351,2520,8549,7571,16120,2018-11-01
TS27,446,603,1049,4407,3966,8373,2018-11-01
TS28,249,319,568,1743,1495,3238,2018-11-01
TS29,292,390,682,2073,1676,3749,2018-11-01
TS90,0,0,0,1,0,1,2018-11-01
TW0,0,0,0,0,1,1,2018-11-01
TW1,1483,1759,3242,10369,9429,19798,2018-11-01
TW2,1756,2000,3756,11396,10479,21875,2018-11-01
TW2,0,0,0,1,0,1,2018-11-01
TW3,7861,6079,13940,15097,9137,24234,2018-11-01
TW4,5388,4474,9862,10539,6342,16881,2018-11-01
TW5,4794,4150,8944,11858,7783,19641,2018-11-01
TW6,10,2,12,27,12,39,2018-11-01
TW7,3451,3934,7385,14464,11381,25845,2018-11-01
TW8,2037,2360,4397,7860,5890,13750,2018-11-01
TW9,1528,1783,3311,9081,8246,17327,2018-11-01
TW10,1417,1676,3093,7843,7052,14895,2018-11-01
TW11,1298,1594,2892,9091,8604,17695,2018-11-01
TW12,1321,1531,2852,8802,8365,17167,2018-11-01
TW13,3305,3921,7226,12983,9386,22369,2018-11-01
TW14,2957,3291,6248,10652,7473,18125,2018-11-01
TW15,1179,1354,2533,11413,9994,21407,2018-11-01
TW16,988,1156,2144,8425,7506,15931,2018-11-01
TW17,510,568,1078,5929,5677,11606,2018-11-01
TW18,1209,1294,2503,10411,9298,19709,2018-11-01
TW19,995,1220,2215,7044,5819,12863,2018-11-01
TW20,1510,1555,3065,8703,7481,16184,2018-11-01
UB1,9571,6951,16522,14392,8225,22617,2018-11-01
UB1,0,0,0,0,1,1,2018-11-01
UB2,7052,5272,12324,11668,7070,18738,2018-11-01
UB3,6818,6754,13572,18657,12028,30685,2018-11-01
UB4,4498,4475,8973,14519,10499,25018,2018-11-01
UB5,5004,5956,10960,16288,11541,27829,2018-11-01
UB6,6090,5898,11988,20926,13971,34897,2018-11-01
UB7,2941,3351,6292,11740,8456,20196,2018-11-01
UB8,2759,2885,5644,11626,8966,20592,2018-11-01
UB9,696,757,1453,6122,5521,11643,2018-11-01
UB10,1988,2399,4387,13774,11913,25687,2018-11-01
UB11,2,0,2,13,4,17,2018-11-01
UNKNOWNNA,1687,1387,3074,25651,17957,43608,2018-11-01
W1,40,31,71,68,39,107,2018-11-01
W1,110,34,144,112,47,159,2018-11-01
W1,65,77,142,312,172,484,2018-11-01
W1,14,4,18,17,2,19,2018-11-01
W1,211,115,326,399,158,557,2018-11-01
W1,2,0,2,3,0,3,2018-11-01
W1,167,142,309,522,243,765,2018-11-01
W1,244,232,476,1075,782,1857,2018-11-01
W1,870,766,1636,2298,1494,3792,2018-11-01
W1,205,153,358,784,466,1250,2018-11-01
W1,389,393,782,1122,664,1786,2018-11-01
W1,73,60,133,74,63,137,2018-11-01
W1,59,69,128,114,54,168,2018-11-01
W1,0,1,1,0,0,0,2018-11-01
W1,71,67,138,98,40,138,2018-11-01
W1,63,14,77,58,11,69,2018-11-01
W1,46,35,81,143,60,203,2018-11-01
W1,466,336,802,1121,607,1728,2018-11-01
W1,504,523,1027,1774,1188,2962,2018-11-01
W1,96,62,158,112,52,164,2018-11-01
W1,417,431,848,1095,699,1794,2018-11-01
W1,60,20,80,111,51,162,2018-11-01
W1,70,57,127,130,65,195,2018-11-01
W2,7325,6669,13994,16891,10856,27747,2018-11-01
W2,1,0,1,0,0,0,2018-11-01
W3,6976,6757,13733,21307,14850,36157,2018-11-01
W4,3491,4105,7596,17539,15258,32797,2018-11-01
W5,4550,4849,9399,21231,17022,38253,2018-11-01
W6,3931,3915,7846,11385,8983,20368,2018-11-01
W7,3172,3425,6597,10155,8231,18386,2018-11-01
W8,2073,2516,4589,8280,6992,15272,2018-11-01
W9,4554,4925,9479,12579,9291,21870,2018-11-01
W10,4583,5257,9840,9307,6870,16177,2018-11-01
W11,3849,4301,8150,10305,8293,18598,2018-11-01
W12,6909,6961,13870,14658,10306,24964,2018-11-01
W13,3329,3323,6652,12646,10056,22702,2018-11-01
W14,4563,4928,9491,12899,9911,22810,2018-11-01
W15,4,1,5,9,7,16,2018-11-01
W16,5,1,6,1,2,3,2018-11-01
W17,10,7,17,11,10,21,2018-11-01
W18,3,2,5,1,3,4,2018-11-01
W19,3,7,10,7,2,9,2018-11-01
W20,0,0,0,0,1,1,2018-11-01
W21,0,3,3,0,0,0,2018-11-01
W22,3,1,4,5,1,6,2018-11-01
W23,0,1,1,0,0,0,2018-11-01
W26,0,1,1,0,1,1,2018-11-01
W27,0,0,0,1,0,1,2018-11-01
W28,0,1,1,1,0,1,2018-11-01
W30,0,0,0,1,0,1,2018-11-01
W32,1,0,1,0,0,0,2018-11-01
W38,0,0,0,1,0,1,2018-11-01
W43,0,0,0,0,1,1,2018-11-01
WA1,1110,1170,2280,8404,7179,15583,2018-11-01
WA2,2577,3100,5677,13308,10828,24136,2018-11-01
WA3,1776,2339,4115,17521,15897,33418,2018-11-01
WA4,1740,2065,3805,18850,17377,36227,2018-11-01
WA5,2690,3276,5966,22611,19923,42534,2018-11-01
WA6,602,708,1310,7850,7418,15268,2018-11-01
WA7,4129,5446,9575,20894,17037,37931,2018-11-01
WA8,3489,4507,7996,21934,18257,40191,2018-11-01
WA9,3164,4189,7353,15657,12171,27828,2018-11-01
WA10,2138,2575,4713,13093,10895,23988,2018-11-01
WA11,1755,2345,4100,14687,12641,27328,2018-11-01
WA12,1194,1557,2751,8165,6817,14982,2018-11-01
WA13,346,420,766,5267,5119,10386,2018-11-01
WA14,1443,1487,2930,11607,10662,22269,2018-11-01
WA15,1773,1867,3640,16921,15694,32615,2018-11-01
WA16,826,852,1678,9729,9319,19048,2018-11-01
WC1,19,27,46,36,21,57,2018-11-01
WC1,107,100,207,311,141,452,2018-11-01
WC1,198,223,421,383,257,640,2018-11-01
WC1,238,240,478,486,312,798,2018-11-01
WC1,0,1,1,0,0,0,2018-11-01
WC1,952,902,1854,1821,974,2795,2018-11-01
WC1,0,1,1,1,0,1,2018-11-01
WC1,768,786,1554,1852,1130,2982,2018-11-01
WC1,0,0,0,1,0,1,2018-11-01
WC1,1,0,1,0,0,0,2018-11-01
WC1,59,41,100,189,104,293,2018-11-01
WC1,1,0,1,0,0,0,2018-11-01
WC1,53,37,90,91,45,136,2018-11-01
WC1,1010,941,1951,1918,1189,3107,2018-11-01
WC1,0,1,1,1,0,1,2018-11-01
WC1,2,1,3,0,0,0,2018-11-01
WC2,8,3,11,17,5,22,2018-11-01
WC2,12,13,25,92,50,142,2018-11-01
WC2,188,174,362,484,245,729,2018-11-01
WC2,69,52,121,231,106,337,2018-11-01
WC2,409,301,710,834,383,1217,2018-11-01
WC2,87,56,143,245,112,357,2018-11-01
WC2,34,28,62,118,69,187,2018-11-01
WC2,0,0,0,0,1,1,2018-11-01
WC2,0,0,0,0,1,1,2018-11-01
WC4,1,0,1,0,0,0,2018-11-01
WC12,1,0,1,0,0,0,2018-11-01
WC13,0,2,2,2,0,2,2018-11-01
WC14,3,1,4,1,2,3,2018-11-01
WC18,1,0,1,0,0,0,2018-11-01
WC19,1,1,2,0,0,0,2018-11-01
WC23,0,0,0,2,0,2,2018-11-01
WC24,2,0,2,4,2,6,2018-11-01
WC28,1,0,1,0,2,2,2018-11-01
WC44,0,0,0,1,0,1,2018-11-01
WC78,1,0,1,0,0,0,2018-11-01
WD1,63,56,119,156,96,252,2018-11-01
WD2,103,73,176,230,113,343,2018-11-01
WD3,1657,1847,3504,16660,16198,32858,2018-11-01
WD4,351,390,741,4694,4477,9171,2018-11-01
WD5,500,511,1011,4492,4287,8779,2018-11-01
WD6,2488,2942,5430,14871,12574,27445,2018-11-01
WD7,461,559,1020,5321,5176,10497,2018-11-01
WD17,1094,1175,2269,6874,5610,12484,2018-11-01
WD18,2481,2764,5245,9039,6380,15419,2018-11-01
WD19,1547,1890,3437,10378,9405,19783,2018-11-01
WD22,0,0,0,0,1,1,2018-11-01
WD23,1175,1426,2601,10394,10180,20574,2018-11-01
WD24,1672,1901,3573,8575,6729,15304,2018-11-01
WD25,1554,1921,3475,10862,9702,20564,2018-11-01
WF0,0,0,0,1,0,1,2018-11-01
WF1,2590,2880,5470,11767,8487,20254,2018-11-01
WF2,2845,3698,6543,17306,14347,31653,2018-11-01
WF3,1321,1805,3126,12521,11161,23682,2018-11-01
WF4,1807,2355,4162,16207,14243,30450,2018-11-01
WF5,882,1136,2018,7647,6843,14490,2018-11-01
WF6,1161,1565,2726,7453,5917,13370,2018-11-01
WF7,1044,1489,2533,7410,6264,13674,2018-11-01
WF8,1662,2213,3875,11755,9931,21686,2018-11-01
WF9,2486,3240,5726,13114,10082,23196,2018-11-01
WF10,2746,3834,6580,15808,12367,28175,2018-11-01
WF11,994,1324,2318,5713,4540,10253,2018-11-01
WF12,2058,2829,4887,11288,8544,19832,2018-11-01
WF13,2151,2798,4949,7838,5148,12986,2018-11-01
WF14,714,987,1701,7326,6699,14025,2018-11-01
WF15,846,1079,1925,6126,5349,11475,2018-11-01
WF16,709,955,1664,3971,2853,6824,2018-11-01
WF17,2624,3589,6213,13768,10039,23807,2018-11-01
WF21,0,0,0,1,0,1,2018-11-01
WN0,0,0,0,1,0,1,2018-11-01
WN1,1095,1233,2328,6852,5322,12174,2018-11-01
WN2,2473,3246,5719,17732,14520,32252,2018-11-01
WN3,1416,1924,3340,10981,9009,19990,2018-11-01
WN4,1212,1524,2736,10368,8876,19244,2018-11-01
WN5,2226,2736,4962,14983,12173,27156,2018-11-01
WN6,1602,1965,3567,14993,13244,28237,2018-11-01
WN7,2699,3279,5978,15925,12691,28616,2018-11-01
WN8,3254,3982,7236,15124,12375,27499,2018-11-01
WR1,737,660,1397,3290,2499,5789,2018-11-01
WR2,1197,1412,2609,10834,9698,20532,2018-11-01
WR3,837,946,1783,8109,7320,15429,2018-11-01
WR4,1549,1996,3545,8622,7367,15989,2018-11-01
WR5,1395,1786,3181,12181,10896,23077,2018-11-01
WR6,349,332,681,5593,5399,10992,2018-11-01
WR7,108,118,226,2498,2414,4912,2018-11-01
WR8,211,254,465,3496,3321,6817,2018-11-01
WR9,1256,1489,2745,12189,11433,23622,2018-11-01
WR10,494,659,1153,7611,7264,14875,2018-11-01
WR11,1711,2047,3758,17641,15496,33137,2018-11-01
WR12,160,198,358,2449,2333,4782,2018-11-01
WR13,218,224,442,3691,3571,7262,2018-11-01
WR14,1660,1987,3647,12639,11736,24375,2018-11-01
WR15,247,272,519,2966,2722,5688,2018-11-01
WS0,0,0,0,0,1,1,2018-11-01
WS1,2371,2900,5271,7663,4735,12398,2018-11-01
WS2,3235,4385,7620,11036,7137,18173,2018-11-01
WS3,3362,4392,7754,15793,12082,27875,2018-11-01
WS4,896,1090,1986,5991,5083,11074,2018-11-01
WS5,985,1494,2479,7715,6582,14297,2018-11-01
WS6,594,768,1362,6810,5891,12701,2018-11-01
WS7,947,1258,2205,11471,10183,21654,2018-11-01
WS8,799,1012,1811,5506,4499,10005,2018-11-01
WS9,926,1149,2075,9957,8951,18908,2018-11-01
WS10,3296,4382,7678,13982,10136,24118,2018-11-01
WS11,1855,2434,4289,15281,13131,28412,2018-11-01
WS12,1238,1706,2944,13182,11517,24699,2018-11-01
WS13,1136,1326,2462,9604,8601,18205,2018-11-01
WS14,572,602,1174,7020,6634,13654,2018-11-01
WS15,1579,1971,3550,14198,12497,26695,2018-11-01
WV0,0,1,1,0,0,0,2018-11-01
WV1,1861,1849,3710,4302,2637,6939,2018-11-01
WV2,1904,2067,3971,4580,2925,7505,2018-11-01
WV3,1985,2249,4234,10014,8131,18145,2018-11-01
WV4,1758,2359,4117,12173,10018,22191,2018-11-01
WV5,407,558,965,6095,5541,11636,2018-11-01
WV6,2577,3034,5611,15896,13633,29529,2018-11-01
WV7,358,257,615,2237,2028,4265,2018-11-01
WV8,704,992,1696,5513,5038,10551,2018-11-01
WV9,290,394,684,2666,2357,5023,2018-11-01
WV10,4339,5719,10058,16911,13148,30059,2018-11-01
WV11,1953,2558,4511,11734,9240,20974,2018-11-01
WV12,1258,1712,2970,8788,7125,15913,2018-11-01
WV13,1470,1910,3380,6650,5088,11738,2018-11-01
WV14,3106,4069,7175,14750,11352,26102,2018-11-01
WV15,255,334,589,3496,3082,6578,2018-11-01
WV16,516,623,1139,6954,6294,13248,2018-11-01
YL55,0,0,0,0,1,1,2018-11-01
YO0,0,0,0,1,0,1,2018-11-01
YO1,341,362,703,1414,1028,2442,2018-11-01
YO1,0,0,0,1,0,1,2018-11-01
YO2,35,41,76,87,38,125,2018-11-01
YO3,37,31,68,102,62,164,2018-11-01
YO3,0,0,0,0,1,1,2018-11-01
YO4,12,14,26,116,93,209,2018-11-01
YO5,8,9,17,38,26,64,2018-11-01
YO6,18,27,45,123,72,195,2018-11-01
YO7,625,751,1376,7959,7319,15278,2018-11-01
YO8,1822,2375,4197,17183,15064,32247,2018-11-01
YO9,2,1,3,0,0,0,2018-11-01
YO10,1463,1793,3256,7057,5987,13044,2018-11-01
YO11,1346,1573,2919,7362,5785,13147,2018-11-01
YO12,2193,2644,4837,13176,11254,24430,2018-11-01
YO13,229,298,527,4204,4071,8275,2018-11-01
YO14,394,544,938,4321,3824,8145,2018-11-01
YO15,744,825,1569,4742,3731,8473,2018-11-01
YO16,1139,1501,2640,8705,7086,15791,2018-11-01
YO17,762,912,1674,8584,7709,16293,2018-11-01
YO18,317,387,704,4505,4203,8708,2018-11-01
YO19,355,433,788,5042,4752,9794,2018-11-01
YO20,0,0,0,0,1,1,2018-11-01
YO21,535,595,1130,5373,4750,10123,2018-11-01
YO22,357,429,786,3247,2921,6168,2018-11-01
YO23,798,968,1766,7152,6854,14006,2018-11-01
YO24,1667,2210,3877,10035,9010,19045,2018-11-01
YO25,1023,1299,2322,13220,12139,25359,2018-11-01
YO26,1426,1784,3210,10743,9709,20452,2018-11-01
YO29,0,0,0,1,0,1,2018-11-01
YO30,1432,1725,3157,8865,7925,16790,2018-11-01
YO31,1540,1933,3473,8746,7643,16389,2018-11-01
YO32,956,1279,2235,10688,10265,20953,2018-11-01
YO34,1,0,1,1,1,2,2018-11-01
YO40,0,0,0,0,1,1,2018-11-01
YO41,252,331,583,4395,4206,8601,2018-11-01
YO42,472,575,1047,5893,5604,11497,2018-11-01
YO43,310,402,712,5023,4677,9700,2018-11-01
YO45,0,0,0,0,1,1,2018-11-01
YO51,148,186,334,2323,2200,4523,2018-11-01
YO60,110,111,221,1962,1913,3875,2018-11-01
YO61,363,449,812,5736,5605,11341,2018-11-01
YO62,364,382,746,4768,4520,9288,2018-11-01
YO69,0,0,0,1,0,1,2018-11-01
ZE0,0,0,0,0,1,1,2018-11-01
ZE1,425,563,988,2765,2286,5051,2018-11-01
ZE2,603,804,1407,5473,4822,10295,2018-11-01
ZE3,22,27,49,173,142,315,2018-11-01
TotalNA,3794558,4385635,8180193,21921780,18693628,40615408,2018-11-01
AA78,0,0,0,0,1,1,2019-11-01
AB1,73,78,151,195,132,327,2019-11-01
AB2,24,33,57,104,56,160,2019-11-01
AB3,7,9,16,35,41,76,2019-11-01
AB4,3,4,7,28,24,52,2019-11-01
AB5,1,3,4,14,18,32,2019-11-01
AB9,29,18,47,68,11,79,2019-11-01
AB10,1529,1547,3076,7418,6063,13481,2019-11-01
AB11,1878,1987,3865,6399,4328,10727,2019-11-01
AB12,1189,1566,2755,10526,9440,19966,2019-11-01
AB13,104,114,218,1433,1415,2848,2019-11-01
AB14,216,267,483,1942,1816,3758,2019-11-01
AB15,1440,1844,3284,15673,14766,30439,2019-11-01
AB16,2249,2912,5161,8316,6383,14699,2019-11-01
AB18,0,0,0,0,1,1,2019-11-01
AB21,912,1092,2004,9253,8247,17500,2019-11-01
AB22,576,750,1326,6266,5743,12009,2019-11-01
AB23,427,464,891,4771,4364,9135,2019-11-01
AB24,3109,3140,6249,9322,5936,15258,2019-11-01
AB25,1513,1408,2921,5122,3701,8823,2019-11-01
AB28,0,0,0,1,0,1,2019-11-01
AB29,0,1,1,0,0,0,2019-11-01
AB30,194,241,435,3011,2760,5771,2019-11-01
AB31,466,491,957,6473,6184,12657,2019-11-01
AB32,443,531,974,5644,5460,11104,2019-11-01
AB33,122,164,286,2362,2118,4480,2019-11-01
AB34,171,202,373,2220,2131,4351,2019-11-01
AB35,101,112,213,1009,903,1912,2019-11-01
AB36,19,20,39,235,212,447,2019-11-01
AB37,37,47,84,542,464,1006,2019-11-01
AB38,123,182,305,1729,1542,3271,2019-11-01
AB39,678,744,1422,6842,6477,13319,2019-11-01
AB41,567,802,1369,8546,8041,16587,2019-11-01
AB42,1514,1771,3285,12522,11010,23532,2019-11-01
AB43,1041,1245,2286,8313,7308,15621,2019-11-01
AB44,188,226,414,1353,1198,2551,2019-11-01
AB45,407,502,909,4119,3700,7819,2019-11-01
AB51,995,1246,2241,14128,13293,27421,2019-11-01
AB52,125,164,289,2122,1932,4054,2019-11-01
AB53,330,411,741,4826,4258,9084,2019-11-01
AB54,378,498,876,4275,3802,8077,2019-11-01
AB55,270,432,702,3461,2968,6429,2019-11-01
AB56,639,714,1353,5174,4727,9901,2019-11-01
AL1,2035,2193,4228,14253,12727,26980,2019-11-01
AL2,901,1093,1994,9724,9157,18881,2019-11-01
AL3,1213,1357,2570,11077,10710,21787,2019-11-01
AL4,1008,1182,2190,10787,10583,21370,2019-11-01
AL5,1135,1220,2355,12304,12111,24415,2019-11-01
AL6,351,370,721,5197,5119,10316,2019-11-01
AL7,2073,2450,4523,12338,11176,23514,2019-11-01
AL8,573,709,1282,5061,4867,9928,2019-11-01
AL9,418,492,910,4895,4583,9478,2019-11-01
AL10,3575,3067,6642,11629,8130,19759,2019-11-01
B0,2,0,2,0,0,0,2019-11-01
B1,938,817,1755,2195,1195,3390,2019-11-01
B2,73,58,131,100,44,144,2019-11-01
B3,193,173,366,667,427,1094,2019-11-01
B4,293,152,445,296,100,396,2019-11-01
B5,1311,1430,2741,3084,1847,4931,2019-11-01
B5,0,0,0,1,1,2,2019-11-01
B6,2746,3007,5753,4779,2427,7206,2019-11-01
B7,1073,1416,2489,1847,1094,2941,2019-11-01
B8,5030,5774,10804,10491,5755,16246,2019-11-01
B9,2854,3576,6430,6017,3423,9440,2019-11-01
B9,0,0,0,1,0,1,2019-11-01
B10,3306,3723,7029,6460,3350,9810,2019-11-01
B11,5527,6198,11725,11584,6325,17909,2019-11-01
B12,2802,2828,5630,4704,2434,7138,2019-11-01
B13,2950,3539,6489,12554,9694,22248,2019-11-01
B14,3210,3949,7159,13194,10991,24185,2019-11-01
B15,1614,1679,3293,5066,3881,8947,2019-11-01
B16,2877,3028,5905,6389,3964,10353,2019-11-01
B17,1831,2116,3947,8543,7168,15711,2019-11-01
B18,2065,2588,4653,3757,2383,6140,2019-11-01
B19,3196,3511,6707,4656,2442,7098,2019-11-01
B20,3869,4463,8332,10426,7191,17617,2019-11-01
B21,4778,4899,9677,7453,4188,11641,2019-11-01
B22,0,0,0,1,0,1,2019-11-01
B23,4123,5081,9204,13061,9830,22891,2019-11-01
B24,2249,2787,5036,8991,6947,15938,2019-11-01
B25,1499,1933,3432,4805,3269,8074,2019-11-01
B26,2069,2614,4683,11358,9004,20362,2019-11-01
B27,2218,2644,4862,7754,5602,13356,2019-11-01
B28,1819,2370,4189,11011,9038,20049,2019-11-01
B29,3286,3834,7120,9588,7609,17197,2019-11-01
B30,1949,2337,4286,9095,8207,17302,2019-11-01
B31,4187,5495,9682,17181,14457,31638,2019-11-01
B32,2920,4221,7141,11406,9195,20601,2019-11-01
B33,2997,4055,7052,9998,7254,17252,2019-11-01
B34,1375,1857,3232,5986,4706,10692,2019-11-01
B35,848,1170,2018,2403,2058,4461,2019-11-01
B36,2416,3314,5730,11597,9412,21009,2019-11-01
B37,2915,3718,6633,10725,8632,19357,2019-11-01
B38,1589,2073,3662,6085,5175,11260,2019-11-01
B41,1,0,1,1,0,1,2019-11-01
B42,1642,1988,3630,7942,6623,14565,2019-11-01
B43,1427,1869,3296,10694,9225,19919,2019-11-01
B44,2815,3828,6643,10884,8621,19505,2019-11-01
B45,1931,2483,4414,10707,9239,19946,2019-11-01
B46,427,460,887,5104,4730,9834,2019-11-01
B47,248,305,553,4005,3946,7951,2019-11-01
B48,186,166,352,2367,2254,4621,2019-11-01
B49,332,419,751,4193,3980,8173,2019-11-01
B50,194,221,415,2558,2405,4963,2019-11-01
B60,937,1057,1994,10493,9840,20333,2019-11-01
B61,1072,1257,2329,9456,8815,18271,2019-11-01
B62,1012,1244,2256,9128,8099,17227,2019-11-01
B63,1691,2264,3955,12806,10998,23804,2019-11-01
B64,1029,1376,2405,5517,4424,9941,2019-11-01
B65,1529,2086,3615,7696,6024,13720,2019-11-01
B66,3058,3446,6504,5833,3487,9320,2019-11-01
B67,2979,3616,6595,8964,6196,15160,2019-11-01
B68,2281,3026,5307,10309,7990,18299,2019-11-01
B69,2114,2850,4964,9126,6895,16021,2019-11-01
B70,2864,3600,6464,8502,5204,13706,2019-11-01
B71,2301,2972,5273,9627,7131,16758,2019-11-01
B72,422,426,848,3876,3410,7286,2019-11-01
B73,950,1068,2018,8897,8158,17055,2019-11-01
B74,885,1071,1956,13059,12342,25401,2019-11-01
B75,1124,1414,2538,9950,9487,19437,2019-11-01
B76,938,900,1838,9193,8052,17245,2019-11-01
B77,2753,3927,6680,20198,17127,37325,2019-11-01
B78,986,1198,2184,9282,8154,17436,2019-11-01
B79,1018,1267,2285,8556,7244,15800,2019-11-01
B80,246,282,528,2824,2610,5434,2019-11-01
B85,0,0,0,1,0,1,2019-11-01
B90,1710,1982,3692,18414,17197,35611,2019-11-01
B91,1233,1405,2638,13627,12888,26515,2019-11-01
B92,1716,2031,3747,14040,12341,26381,2019-11-01
B93,512,579,1091,8009,7927,15936,2019-11-01
B94,151,178,329,3309,3170,6479,2019-11-01
B95,194,203,397,2609,2554,5163,2019-11-01
B96,100,142,242,2233,2131,4364,2019-11-01
B97,1325,1647,2972,12341,10894,23235,2019-11-01
B98,2914,3880,6794,17436,14327,31763,2019-11-01
BA0,0,0,0,1,1,2,2019-11-01
BA1,2473,2791,5264,14089,12764,26853,2019-11-01
BA2,4030,4443,8473,23975,21845,45820,2019-11-01
BA3,1412,1419,2831,14015,12997,27012,2019-11-01
BA4,643,766,1409,7267,6648,13915,2019-11-01
BA5,722,746,1468,7195,6983,14178,2019-11-01
BA6,660,647,1307,5219,5095,10314,2019-11-01
BA7,114,145,259,1384,1449,2833,2019-11-01
BA8,136,163,299,1757,1657,3414,2019-11-01
BA9,247,334,581,3229,2977,6206,2019-11-01
BA10,149,182,331,1325,1305,2630,2019-11-01
BA11,1407,1722,3129,12544,11990,24534,2019-11-01
BA12,1171,1452,2623,11422,10427,21849,2019-11-01
BA13,807,943,1750,7812,7291,15103,2019-11-01
BA14,2359,2603,4962,18425,16892,35317,2019-11-01
BA15,507,585,1092,5179,5266,10445,2019-11-01
BA16,600,645,1245,4868,4456,9324,2019-11-01
BA20,498,587,1085,4352,3628,7980,2019-11-01
BA21,1675,2167,3842,12463,10714,23177,2019-11-01
BA22,476,520,996,7417,6983,14400,2019-11-01
BB0,0,0,0,1,0,1,2019-11-01
BB1,4460,5901,10361,21381,15690,37071,2019-11-01
BB2,3855,4798,8653,19276,15114,34390,2019-11-01
BB3,1894,2416,4310,11610,9774,21384,2019-11-01
BB4,1876,2419,4295,15195,13596,28791,2019-11-01
BB5,3718,4666,8384,20068,16246,36314,2019-11-01
BB6,673,779,1452,5414,4806,10220,2019-11-01
BB7,1105,1208,2313,13362,12706,26068,2019-11-01
BB8,1176,1398,2574,8106,7214,15320,2019-11-01
BB9,2773,3465,6238,14696,11020,25716,2019-11-01
BB10,2233,2744,4977,12769,10223,22992,2019-11-01
BB11,1611,2024,3635,7231,5657,12888,2019-11-01
BB12,1773,2069,3842,12410,10658,23068,2019-11-01
BB18,646,831,1477,6350,5629,11979,2019-11-01
BD0,0,0,0,1,0,1,2019-11-01
BD1,654,432,1086,979,409,1388,2019-11-01
BD2,1918,2477,4395,9566,7786,17352,2019-11-01
BD3,3463,4032,7495,8085,4572,12657,2019-11-01
BD4,2426,3264,5690,8353,6341,14694,2019-11-01
BD5,2958,3496,6454,7300,4125,11425,2019-11-01
BD6,1883,2585,4468,9313,7602,16915,2019-11-01
BD7,3493,3701,7194,9272,5539,14811,2019-11-01
BD8,2917,3486,6403,8072,4742,12814,2019-11-01
BD9,2093,2902,4995,8235,5783,14018,2019-11-01
BD10,1428,1864,3292,8886,7875,16761,2019-11-01
BD11,400,525,925,4090,3847,7937,2019-11-01
BD12,882,1161,2043,5813,4949,10762,2019-11-01
BD13,1167,1418,2585,9547,8682,18229,2019-11-01
BD14,406,590,996,2780,2399,5179,2019-11-01
BD15,872,1220,2092,5416,4563,9979,2019-11-01
BD16,1066,1262,2328,9438,8649,18087,2019-11-01
BD17,726,858,1584,6850,6256,13106,2019-11-01
BD18,1724,2206,3930,8666,7108,15774,2019-11-01
BD19,947,1163,2110,7997,7174,15171,2019-11-01
BD20,1254,1588,2842,13975,12930,26905,2019-11-01
BD21,1899,2567,4466,7251,5109,12360,2019-11-01
BD22,1464,1872,3336,10481,9296,19777,2019-11-01
BD23,1047,1215,2262,11785,10973,22758,2019-11-01
BD24,179,223,402,2105,1942,4047,2019-11-01
BD99,0,0,0,0,1,1,2019-11-01
BH0,0,0,0,0,1,1,2019-11-01
BH1,2109,1948,4057,7117,4726,11843,2019-11-01
BH2,857,733,1590,3310,2169,5479,2019-11-01
BH2,0,0,0,1,0,1,2019-11-01
BH3,309,336,645,2188,1830,4018,2019-11-01
BH4,492,519,1011,3794,3191,6985,2019-11-01
BH5,722,731,1453,3953,3107,7060,2019-11-01
BH6,1006,1130,2136,8601,8404,17005,2019-11-01
BH7,682,711,1393,4286,3921,8207,2019-11-01
BH8,1957,2000,3957,9759,8246,18005,2019-11-01
BH9,1680,1766,3446,10213,9293,19506,2019-11-01
BH10,834,999,1833,7451,6869,14320,2019-11-01
BH11,1070,1289,2359,7149,6470,13619,2019-11-01
BH12,1919,2119,4038,12671,11274,23945,2019-11-01
BH13,149,216,365,3437,3273,6710,2019-11-01
BH14,990,987,1977,9576,8943,18519,2019-11-01
BH15,1662,1786,3448,12506,11235,23741,2019-11-01
BH16,579,780,1359,6110,5836,11946,2019-11-01
BH17,903,1157,2060,8494,8021,16515,2019-11-01
BH18,277,226,503,5080,4888,9968,2019-11-01
BH19,449,564,1013,4376,3986,8362,2019-11-01
BH20,1000,810,1810,8622,7518,16140,2019-11-01
BH21,1012,1176,2188,16726,16727,33453,2019-11-01
BH22,652,689,1341,11432,10976,22408,2019-11-01
BH23,1919,1982,3901,21156,20653,41809,2019-11-01
BH24,721,713,1434,10017,9807,19824,2019-11-01
BH25,858,957,1815,9912,9736,19648,2019-11-01
BH31,295,303,598,5402,5429,10831,2019-11-01
BL0,663,785,1448,6546,6323,12869,2019-11-01
BL1,4288,4956,9244,21577,16796,38373,2019-11-01
BL2,2837,3391,6228,15335,13095,28430,2019-11-01
BL3,4923,5853,10776,20775,14666,35441,2019-11-01
BL4,2311,2999,5310,10842,8331,19173,2019-11-01
BL5,1082,1243,2325,10227,9325,19552,2019-11-01
BL6,1328,1531,2859,11511,10506,22017,2019-11-01
BL7,411,492,903,6248,6020,12268,2019-11-01
BL8,1477,1776,3253,13657,12485,26142,2019-11-01
BL9,3377,4117,7494,16636,13284,29920,2019-11-01
BN1,6970,6690,13660,26232,21892,48124,2019-11-01
BN2,7842,8314,16156,27765,22281,50046,2019-11-01
BN3,6191,6270,12461,28086,24024,52110,2019-11-01
BN4,3,2,5,15,10,25,2019-11-01
BN5,205,246,451,3242,3248,6490,2019-11-01
BN6,669,711,1380,7041,7124,14165,2019-11-01
BN7,1252,1505,2757,6972,6806,13778,2019-11-01
BN8,528,584,1112,6465,6411,12876,2019-11-01
BN9,843,1100,1943,4582,3914,8496,2019-11-01
BN10,1021,1214,2235,7083,6248,13331,2019-11-01
BN11,2139,2328,4467,11096,9554,20650,2019-11-01
BN12,840,987,1827,8377,8127,16504,2019-11-01
BN13,1236,1374,2610,10872,10406,21278,2019-11-01
BN14,1507,1645,3152,11343,10717,22060,2019-11-01
BN15,1348,1556,2904,10145,9036,19181,2019-11-01
BN16,905,1020,1925,11213,11281,22494,2019-11-01
BN17,1653,2060,3713,11134,9820,20954,2019-11-01
BN18,567,515,1082,5360,5165,10525,2019-11-01
BN19,0,0,0,2,0,2,2019-11-01
BN20,830,1050,1880,7885,7689,15574,2019-11-01
BN21,1683,1788,3471,8417,7072,15489,2019-11-01
BN22,2043,2513,4556,10920,9772,20692,2019-11-01
BN23,1347,1726,3073,10245,9220,19465,2019-11-01
BN24,303,335,638,3998,3900,7898,2019-11-01
BN25,964,1218,2182,9058,8560,17618,2019-11-01
BN26,447,518,965,4827,4593,9420,2019-11-01
BN27,1163,1372,2535,11445,10986,22431,2019-11-01
BN32,1,0,1,0,0,0,2019-11-01
BN40,0,0,0,1,0,1,2019-11-01
BN41,1546,1716,3262,6783,6351,13134,2019-11-01
BN42,569,662,1231,3670,3268,6938,2019-11-01
BN43,1239,1278,2517,8566,7982,16548,2019-11-01
BN44,325,375,700,4066,4086,8152,2019-11-01
BN45,28,19,47,256,247,503,2019-11-01
BR0,0,0,0,1,0,1,2019-11-01
BR1,4455,5329,9784,20123,18035,38158,2019-11-01
BR2,2594,2856,5450,17724,16614,34338,2019-11-01
BR3,2762,3245,6007,18355,17015,35370,2019-11-01
BR4,982,883,1865,7606,7291,14897,2019-11-01
BR5,2944,3806,6750,15995,14762,30757,2019-11-01
BR6,2132,2470,4602,18086,17316,35402,2019-11-01
BR7,711,873,1584,7179,6927,14106,2019-11-01
BR8,1106,1413,2519,8478,7656,16134,2019-11-01
BS0,0,0,0,1,0,1,2019-11-01
BS1,1108,980,2088,3698,2206,5904,2019-11-01
BS2,1858,1930,3788,4748,3147,7895,2019-11-01
BS3,2523,2811,5334,12909,10849,23758,2019-11-01
BS4,3235,4116,7351,16759,13806,30565,2019-11-01
BS5,5108,5479,10587,17588,13120,30708,2019-11-01
BS6,2133,2226,4359,10715,9622,20337,2019-11-01
BS7,2833,3011,5844,13760,11299,25059,2019-11-01
BS8,1496,1509,3005,8512,7362,15874,2019-11-01
BS9,1316,1352,2668,12169,11446,23615,2019-11-01
BS10,1921,2560,4481,9576,7960,17536,2019-11-01
BS11,1297,1547,2844,6056,4828,10884,2019-11-01
BS12,18,14,32,107,54,161,2019-11-01
BS13,2070,2789,4859,9453,7639,17092,2019-11-01
BS14,1366,1576,2942,10701,9609,20310,2019-11-01
BS15,2093,2445,4538,17856,15773,33629,2019-11-01
BS16,3905,4347,8252,28964,25831,54795,2019-11-01
BS17,16,17,33,93,64,157,2019-11-01
BS18,15,14,29,79,64,143,2019-11-01
BS19,4,6,10,47,41,88,2019-11-01
BS20,960,1180,2140,12666,11902,24568,2019-11-01
BS21,746,998,1744,9154,8760,17914,2019-11-01
BS22,1452,1838,3290,14500,13086,27586,2019-11-01
BS23,2287,2596,4883,11962,9431,21393,2019-11-01
BS24,742,947,1689,8736,8174,16910,2019-11-01
BS25,181,164,345,2673,2533,5206,2019-11-01
BS26,150,149,299,2046,2037,4083,2019-11-01
BS27,218,223,441,2970,2879,5849,2019-11-01
BS28,72,68,140,1470,1418,2888,2019-11-01
BS29,76,97,173,1143,1019,2162,2019-11-01
BS30,898,1067,1965,11672,11094,22766,2019-11-01
BS31,765,932,1697,8341,7807,16148,2019-11-01
BS32,1004,1069,2073,9382,8537,17919,2019-11-01
BS34,1724,1975,3699,12316,10436,22752,2019-11-01
BS35,740,838,1578,9542,8836,18378,2019-11-01
BS36,476,468,944,6549,6310,12859,2019-11-01
BS37,1431,1778,3209,15328,14027,29355,2019-11-01
BS38,0,0,0,1,0,1,2019-11-01
BS39,450,515,965,6685,6266,12951,2019-11-01
BS40,304,329,633,5498,5421,10919,2019-11-01
BS41,174,189,363,2416,2329,4745,2019-11-01
BS45,0,0,0,2,1,3,2019-11-01
BS48,726,857,1583,9355,9034,18389,2019-11-01
BS49,378,433,811,4712,4608,9320,2019-11-01
BS53,0,0,0,1,0,1,2019-11-01
BS57,0,0,0,1,0,1,2019-11-01
BS67,0,0,0,0,1,1,2019-11-01
BS94,0,1,1,0,0,0,2019-11-01
BS99,1,0,1,0,0,0,2019-11-01
CA0,0,0,0,1,1,2,2019-11-01
CA1,1523,1810,3333,7571,6095,13666,2019-11-01
CA2,2043,2774,4817,13002,10713,23715,2019-11-01
CA3,485,589,1074,5236,4760,9996,2019-11-01
CA4,195,250,445,3957,3831,7788,2019-11-01
CA5,188,204,392,2984,2909,5893,2019-11-01
CA6,266,325,591,3838,3366,7204,2019-11-01
CA7,686,910,1596,8798,8057,16855,2019-11-01
CA8,294,424,718,4137,3790,7927,2019-11-01
CA9,67,101,168,861,764,1625,2019-11-01
CA10,341,429,770,5951,5582,11533,2019-11-01
CA11,828,1036,1864,8344,7548,15892,2019-11-01
CA12,323,348,671,3069,2749,5818,2019-11-01
CA13,463,624,1087,6059,5642,11701,2019-11-01
CA14,1574,2183,3757,12570,10475,23045,2019-11-01
CA15,728,966,1694,5630,4697,10327,2019-11-01
CA16,150,170,320,2566,2402,4968,2019-11-01
CA17,131,173,304,2017,1794,3811,2019-11-01
CA18,10,4,14,118,120,238,2019-11-01
CA19,28,31,59,454,432,886,2019-11-01
CA20,80,94,174,1372,1219,2591,2019-11-01
CA21,24,23,47,325,280,605,2019-11-01
CA22,432,572,1004,3178,2613,5791,2019-11-01
CA23,54,67,121,558,478,1036,2019-11-01
CA24,32,57,89,400,322,722,2019-11-01
CA25,295,412,707,1941,1608,3549,2019-11-01
CA26,149,207,356,1318,1164,2482,2019-11-01
CA27,45,64,109,658,567,1225,2019-11-01
CA28,1410,1752,3162,9741,7984,17725,2019-11-01
CB1,3821,4047,7868,16349,13950,30299,2019-11-01
CB2,1581,1680,3261,7537,6725,14262,2019-11-01
CB3,1152,1313,2465,6528,5906,12434,2019-11-01
CB4,3754,4069,7823,16211,13328,29539,2019-11-01
CB5,1095,1228,2323,4948,4080,9028,2019-11-01
CB6,1335,1622,2957,14704,13410,28114,2019-11-01
CB7,1093,1205,2298,10338,9424,19762,2019-11-01
CB8,1549,1639,3188,12386,11298,23684,2019-11-01
CB9,1539,2088,3627,11470,9824,21294,2019-11-01
CB10,538,649,1187,5758,5426,11184,2019-11-01
CB11,652,776,1428,7304,6926,14230,2019-11-01
CB12,0,0,0,1,1,2,2019-11-01
CB19,0,0,0,1,0,1,2019-11-01
CB21,440,486,926,5331,4984,10315,2019-11-01
CB22,717,748,1465,8210,7589,15799,2019-11-01
CB23,1072,1256,2328,11429,10810,22239,2019-11-01
CB24,1055,1146,2201,11559,10627,22186,2019-11-01
CB25,483,503,986,6081,5648,11729,2019-11-01
CF0,1,0,1,1,0,1,2019-11-01
CF1,87,69,156,152,54,206,2019-11-01
CF2,48,43,91,135,46,181,2019-11-01
CF3,2716,3456,6172,13747,12563,26310,2019-11-01
CF4,46,37,83,156,117,273,2019-11-01
CF5,3999,4848,8847,21216,19302,40518,2019-11-01
CF6,84,74,158,137,64,201,2019-11-01
CF7,13,8,21,70,51,121,2019-11-01
CF8,54,45,99,155,108,263,2019-11-01
CF9,0,0,0,1,0,1,2019-11-01
CF10,1452,1247,2699,4111,2452,6563,2019-11-01
CF11,3480,3327,6807,11307,8068,19375,2019-11-01
CF14,3186,3583,6769,26376,24971,51347,2019-11-01
CF15,555,663,1218,7066,6988,14054,2019-11-01
CF16,0,0,0,0,1,1,2019-11-01
CF18,0,1,1,0,0,0,2019-11-01
CF23,2393,2863,5256,15860,14996,30856,2019-11-01
CF24,5297,4645,9942,12071,8306,20377,2019-11-01
CF31,1954,2367,4321,16027,14639,30666,2019-11-01
CF32,1432,1801,3233,10863,9349,20212,2019-11-01
CF33,774,1004,1778,4999,4302,9301,2019-11-01
CF34,1041,1370,2411,6709,5358,12067,2019-11-01
CF35,484,602,1086,7110,6612,13722,2019-11-01
CF36,543,654,1197,6190,5793,11983,2019-11-01
CF37,2252,2489,4741,12315,9919,22234,2019-11-01
CF38,739,984,1723,8769,8221,16990,2019-11-01
CF39,1369,1975,3344,9719,7960,17679,2019-11-01
CF40,1060,1470,2530,6575,5171,11746,2019-11-01
CF41,525,700,1225,3560,2742,6302,2019-11-01
CF42,705,950,1655,4313,3429,7742,2019-11-01
CF43,702,999,1701,3721,2734,6455,2019-11-01
CF44,1976,2751,4727,13594,11129,24723,2019-11-01
CF45,1176,1527,2703,6133,4771,10904,2019-11-01
CF46,620,861,1481,5179,4550,9729,2019-11-01
CF47,1306,1864,3170,6760,5164,11924,2019-11-01
CF48,1386,1874,3260,9058,7436,16494,2019-11-01
CF61,483,573,1056,3712,3468,7180,2019-11-01
CF62,1971,2404,4375,14762,14117,28879,2019-11-01
CF63,1475,1716,3191,6668,5890,12558,2019-11-01
CF64,1550,1723,3273,13625,13213,26838,2019-11-01
CF71,208,219,427,3949,3874,7823,2019-11-01
CF72,812,1064,1876,10047,9623,19670,2019-11-01
CF81,974,1325,2299,5202,3888,9090,2019-11-01
CF82,939,1176,2115,7011,6063,13074,2019-11-01
CF83,2688,3431,6119,18126,16040,34166,2019-11-01
CH1,2196,2454,4650,9530,7543,17073,2019-11-01
CH2,1623,1986,3609,12701,11355,24056,2019-11-01
CH3,1232,1316,2548,14125,13343,27468,2019-11-01
CH4,1601,2024,3625,12446,11433,23879,2019-11-01
CH5,2179,2639,4818,15102,12901,28003,2019-11-01
CH6,901,1221,2122,5824,4948,10772,2019-11-01
CH6,0,0,0,1,0,1,2019-11-01
CH7,1750,2281,4031,19207,17978,37185,2019-11-01
CH8,914,1200,2114,7745,6744,14489,2019-11-01
CH9,1,0,1,1,0,1,2019-11-01
CH14,0,0,0,1,0,1,2019-11-01
CH22,0,0,0,0,1,1,2019-11-01
CH24,0,0,0,1,0,1,2019-11-01
CH41,1819,2067,3886,4583,3311,7894,2019-11-01
CH42,2603,3016,5619,8754,7115,15869,2019-11-01
CH43,2190,2398,4588,12943,11443,24386,2019-11-01
CH44,2409,2791,5200,8295,6596,14891,2019-11-01
CH45,1743,1940,3683,10647,9594,20241,2019-11-01
CH46,1516,1817,3333,8394,7399,15793,2019-11-01
CH47,440,515,955,4158,4066,8224,2019-11-01
CH48,591,599,1190,5829,5771,11600,2019-11-01
CH49,1436,1763,3199,10195,9660,19855,2019-11-01
CH60,323,322,645,5420,5399,10819,2019-11-01
CH61,571,664,1235,6606,6486,13092,2019-11-01
CH62,1602,1900,3502,10147,9177,19324,2019-11-01
CH63,1181,1372,2553,10956,10575,21531,2019-11-01
CH64,600,695,1295,7590,7302,14892,2019-11-01
CH65,1980,2381,4361,9052,7516,16568,2019-11-01
CH66,1484,1837,3321,13161,12117,25278,2019-11-01
CM0,609,734,1343,6937,6158,13095,2019-11-01
CM1,3303,3726,7029,24105,21703,45808,2019-11-01
CM2,2499,3065,5564,22794,20547,43341,2019-11-01
CM3,1614,1958,3572,22655,21489,44144,2019-11-01
CM4,336,359,695,4394,4309,8703,2019-11-01
CM5,333,379,712,4586,4386,8972,2019-11-01
CM6,756,857,1613,11514,11022,22536,2019-11-01
CM7,2254,2828,5082,18282,15939,34221,2019-11-01
CM8,1546,2049,3595,12120,10776,22896,2019-11-01
CM9,1223,1494,2717,13675,12553,26228,2019-11-01
CM11,672,793,1465,7997,7465,15462,2019-11-01
CM12,699,689,1388,8224,7910,16134,2019-11-01
CM13,961,1090,2051,10161,9439,19600,2019-11-01
CM14,971,1195,2166,7934,7203,15137,2019-11-01
CM15,790,937,1727,9522,9222,18744,2019-11-01
CM16,812,934,1746,9308,8767,18075,2019-11-01
CM17,909,1185,2094,9008,8429,17437,2019-11-01
CM18,1780,2190,3970,8726,7089,15815,2019-11-01
CM19,1425,1675,3100,7847,6234,14081,2019-11-01
CM20,1934,2300,4234,8170,6257,14427,2019-11-01
CM21,365,422,787,4676,4272,8948,2019-11-01
CM22,474,510,984,6527,6062,12589,2019-11-01
CM23,1814,2055,3869,15850,14644,30494,2019-11-01
CM24,293,340,633,3202,2943,6145,2019-11-01
CM77,470,560,1030,6059,5837,11896,2019-11-01
CO0,1,1,2,0,0,0,2019-11-01
CO1,1344,1496,2840,5552,4229,9781,2019-11-01
CO1,0,0,0,0,1,1,2019-11-01
CO2,2247,2869,5116,13013,11038,24051,2019-11-01
CO3,1398,1573,2971,11688,10761,22449,2019-11-01
CO4,2969,3535,6504,16944,14430,31374,2019-11-01
CO5,831,1006,1837,11686,10930,22616,2019-11-01
CO6,822,974,1796,11512,11073,22585,2019-11-01
CO7,1180,1346,2526,13752,12710,26462,2019-11-01
CO8,65,69,134,984,939,1923,2019-11-01
CO9,899,1033,1932,10290,9429,19719,2019-11-01
CO10,1863,2221,4084,18654,17041,35695,2019-11-01
CO11,408,538,946,5273,5007,10280,2019-11-01
CO12,1055,1384,2439,8200,6892,15092,2019-11-01
CO13,380,478,858,4993,4660,9653,2019-11-01
CO14,280,367,647,2414,2005,4419,2019-11-01
CO15,2267,2746,5013,15441,12800,28241,2019-11-01
CO16,1089,1278,2367,9828,8700,18528,2019-11-01
CR0,17547,19730,37277,51757,40630,92387,2019-11-01
CR1,6,6,12,8,2,10,2019-11-01
CR2,3090,3576,6666,18275,16480,34755,2019-11-01
CR3,1310,1529,2839,11253,10845,22098,2019-11-01
CR4,8647,8503,17150,21178,14557,35735,2019-11-01
CR5,1389,1714,3103,11542,11025,22567,2019-11-01
CR6,353,405,758,4042,3847,7889,2019-11-01
CR7,7004,6957,13961,14691,10748,25439,2019-11-01
CR8,1936,2187,4123,12595,11605,24200,2019-11-01
CR9,56,40,96,65,22,87,2019-11-01
CT0,0,0,0,0,1,1,2019-11-01
CT1,2279,2534,4813,8093,6595,14688,2019-11-01
CT2,1854,2024,3878,8683,7551,16234,2019-11-01
CT3,829,986,1815,7330,6817,14147,2019-11-01
CT4,617,660,1277,6962,6853,13815,2019-11-01
CT5,1394,1557,2951,12451,11936,24387,2019-11-01
CT6,1653,1873,3526,14625,13634,28259,2019-11-01
CT7,392,484,876,4597,4242,8839,2019-11-01
CT8,428,484,912,2660,2502,5162,2019-11-01
CT9,3405,3707,7112,13867,11566,25433,2019-11-01
CT10,1305,1418,2723,9127,8555,17682,2019-11-01
CT11,2255,2460,4715,9630,8184,17814,2019-11-01
CT12,1162,1382,2544,6404,5539,11943,2019-11-01
CT13,371,426,797,3412,3121,6533,2019-11-01
CT14,1684,1985,3669,12805,11445,24250,2019-11-01
CT15,473,599,1072,5378,4873,10251,2019-11-01
CT16,1325,1449,2774,6858,5515,12373,2019-11-01
CT17,1545,1758,3303,6678,5387,12065,2019-11-01
CT18,497,526,1023,5821,5478,11299,2019-11-01
CT19,1920,2273,4193,9252,7814,17066,2019-11-01
CT20,1540,1736,3276,7989,6184,14173,2019-11-01
CT21,628,734,1362,6723,6417,13140,2019-11-01
CV0,0,0,0,0,1,1,2019-11-01
CV1,4646,3628,8274,7035,3075,10110,2019-11-01
CV2,5751,7106,12857,20637,15288,35925,2019-11-01
CV3,4504,5550,10054,23852,18953,42805,2019-11-01
CV4,2385,2762,5147,10279,8039,18318,2019-11-01
CV5,2386,2782,5168,17488,14990,32478,2019-11-01
CV6,7875,9359,17234,29268,21243,50511,2019-11-01
CV7,1112,1410,2522,11397,10424,21821,2019-11-01
CV8,1092,1192,2284,12533,11898,24431,2019-11-01
CV9,887,1106,1993,8456,7322,15778,2019-11-01
CV10,2604,3610,6214,18885,15978,34863,2019-11-01
CV11,2016,2413,4429,14723,12146,26869,2019-11-01
CV12,1463,1999,3462,11277,9573,20850,2019-11-01
CV13,264,314,578,4657,4374,9031,2019-11-01
CV18,0,0,0,0,1,1,2019-11-01
CV19,0,0,0,1,0,1,2019-11-01
CV21,2469,2924,5393,13870,10414,24284,2019-11-01
CV22,1580,1879,3459,14156,12575,26731,2019-11-01
CV23,680,810,1490,9790,9026,18816,2019-11-01
CV27,0,0,0,1,0,1,2019-11-01
CV31,2064,2301,4365,10679,8476,19155,2019-11-01
CV32,1572,1735,3307,12010,10430,22440,2019-11-01
CV33,219,237,456,3007,2872,5879,2019-11-01
CV34,1447,1757,3204,12351,11176,23527,2019-11-01
CV35,634,773,1407,10864,10606,21470,2019-11-01
CV36,273,332,605,4051,3869,7920,2019-11-01
CV37,1735,2066,3801,16908,16072,32980,2019-11-01
CV42,0,0,0,1,0,1,2019-11-01
CV47,570,694,1264,7497,7015,14512,2019-11-01
CW1,2555,2939,5494,13931,11687,25618,2019-11-01
CW2,2234,2362,4596,14948,12684,27632,2019-11-01
CW3,258,327,585,3794,3656,7450,2019-11-01
CW4,249,271,520,4208,4220,8428,2019-11-01
CW5,983,1048,2031,12003,11511,23514,2019-11-01
CW6,274,367,641,5588,5482,11070,2019-11-01
CW7,1796,2278,4074,11467,9946,21413,2019-11-01
CW8,1244,1469,2713,15317,14444,29761,2019-11-01
CW9,1323,1450,2773,13367,12035,25402,2019-11-01
CW10,454,574,1028,6126,5685,11811,2019-11-01
CW11,772,847,1619,10063,9714,19777,2019-11-01
CW12,1064,1194,2258,12132,11390,23522,2019-11-01
DA0,1,1,2,0,0,0,2019-11-01
DA1,3847,4837,8684,21059,17469,38528,2019-11-01
DA2,1060,1373,2433,8694,7974,16668,2019-11-01
DA3,571,590,1161,6930,6701,13631,2019-11-01
DA4,331,385,716,3827,3564,7391,2019-11-01
DA5,865,922,1787,8078,7699,15777,2019-11-01
DA6,583,695,1278,3790,3336,7126,2019-11-01
DA7,1702,2076,3778,12982,11717,24699,2019-11-01
DA8,3118,3882,7000,11092,9196,20288,2019-11-01
DA9,730,837,1567,5212,4565,9777,2019-11-01
DA10,480,655,1135,2981,2437,5418,2019-11-01
DA11,2765,3213,5978,13632,10618,24250,2019-11-01
DA12,3235,3719,6954,16911,14056,30967,2019-11-01
DA13,353,411,764,6155,5891,12046,2019-11-01
DA14,1166,1470,2636,7686,7246,14932,2019-11-01
DA15,1289,1538,2827,10816,9880,20696,2019-11-01
DA16,2211,2846,5057,13189,11256,24445,2019-11-01
DA17,1569,1937,3506,6086,4889,10975,2019-11-01
DA18,769,913,1682,1353,939,2292,2019-11-01
DD1,1135,994,2129,2260,1512,3772,2019-11-01
DD2,2637,3247,5884,12702,11174,23876,2019-11-01
DD3,2694,3068,5762,11021,8731,19752,2019-11-01
DD4,3257,3965,7222,12595,10398,22993,2019-11-01
DD5,991,1180,2171,12247,11827,24074,2019-11-01
DD6,407,500,907,3458,3375,6833,2019-11-01
DD7,464,595,1059,4730,4385,9115,2019-11-01
DD8,1096,1443,2539,10701,9572,20273,2019-11-01
DD9,508,659,1167,4041,3615,7656,2019-11-01
DD10,904,1126,2030,7820,6954,14774,2019-11-01
DD11,1319,1668,2987,9795,8426,18221,2019-11-01
DE1,1421,1255,2676,4045,2303,6348,2019-11-01
DE2,23,17,40,63,27,90,2019-11-01
DE3,540,713,1253,6832,6325,13157,2019-11-01
DE4,1147,1477,2624,13348,12256,25604,2019-11-01
DE5,822,1161,1983,8209,7281,15490,2019-11-01
DE6,734,855,1589,10431,9813,20244,2019-11-01
DE7,2375,3127,5502,17668,14831,32499,2019-11-01
DE11,1859,2410,4269,16711,14749,31460,2019-11-01
DE12,681,849,1530,8533,7730,16263,2019-11-01
DE13,1330,1769,3099,16047,14697,30744,2019-11-01
DE14,2323,2656,4979,10516,7412,17928,2019-11-01
DE15,1241,1486,2727,8480,7045,15525,2019-11-01
DE19,0,0,0,0,1,1,2019-11-01
DE21,2960,3926,6886,19714,16676,36390,2019-11-01
DE22,2626,3097,5723,15659,13236,28895,2019-11-01
DE23,5074,5478,10552,18792,13909,32701,2019-11-01
DE24,3835,5203,9038,17951,13799,31750,2019-11-01
DE44,0,0,0,0,1,1,2019-11-01
DE45,214,269,483,3340,3211,6551,2019-11-01
DE51,0,0,0,1,0,1,2019-11-01
DE55,2078,2696,4774,18927,16294,35221,2019-11-01
DE56,1303,1605,2908,15167,14070,29237,2019-11-01
DE65,664,809,1473,9220,8729,17949,2019-11-01
DE66,0,0,0,0,1,1,2019-11-01
DE72,597,817,1414,8199,7654,15853,2019-11-01
DE73,574,766,1340,7779,7353,15132,2019-11-01
DE74,423,470,893,4736,4140,8876,2019-11-01
DE75,883,1063,1946,6423,5566,11989,2019-11-01
DG1,1175,1357,2532,9991,9073,19064,2019-11-01
DG2,1323,1724,3047,7742,6843,14585,2019-11-01
DG3,165,243,408,1811,1706,3517,2019-11-01
DG4,206,309,515,1485,1121,2606,2019-11-01
DG5,213,242,455,1955,1794,3749,2019-11-01
DG6,262,283,545,1899,1812,3711,2019-11-01
DG7,445,516,961,4695,4505,9200,2019-11-01
DG8,484,640,1124,4779,4314,9093,2019-11-01
DG9,792,941,1733,5598,4896,10494,2019-11-01
DG10,170,199,369,1488,1336,2824,2019-11-01
DG11,477,602,1079,5066,4578,9644,2019-11-01
DG12,659,810,1469,4333,3716,8049,2019-11-01
DG13,122,139,261,1084,960,2044,2019-11-01
DG14,33,38,71,564,506,1070,2019-11-01
DG16,147,212,359,1397,1238,2635,2019-11-01
DH1,2108,2367,4475,13671,12219,25890,2019-11-01
DH2,1343,1997,3340,10708,8970,19678,2019-11-01
DH3,1258,1716,2974,9019,7592,16611,2019-11-01
DH4,1687,2109,3796,11855,10043,21898,2019-11-01
DH5,1025,1550,2575,6858,5425,12283,2019-11-01
DH6,1524,2173,3697,12045,10243,22288,2019-11-01
DH7,1851,2663,4514,14530,12533,27063,2019-11-01
DH8,1756,2348,4104,13668,11826,25494,2019-11-01
DH9,2003,2726,4729,11797,9364,21161,2019-11-01
DH10,0,0,0,1,0,1,2019-11-01
DH11,0,0,0,1,0,1,2019-11-01
DL1,2900,3932,6832,15126,11616,26742,2019-11-01
DL2,459,553,1012,7186,7036,14222,2019-11-01
DL3,2358,2808,5166,14940,12945,27885,2019-11-01
DL4,611,766,1377,3075,2337,5412,2019-11-01
DL5,1541,2009,3550,9970,8540,18510,2019-11-01
DL6,537,659,1196,5880,5427,11307,2019-11-01
DL7,352,472,824,5973,5835,11808,2019-11-01
DL8,399,531,930,7813,7386,15199,2019-11-01
DL9,1987,1285,3272,5262,3542,8804,2019-11-01
DL10,618,787,1405,7083,6763,13846,2019-11-01
DL11,112,121,233,2172,2086,4258,2019-11-01
DL12,357,476,833,4768,4340,9108,2019-11-01
DL13,412,547,959,5467,4771,10238,2019-11-01
DL14,1713,2338,4051,12790,10771,23561,2019-11-01
DL15,906,1305,2211,7794,6563,14357,2019-11-01
DL16,859,1163,2022,7662,6528,14190,2019-11-01
DL17,903,1302,2205,6052,4808,10860,2019-11-01
DN0,1,0,1,1,0,1,2019-11-01
DN1,1191,993,2184,2572,1077,3649,2019-11-01
DN2,1742,2109,3851,7875,5903,13778,2019-11-01
DN3,1123,1524,2647,11088,9582,20670,2019-11-01
DN4,3083,3749,6832,18356,14571,32927,2019-11-01
DN5,1932,2601,4533,13679,11678,25357,2019-11-01
DN6,1887,2488,4375,10071,8023,18094,2019-11-01
DN7,1113,1561,2674,7670,6250,13920,2019-11-01
DN8,988,1360,2348,6119,4684,10803,2019-11-01
DN9,597,705,1302,8557,8203,16760,2019-11-01
DN10,346,410,756,5206,4830,10036,2019-11-01
DN11,1379,1828,3207,10036,8614,18650,2019-11-01
DN12,1592,2099,3691,7310,5582,12892,2019-11-01
DN14,1992,2801,4793,17431,14513,31944,2019-11-01
DN15,2520,2649,5169,12202,9330,21532,2019-11-01
DN16,1638,2004,3642,10528,8854,19382,2019-11-01
DN17,1734,2238,3972,13051,11223,24274,2019-11-01
DN18,520,730,1250,4593,3823,8416,2019-11-01
DN19,173,214,387,2552,2293,4845,2019-11-01
DN20,586,730,1316,7532,6671,14203,2019-11-01
DN21,1760,2313,4073,13745,11936,25681,2019-11-01
DN22,1360,1756,3116,13440,12153,25593,2019-11-01
DN31,841,1001,1842,2455,1542,3997,2019-11-01
DN32,2474,2735,5209,7721,5605,13326,2019-11-01
DN33,1277,1492,2769,6495,5453,11948,2019-11-01
DN34,1146,1436,2582,6414,5165,11579,2019-11-01
DN35,1968,2381,4349,11069,9073,20142,2019-11-01
DN36,557,697,1254,8159,7513,15672,2019-11-01
DN37,885,1097,1982,8045,7230,15275,2019-11-01
DN38,76,105,181,1162,1051,2213,2019-11-01
DN39,93,104,197,1151,1007,2158,2019-11-01
DN40,669,914,1583,4645,3552,8197,2019-11-01
DN41,147,196,343,2582,2453,5035,2019-11-01
DT0,0,0,0,0,1,1,2019-11-01
DT1,849,1043,1892,7440,6986,14426,2019-11-01
DT2,672,744,1416,10602,10393,20995,2019-11-01
DT3,866,1007,1873,9535,8870,18405,2019-11-01
DT4,2124,2339,4463,13004,11273,24277,2019-11-01
DT5,711,847,1558,4367,3779,8146,2019-11-01
DT6,757,861,1618,8576,8472,17048,2019-11-01
DT7,224,235,459,2181,2099,4280,2019-11-01
DT8,165,208,373,2427,2367,4794,2019-11-01
DT9,682,811,1493,8319,8209,16528,2019-11-01
DT10,305,367,672,4849,4606,9455,2019-11-01
DT11,1102,1218,2320,12212,11014,23226,2019-11-01
DY1,2163,2646,4809,10787,8511,19298,2019-11-01
DY2,2523,3214,5737,10745,7943,18688,2019-11-01
DY3,1309,1703,3012,12375,10771,23146,2019-11-01
DY4,3123,4154,7277,13360,9867,23227,2019-11-01
DY5,2226,3018,5244,13893,11228,25121,2019-11-01
DY6,792,1047,1839,10979,9998,20977,2019-11-01
DY7,173,206,379,3271,3184,6455,2019-11-01
DY8,2030,2478,4508,18478,16594,35072,2019-11-01
DY9,1381,1696,3077,11096,9798,20894,2019-11-01
DY10,1685,2045,3730,13186,11753,24939,2019-11-01
DY11,1407,1756,3163,11525,9988,21513,2019-11-01
DY12,344,432,776,5059,4681,9740,2019-11-01
DY13,807,1013,1820,8859,8073,16932,2019-11-01
DY14,212,208,420,3677,3382,7059,2019-11-01
E0,0,0,0,1,0,1,2019-11-01
E1,11588,8920,20508,18188,9275,27463,2019-11-01
E1,0,1,1,0,0,0,2019-11-01
E1,1,0,1,0,0,0,2019-11-01
E1,0,0,0,0,1,1,2019-11-01
E1,1119,1258,2377,4795,3119,7914,2019-11-01
E2,5921,5854,11775,12355,7631,19986,2019-11-01
E2,0,1,1,0,0,0,2019-11-01
E2,0,0,0,0,1,1,2019-11-01
E3,7194,7313,14507,16115,10487,26602,2019-11-01
E4,4782,5358,10140,22867,19233,42100,2019-11-01
E5,7579,7739,15318,12560,8523,21083,2019-11-01
E6,17320,13621,30941,24472,12850,37322,2019-11-01
E7,12809,9137,21946,16520,8596,25116,2019-11-01
E8,5808,6276,12084,11035,7925,18960,2019-11-01
E9,5901,6555,12456,9855,7212,17067,2019-11-01
E10,8142,6854,14996,14905,8720,23625,2019-11-01
E11,7111,6772,13883,19040,13927,32967,2019-11-01
E12,9674,7103,16777,12696,6623,19319,2019-11-01
E13,10351,8131,18482,13884,7394,21278,2019-11-01
E14,10408,10835,21243,26550,15720,42270,2019-11-01
E15,9746,8707,18453,16082,9020,25102,2019-11-01
E16,7693,8102,15795,15625,9508,25133,2019-11-01
E17,15753,14618,30371,34779,23270,58049,2019-11-01
E18,1427,1541,2968,7262,6284,13546,2019-11-01
E19,0,0,0,1,0,1,2019-11-01
E20,419,535,954,1685,1042,2727,2019-11-01
EC1,16,6,22,21,6,27,2019-11-01
EC1,82,64,146,346,193,539,2019-11-01
EC1,2,0,2,1,0,1,2019-11-01
EC1,0,0,0,0,1,1,2019-11-01
EC1,109,97,206,465,264,729,2019-11-01
EC1,316,345,661,721,391,1112,2019-11-01
EC1,2,2,4,4,0,4,2019-11-01
EC1,1,0,1,0,0,0,2019-11-01
EC1,577,665,1242,1520,1022,2542,2019-11-01
EC1,0,1,1,1,0,1,2019-11-01
EC1,2,1,3,0,0,0,2019-11-01
EC1,1629,1674,3303,3786,2240,6026,2019-11-01
EC1,400,415,815,1063,641,1704,2019-11-01
EC1,0,0,0,1,0,1,2019-11-01
EC2,1,1,2,6,2,8,2019-11-01
EC2,126,110,236,561,292,853,2019-11-01
EC2,0,1,1,2,0,2,2019-11-01
EC2,21,8,29,166,31,197,2019-11-01
EC2,4,3,7,30,6,36,2019-11-01
EC2,0,0,0,5,2,7,2019-11-01
EC2,1,1,2,43,17,60,2019-11-01
EC2,0,0,0,1,0,1,2019-11-01
EC2,4,5,9,95,26,121,2019-11-01
EC2,197,188,385,1450,1006,2456,2019-11-01
EC3,0,1,1,1,0,1,2019-11-01
EC3,7,5,12,70,9,79,2019-11-01
EC3,5,4,9,21,7,28,2019-11-01
EC3,33,28,61,140,58,198,2019-11-01
EC3,1,0,1,1,1,2,2019-11-01
EC3,22,13,35,66,30,96,2019-11-01
EC3,4,1,5,57,19,76,2019-11-01
EC3,1,0,1,0,0,0,2019-11-01
EC4,2,1,3,3,2,5,2019-11-01
EC4,51,25,76,144,87,231,2019-11-01
EC4,0,0,0,1,0,1,2019-11-01
EC4,0,0,0,1,0,1,2019-11-01
EC4,17,14,31,130,50,180,2019-11-01
EC4,7,2,9,70,19,89,2019-11-01
EC4,0,0,0,10,4,14,2019-11-01
EC4,6,6,12,43,13,56,2019-11-01
EC4,1,0,1,0,0,0,2019-11-01
EC4,28,28,56,178,104,282,2019-11-01
EC4,0,0,0,1,0,1,2019-11-01
EC4,19,15,34,122,69,191,2019-11-01
EC8,0,1,1,0,0,0,2019-11-01
EC10,1,0,1,0,0,0,2019-11-01
EC11,0,1,1,0,0,0,2019-11-01
EC12,0,0,0,1,0,1,2019-11-01
EC14,1,2,3,4,0,4,2019-11-01
EC15,0,0,0,1,0,1,2019-11-01
EC16,0,0,0,1,0,1,2019-11-01
EC17,1,0,1,2,2,4,2019-11-01
EC19,0,1,1,1,0,1,2019-11-01
EC24,0,0,0,0,1,1,2019-11-01
EC27,0,0,0,3,0,3,2019-11-01
EC28,0,0,0,1,0,1,2019-11-01
EC31,0,0,0,0,1,1,2019-11-01
EC34,1,0,1,0,0,0,2019-11-01
EC47,0,0,0,4,0,4,2019-11-01
EC77,1,0,1,0,0,0,2019-11-01
EH0,1,5,6,1,3,4,2019-11-01
EH1,591,528,1119,1447,1019,2466,2019-11-01
EH1,0,1,1,0,0,0,2019-11-01
EH2,113,106,219,430,249,679,2019-11-01
EH3,1843,1916,3759,7439,6302,13741,2019-11-01
EH3,0,0,0,1,0,1,2019-11-01
EH4,3837,4277,8114,18045,16111,34156,2019-11-01
EH5,1574,1917,3491,6471,5388,11859,2019-11-01
EH6,3355,3555,6910,12166,9771,21937,2019-11-01
EH7,2809,3062,5871,10233,8063,18296,2019-11-01
EH8,1887,1942,3829,5836,4672,10508,2019-11-01
EH9,1380,1514,2894,6380,5953,12333,2019-11-01
EH10,1973,1909,3882,13002,11615,24617,2019-11-01
EH11,3772,3838,7610,10246,7643,17889,2019-11-01
EH12,1958,2465,4423,14179,13134,27313,2019-11-01
EH13,923,1045,1968,4849,4370,9219,2019-11-01
EH14,2730,2974,5704,13315,11351,24666,2019-11-01
EH15,1367,1598,2965,6954,6316,13270,2019-11-01
EH16,2474,2896,5370,9304,7699,17003,2019-11-01
EH17,1456,1892,3348,6129,4951,11080,2019-11-01
EH18,101,152,253,837,820,1657,2019-11-01
EH19,682,909,1591,5268,4879,10147,2019-11-01
EH20,358,495,853,2341,1957,4298,2019-11-01
EH21,1559,1895,3454,8299,7391,15690,2019-11-01
EH22,1829,2347,4176,10956,9602,20558,2019-11-01
EH23,488,666,1154,3243,2890,6133,2019-11-01
EH24,77,128,205,726,697,1423,2019-11-01
EH25,155,214,369,1244,1169,2413,2019-11-01
EH26,884,1193,2077,6098,5416,11514,2019-11-01
EH27,142,162,304,1083,1020,2103,2019-11-01
EH28,147,199,346,1316,1162,2478,2019-11-01
EH29,201,281,482,1941,1818,3759,2019-11-01
EH30,462,658,1120,3796,3463,7259,2019-11-01
EH31,80,85,165,1025,1018,2043,2019-11-01
EH32,946,1229,2175,6976,6256,13232,2019-11-01
EH33,670,865,1535,4798,4233,9031,2019-11-01
EH34,65,83,148,1016,1002,2018,2019-11-01
EH35,84,149,233,836,700,1536,2019-11-01
EH36,11,9,20,170,168,338,2019-11-01
EH37,52,85,137,640,610,1250,2019-11-01
EH38,12,14,26,172,180,352,2019-11-01
EH39,357,472,829,3766,3665,7431,2019-11-01
EH40,70,85,155,839,823,1662,2019-11-01
EH41,491,648,1139,4780,4503,9283,2019-11-01
EH42,486,621,1107,4181,3912,8093,2019-11-01
EH43,44,61,105,277,254,531,2019-11-01
EH44,120,159,279,1275,1202,2477,2019-11-01
EH45,450,557,1007,4095,3916,8011,2019-11-01
EH46,135,134,269,1486,1503,2989,2019-11-01
EH47,1446,2030,3476,9236,7675,16911,2019-11-01
EH48,1782,2318,4100,13420,11746,25166,2019-11-01
EH49,650,842,1492,6085,5715,11800,2019-11-01
EH51,718,888,1606,5217,4586,9803,2019-11-01
EH52,953,1319,2272,7266,6254,13520,2019-11-01
EH53,476,598,1074,4179,3809,7988,2019-11-01
EH54,3647,4713,8360,18356,15704,34060,2019-11-01
EH55,424,524,948,3048,2578,5626,2019-11-01
EN0,0,0,0,0,1,1,2019-11-01
EN1,3639,4434,8073,15490,13415,28905,2019-11-01
EN2,1710,2176,3886,10954,9909,20863,2019-11-01
EN3,6028,7798,13826,17762,13562,31324,2019-11-01
EN4,1612,1849,3461,10098,9072,19170,2019-11-01
EN5,2603,3202,5805,14361,12966,27327,2019-11-01
EN6,1257,1462,2719,11651,11001,22652,2019-11-01
EN7,846,935,1781,8681,8269,16950,2019-11-01
EN8,2342,2774,5116,13770,11408,25178,2019-11-01
EN9,1122,1286,2408,9780,8611,18391,2019-11-01
EN10,734,844,1578,6834,6432,13266,2019-11-01
EN11,1029,1101,2130,8562,7581,16143,2019-11-01
EX0,0,0,0,2,0,2,2019-11-01
EX1,1326,1531,2857,7526,6751,14277,2019-11-01
EX2,2155,2611,4766,15097,13676,28773,2019-11-01
EX3,153,157,310,1904,1949,3853,2019-11-01
EX4,3354,3835,7189,16191,13552,29743,2019-11-01
EX5,651,755,1406,9468,9195,18663,2019-11-01
EX6,387,433,820,6127,5900,12027,2019-11-01
EX7,623,740,1363,5097,4735,9832,2019-11-01
EX8,1700,2029,3729,13684,12726,26410,2019-11-01
EX9,163,229,392,2758,2764,5522,2019-11-01
EX10,525,662,1187,6629,6678,13307,2019-11-01
EX11,251,281,532,3531,3564,7095,2019-11-01
EX12,272,402,674,3702,3523,7225,2019-11-01
EX13,396,475,871,5040,4858,9898,2019-11-01
EX14,673,821,1494,8451,7905,16356,2019-11-01
EX15,745,840,1585,8938,8384,17322,2019-11-01
EX16,1291,1533,2824,12260,11340,23600,2019-11-01
EX17,732,852,1584,7643,7259,14902,2019-11-01
EX18,103,100,203,1360,1294,2654,2019-11-01
EX19,59,104,163,1578,1474,3052,2019-11-01
EX20,708,912,1620,8429,7796,16225,2019-11-01
EX21,116,98,214,1924,1821,3745,2019-11-01
EX22,324,390,714,4713,4245,8958,2019-11-01
EX23,574,664,1238,6237,5904,12141,2019-11-01
EX24,104,129,233,1511,1522,3033,2019-11-01
EX31,911,1106,2017,10195,9524,19719,2019-11-01
EX32,1351,1565,2916,8290,7364,15654,2019-11-01
EX33,328,410,738,4029,3771,7800,2019-11-01
EX34,937,1105,2042,6356,5441,11797,2019-11-01
EX35,81,72,153,695,633,1328,2019-11-01
EX36,310,357,667,3695,3362,7057,2019-11-01
EX37,79,91,170,1668,1543,3211,2019-11-01
EX38,318,360,678,3195,2970,6165,2019-11-01
EX39,1527,1876,3403,14502,13408,27910,2019-11-01
FK1,1488,1904,3392,9765,8289,18054,2019-11-01
FK1,0,0,0,0,1,1,2019-11-01
FK2,2226,2787,5013,17420,15513,32933,2019-11-01
FK3,1005,1272,2277,5374,4428,9802,2019-11-01
FK4,558,802,1360,4783,4319,9102,2019-11-01
FK5,745,1032,1777,7301,6861,14162,2019-11-01
FK6,661,860,1521,4923,4258,9181,2019-11-01
FK7,1554,2154,3708,10288,9432,19720,2019-11-01
FK8,1105,1217,2322,6194,5497,11691,2019-11-01
FK9,601,783,1384,4422,4082,8504,2019-11-01
FK10,2015,2616,4631,12513,11056,23569,2019-11-01
FK11,101,133,234,1029,1023,2052,2019-11-01
FK12,236,302,538,1756,1576,3332,2019-11-01
FK13,293,364,657,2186,1867,4053,2019-11-01
FK14,192,194,386,1839,1788,3627,2019-11-01
FK15,441,512,953,4115,4033,8148,2019-11-01
FK16,78,98,176,925,883,1808,2019-11-01
FK17,159,181,340,1380,1282,2662,2019-11-01
FK18,4,7,11,98,80,178,2019-11-01
FK19,24,29,53,257,208,465,2019-11-01
FK20,28,45,73,164,122,286,2019-11-01
FK21,46,51,97,402,341,743,2019-11-01
FY0,0,0,0,3,3,6,2019-11-01
FY1,3628,3681,7309,9316,5927,15243,2019-11-01
FY2,1420,1591,3011,8163,6978,15141,2019-11-01
FY3,2239,2715,4954,10194,8646,18840,2019-11-01
FY4,2673,3345,6018,14734,12363,27097,2019-11-01
FY5,1685,1922,3607,16586,15141,31727,2019-11-01
FY6,789,932,1721,11347,10720,22067,2019-11-01
FY7,1894,2120,4014,8002,6384,14386,2019-11-01
FY8,1814,2014,3828,17020,15830,32850,2019-11-01
G1,616,407,1023,1533,832,2365,2019-11-01
G2,333,228,561,593,268,861,2019-11-01
G2,0,1,1,0,0,0,2019-11-01
G3,1946,1673,3619,4947,3293,8240,2019-11-01
G4,1357,1000,2357,2639,1469,4108,2019-11-01
G5,1447,1243,2690,3196,1999,5195,2019-11-01
G6,0,3,3,4,0,4,2019-11-01
G7,1,0,1,4,2,6,2019-11-01
G8,0,0,0,2,0,2,2019-11-01
G9,0,0,0,3,0,3,2019-11-01
G10,0,2,2,0,0,0,2019-11-01
G11,1608,1690,3298,6048,5366,11414,2019-11-01
G12,1758,1661,3419,8264,7433,15697,2019-11-01
G13,2324,2681,5005,9807,8430,18237,2019-11-01
G14,1578,1773,3351,5107,4242,9349,2019-11-01
G15,1794,2069,3863,4022,3215,7237,2019-11-01
G16,2,1,3,0,0,0,2019-11-01
G17,0,0,0,0,1,1,2019-11-01
G18,0,1,1,0,1,1,2019-11-01
G19,1,0,1,0,0,0,2019-11-01
G20,3173,3357,6530,7807,5981,13788,2019-11-01
G21,3326,3625,6951,6561,4425,10986,2019-11-01
G22,1958,2283,4241,4093,2886,6979,2019-11-01
G23,572,738,1310,2102,1786,3888,2019-11-01
G24,1,0,1,0,0,0,2019-11-01
G25,0,2,2,1,0,1,2019-11-01
G26,0,0,0,2,0,2,2019-11-01
G29,0,0,0,1,0,1,2019-11-01
G30,3,0,3,1,0,1,2019-11-01
G31,2847,3002,5849,5921,4136,10057,2019-11-01
G32,2637,3348,5985,10823,8421,19244,2019-11-01
G33,3538,4205,7743,12612,10530,23142,2019-11-01
G34,1101,1307,2408,1744,1238,2982,2019-11-01
G35,1,1,2,0,0,0,2019-11-01
G36,0,2,2,2,0,2,2019-11-01
G38,0,0,0,1,0,1,2019-11-01
G39,0,0,0,0,1,1,2019-11-01
G40,1293,1537,2830,3073,2006,5079,2019-11-01
G41,2753,2876,5629,10726,8851,19577,2019-11-01
G42,3840,3257,7097,8251,5595,13846,2019-11-01
G43,1271,1396,2667,5444,4667,10111,2019-11-01
G44,1798,2212,4010,9302,8367,17669,2019-11-01
G45,1734,1998,3732,3345,2280,5625,2019-11-01
G46,1721,1936,3657,8586,7948,16534,2019-11-01
G47,1,1,2,3,0,3,2019-11-01
G48,2,0,2,2,1,3,2019-11-01
G49,0,0,0,3,0,3,2019-11-01
G50,2,0,2,1,1,2,2019-11-01
G51,3000,2923,5923,5859,3812,9671,2019-11-01
G52,2286,2845,5131,8032,6686,14718,2019-11-01
G53,2883,3434,6317,9706,8316,18022,2019-11-01
G54,1,0,1,2,0,2,2019-11-01
G55,0,2,2,1,1,2,2019-11-01
G56,1,1,2,1,0,1,2019-11-01
G57,0,1,1,0,0,0,2019-11-01
G58,0,0,0,1,0,1,2019-11-01
G60,264,305,569,1956,1864,3820,2019-11-01
G61,1066,1130,2196,11183,11143,22326,2019-11-01
G62,597,655,1252,5033,4998,10031,2019-11-01
G63,314,353,667,3850,3996,7846,2019-11-01
G64,1130,1452,2582,9743,9291,19034,2019-11-01
G65,797,1003,1800,4628,3884,8512,2019-11-01
G66,1920,2370,4290,13960,12901,26861,2019-11-01
G67,2649,3300,5949,10477,8340,18817,2019-11-01
G68,796,909,1705,7167,6810,13977,2019-11-01
G69,1796,2266,4062,12341,11112,23453,2019-11-01
G70,0,0,0,1,2,3,2019-11-01
G71,1472,1863,3335,10720,9958,20678,2019-11-01
G72,2905,3591,6496,16881,14836,31717,2019-11-01
G73,2245,2640,4885,9866,8554,18420,2019-11-01
G74,1915,2327,4242,13309,11701,25010,2019-11-01
G75,2366,3084,5450,13597,11958,25555,2019-11-01
G76,924,1105,2029,8145,8109,16254,2019-11-01
G77,869,1035,1904,9862,10090,19952,2019-11-01
G78,1433,1757,3190,7840,7006,14846,2019-11-01
G80,1,0,1,0,0,0,2019-11-01
G81,2969,3659,6628,11230,9328,20558,2019-11-01
G82,1579,1987,3566,8713,7700,16413,2019-11-01
G83,1478,1952,3430,8136,7068,15204,2019-11-01
G84,1187,1412,2599,7854,7187,15041,2019-11-01
GL0,0,0,0,0,1,1,2019-11-01
GL1,3156,3361,6517,11119,7947,19066,2019-11-01
GL1,0,0,0,0,1,1,2019-11-01
GL2,1973,2445,4418,22164,20700,42864,2019-11-01
GL3,1258,1645,2903,12558,11578,24136,2019-11-01
GL4,2404,2995,5399,17188,15374,32562,2019-11-01
GL5,1520,1612,3132,11561,10878,22439,2019-11-01
GL6,831,949,1780,10081,9945,20026,2019-11-01
GL7,1675,1935,3610,17568,16715,34283,2019-11-01
GL8,258,345,603,3554,3509,7063,2019-11-01
GL9,52,59,111,1108,1080,2188,2019-11-01
GL10,595,578,1173,5621,5129,10750,2019-11-01
GL11,604,787,1391,7289,6851,14140,2019-11-01
GL12,485,491,976,6195,5825,12020,2019-11-01
GL13,149,175,324,2533,2257,4790,2019-11-01
GL14,703,861,1564,5821,5076,10897,2019-11-01
GL15,727,904,1631,8447,7739,16186,2019-11-01
GL16,453,620,1073,5390,4986,10376,2019-11-01
GL17,367,500,867,4704,4335,9039,2019-11-01
GL18,270,355,625,3367,3056,6423,2019-11-01
GL19,228,212,440,3726,3574,7300,2019-11-01
GL20,1068,1207,2275,11261,10369,21630,2019-11-01
GL50,1264,1543,2807,7669,6393,14062,2019-11-01
GL51,2759,3413,6172,18411,15867,34278,2019-11-01
GL52,2058,2303,4361,17348,16448,33796,2019-11-01
GL53,801,820,1621,7782,7647,15429,2019-11-01
GL54,762,856,1618,9959,9682,19641,2019-11-01
GL55,179,178,357,2339,2371,4710,2019-11-01
GL56,325,385,710,3813,3779,7592,2019-11-01
GU0,0,0,0,0,1,1,2019-11-01
GU1,1966,2142,4108,11577,10006,21583,2019-11-01
GU2,2200,2289,4489,10513,8788,19301,2019-11-01
GU3,386,416,802,4751,4618,9369,2019-11-01
GU4,565,612,1177,6637,6564,13201,2019-11-01
GU5,352,428,780,4421,4563,8984,2019-11-01
GU6,559,542,1101,5986,5969,11955,2019-11-01
GU7,1091,1189,2280,8731,8479,17210,2019-11-01
GU8,596,624,1220,7142,7134,14276,2019-11-01
GU9,1148,1418,2566,11456,11058,22514,2019-11-01
GU10,654,732,1386,9788,9669,19457,2019-11-01
GU11,1823,2040,3863,8767,6797,15564,2019-11-01
GU12,1531,1951,3482,12322,10966,23288,2019-11-01
GU13,739,14,753,376,31,407,2019-11-01
GU14,2949,3463,6412,21537,18916,40453,2019-11-01
GU15,1834,2011,3845,14315,12813,27128,2019-11-01
GU16,1046,961,2007,9859,8971,18830,2019-11-01
GU17,690,492,1182,5214,4157,9371,2019-11-01
GU18,140,175,315,3004,2987,5991,2019-11-01
GU19,219,213,432,2463,2383,4846,2019-11-01
GU20,124,131,255,1961,1934,3895,2019-11-01
GU21,2914,3226,6140,19419,17091,36510,2019-11-01
GU22,1860,2175,4035,14410,12815,27225,2019-11-01
GU23,233,228,461,2895,2825,5720,2019-11-01
GU24,836,768,1604,7162,6870,14032,2019-11-01
GU25,374,395,769,2821,2838,5659,2019-11-01
GU26,253,241,494,3131,3039,6170,2019-11-01
GU27,705,844,1549,6954,6788,13742,2019-11-01
GU28,254,250,504,2710,2671,5381,2019-11-01
GU29,301,419,720,3845,3990,7835,2019-11-01
GU30,361,420,781,4017,3948,7965,2019-11-01
GU31,390,447,837,4607,4486,9093,2019-11-01
GU32,526,618,1144,4603,4440,9043,2019-11-01
GU33,283,340,623,3354,3288,6642,2019-11-01
GU34,1112,1340,2452,12910,12348,25258,2019-11-01
GU35,995,1166,2161,9681,8687,18368,2019-11-01
GU46,389,441,830,6188,5893,12081,2019-11-01
GU47,653,765,1418,7744,7291,15035,2019-11-01
GU51,755,766,1521,9858,9312,19170,2019-11-01
GU52,453,516,969,7180,7065,14245,2019-11-01
HA0,12581,10281,22862,18695,11427,30122,2019-11-01
HA1,4771,4974,9745,15200,11074,26274,2019-11-01
HA2,6028,6632,12660,21891,16710,38601,2019-11-01
HA3,8676,8473,17149,29819,21722,51541,2019-11-01
HA4,2760,3220,5980,19826,17806,37632,2019-11-01
HA5,2595,2927,5522,18245,16888,35133,2019-11-01
HA6,1252,1566,2818,9501,8895,18396,2019-11-01
HA7,3097,3352,6449,15585,12994,28579,2019-11-01
HA8,8838,8554,17392,27705,20291,47996,2019-11-01
HA9,10037,8230,18267,19649,12535,32184,2019-11-01
HD1,2523,2297,4820,6105,3690,9795,2019-11-01
HD2,2029,2666,4695,9251,7629,16880,2019-11-01
HD3,1450,1955,3405,10687,9670,20357,2019-11-01
HD4,1750,2291,4041,9575,7904,17479,2019-11-01
HD5,1729,2321,4050,9909,8387,18296,2019-11-01
HD6,1317,1543,2860,9428,8457,17885,2019-11-01
HD7,983,1296,2279,8375,7569,15944,2019-11-01
HD8,972,1226,2198,12781,12211,24992,2019-11-01
HD9,1286,1561,2847,13489,12586,26075,2019-11-01
HG1,1702,1984,3686,12405,11298,23703,2019-11-01
HG2,1440,1609,3049,11956,11527,23483,2019-11-01
HG3,890,996,1886,10864,10542,21406,2019-11-01
HG4,912,1186,2098,9617,8967,18584,2019-11-01
HG5,640,739,1379,7219,6829,14048,2019-11-01
HP1,1295,1455,2750,9682,8830,18512,2019-11-01
HP2,2362,2961,5323,14871,12651,27522,2019-11-01
HP2,0,0,0,1,0,1,2019-11-01
HP3,1579,1857,3436,12904,11595,24499,2019-11-01
HP4,892,887,1779,9654,9509,19163,2019-11-01
HP5,1284,1505,2789,10073,9168,19241,2019-11-01
HP6,624,637,1261,5796,5683,11479,2019-11-01
HP7,416,480,896,4356,4199,8555,2019-11-01
HP8,230,253,483,2944,3037,5981,2019-11-01
HP9,621,695,1316,7185,7241,14426,2019-11-01
HP10,577,664,1241,8016,7923,15939,2019-11-01
HP11,1048,1140,2188,5719,4597,10316,2019-11-01
HP12,1503,1795,3298,8231,6438,14669,2019-11-01
HP13,2533,3108,5641,16105,13552,29657,2019-11-01
HP14,591,615,1206,7349,7028,14377,2019-11-01
HP15,438,535,973,7153,6995,14148,2019-11-01
HP16,329,378,707,4967,4948,9915,2019-11-01
HP17,316,337,653,4295,4207,8502,2019-11-01
HP18,583,692,1275,7791,7496,15287,2019-11-01
HP19,1385,1805,3190,9052,7682,16734,2019-11-01
HP20,979,1147,2126,5337,4341,9678,2019-11-01
HP21,1838,2317,4155,12329,10584,22913,2019-11-01
HP22,831,863,1694,11149,10995,22144,2019-11-01
HP23,633,721,1354,7081,6827,13908,2019-11-01
HP25,0,0,0,0,1,1,2019-11-01
HP27,391,395,786,5138,5019,10157,2019-11-01
HR1,1297,1468,2765,12465,11541,24006,2019-11-01
HR2,1812,2332,4144,13868,12246,26114,2019-11-01
HR3,167,238,405,3162,3076,6238,2019-11-01
HR4,1291,1462,2753,11016,10065,21081,2019-11-01
HR5,150,165,315,1876,1672,3548,2019-11-01
HR6,802,972,1774,7897,7206,15103,2019-11-01
HR7,221,246,467,2934,2604,5538,2019-11-01
HR8,463,583,1046,5565,5275,10840,2019-11-01
HR9,666,817,1483,8559,7919,16478,2019-11-01
HS1,309,344,653,1512,1335,2847,2019-11-01
HS2,512,675,1187,5195,4548,9743,2019-11-01
HS3,54,70,124,492,370,862,2019-11-01
HS4,17,16,33,99,80,179,2019-11-01
HS5,9,12,21,98,82,180,2019-11-01
HS6,57,101,158,620,546,1166,2019-11-01
HS7,69,99,168,471,391,862,2019-11-01
HS8,80,106,186,701,592,1293,2019-11-01
HS9,74,53,127,432,400,832,2019-11-01
HU1,380,273,653,995,459,1454,2019-11-01
HU2,452,422,874,1045,435,1480,2019-11-01
HU3,3336,3267,6603,7303,4030,11333,2019-11-01
HU4,1499,1848,3347,7630,6084,13714,2019-11-01
HU5,3787,3940,7727,14413,11006,25419,2019-11-01
HU6,2832,3440,6272,8767,6233,15000,2019-11-01
HU7,3157,3885,7042,13855,11099,24954,2019-11-01
HU8,2270,2842,5112,10929,8549,19478,2019-11-01
HU9,3346,4179,7525,10797,7523,18320,2019-11-01
HU10,614,712,1326,7499,7182,14681,2019-11-01
HU11,359,432,791,5146,4579,9725,2019-11-01
HU12,909,1163,2072,9955,8872,18827,2019-11-01
HU13,653,871,1524,5550,4878,10428,2019-11-01
HU14,224,240,464,3476,3418,6894,2019-11-01
HU15,645,810,1455,9409,8977,18386,2019-11-01
HU16,604,707,1311,6026,5563,11589,2019-11-01
HU17,1777,1972,3749,16695,15446,32141,2019-11-01
HU18,378,485,863,3284,2853,6137,2019-11-01
HU19,451,537,988,2474,1681,4155,2019-11-01
HU20,24,24,48,375,369,744,2019-11-01
HU23,1,0,1,0,0,0,2019-11-01
HU30,1,0,1,0,0,0,2019-11-01
HU41,1,0,1,0,0,0,2019-11-01
HU44,0,0,0,0,1,1,2019-11-01
HX0,0,0,0,0,1,1,2019-11-01
HX1,2013,2548,4561,6764,4270,11034,2019-11-01
HX2,2134,2791,4925,12625,10678,23303,2019-11-01
HX3,2330,3001,5331,16073,14047,30120,2019-11-01
HX4,419,609,1028,4579,4318,8897,2019-11-01
HX5,549,732,1281,3421,2870,6291,2019-11-01
HX6,951,1189,2140,6833,5939,12772,2019-11-01
HX7,714,828,1542,4637,4622,9259,2019-11-01
IG1,11296,9705,21001,22126,13159,35285,2019-11-01
IG2,3194,3265,6459,10320,7405,17725,2019-11-01
IG3,5208,4881,10089,13371,8645,22016,2019-11-01
IG4,931,969,1900,3755,2828,6583,2019-11-01
IG5,1319,1527,2846,6482,5355,11837,2019-11-01
IG6,2363,2737,5100,10615,8341,18956,2019-11-01
IG7,1318,1609,2927,8201,7332,15533,2019-11-01
IG8,2374,2786,5160,13970,12343,26313,2019-11-01
IG9,551,603,1154,5114,4895,10009,2019-11-01
IG10,1541,1883,3424,12037,11382,23419,2019-11-01
IG11,8968,8821,17789,18037,10856,28893,2019-11-01
IP1,2684,2836,5520,13399,10407,23806,2019-11-01
IP2,2025,2415,4440,10369,8034,18403,2019-11-01
IP3,1796,2271,4067,11878,9517,21395,2019-11-01
IP4,1995,2173,4168,13372,11245,24617,2019-11-01
IP5,521,617,1138,7543,7188,14731,2019-11-01
IP6,427,502,929,7123,6669,13792,2019-11-01
IP7,472,614,1086,6488,5972,12460,2019-11-01
IP8,283,367,650,4521,4104,8625,2019-11-01
IP9,302,346,648,4646,4436,9082,2019-11-01
IP10,70,90,160,1486,1443,2929,2019-11-01
IP11,1155,1490,2645,11994,10265,22259,2019-11-01
IP12,878,929,1807,9776,9339,19115,2019-11-01
IP13,549,619,1168,7734,7566,15300,2019-11-01
IP14,1245,1513,2758,15998,14520,30518,2019-11-01
IP15,81,90,171,889,930,1819,2019-11-01
IP16,317,356,673,2503,2219,4722,2019-11-01
IP17,392,509,901,4801,4689,9490,2019-11-01
IP18,122,145,267,1415,1454,2869,2019-11-01
IP19,283,344,627,4081,3796,7877,2019-11-01
IP20,244,271,515,3276,3040,6316,2019-11-01
IP21,250,318,568,4685,4425,9110,2019-11-01
IP22,810,847,1657,8821,8176,16997,2019-11-01
IP23,207,273,480,3036,2808,5844,2019-11-01
IP24,1790,2243,4033,9428,7559,16987,2019-11-01
IP25,672,803,1475,7321,6543,13864,2019-11-01
IP26,296,359,655,3436,3239,6675,2019-11-01
IP27,911,1099,2010,6223,5527,11750,2019-11-01
IP28,1052,1300,2352,9193,8876,18069,2019-11-01
IP29,222,269,491,3796,3663,7459,2019-11-01
IP30,367,460,827,5769,5511,11280,2019-11-01
IP31,529,700,1229,8445,7977,16422,2019-11-01
IP32,774,976,1750,5704,5234,10938,2019-11-01
IP33,1116,1304,2420,8359,7453,15812,2019-11-01
IV1,188,170,358,1031,945,1976,2019-11-01
IV2,2347,2849,5196,18074,16471,34545,2019-11-01
IV3,1476,1677,3153,6108,4944,11052,2019-11-01
IV3,0,0,0,0,1,1,2019-11-01
IV4,167,202,369,1871,1685,3556,2019-11-01
IV5,49,54,103,534,528,1062,2019-11-01
IV6,164,209,373,1825,1720,3545,2019-11-01
IV7,185,239,424,2383,2268,4651,2019-11-01
IV8,34,32,66,365,379,744,2019-11-01
IV9,57,54,111,471,469,940,2019-11-01
IV10,104,123,227,1098,1062,2160,2019-11-01
IV11,46,52,98,328,316,644,2019-11-01
IV12,606,782,1388,4735,4315,9050,2019-11-01
IV13,10,19,29,284,233,517,2019-11-01
IV14,61,96,157,861,774,1635,2019-11-01
IV15,337,377,714,1984,1752,3736,2019-11-01
IV16,57,73,130,709,656,1365,2019-11-01
IV17,373,464,837,2141,1860,4001,2019-11-01
IV18,312,371,683,2076,1742,3818,2019-11-01
IV19,236,276,512,1722,1548,3270,2019-11-01
IV20,133,178,311,1171,1054,2225,2019-11-01
IV21,53,52,105,446,394,840,2019-11-01
IV22,51,70,121,624,534,1158,2019-11-01
IV23,37,42,79,360,322,682,2019-11-01
IV24,40,66,106,573,518,1091,2019-11-01
IV25,83,110,193,978,940,1918,2019-11-01
IV26,108,124,232,719,686,1405,2019-11-01
IV27,158,165,323,1468,1254,2722,2019-11-01
IV28,15,15,30,190,192,382,2019-11-01
IV30,1607,1962,3569,12464,11175,23639,2019-11-01
IV31,340,431,771,2594,2291,4885,2019-11-01
IV32,194,189,383,1859,1766,3625,2019-11-01
IV33,1,0,1,1,1,2,2019-11-01
IV34,0,0,0,0,1,1,2019-11-01
IV36,720,947,1667,5979,5404,11383,2019-11-01
IV40,117,171,288,982,870,1852,2019-11-01
IV41,32,21,53,140,124,264,2019-11-01
IV42,17,21,38,199,185,384,2019-11-01
IV43,14,15,29,120,99,219,2019-11-01
IV44,8,14,22,112,98,210,2019-11-01
IV45,12,4,16,122,107,229,2019-11-01
IV46,5,5,10,37,32,69,2019-11-01
IV47,17,21,38,257,212,469,2019-11-01
IV48,0,4,4,37,31,68,2019-11-01
IV49,61,62,123,458,381,839,2019-11-01
IV51,222,285,507,2031,1817,3848,2019-11-01
IV52,18,23,41,122,130,252,2019-11-01
IV53,6,3,9,65,59,124,2019-11-01
IV54,50,73,123,563,477,1040,2019-11-01
IV55,43,51,94,532,485,1017,2019-11-01
IV56,9,6,15,156,124,280,2019-11-01
IV62,0,0,0,1,0,1,2019-11-01
IV63,114,130,244,1043,958,2001,2019-11-01
KA1,1437,1843,3280,9765,8507,18272,2019-11-01
KA2,290,385,675,2531,2314,4845,2019-11-01
KA3,1846,2521,4367,13483,12171,25654,2019-11-01
KA4,262,332,594,1922,1782,3704,2019-11-01
KA5,376,597,973,3573,3012,6585,2019-11-01
KA6,950,1254,2204,6573,5643,12216,2019-11-01
KA7,1221,1444,2665,10408,9931,20339,2019-11-01
KA8,1253,1672,2925,5556,4332,9888,2019-11-01
KA9,653,749,1402,5952,5585,11537,2019-11-01
KA10,645,783,1428,6086,5793,11879,2019-11-01
KA11,1132,1554,2686,7126,6275,13401,2019-11-01
KA12,1136,1554,2690,5574,4521,10095,2019-11-01
KA13,1013,1297,2310,5575,4839,10414,2019-11-01
KA14,31,23,54,187,166,353,2019-11-01
KA15,302,401,703,2602,2308,4910,2019-11-01
KA16,189,180,369,1134,883,2017,2019-11-01
KA17,162,207,369,1521,1320,2841,2019-11-01
KA18,1032,1438,2470,7047,5742,12789,2019-11-01
KA19,348,469,817,2674,2354,5028,2019-11-01
KA20,691,859,1550,2656,2191,4847,2019-11-01
KA21,838,956,1794,3824,3273,7097,2019-11-01
KA22,670,949,1619,3454,2949,6403,2019-11-01
KA23,211,244,455,2024,1964,3988,2019-11-01
KA24,298,436,734,2034,1825,3859,2019-11-01
KA25,410,558,968,2252,1859,4111,2019-11-01
KA26,520,674,1194,3696,3148,6844,2019-11-01
KA27,232,306,538,1845,1746,3591,2019-11-01
KA28,47,74,121,438,365,803,2019-11-01
KA29,56,72,128,617,585,1202,2019-11-01
KA30,454,629,1083,4184,3740,7924,2019-11-01
KT1,1913,2067,3980,7696,6192,13888,2019-11-01
KT2,2289,2732,5021,12051,10916,22967,2019-11-01
KT3,3286,3631,6917,15890,13657,29547,2019-11-01
KT4,1567,1766,3333,11746,10821,22567,2019-11-01
KT5,1345,1437,2782,7771,6739,14510,2019-11-01
KT6,2041,2420,4461,11917,10488,22405,2019-11-01
KT7,461,481,942,4119,4165,8284,2019-11-01
KT8,1036,1156,2192,8053,7688,15741,2019-11-01
KT9,1342,1489,2831,7979,7120,15099,2019-11-01
KT10,942,942,1884,9351,9363,18714,2019-11-01
KT11,904,940,1844,7155,7299,14454,2019-11-01
KT12,1816,1971,3787,15304,14807,30111,2019-11-01
KT13,995,1128,2123,10347,10059,20406,2019-11-01
KT14,607,638,1245,5433,5291,10724,2019-11-01
KT15,1247,1393,2640,11567,10836,22403,2019-11-01
KT16,845,1017,1862,7902,7359,15261,2019-11-01
KT17,1160,1166,2326,9851,9108,18959,2019-11-01
KT18,719,863,1582,6613,6561,13174,2019-11-01
KT19,2069,2378,4447,13618,12636,26254,2019-11-01
KT20,695,852,1547,8721,8519,17240,2019-11-01
KT21,438,512,950,5513,5550,11063,2019-11-01
KT22,1120,1146,2266,10151,9703,19854,2019-11-01
KT23,349,321,670,4519,4532,9051,2019-11-01
KT24,242,269,511,3960,4034,7994,2019-11-01
KW1,444,510,954,3876,3366,7242,2019-11-01
KW2,5,3,8,33,26,59,2019-11-01
KW3,32,45,77,413,366,779,2019-11-01
KW5,10,13,23,130,113,243,2019-11-01
KW6,15,7,22,164,120,284,2019-11-01
KW7,2,4,6,48,37,85,2019-11-01
KW8,27,39,66,319,268,587,2019-11-01
KW9,65,93,158,648,576,1224,2019-11-01
KW10,79,91,170,605,544,1149,2019-11-01
KW11,8,8,16,51,41,92,2019-11-01
KW12,41,63,104,646,596,1242,2019-11-01
KW13,2,4,6,38,32,70,2019-11-01
KW14,636,724,1360,4424,3743,8167,2019-11-01
KW15,402,510,912,2943,2685,5628,2019-11-01
KW16,155,229,384,1355,1239,2594,2019-11-01
KW17,369,424,793,3590,3284,6874,2019-11-01
KY1,1347,1761,3108,8476,6999,15475,2019-11-01
KY2,1504,2063,3567,10330,9127,19457,2019-11-01
KY3,544,656,1200,3938,3595,7533,2019-11-01
KY4,1135,1571,2706,7650,6339,13989,2019-11-01
KY5,1087,1560,2647,6514,5236,11750,2019-11-01
KY6,1057,1354,2411,6278,5478,11756,2019-11-01
KY7,1499,1832,3331,9345,8166,17511,2019-11-01
KY8,1874,2432,4306,11499,9825,21324,2019-11-01
KY9,73,78,151,725,747,1472,2019-11-01
KY10,387,501,888,3356,3129,6485,2019-11-01
KY11,3238,3991,7229,21770,19493,41263,2019-11-01
KY12,1860,2200,4060,14281,12857,27138,2019-11-01
KY13,373,418,791,4677,4639,9316,2019-11-01
KY14,227,289,516,2640,2428,5068,2019-11-01
KY15,754,1011,1765,8181,7657,15838,2019-11-01
KY16,1158,1366,2524,6357,5835,12192,2019-11-01
L1,673,570,1243,1471,835,2306,2019-11-01
L2,88,51,139,259,116,375,2019-11-01
L3,1149,1065,2214,3440,2160,5600,2019-11-01
L4,4066,4916,8982,9847,6759,16606,2019-11-01
L5,1494,1846,3340,3220,1949,5169,2019-11-01
L6,2888,2899,5787,5310,2992,8302,2019-11-01
L7,2567,2362,4929,3836,2014,5850,2019-11-01
L8,4465,4544,9009,7252,4398,11650,2019-11-01
L9,2356,3090,5446,9211,7035,16246,2019-11-01
L10,901,1282,2183,5075,4205,9280,2019-11-01
L11,2514,3432,5946,7336,5470,12806,2019-11-01
L12,1642,2191,3833,10813,9657,20470,2019-11-01
L13,2781,3292,6073,8239,5962,14201,2019-11-01
L14,2154,3068,5222,7766,6226,13992,2019-11-01
L15,2528,2694,5222,7206,5469,12675,2019-11-01
L16,695,847,1542,5386,4935,10321,2019-11-01
L17,1645,1717,3362,7159,6122,13281,2019-11-01
L18,1296,1596,2892,8908,8191,17099,2019-11-01
L19,1528,1834,3362,7752,6696,14448,2019-11-01
L20,3226,3800,7026,8432,5837,14269,2019-11-01
L21,2005,2617,4622,6933,5305,12238,2019-11-01
L22,961,1085,2046,4512,3763,8275,2019-11-01
L23,1613,1914,3527,11122,10248,21370,2019-11-01
L24,1337,1867,3204,4655,3429,8084,2019-11-01
L25,2023,2420,4443,11755,10160,21915,2019-11-01
L26,1059,1313,2372,5209,4593,9802,2019-11-01
L27,541,800,1341,1769,1322,3091,2019-11-01
L28,645,842,1487,1677,1063,2740,2019-11-01
L29,22,24,46,208,202,410,2019-11-01
L30,1511,2015,3526,5776,4491,10267,2019-11-01
L31,1256,1445,2701,11521,10516,22037,2019-11-01
L32,1770,2330,4100,5884,4387,10271,2019-11-01
L33,1583,2120,3703,5038,3882,8920,2019-11-01
L34,656,760,1416,4619,3850,8469,2019-11-01
L35,1698,2368,4066,10613,8776,19389,2019-11-01
L36,3136,4272,7408,12474,10161,22635,2019-11-01
L37,830,942,1772,9190,8962,18152,2019-11-01
L38,89,93,182,1072,1064,2136,2019-11-01
L39,1050,1192,2242,10092,9538,19630,2019-11-01
L40,580,604,1184,7633,7130,14763,2019-11-01
L41,114,129,243,108,51,159,2019-11-01
L42,60,44,104,74,34,108,2019-11-01
L43,87,128,215,152,125,277,2019-11-01
L44,47,31,78,71,24,95,2019-11-01
L45,21,24,45,63,38,101,2019-11-01
L46,18,26,44,77,35,112,2019-11-01
L47,15,13,28,41,29,70,2019-11-01
L48,12,14,26,51,39,90,2019-11-01
L49,24,33,57,63,50,113,2019-11-01
L52,0,1,1,0,0,0,2019-11-01
L60,6,17,23,95,93,188,2019-11-01
L61,13,12,25,43,52,95,2019-11-01
L62,29,30,59,68,49,117,2019-11-01
L63,20,19,39,81,48,129,2019-11-01
L64,28,25,53,112,105,217,2019-11-01
L65,25,24,49,58,32,90,2019-11-01
L66,25,29,54,121,102,223,2019-11-01
L67,0,1,1,0,0,0,2019-11-01
L69,18,5,23,29,6,35,2019-11-01
L71,0,1,1,0,0,0,2019-11-01
LA0,0,0,0,0,1,1,2019-11-01
LA1,3376,3938,7314,15081,12744,27825,2019-11-01
LA2,627,760,1387,8510,8210,16720,2019-11-01
LA3,1440,1657,3097,9063,7840,16903,2019-11-01
LA4,1473,1743,3216,8704,7321,16025,2019-11-01
LA5,512,611,1123,6431,6158,12589,2019-11-01
LA6,297,385,682,5540,5481,11021,2019-11-01
LA7,138,151,289,2057,1976,4033,2019-11-01
LA8,194,221,415,3858,3708,7566,2019-11-01
LA9,1172,1454,2626,11558,10600,22158,2019-11-01
LA10,107,107,214,1406,1350,2756,2019-11-01
LA11,246,290,536,4041,3966,8007,2019-11-01
LA12,667,827,1494,7933,7256,15189,2019-11-01
LA13,1017,1250,2267,6812,5934,12746,2019-11-01
LA14,2542,2967,5509,11793,9407,21200,2019-11-01
LA15,331,437,768,2774,2446,5220,2019-11-01
LA16,95,135,230,1365,1184,2549,2019-11-01
LA17,21,33,54,501,476,977,2019-11-01
LA18,349,456,805,2924,2399,5323,2019-11-01
LA19,18,36,54,424,397,821,2019-11-01
LA20,16,39,55,526,487,1013,2019-11-01
LA21,30,45,75,410,370,780,2019-11-01
LA22,226,244,470,1841,1674,3515,2019-11-01
LA23,443,438,881,3328,2973,6301,2019-11-01
LD0,0,0,0,1,0,1,2019-11-01
LD1,359,440,799,4481,4079,8560,2019-11-01
LD2,151,175,326,2194,2042,4236,2019-11-01
LD3,750,796,1546,7575,6985,14560,2019-11-01
LD4,20,21,41,306,292,598,2019-11-01
LD5,30,46,76,448,393,841,2019-11-01
LD6,78,120,198,1084,963,2047,2019-11-01
LD7,116,179,295,1875,1650,3525,2019-11-01
LD8,98,117,215,1816,1726,3542,2019-11-01
LE0,0,0,0,1,0,1,2019-11-01
LE1,1790,1630,3420,2825,1412,4237,2019-11-01
LE2,9301,10262,19563,35642,28188,63830,2019-11-01
LE3,8074,9299,17373,33035,24896,57931,2019-11-01
LE4,9320,11273,20593,32715,24185,56900,2019-11-01
LE5,8756,10000,18756,28514,20731,49245,2019-11-01
LE6,343,430,773,4837,4466,9303,2019-11-01
LE7,1324,1668,2992,19360,18106,37466,2019-11-01
LE8,1005,1325,2330,14997,14452,29449,2019-11-01
LE9,1788,2263,4051,22700,20856,43556,2019-11-01
LE10,1755,2124,3879,19887,17758,37645,2019-11-01
LE11,3873,3952,7825,19503,15058,34561,2019-11-01
LE12,2042,2483,4525,25758,24181,49939,2019-11-01
LE13,1095,1394,2489,9952,8719,18671,2019-11-01
LE14,404,505,909,7425,7088,14513,2019-11-01
LE15,998,1311,2309,13026,12407,25433,2019-11-01
LE16,1224,1427,2651,14113,13399,27512,2019-11-01
LE17,540,686,1226,9087,8402,17489,2019-11-01
LE18,1391,1849,3240,11820,10304,22124,2019-11-01
LE19,453,620,1073,5940,5587,11527,2019-11-01
LE62,0,1,1,0,0,0,2019-11-01
LE65,535,639,1174,6249,5741,11990,2019-11-01
LE67,2230,2857,5087,23588,20793,44381,2019-11-01
LL1,2,1,3,8,5,13,2019-11-01
LL2,0,0,0,3,0,3,2019-11-01
LL10,0,0,0,1,0,1,2019-11-01
LL11,1869,2374,4243,13359,11376,24735,2019-11-01
LL12,1211,1371,2582,10544,9576,20120,2019-11-01
LL13,2296,2641,4937,10981,8942,19923,2019-11-01
LL14,1697,2430,4127,11083,9105,20188,2019-11-01
LL15,364,440,804,4008,3771,7779,2019-11-01
LL16,649,813,1462,5622,5169,10791,2019-11-01
LL17,173,219,392,2180,2060,4240,2019-11-01
LL18,2562,3215,5777,13944,11913,25857,2019-11-01
LL19,950,1252,2202,7192,6403,13595,2019-11-01
LL20,352,364,716,3171,2759,5930,2019-11-01
LL21,200,253,453,2607,2345,4952,2019-11-01
LL22,665,866,1531,7022,6239,13261,2019-11-01
LL23,124,133,257,1573,1351,2924,2019-11-01
LL24,51,76,127,871,722,1593,2019-11-01
LL25,19,14,33,190,176,366,2019-11-01
LL26,184,239,423,1619,1402,3021,2019-11-01
LL27,31,50,81,321,283,604,2019-11-01
LL28,490,622,1112,5077,4877,9954,2019-11-01
LL29,1198,1420,2618,6799,6003,12802,2019-11-01
LL30,1109,1344,2453,7323,6533,13856,2019-11-01
LL31,390,501,891,3620,3431,7051,2019-11-01
LL32,290,368,658,2457,2300,4757,2019-11-01
LL33,189,228,417,1375,1262,2637,2019-11-01
LL34,192,291,483,1552,1412,2964,2019-11-01
LL35,19,28,47,293,244,537,2019-11-01
LL36,143,212,355,1659,1456,3115,2019-11-01
LL37,16,21,37,248,188,436,2019-11-01
LL38,14,38,52,280,215,495,2019-11-01
LL39,9,15,24,89,73,162,2019-11-01
LL40,165,190,355,1576,1397,2973,2019-11-01
LL41,314,417,731,2107,1714,3821,2019-11-01
LL42,140,169,309,773,632,1405,2019-11-01
LL43,11,16,27,209,192,401,2019-11-01
LL44,26,38,64,374,369,743,2019-11-01
LL45,31,17,48,237,228,465,2019-11-01
LL46,50,59,109,668,612,1280,2019-11-01
LL47,16,30,46,233,197,430,2019-11-01
LL48,96,123,219,895,802,1697,2019-11-01
LL49,220,223,443,1501,1265,2766,2019-11-01
LL51,25,29,54,340,285,625,2019-11-01
LL52,79,92,171,1010,961,1971,2019-11-01
LL53,490,569,1059,6120,5611,11731,2019-11-01
LL54,432,498,930,4129,3746,7875,2019-11-01
LL55,997,1204,2201,7288,6559,13847,2019-11-01
LL56,105,86,191,825,786,1611,2019-11-01
LL57,1766,1800,3566,7560,6387,13947,2019-11-01
LL58,138,193,331,1408,1266,2674,2019-11-01
LL59,254,253,507,2070,1967,4037,2019-11-01
LL60,104,113,217,1196,1123,2319,2019-11-01
LL61,226,221,447,2324,2211,4535,2019-11-01
LL62,65,43,108,720,659,1379,2019-11-01
LL63,46,57,103,512,452,964,2019-11-01
LL64,33,28,61,312,280,592,2019-11-01
LL65,1257,1490,2747,8234,7111,15345,2019-11-01
LL66,7,9,16,111,101,212,2019-11-01
LL67,49,80,129,497,454,951,2019-11-01
LL68,254,320,574,2265,1993,4258,2019-11-01
LL69,25,34,59,286,230,516,2019-11-01
LL70,9,13,22,112,112,224,2019-11-01
LL71,67,75,142,706,645,1351,2019-11-01
LL72,35,47,82,268,237,505,2019-11-01
LL73,1,2,3,92,89,181,2019-11-01
LL74,73,64,137,969,942,1911,2019-11-01
LL75,56,52,108,545,530,1075,2019-11-01
LL76,10,11,21,125,118,243,2019-11-01
LL77,274,377,651,2513,2370,4883,2019-11-01
LL78,14,16,30,205,207,412,2019-11-01
LN1,1266,1416,2682,9755,8508,18263,2019-11-01
LN2,2194,2620,4814,13327,11557,24884,2019-11-01
LN3,281,349,630,3887,3580,7467,2019-11-01
LN4,1223,1616,2839,15350,13970,29320,2019-11-01
LN5,1919,2118,4037,11366,9393,20759,2019-11-01
LN6,2563,3141,5704,21647,19517,41164,2019-11-01
LN7,194,241,435,2593,2408,5001,2019-11-01
LN8,538,694,1232,7104,6461,13565,2019-11-01
LN9,325,362,687,3878,3517,7395,2019-11-01
LN10,137,165,302,2505,2362,4867,2019-11-01
LN11,1051,1302,2353,10944,10234,21178,2019-11-01
LN12,576,703,1279,4973,3969,8942,2019-11-01
LN13,322,355,677,3218,2921,6139,2019-11-01
LS0,0,1,1,0,0,0,2019-11-01
LS1,291,301,592,863,500,1363,2019-11-01
LS2,964,797,1761,1392,665,2057,2019-11-01
LS3,358,321,679,546,301,847,2019-11-01
LS4,815,827,1642,2236,1589,3825,2019-11-01
LS5,609,755,1364,2392,1872,4264,2019-11-01
LS6,3343,3222,6565,8706,6469,15175,2019-11-01
LS7,3111,3634,6745,8532,6754,15286,2019-11-01
LS8,4620,5073,9693,15044,11733,26777,2019-11-01
LS9,4504,5237,9741,9279,5148,14427,2019-11-01
LS10,2947,3999,6946,10442,7441,17883,2019-11-01
LS11,3914,4421,8335,9247,5379,14626,2019-11-01
LS12,3252,3920,7172,12282,8952,21234,2019-11-01
LS13,2581,3471,6052,10892,8678,19570,2019-11-01
LS14,2698,3645,6343,10566,8358,18924,2019-11-01
LS15,1809,2266,4075,12672,10936,23608,2019-11-01
LS16,1735,2095,3830,13071,12197,25268,2019-11-01
LS17,1775,2415,4190,17035,15868,32903,2019-11-01
LS18,1240,1060,2300,8220,7113,15333,2019-11-01
LS19,802,1021,1823,7429,6886,14315,2019-11-01
LS20,502,545,1047,4813,4609,9422,2019-11-01
LS21,705,868,1573,6949,6570,13519,2019-11-01
LS22,467,559,1026,6503,6368,12871,2019-11-01
LS23,278,305,583,3444,3428,6872,2019-11-01
LS24,370,458,828,4776,4469,9245,2019-11-01
LS25,1518,2101,3619,15681,14172,29853,2019-11-01
LS26,1315,1814,3129,11062,9856,20918,2019-11-01
LS27,1821,2502,4323,12931,10841,23772,2019-11-01
LS28,1743,2406,4149,14301,12938,27239,2019-11-01
LS29,1086,1184,2270,12675,12540,25215,2019-11-01
LS42,0,0,0,0,1,1,2019-11-01
LS70,0,0,0,1,0,1,2019-11-01
LU1,6145,5493,11638,14981,9346,24327,2019-11-01
LU2,4123,4879,9002,21885,17485,39370,2019-11-01
LU3,5065,6344,11409,21927,16229,38156,2019-11-01
LU4,5148,6368,11516,17904,12131,30035,2019-11-01
LU5,2135,2734,4869,15087,12469,27556,2019-11-01
LU6,1301,1646,2947,13620,11959,25579,2019-11-01
LU7,2031,2423,4454,23223,21168,44391,2019-11-01
M0,18,7,25,26,14,40,2019-11-01
M1,1042,731,1773,2549,1263,3812,2019-11-01
M2,16,13,29,52,33,85,2019-11-01
M3,1151,971,2122,3796,2214,6010,2019-11-01
M4,1043,864,1907,3653,2294,5947,2019-11-01
M4,0,0,0,1,0,1,2019-11-01
M5,1855,1917,3772,4837,3115,7952,2019-11-01
M6,3350,3308,6658,9779,6870,16649,2019-11-01
M7,3418,2980,6398,8365,5610,13975,2019-11-01
M8,4786,4392,9178,10172,5719,15891,2019-11-01
M9,4101,5062,9163,11364,8264,19628,2019-11-01
M10,84,68,152,69,21,90,2019-11-01
M11,2574,3218,5792,5771,3826,9597,2019-11-01
M12,3072,2652,5724,4864,2620,7484,2019-11-01
M13,3858,3116,6974,5932,3092,9024,2019-11-01
M14,6147,5302,11449,10650,6497,17147,2019-11-01
M15,2632,2076,4708,5471,3024,8495,2019-11-01
M16,3798,4120,7918,11333,8371,19704,2019-11-01
M17,3,5,8,15,4,19,2019-11-01
M18,2696,3109,5805,6203,4127,10330,2019-11-01
M19,3894,3972,7866,11365,8336,19701,2019-11-01
M20,3358,3635,6993,15743,13749,29492,2019-11-01
M21,2159,2422,4581,9992,8853,18845,2019-11-01
M22,3767,4581,8348,12311,9647,21958,2019-11-01
M23,2496,3087,5583,9495,7835,17330,2019-11-01
M24,3302,3983,7285,15768,12902,28670,2019-11-01
M25,1912,2165,4077,11054,9620,20674,2019-11-01
M26,2066,2578,4644,12193,10443,22636,2019-11-01
M27,2366,2881,5247,13896,11906,25802,2019-11-01
M28,1866,2149,4015,15352,14050,29402,2019-11-01
M29,984,1198,2182,8753,7935,16688,2019-11-01
M30,2776,3212,5988,12115,9382,21497,2019-11-01
M31,708,885,1593,2555,2155,4710,2019-11-01
M32,2077,2491,4568,9554,8261,17815,2019-11-01
M33,2898,3315,6213,22649,20832,43481,2019-11-01
M34,2603,3142,5745,16455,14035,30490,2019-11-01
M35,1273,1540,2813,7000,5830,12830,2019-11-01
M38,1169,1511,2680,3742,2783,6525,2019-11-01
M39,0,1,1,1,0,1,2019-11-01
M40,4329,5180,9509,12078,8588,20666,2019-11-01
M41,1861,2181,4042,15347,14258,29605,2019-11-01
M43,1425,2017,3442,7867,6340,14207,2019-11-01
M44,1079,1421,2500,6826,5744,12570,2019-11-01
M45,1289,1637,2926,7980,7121,15101,2019-11-01
M46,1135,1390,2525,7633,6299,13932,2019-11-01
M47,1,0,1,0,0,0,2019-11-01
M50,308,299,607,1425,876,2301,2019-11-01
M51,0,0,0,1,0,1,2019-11-01
M52,0,0,0,1,0,1,2019-11-01
M54,0,0,0,1,0,1,2019-11-01
M60,37,17,54,63,15,78,2019-11-01
M61,0,0,0,1,1,2,2019-11-01
M70,1,0,1,5,1,6,2019-11-01
M73,0,0,0,1,0,1,2019-11-01
M74,0,0,0,2,0,2,2019-11-01
M87,0,1,1,0,0,0,2019-11-01
M90,1,0,1,1,0,1,2019-11-01
ME1,1784,2237,4021,11201,9662,20863,2019-11-01
ME2,2199,2837,5036,15190,13062,28252,2019-11-01
ME3,1071,1315,2386,11529,10538,22067,2019-11-01
ME4,2815,3112,5927,10073,7283,17356,2019-11-01
ME5,2444,3294,5738,19502,17031,36533,2019-11-01
ME6,484,646,1130,4052,3691,7743,2019-11-01
ME7,3815,4736,8551,17088,13629,30717,2019-11-01
ME8,2158,2625,4783,18910,16991,35901,2019-11-01
ME9,784,911,1695,9139,8430,17569,2019-11-01
ME10,2673,3189,5862,17581,15162,32743,2019-11-01
ME11,286,346,632,1218,972,2190,2019-11-01
ME12,2152,2796,4948,14060,11580,25640,2019-11-01
ME13,1318,1613,2931,10224,9386,19610,2019-11-01
ME14,1492,1676,3168,12435,10742,23177,2019-11-01
ME15,2580,3155,5735,18703,15867,34570,2019-11-01
ME16,1491,1888,3379,12094,10485,22579,2019-11-01
ME17,757,866,1623,10475,9606,20081,2019-11-01
ME18,220,250,470,2986,2799,5785,2019-11-01
ME19,720,887,1607,9421,9204,18625,2019-11-01
ME20,787,938,1725,8168,7683,15851,2019-11-01
ME21,0,0,0,1,0,1,2019-11-01
ME22,0,0,0,1,0,1,2019-11-01
ME24,0,1,1,3,5,8,2019-11-01
ME30,0,0,0,1,0,1,2019-11-01
ME37,0,0,0,0,1,1,2019-11-01
ME38,0,0,0,1,0,1,2019-11-01
ME39,0,0,0,1,0,1,2019-11-01
ME50,0,0,0,1,0,1,2019-11-01
MK1,75,59,134,311,171,482,2019-11-01
MK2,1369,1802,3171,5126,3819,8945,2019-11-01
MK3,1397,1813,3210,9275,8218,17493,2019-11-01
MK4,1123,1456,2579,8195,7713,15908,2019-11-01
MK5,889,1051,1940,5691,5251,10942,2019-11-01
MK6,3503,4100,7603,9199,6289,15488,2019-11-01
MK7,768,941,1709,5720,5139,10859,2019-11-01
MK8,730,941,1671,5001,4408,9409,2019-11-01
MK9,504,438,942,1338,675,2013,2019-11-01
MK10,921,1219,2140,6980,6407,13387,2019-11-01
MK11,533,682,1215,3384,3036,6420,2019-11-01
MK12,1143,1358,2501,4874,3714,8588,2019-11-01
MK13,1542,1781,3323,6804,5434,12238,2019-11-01
MK14,1767,2123,3890,7747,5974,13721,2019-11-01
MK15,399,446,845,2840,2655,5495,2019-11-01
MK16,741,883,1624,7363,6899,14262,2019-11-01
MK17,515,557,1072,7814,7650,15464,2019-11-01
MK18,1509,1540,3049,12986,12525,25511,2019-11-01
MK19,377,438,815,4894,4649,9543,2019-11-01
MK20,0,1,1,0,0,0,2019-11-01
MK34,1,0,1,1,0,1,2019-11-01
MK40,2891,2863,5754,12040,9013,21053,2019-11-01
MK41,2268,2637,4905,15627,14187,29814,2019-11-01
MK42,3406,4616,8022,17551,14100,31651,2019-11-01
MK43,1376,1398,2774,15331,14775,30106,2019-11-01
MK44,457,488,945,6872,6694,13566,2019-11-01
MK45,1469,1662,3131,18984,17955,36939,2019-11-01
MK46,252,324,576,3693,3542,7235,2019-11-01
ML1,3241,4181,7422,18733,15545,34278,2019-11-01
ML2,2280,2869,5149,12639,10386,23025,2019-11-01
ML3,2938,3796,6734,17793,14905,32698,2019-11-01
ML4,1500,1989,3489,6859,5563,12422,2019-11-01
ML5,2960,3759,6719,14525,11793,26318,2019-11-01
ML6,2974,3893,6867,18421,15571,33992,2019-11-01
ML7,739,1020,1759,5132,4242,9374,2019-11-01
ML8,679,978,1657,7227,6605,13832,2019-11-01
ML9,1198,1661,2859,8203,7023,15226,2019-11-01
ML10,400,475,875,4350,4183,8533,2019-11-01
ML11,1342,1871,3213,12723,11259,23982,2019-11-01
ML12,226,391,617,3625,3322,6947,2019-11-01
N0,1,0,1,1,0,1,2019-11-01
N1,10999,12055,23054,26054,18829,44883,2019-11-01
N1,79,113,192,260,176,436,2019-11-01
N1,0,1,1,0,1,1,2019-11-01
N1,0,1,1,0,0,0,2019-11-01
N1,1,0,1,0,0,0,2019-11-01
N1,0,0,0,0,1,1,2019-11-01
N2,2279,2483,4762,9221,8195,17416,2019-11-01
N2,0,0,0,0,1,1,2019-11-01
N3,2456,2738,5194,11734,10050,21784,2019-11-01
N4,7543,7211,14754,15877,10991,26868,2019-11-01
N5,2530,2842,5372,7798,6285,14083,2019-11-01
N6,1519,1793,3312,7220,6441,13661,2019-11-01
N7,6189,6556,12745,13463,9298,22761,2019-11-01
N8,4872,4877,9749,13435,10726,24161,2019-11-01
N9,7008,8163,15171,15750,11191,26941,2019-11-01
N10,2577,2964,5541,9458,8367,17825,2019-11-01
N11,3121,3387,6508,10925,8346,19271,2019-11-01
N12,2793,3131,5924,12581,10499,23080,2019-11-01
N13,3403,3430,6833,12387,9496,21883,2019-11-01
N14,2104,2491,4595,12283,10305,22588,2019-11-01
N15,8391,7469,15860,13770,7975,21745,2019-11-01
N16,9428,8689,18117,18063,12064,30127,2019-11-01
N17,12425,12222,24647,19089,11763,30852,2019-11-01
N18,4940,5503,10443,9894,6629,16523,2019-11-01
N19,4399,5012,9411,10154,7817,17971,2019-11-01
N20,1368,1535,2903,8093,7405,15498,2019-11-01
N21,1315,1486,2801,9177,8417,17594,2019-11-01
N22,6629,6367,12996,14824,9788,24612,2019-11-01
N41,0,0,0,0,1,1,2019-11-01
NE1,872,658,1530,1855,817,2672,2019-11-01
NE2,1590,1410,3000,5622,4121,9743,2019-11-01
NE2,0,0,0,1,0,1,2019-11-01
NE3,2968,3708,6676,17938,15528,33466,2019-11-01
NE4,5173,4465,9638,9371,4974,14345,2019-11-01
NE5,3114,4247,7361,14544,11134,25678,2019-11-01
NE6,4478,5118,9596,12060,8325,20385,2019-11-01
NE7,827,1031,1858,5327,4480,9807,2019-11-01
NE8,3221,3173,6394,8328,4898,13226,2019-11-01
NE9,2231,2926,5157,11309,8893,20202,2019-11-01
NE10,2344,3129,5473,10093,7317,17410,2019-11-01
NE11,947,1281,2228,5190,4018,9208,2019-11-01
NE12,1966,2604,4570,11622,9865,21487,2019-11-01
NE13,609,724,1333,6324,5951,12275,2019-11-01
NE15,2191,2881,5072,10273,8032,18305,2019-11-01
NE16,1003,1421,2424,8925,7694,16619,2019-11-01
NE17,271,342,613,1500,1234,2734,2019-11-01
NE18,24,25,49,393,382,775,2019-11-01
NE19,40,71,111,889,848,1737,2019-11-01
NE20,323,341,664,5107,5037,10144,2019-11-01
NE21,943,1307,2250,5733,4579,10312,2019-11-01
NE22,836,1044,1880,6134,5325,11459,2019-11-01
NE23,1832,2620,4452,13596,11625,25221,2019-11-01
NE24,2089,2920,5009,12701,10458,23159,2019-11-01
NE25,1225,1549,2774,11027,10223,21250,2019-11-01
NE26,890,947,1837,6953,6528,13481,2019-11-01
NE27,659,950,1609,4930,4371,9301,2019-11-01
NE28,3133,4205,7338,13558,10521,24079,2019-11-01
NE29,2550,3138,5688,10384,8361,18745,2019-11-01
NE30,893,1073,1966,7947,7340,15287,2019-11-01
NE31,1336,1697,3033,6654,5315,11969,2019-11-01
NE32,1661,2184,3845,7441,5820,13261,2019-11-01
NE33,2276,2183,4459,8022,5691,13713,2019-11-01
NE34,3221,4173,7394,15774,12811,28585,2019-11-01
NE35,361,473,834,2101,1716,3817,2019-11-01
NE36,252,296,548,2485,2356,4841,2019-11-01
NE37,1383,1956,3339,5960,4659,10619,2019-11-01
NE38,1839,2468,4307,10974,9223,20197,2019-11-01
NE39,359,510,869,3061,2667,5728,2019-11-01
NE40,693,966,1659,5374,4703,10077,2019-11-01
NE41,74,70,144,892,837,1729,2019-11-01
NE42,562,830,1392,4351,3911,8262,2019-11-01
NE43,113,137,250,1804,1778,3582,2019-11-01
NE44,22,30,52,435,446,881,2019-11-01
NE45,105,135,240,1440,1413,2853,2019-11-01
NE46,587,752,1339,5673,5351,11024,2019-11-01
NE47,245,295,540,3122,2979,6101,2019-11-01
NE48,116,164,280,1763,1551,3314,2019-11-01
NE49,148,250,398,1591,1279,2870,2019-11-01
NE55,0,0,0,1,0,1,2019-11-01
NE61,1129,1569,2698,12723,11727,24450,2019-11-01
NE62,407,565,972,3255,2714,5969,2019-11-01
NE63,1667,2247,3914,8806,6944,15750,2019-11-01
NE64,345,502,847,1891,1465,3356,2019-11-01
NE65,648,873,1521,7926,7267,15193,2019-11-01
NE66,563,774,1337,6640,6122,12762,2019-11-01
NE67,21,22,43,382,376,758,2019-11-01
NE68,55,61,116,713,663,1376,2019-11-01
NE69,8,10,18,139,146,285,2019-11-01
NE70,57,78,135,695,673,1368,2019-11-01
NE71,87,121,208,1167,1074,2241,2019-11-01
NE99,4,0,4,5,0,5,2019-11-01
NG1,1097,970,2067,2206,1187,3393,2019-11-01
NG1,0,0,0,0,1,1,2019-11-01
NG2,3903,4353,8256,18583,15410,33993,2019-11-01
NG3,3824,4935,8759,14950,11492,26442,2019-11-01
NG4,2068,2761,4829,14025,12064,26089,2019-11-01
NG5,5688,7662,13350,27991,23547,51538,2019-11-01
NG6,2972,4065,7037,10673,8240,18913,2019-11-01
NG7,5817,5413,11230,10654,5699,16353,2019-11-01
NG8,4854,6663,11517,19090,14978,34068,2019-11-01
NG9,4019,4613,8632,25214,21588,46802,2019-11-01
NG10,2441,2984,5425,16732,14423,31155,2019-11-01
NG11,2289,2975,5264,12338,10185,22523,2019-11-01
NG12,1204,1477,2681,13263,12562,25825,2019-11-01
NG13,653,778,1431,8512,8166,16678,2019-11-01
NG14,567,706,1273,7533,7080,14613,2019-11-01
NG15,1819,2517,4336,15674,13646,29320,2019-11-01
NG16,2641,3440,6081,23675,20502,44177,2019-11-01
NG17,3644,4567,8211,25061,21041,46102,2019-11-01
NG18,2500,2786,5286,14473,12164,26637,2019-11-01
NG19,2532,3210,5742,18668,15672,34340,2019-11-01
NG20,1518,2074,3592,8943,7021,15964,2019-11-01
NG21,933,1222,2155,8576,7560,16136,2019-11-01
NG22,1088,1395,2483,10524,9435,19959,2019-11-01
NG23,420,458,878,7612,7398,15010,2019-11-01
NG24,2361,3005,5366,16561,13928,30489,2019-11-01
NG25,277,345,622,3380,3363,6743,2019-11-01
NG31,2401,3066,5467,16223,13561,29784,2019-11-01
NG32,372,397,769,5620,5276,10896,2019-11-01
NG33,280,341,621,4124,3864,7988,2019-11-01
NG34,1553,1774,3327,16095,14840,30935,2019-11-01
NG36,0,0,0,1,0,1,2019-11-01
NG54,0,1,1,0,0,0,2019-11-01
NN1,3746,3394,7140,10510,6560,17070,2019-11-01
NN2,2894,3060,5954,13879,10978,24857,2019-11-01
NN3,5094,6260,11354,27320,22682,50002,2019-11-01
NN4,2354,2889,5243,18523,16498,35021,2019-11-01
NN5,2439,2966,5405,15143,12341,27484,2019-11-01
NN6,1006,1069,2075,14980,14420,29400,2019-11-01
NN7,780,967,1747,12209,11612,23821,2019-11-01
NN8,3575,4135,7710,18127,14554,32681,2019-11-01
NN9,991,1256,2247,10941,9834,20775,2019-11-01
NN10,1609,2009,3618,15138,13525,28663,2019-11-01
NN11,1810,2340,4150,15365,13204,28569,2019-11-01
NN12,759,880,1639,10387,9670,20057,2019-11-01
NN13,641,785,1426,8417,7887,16304,2019-11-01
NN14,1351,1654,3005,17972,16753,34725,2019-11-01
NN15,1477,1885,3362,14675,13297,27972,2019-11-01
NN16,2207,2596,4803,10377,7819,18196,2019-11-01
NN17,2009,2418,4427,10710,8583,19293,2019-11-01
NN18,2757,3436,6193,12609,9882,22491,2019-11-01
NN28,1,0,1,0,0,0,2019-11-01
NN29,356,414,770,4605,4316,8921,2019-11-01
NO3,0,1,1,0,0,0,2019-11-01
NP0,0,0,0,0,1,1,2019-11-01
NP1,87,93,180,221,150,371,2019-11-01
NP1,0,0,0,0,1,1,2019-11-01
NP2,32,28,60,124,70,194,2019-11-01
NP2,0,0,0,1,0,1,2019-11-01
NP3,36,40,76,114,65,179,2019-11-01
NP4,1816,2534,4350,16032,14008,30040,2019-11-01
NP5,12,13,25,48,38,86,2019-11-01
NP6,32,34,66,151,80,231,2019-11-01
NP7,855,1093,1948,10303,9711,20014,2019-11-01
NP8,133,191,324,2189,2103,4292,2019-11-01
NP9,75,42,117,166,73,239,2019-11-01
NP10,932,1160,2092,9304,8764,18068,2019-11-01
NP11,1759,2296,4055,12755,10713,23468,2019-11-01
NP12,1451,1954,3405,11566,10071,21637,2019-11-01
NP13,940,1390,2330,6526,5033,11559,2019-11-01
NP15,137,160,297,3257,3140,6397,2019-11-01
NP16,884,1016,1900,9124,8482,17606,2019-11-01
NP18,551,684,1235,6621,6210,12831,2019-11-01
NP19,3924,4656,8580,17388,13698,31086,2019-11-01
NP20,3576,4292,7868,16656,13187,29843,2019-11-01
NP21,0,0,0,1,0,1,2019-11-01
NP22,1152,1573,2725,7113,5741,12854,2019-11-01
NP23,1568,2158,3726,11021,8933,19954,2019-11-01
NP24,312,384,696,1486,1080,2566,2019-11-01
NP25,510,579,1089,6192,5776,11968,2019-11-01
NP26,779,986,1765,8946,8215,17161,2019-11-01
NP42,0,0,0,1,0,1,2019-11-01
NP44,2469,3132,5601,16664,14384,31048,2019-11-01
NR0,0,0,0,1,1,2,2019-11-01
NR1,1959,2056,4015,8774,6759,15533,2019-11-01
NR2,1731,1960,3691,7949,6891,14840,2019-11-01
NR3,2623,2927,5550,10547,8025,18572,2019-11-01
NR4,1192,1429,2621,7318,6684,14002,2019-11-01
NR5,1998,2369,4367,8984,7473,16457,2019-11-01
NR6,897,1098,1995,9253,8303,17556,2019-11-01
NR7,1232,1488,2720,12508,11374,23882,2019-11-01
NR8,634,769,1403,8443,8172,16615,2019-11-01
NR9,469,563,1032,7309,7052,14361,2019-11-01
NR10,636,759,1395,9187,8775,17962,2019-11-01
NR11,548,653,1201,7394,7040,14434,2019-11-01
NR12,618,698,1316,8570,8004,16574,2019-11-01
NR13,718,810,1528,11042,10641,21683,2019-11-01
NR14,711,731,1442,10364,10028,20392,2019-11-01
NR15,420,527,947,6360,6203,12563,2019-11-01
NR16,313,385,698,5184,4983,10167,2019-11-01
NR17,563,622,1185,6577,6034,12611,2019-11-01
NR18,653,780,1433,7312,7012,14324,2019-11-01
NR19,793,987,1780,7389,6577,13966,2019-11-01
NR20,560,644,1204,7763,7339,15102,2019-11-01
NR21,540,626,1166,6262,5749,12011,2019-11-01
NR22,32,46,78,329,310,639,2019-11-01
NR23,120,137,257,1129,1023,2152,2019-11-01
NR24,127,136,263,1752,1663,3415,2019-11-01
NR25,309,320,629,3312,3139,6451,2019-11-01
NR26,296,373,669,2955,2788,5743,2019-11-01
NR27,509,554,1063,4194,3821,8015,2019-11-01
NR28,643,732,1375,6453,5983,12436,2019-11-01
NR29,630,792,1422,8350,7669,16019,2019-11-01
NR30,2392,2551,4943,9320,6826,16146,2019-11-01
NR31,2594,3111,5705,17394,14611,32005,2019-11-01
NR32,2141,2318,4459,13725,11770,25495,2019-11-01
NR33,1735,2032,3767,14131,12583,26714,2019-11-01
NR34,701,864,1565,8763,7995,16758,2019-11-01
NR35,364,431,795,4306,3971,8277,2019-11-01
NW0,3,1,4,3,1,4,2019-11-01
NW1,7395,8059,15454,16559,11011,27570,2019-11-01
NW1,0,1,1,0,0,0,2019-11-01
NW2,11698,10352,22050,26084,16970,43054,2019-11-01
NW3,4954,5852,10806,19840,16732,36572,2019-11-01
NW4,3895,3914,7809,13549,10291,23840,2019-11-01
NW5,3497,4014,7511,8434,6716,15150,2019-11-01
NW5,0,1,1,0,0,0,2019-11-01
NW6,8873,8922,17795,22364,17124,39488,2019-11-01
NW7,2062,2483,4545,10940,9623,20563,2019-11-01
NW8,4106,4893,8999,12577,9599,22176,2019-11-01
NW9,9849,9806,19655,27701,18377,46078,2019-11-01
NW10,17895,16341,34236,31274,20249,51523,2019-11-01
NW11,3716,3551,7267,14110,12228,26338,2019-11-01
NW12,3,1,4,0,2,2,2019-11-01
NW13,0,1,1,2,1,3,2019-11-01
NW14,1,0,1,1,0,1,2019-11-01
NW15,0,0,0,2,0,2,2019-11-01
NW16,4,1,5,3,0,3,2019-11-01
NW17,0,0,0,2,1,3,2019-11-01
NW18,1,0,1,1,1,2,2019-11-01
NW19,0,1,1,1,1,2,2019-11-01
NW20,0,1,1,1,0,1,2019-11-01
NW21,1,0,1,0,0,0,2019-11-01
NW22,1,0,1,2,0,2,2019-11-01
NW24,1,0,1,0,0,0,2019-11-01
NW25,0,0,0,0,2,2,2019-11-01
NW26,1,1,2,0,0,0,2019-11-01
NW28,0,0,0,0,1,1,2019-11-01
NW44,2,0,2,0,0,0,2019-11-01
NW51,1,0,1,0,0,0,2019-11-01
NW70,1,0,1,0,0,0,2019-11-01
NW77,0,1,1,0,0,0,2019-11-01
NW96,0,0,0,1,0,1,2019-11-01
NW99,2,0,2,1,0,1,2019-11-01
OL0,1,0,1,0,0,0,2019-11-01
OL1,2089,2446,4535,6067,4383,10450,2019-11-01
OL1,1,0,1,0,0,0,2019-11-01
OL2,2039,2543,4582,14684,12845,27529,2019-11-01
OL3,541,524,1065,6111,5895,12006,2019-11-01
OL4,2944,3585,6529,14518,11378,25896,2019-11-01
OL5,546,682,1228,4034,3498,7532,2019-11-01
OL6,2196,2621,4817,9324,6982,16306,2019-11-01
OL7,1188,1551,2739,5425,4050,9475,2019-11-01
OL8,3591,4443,8034,11734,7805,19539,2019-11-01
OL9,3067,3608,6675,12969,9652,22621,2019-11-01
OL10,1903,2342,4245,9332,7760,17092,2019-11-01
OL11,3147,3947,7094,14884,11787,26671,2019-11-01
OL12,2754,3427,6181,15506,13050,28556,2019-11-01
OL13,842,1086,1928,5662,4832,10494,2019-11-01
OL14,829,1110,1939,5291,4759,10050,2019-11-01
OL15,624,725,1349,5539,4966,10505,2019-11-01
OL16,2664,3163,5827,12243,9664,21907,2019-11-01
OX0,1,1,2,0,0,0,2019-11-01
OX1,1754,1407,3161,6172,4886,11058,2019-11-01
OX2,3097,3315,6412,13515,12333,25848,2019-11-01
OX3,3504,4271,7775,13652,11318,24970,2019-11-01
OX4,6174,6337,12511,18051,13637,31688,2019-11-01
OX5,1443,1479,2922,9258,8223,17481,2019-11-01
OX6,33,26,59,72,61,133,2019-11-01
OX7,856,1099,1955,9562,9197,18759,2019-11-01
OX8,47,46,93,161,126,287,2019-11-01
OX9,570,651,1221,5985,5728,11713,2019-11-01
OX10,1128,1331,2459,10408,9750,20158,2019-11-01
OX11,1658,2179,3837,15146,13431,28577,2019-11-01
OX12,1071,1315,2386,10638,9716,20354,2019-11-01
OX13,497,643,1140,5907,5623,11530,2019-11-01
OX14,2118,2519,4637,16995,15189,32184,2019-11-01
OX15,616,668,1284,8429,8259,16688,2019-11-01
OX16,2999,3740,6739,16883,13389,30272,2019-11-01
OX17,482,579,1061,7494,7243,14737,2019-11-01
OX18,922,1205,2127,9803,9006,18809,2019-11-01
OX20,208,235,443,1943,1976,3919,2019-11-01
OX23,0,0,0,1,0,1,2019-11-01
OX25,361,495,856,4204,4045,8249,2019-11-01
OX26,1835,2304,4139,12924,11197,24121,2019-11-01
OX27,228,300,528,2876,2871,5747,2019-11-01
OX28,1308,1553,2861,9909,9076,18985,2019-11-01
OX29,854,972,1826,9822,9427,19249,2019-11-01
OX33,284,317,601,3146,2989,6135,2019-11-01
OX39,177,221,398,3235,3133,6368,2019-11-01
OX44,229,350,579,3359,3219,6578,2019-11-01
OX49,127,151,278,1708,1736,3444,2019-11-01
PA0,0,0,0,1,0,1,2019-11-01
PA1,1554,1668,3222,7011,5570,12581,2019-11-01
PA2,2286,2940,5226,13202,11576,24778,2019-11-01
PA3,1999,2441,4440,6846,5360,12206,2019-11-01
PA4,1400,1790,3190,8480,7404,15884,2019-11-01
PA5,1395,1834,3229,7021,5857,12878,2019-11-01
PA6,146,204,350,2684,2661,5345,2019-11-01
PA7,214,270,484,3123,2999,6122,2019-11-01
PA8,762,935,1697,5306,4835,10141,2019-11-01
PA9,56,78,134,733,690,1423,2019-11-01
PA10,134,202,336,1451,1390,2841,2019-11-01
PA11,218,256,474,2280,2189,4469,2019-11-01
PA12,144,193,337,1265,1234,2499,2019-11-01
PA13,140,160,300,1810,1827,3637,2019-11-01
PA14,1246,1545,2791,4789,4011,8800,2019-11-01
PA15,1377,1632,3009,4489,3555,8044,2019-11-01
PA16,1980,2217,4197,9038,8063,17101,2019-11-01
PA17,84,87,171,881,831,1712,2019-11-01
PA18,79,105,184,1013,996,2009,2019-11-01
PA19,541,626,1167,4096,3726,7822,2019-11-01
PA20,326,430,756,2102,1719,3821,2019-11-01
PA21,43,31,74,332,292,624,2019-11-01
PA22,14,4,18,137,136,273,2019-11-01
PA23,731,900,1631,4318,3997,8315,2019-11-01
PA24,21,22,43,214,165,379,2019-11-01
PA25,2,4,6,26,24,50,2019-11-01
PA26,9,6,15,59,43,102,2019-11-01
PA27,19,34,53,302,296,598,2019-11-01
PA28,395,451,846,2547,2197,4744,2019-11-01
PA29,97,95,192,883,780,1663,2019-11-01
PA30,67,72,139,494,498,992,2019-11-01
PA31,204,242,446,2044,1825,3869,2019-11-01
PA32,45,60,105,487,442,929,2019-11-01
PA33,37,33,70,310,265,575,2019-11-01
PA34,632,710,1342,3758,3300,7058,2019-11-01
PA35,49,78,127,570,544,1114,2019-11-01
PA36,1,1,2,20,15,35,2019-11-01
PA37,131,147,278,1187,1132,2319,2019-11-01
PA38,29,33,62,370,356,726,2019-11-01
PA39,3,0,3,3,5,8,2019-11-01
PA40,1,2,3,5,2,7,2019-11-01
PA41,9,12,21,58,56,114,2019-11-01
PA42,49,73,122,420,348,768,2019-11-01
PA43,49,61,110,300,273,573,2019-11-01
PA44,6,11,17,119,113,232,2019-11-01
PA45,11,8,19,62,45,107,2019-11-01
PA46,7,10,17,68,70,138,2019-11-01
PA47,6,8,14,69,61,130,2019-11-01
PA48,20,15,35,113,131,244,2019-11-01
PA49,7,11,18,76,69,145,2019-11-01
PA60,8,14,22,88,73,161,2019-11-01
PA61,5,13,18,57,56,113,2019-11-01
PA62,2,2,4,9,9,18,2019-11-01
PA63,1,0,1,3,4,7,2019-11-01
PA64,2,3,5,42,44,86,2019-11-01
PA65,10,9,19,95,90,185,2019-11-01
PA66,4,12,16,71,67,138,2019-11-01
PA67,18,16,34,95,94,189,2019-11-01
PA68,0,0,0,5,3,8,2019-11-01
PA69,1,2,3,11,8,19,2019-11-01
PA70,4,3,7,26,28,54,2019-11-01
PA71,1,0,1,25,16,41,2019-11-01
PA72,16,17,33,193,186,379,2019-11-01
PA73,3,2,5,22,22,44,2019-11-01
PA74,0,2,2,17,13,30,2019-11-01
PA75,67,80,147,575,560,1135,2019-11-01
PA76,6,5,11,62,70,132,2019-11-01
PA77,21,31,52,245,256,501,2019-11-01
PA78,9,12,21,73,71,144,2019-11-01
PA80,14,14,28,119,94,213,2019-11-01
PA81,3,6,9,15,8,23,2019-11-01
PA82,5,5,10,12,12,24,2019-11-01
PA83,0,0,0,1,1,2,2019-11-01
PA84,0,1,1,1,0,1,2019-11-01
PA85,3,3,6,2,5,7,2019-11-01
PA86,21,35,56,65,66,131,2019-11-01
PA87,27,36,63,42,34,76,2019-11-01
PA88,4,2,6,7,4,11,2019-11-01
PE1,5123,5223,10346,16012,10090,26102,2019-11-01
PE2,3027,3814,6841,17403,14290,31693,2019-11-01
PE3,2364,3106,5470,10375,7652,18027,2019-11-01
PE4,1551,2035,3586,10390,8898,19288,2019-11-01
PE5,36,34,70,646,609,1255,2019-11-01
PE6,1180,1522,2702,15201,14307,29508,2019-11-01
PE7,1755,2303,4058,17632,15827,33459,2019-11-01
PE8,588,721,1309,7188,6741,13929,2019-11-01
PE9,1241,1537,2778,12387,11883,24270,2019-11-01
PE10,794,1037,1831,9339,8739,18078,2019-11-01
PE11,1915,2206,4121,16946,14102,31048,2019-11-01
PE12,1317,1584,2901,16237,14400,30637,2019-11-01
PE13,1970,2157,4127,13054,10889,23943,2019-11-01
PE14,683,803,1486,8968,8248,17216,2019-11-01
PE15,1179,1463,2642,11238,10007,21245,2019-11-01
PE16,388,504,892,4259,3697,7956,2019-11-01
PE17,59,45,104,143,98,241,2019-11-01
PE18,50,77,127,107,82,189,2019-11-01
PE19,1856,2250,4106,17363,15835,33198,2019-11-01
PE20,507,614,1121,5814,5250,11064,2019-11-01
PE21,2741,2776,5517,14707,11658,26365,2019-11-01
PE22,498,594,1092,6921,6296,13217,2019-11-01
PE23,291,327,618,3495,3208,6703,2019-11-01
PE24,478,560,1038,4847,4051,8898,2019-11-01
PE25,1382,1493,2875,7377,5908,13285,2019-11-01
PE26,399,526,925,4622,4207,8829,2019-11-01
PE27,907,1126,2033,7879,6892,14771,2019-11-01
PE28,1480,1789,3269,19376,18517,37893,2019-11-01
PE29,1793,2234,4027,10395,8759,19154,2019-11-01
PE30,2799,3125,5924,14763,12555,27318,2019-11-01
PE31,481,570,1051,7795,7370,15165,2019-11-01
PE32,440,480,920,6426,6126,12552,2019-11-01
PE33,436,559,995,6060,5626,11686,2019-11-01
PE34,459,546,1005,5661,5233,10894,2019-11-01
PE35,2,1,3,41,38,79,2019-11-01
PE36,239,273,512,2288,2174,4462,2019-11-01
PE37,379,498,877,4248,3852,8100,2019-11-01
PE38,511,598,1109,5942,5311,11253,2019-11-01
PE99,0,0,0,1,0,1,2019-11-01
PH1,2413,3145,5558,14738,12512,27250,2019-11-01
PH2,1563,1745,3308,12933,11963,24896,2019-11-01
PH3,248,290,538,2623,2500,5123,2019-11-01
PH4,36,53,89,373,363,736,2019-11-01
PH5,21,58,79,326,308,634,2019-11-01
PH6,81,93,174,999,988,1987,2019-11-01
PH7,382,459,841,3344,3091,6435,2019-11-01
PH8,87,96,183,794,752,1546,2019-11-01
PH9,15,40,55,360,345,705,2019-11-01
PH10,469,519,988,4243,3891,8134,2019-11-01
PH11,133,189,322,1355,1155,2510,2019-11-01
PH12,49,69,118,825,742,1567,2019-11-01
PH13,180,207,387,1624,1413,3037,2019-11-01
PH14,43,76,119,853,824,1677,2019-11-01
PH15,169,207,376,1403,1233,2636,2019-11-01
PH16,166,200,366,1550,1437,2987,2019-11-01
PH17,10,6,16,78,66,144,2019-11-01
PH18,25,43,68,308,253,561,2019-11-01
PH19,1,4,5,41,34,75,2019-11-01
PH20,58,85,143,621,557,1178,2019-11-01
PH21,96,106,202,842,773,1615,2019-11-01
PH22,201,246,447,1254,1123,2377,2019-11-01
PH23,27,30,57,324,331,655,2019-11-01
PH24,21,23,44,311,283,594,2019-11-01
PH25,27,33,60,367,367,734,2019-11-01
PH26,156,162,318,1464,1346,2810,2019-11-01
PH30,0,0,0,6,4,10,2019-11-01
PH31,19,22,41,238,241,479,2019-11-01
PH32,32,43,75,289,241,530,2019-11-01
PH33,692,888,1580,4223,3576,7799,2019-11-01
PH34,34,41,75,443,404,847,2019-11-01
PH35,25,17,42,135,112,247,2019-11-01
PH36,35,58,93,531,489,1020,2019-11-01
PH37,5,10,15,66,54,120,2019-11-01
PH38,10,11,21,81,80,161,2019-11-01
PH39,27,21,48,165,169,334,2019-11-01
PH40,20,18,38,125,103,228,2019-11-01
PH41,69,58,127,360,316,676,2019-11-01
PH42,2,7,9,40,32,72,2019-11-01
PH43,1,2,3,9,8,17,2019-11-01
PH44,3,0,3,4,6,10,2019-11-01
PH49,39,52,91,429,370,799,2019-11-01
PH50,46,81,127,327,246,573,2019-11-01
PL0,0,1,1,0,0,0,2019-11-01
PL1,2280,2277,4557,7133,4699,11832,2019-11-01
PL2,2313,2765,5078,9945,8211,18156,2019-11-01
PL3,1752,2098,3850,10731,9479,20210,2019-11-01
PL4,2924,2697,5621,8647,5934,14581,2019-11-01
PL5,2802,3757,6559,13621,11310,24931,2019-11-01
PL6,1938,2477,4415,15257,13650,28907,2019-11-01
PL7,1133,1454,2587,11696,11071,22767,2019-11-01
PL8,192,165,357,2489,2495,4984,2019-11-01
PL9,1011,1250,2261,11386,10743,22129,2019-11-01
PL10,158,189,347,1318,1221,2539,2019-11-01
PL11,515,675,1190,3903,3440,7343,2019-11-01
PL12,870,1024,1894,8457,7883,16340,2019-11-01
PL13,372,473,845,3855,3454,7309,2019-11-01
PL14,902,1194,2096,9145,8624,17769,2019-11-01
PL15,623,796,1419,8154,7561,15715,2019-11-01
PL16,50,65,115,843,782,1625,2019-11-01
PL17,342,359,701,4086,3734,7820,2019-11-01
PL18,166,239,405,2077,1997,4074,2019-11-01
PL19,593,657,1250,6312,6072,12384,2019-11-01
PL20,414,495,909,4734,4610,9344,2019-11-01
PL21,597,690,1287,7120,7024,14144,2019-11-01
PL22,130,162,292,1444,1422,2866,2019-11-01
PL23,124,148,272,1239,1209,2448,2019-11-01
PL24,439,569,1008,3849,3604,7453,2019-11-01
PL25,1238,1357,2595,9449,8622,18071,2019-11-01
PL26,1176,1253,2429,10728,9697,20425,2019-11-01
PL27,380,501,881,4707,4604,9311,2019-11-01
PL28,205,205,410,1571,1534,3105,2019-11-01
PL29,36,26,62,362,367,729,2019-11-01
PL30,260,289,549,4458,4238,8696,2019-11-01
PL31,786,942,1728,5452,4748,10200,2019-11-01
PL32,141,213,354,1692,1597,3289,2019-11-01
PL33,74,71,145,756,729,1485,2019-11-01
PL34,65,81,146,713,668,1381,2019-11-01
PL35,33,35,68,406,404,810,2019-11-01
PO1,2831,3187,6018,7057,4596,11653,2019-11-01
PO2,3363,4161,7524,13376,10109,23485,2019-11-01
PO3,1251,1442,2693,7048,6007,13055,2019-11-01
PO4,2888,3251,6139,13230,10650,23880,2019-11-01
PO5,2653,2567,5220,7882,5471,13353,2019-11-01
PO6,2665,3137,5802,14284,12347,26631,2019-11-01
PO7,1682,2058,3740,16356,15228,31584,2019-11-01
PO8,1251,1519,2770,14035,13146,27181,2019-11-01
PO9,3097,4104,7201,16615,14492,31107,2019-11-01
PO10,645,775,1420,7386,7033,14419,2019-11-01
PO11,654,703,1357,7305,6749,14054,2019-11-01
PO12,2642,3111,5753,16318,14178,30496,2019-11-01
PO13,1953,2473,4426,12280,11248,23528,2019-11-01
PO14,1192,1315,2507,12845,12264,25109,2019-11-01
PO15,871,914,1785,8722,8144,16866,2019-11-01
PO16,1255,1371,2626,12381,11366,23747,2019-11-01
PO17,215,225,440,2819,2600,5419,2019-11-01
PO18,476,524,1000,5863,5779,11642,2019-11-01
PO19,1716,1932,3648,10683,10221,20904,2019-11-01
PO20,1221,1355,2576,13659,13047,26706,2019-11-01
PO21,2127,2142,4269,14755,13080,27835,2019-11-01
PO22,1187,1358,2545,11824,11166,22990,2019-11-01
PO30,1498,1764,3262,10283,9547,19830,2019-11-01
PO31,673,778,1451,5422,5090,10512,2019-11-01
PO32,434,480,914,3115,2903,6018,2019-11-01
PO33,1708,1992,3700,10682,9699,20381,2019-11-01
PO34,58,73,131,921,909,1830,2019-11-01
PO35,152,127,279,1455,1408,2863,2019-11-01
PO36,836,958,1794,5950,5497,11447,2019-11-01
PO37,466,495,961,3432,3037,6469,2019-11-01
PO38,585,644,1229,4880,4494,9374,2019-11-01
PO39,97,128,225,998,927,1925,2019-11-01
PO40,249,257,506,2147,2079,4226,2019-11-01
PO41,70,64,134,944,935,1879,2019-11-01
PR1,5417,5900,11317,20847,15492,36339,2019-11-01
PR2,4205,5117,9322,26933,23106,50039,2019-11-01
PR3,951,1127,2078,16115,15421,31536,2019-11-01
PR4,1872,2285,4157,24816,23210,48026,2019-11-01
PR5,1650,2067,3717,15177,13534,28711,2019-11-01
PR6,1360,1593,2953,13608,12444,26052,2019-11-01
PR7,2083,2609,4692,22899,20986,43885,2019-11-01
PR8,2682,3108,5790,19631,17943,37574,2019-11-01
PR9,1940,2254,4194,15675,13847,29522,2019-11-01
PR25,1360,1725,3085,11430,10420,21850,2019-11-01
PR26,477,523,1000,5232,4964,10196,2019-11-01
RG1,5649,5400,11049,14853,9057,23910,2019-11-01
RG2,3432,4030,7462,14532,11056,25588,2019-11-01
RG3,28,23,51,88,48,136,2019-11-01
RG4,1759,2175,3934,15505,14387,29892,2019-11-01
RG5,1135,1281,2416,10392,9612,20004,2019-11-01
RG6,2107,2277,4384,14647,12571,27218,2019-11-01
RG7,1141,1359,2500,13758,13202,26960,2019-11-01
RG8,752,699,1451,7940,7700,15640,2019-11-01
RG9,1020,1006,2026,9520,9450,18970,2019-11-01
RG10,599,626,1225,7684,7385,15069,2019-11-01
RG11,32,25,57,85,51,136,2019-11-01
RG12,3140,3850,6990,21483,18660,40143,2019-11-01
RG13,29,40,69,72,63,135,2019-11-01
RG14,2035,2378,4413,15125,12925,28050,2019-11-01
RG15,18,24,42,64,53,117,2019-11-01
RG16,18,21,39,93,60,153,2019-11-01
RG17,612,655,1267,5993,5652,11645,2019-11-01
RG18,725,814,1539,7384,6853,14237,2019-11-01
RG19,743,784,1527,6522,6079,12601,2019-11-01
RG20,603,729,1332,8165,7961,16126,2019-11-01
RG21,2139,2393,4532,10019,7735,17754,2019-11-01
RG22,2092,2640,4732,15492,13655,29147,2019-11-01
RG23,536,677,1213,5056,4573,9629,2019-11-01
RG24,1654,2106,3760,13291,11776,25067,2019-11-01
RG25,283,303,586,3651,3421,7072,2019-11-01
RG26,782,988,1770,9129,8452,17581,2019-11-01
RG27,650,676,1326,9430,9399,18829,2019-11-01
RG28,229,276,505,2340,2130,4470,2019-11-01
RG29,179,285,464,2671,2599,5270,2019-11-01
RG30,3935,4628,8563,16120,12537,28657,2019-11-01
RG31,1171,1503,2674,11133,10116,21249,2019-11-01
RG33,0,0,0,0,1,1,2019-11-01
RG34,0,0,0,0,1,1,2019-11-01
RG40,1079,1169,2248,12283,11751,24034,2019-11-01
RG41,1069,1226,2295,12026,11678,23704,2019-11-01
RG42,1099,1168,2267,11023,10563,21586,2019-11-01
RG45,457,482,939,5719,5624,11343,2019-11-01
RH1,2569,3071,5640,18048,16322,34370,2019-11-01
RH2,1052,1242,2294,10142,9795,19937,2019-11-01
RH3,134,122,256,1822,1815,3637,2019-11-01
RH4,714,826,1540,6064,5783,11847,2019-11-01
RH5,648,673,1321,6947,6638,13585,2019-11-01
RH6,1407,1570,2977,12997,12005,25002,2019-11-01
RH7,499,382,881,3887,3398,7285,2019-11-01
RH8,605,660,1265,6081,6037,12118,2019-11-01
RH9,191,211,402,2219,2233,4452,2019-11-01
RH10,3970,4226,8196,26798,22728,49526,2019-11-01
RH11,4629,5526,10155,20211,15696,35907,2019-11-01
RH12,1859,2208,4067,19291,18321,37612,2019-11-01
RH13,1342,1601,2943,15494,14725,30219,2019-11-01
RH14,504,573,1077,6530,6289,12819,2019-11-01
RH15,1470,1632,3102,12247,11518,23765,2019-11-01
RH16,1597,1897,3494,13784,13033,26817,2019-11-01
RH17,660,770,1430,8005,7922,15927,2019-11-01
RH18,279,305,584,1928,1948,3876,2019-11-01
RH19,1454,1646,3100,14011,13094,27105,2019-11-01
RH20,700,717,1417,10866,10789,21655,2019-11-01
RM1,1498,1723,3221,7746,6362,14108,2019-11-01
RM2,624,714,1338,5095,4606,9701,2019-11-01
RM3,3095,4067,7162,14899,12407,27306,2019-11-01
RM4,135,153,288,1993,1866,3859,2019-11-01
RM5,1223,1578,2801,7032,6176,13208,2019-11-01
RM6,3343,3926,7269,11742,8763,20505,2019-11-01
RM7,2293,2849,5142,10351,8371,18722,2019-11-01
RM8,4958,5809,10767,13890,9742,23632,2019-11-01
RM9,4036,4984,9020,11426,7762,19188,2019-11-01
RM10,4502,5453,9955,11951,8293,20244,2019-11-01
RM11,1394,1655,3049,12520,11500,24020,2019-11-01
RM12,1833,2242,4075,12874,11194,24068,2019-11-01
RM13,2082,2469,4551,10791,8974,19765,2019-11-01
RM14,1007,1096,2103,10702,10054,20756,2019-11-01
RM15,1925,2334,4259,10899,8988,19887,2019-11-01
RM16,2045,2589,4634,15816,13883,29699,2019-11-01
RM17,2073,2671,4744,10443,7677,18120,2019-11-01
RM18,1489,1951,3440,5882,4659,10541,2019-11-01
RM19,532,728,1260,2651,1897,4548,2019-11-01
RM20,482,628,1110,2495,1629,4124,2019-11-01
S1,652,476,1128,1093,508,1601,2019-11-01
S2,3949,4639,8588,10427,6967,17394,2019-11-01
S3,1970,1657,3627,3595,1624,5219,2019-11-01
S4,1450,1450,2900,3360,1817,5177,2019-11-01
S5,4752,6292,11044,16286,11849,28135,2019-11-01
S6,3217,3882,7099,19022,15969,34991,2019-11-01
S6,0,0,0,0,1,1,2019-11-01
S7,1249,1173,2422,6047,5028,11075,2019-11-01
S7,0,0,0,1,0,1,2019-11-01
S8,2682,3177,5859,14839,12617,27456,2019-11-01
S8,0,0,0,1,0,1,2019-11-01
S9,2283,2662,4945,8378,5261,13639,2019-11-01
S10,2264,2222,4486,13267,11701,24968,2019-11-01
S11,1746,1823,3569,10765,9889,20654,2019-11-01
S12,1571,2247,3818,11942,9525,21467,2019-11-01
S13,1534,2103,3637,9849,7907,17756,2019-11-01
S14,828,1095,1923,2184,1437,3621,2019-11-01
S16,0,0,0,0,1,1,2019-11-01
S17,462,576,1038,6131,6009,12140,2019-11-01
S18,744,880,1624,9549,9026,18575,2019-11-01
S19,4,8,12,44,33,77,2019-11-01
S20,1157,1629,2786,10976,9354,20330,2019-11-01
S21,752,1084,1836,7506,6464,13970,2019-11-01
S22,0,1,1,0,1,1,2019-11-01
S24,0,0,0,0,1,1,2019-11-01
S25,801,1133,1934,7719,6792,14511,2019-11-01
S26,866,1261,2127,9634,8503,18137,2019-11-01
S29,0,0,0,1,0,1,2019-11-01
S30,32,26,58,134,121,255,2019-11-01
S31,23,29,52,84,34,118,2019-11-01
S32,147,172,319,2330,2315,4645,2019-11-01
S33,145,155,300,1928,1872,3800,2019-11-01
S35,1344,1782,3126,15162,13580,28742,2019-11-01
S36,962,1238,2200,10889,9812,20701,2019-11-01
S37,1,0,1,0,0,0,2019-11-01
S40,1775,2163,3938,12083,10246,22329,2019-11-01
S41,1831,2354,4185,12357,10432,22789,2019-11-01
S42,1034,1379,2413,10839,9635,20474,2019-11-01
S43,1872,2634,4506,14158,11726,25884,2019-11-01
S44,988,1356,2344,7794,6468,14262,2019-11-01
S45,583,807,1390,4871,4154,9025,2019-11-01
S46,0,0,0,2,0,2,2019-11-01
S49,0,0,0,1,0,1,2019-11-01
S54,0,0,0,1,0,1,2019-11-01
S60,1818,2530,4348,14020,11503,25523,2019-11-01
S61,2043,2597,4640,11356,9014,20370,2019-11-01
S62,1105,1504,2609,6431,4990,11421,2019-11-01
S63,2495,3186,5681,13434,10739,24173,2019-11-01
S64,1827,2267,4094,10340,8177,18517,2019-11-01
S65,2552,2991,5543,10091,7213,17304,2019-11-01
S66,2045,2827,4872,16108,13720,29828,2019-11-01
S68,0,0,0,0,1,1,2019-11-01
S70,2603,3052,5655,12911,9423,22334,2019-11-01
S71,2616,3310,5926,15706,12662,28368,2019-11-01
S72,1369,1803,3172,8672,6928,15600,2019-11-01
S73,1588,2049,3637,9591,7700,17291,2019-11-01
S74,864,1254,2118,6021,4888,10909,2019-11-01
S75,1559,2059,3618,16748,14832,31580,2019-11-01
S80,1795,2079,3874,10192,8091,18283,2019-11-01
S81,1392,1858,3250,14053,12487,26540,2019-11-01
SA1,4439,4406,8845,13628,9095,22723,2019-11-01
SA2,1722,1783,3505,12811,11464,24275,2019-11-01
SA3,797,853,1650,10364,10203,20567,2019-11-01
SA4,1483,1900,3383,16648,15857,32505,2019-11-01
SA5,2159,2945,5104,11246,9274,20520,2019-11-01
SA6,1627,2275,3902,11358,9748,21106,2019-11-01
SA7,551,756,1307,5585,5075,10660,2019-11-01
SA8,463,605,1068,4776,4327,9103,2019-11-01
SA9,534,692,1226,5600,5063,10663,2019-11-01
SA10,1013,1419,2432,11275,10022,21297,2019-11-01
SA11,1699,2296,3995,12035,9915,21950,2019-11-01
SA12,1771,2151,3922,10613,9257,19870,2019-11-01
SA13,991,1264,2255,6666,5386,12052,2019-11-01
SA14,1174,1493,2667,12528,11561,24089,2019-11-01
SA15,1790,2101,3891,12632,10724,23356,2019-11-01
SA16,322,403,725,3138,2821,5959,2019-11-01
SA17,357,396,753,3565,3205,6770,2019-11-01
SA18,1212,1367,2579,10945,9888,20833,2019-11-01
SA19,278,344,622,3911,3681,7592,2019-11-01
SA20,113,131,244,1317,1160,2477,2019-11-01
SA31,758,946,1704,5641,5275,10916,2019-11-01
SA32,150,187,337,3158,3090,6248,2019-11-01
SA33,307,393,700,5085,4796,9881,2019-11-01
SA34,128,142,270,2070,1922,3992,2019-11-01
SA35,15,25,40,360,323,683,2019-11-01
SA36,11,6,17,136,131,267,2019-11-01
SA37,31,38,69,587,524,1111,2019-11-01
SA38,144,164,308,1813,1669,3482,2019-11-01
SA39,69,81,150,1021,938,1959,2019-11-01
SA40,140,123,263,1109,1008,2117,2019-11-01
SA41,51,57,108,843,788,1631,2019-11-01
SA42,57,68,125,829,780,1609,2019-11-01
SA43,459,550,1009,4853,4506,9359,2019-11-01
SA44,303,361,664,4584,4383,8967,2019-11-01
SA45,68,54,122,625,579,1204,2019-11-01
SA46,92,98,190,973,888,1861,2019-11-01
SA47,46,38,84,422,391,813,2019-11-01
SA48,381,346,727,3330,3088,6418,2019-11-01
SA61,747,1006,1753,4744,4222,8966,2019-11-01
SA62,562,655,1217,8435,7980,16415,2019-11-01
SA63,29,32,61,527,500,1027,2019-11-01
SA64,90,118,208,858,727,1585,2019-11-01
SA65,159,206,365,1607,1413,3020,2019-11-01
SA66,84,84,168,1263,1242,2505,2019-11-01
SA67,197,263,460,2877,2727,5604,2019-11-01
SA68,84,134,218,1651,1560,3211,2019-11-01
SA69,100,117,217,1453,1331,2784,2019-11-01
SA70,362,443,805,3395,3060,6455,2019-11-01
SA71,435,532,967,4094,3632,7726,2019-11-01
SA72,549,625,1174,3492,3130,6622,2019-11-01
SA73,859,1119,1978,7290,6395,13685,2019-11-01
SA99,1,1,2,0,0,0,2019-11-01
SE0,0,1,1,0,1,1,2019-11-01
SE1,9044,9107,18151,19564,12135,31699,2019-11-01
SE1,0,0,0,2,0,2,2019-11-01
SE2,3462,4080,7542,8032,5964,13996,2019-11-01
SE3,2854,3429,6283,11715,10045,21760,2019-11-01
SE4,3595,3936,7531,8545,7050,15595,2019-11-01
SE5,7672,8410,16082,13155,9159,22314,2019-11-01
SE6,6737,7433,14170,16008,12936,28944,2019-11-01
SE6,1,0,1,0,0,0,2019-11-01
SE7,2688,3168,5856,6445,4648,11093,2019-11-01
SE8,4612,4960,9572,8366,5683,14049,2019-11-01
SE9,5077,6000,11077,21298,18141,39439,2019-11-01
SE10,2744,3287,6031,9917,7799,17716,2019-11-01
SE11,3367,3478,6845,6740,4263,11003,2019-11-01
SE12,2515,2949,5464,8818,7461,16279,2019-11-01
SE13,5550,5822,11372,12857,10061,22918,2019-11-01
SE14,4014,4118,8132,6943,4862,11805,2019-11-01
SE15,11470,11593,23063,17130,12407,29537,2019-11-01
SE16,5836,6645,12481,14818,10268,25086,2019-11-01
SE17,6202,6393,12595,8649,5033,13682,2019-11-01
SE18,12106,12574,24680,21958,14926,36884,2019-11-01
SE19,2846,3435,6281,9282,7754,17036,2019-11-01
SE20,2666,3001,5667,7140,5929,13069,2019-11-01
SE21,1499,1631,3130,5078,4777,9855,2019-11-01
SE22,3249,3517,6766,9530,8296,17826,2019-11-01
SE23,3522,4044,7566,10495,9096,19591,2019-11-01
SE24,1968,2078,4046,5854,5112,10966,2019-11-01
SE25,4166,4795,8961,10864,9005,19869,2019-11-01
SE26,3269,3897,7166,8957,7568,16525,2019-11-01
SE27,2748,2892,5640,6548,5395,11943,2019-11-01
SE28,3736,4694,8430,7916,5656,13572,2019-11-01
SE29,1,3,4,2,0,2,2019-11-01
SE31,0,1,1,0,0,0,2019-11-01
SE33,0,1,1,0,0,0,2019-11-01
SE35,0,1,1,0,0,0,2019-11-01
SE37,0,1,1,0,0,0,2019-11-01
SE50,0,0,0,1,0,1,2019-11-01
SE57,0,1,1,0,0,0,2019-11-01
SE59,0,0,0,1,0,1,2019-11-01
SE60,0,0,0,1,0,1,2019-11-01
SE72,1,0,1,0,0,0,2019-11-01
SE73,0,0,0,1,0,1,2019-11-01
SE74,0,1,1,1,0,1,2019-11-01
SE75,1,0,1,0,0,0,2019-11-01
SE76,0,0,0,1,0,1,2019-11-01
SE77,1,0,1,0,0,0,2019-11-01
SE88,0,0,0,1,0,1,2019-11-01
SE91,0,1,1,0,0,0,2019-11-01
SE99,0,0,0,0,1,1,2019-11-01
SG0,0,0,0,0,1,1,2019-11-01
SG1,3291,3897,7188,18957,16014,34971,2019-11-01
SG2,2172,2755,4927,15543,13658,29201,2019-11-01
SG3,233,289,522,2866,2747,5613,2019-11-01
SG4,1209,1402,2611,11447,10830,22277,2019-11-01
SG5,1353,1597,2950,12832,12038,24870,2019-11-01
SG6,1782,2195,3977,12171,10976,23147,2019-11-01
SG7,537,563,1100,5206,5035,10241,2019-11-01
SG8,1363,1586,2949,15702,14522,30224,2019-11-01
SG9,274,308,582,4809,4696,9505,2019-11-01
SG10,50,59,109,823,829,1652,2019-11-01
SG11,249,223,472,3564,3388,6952,2019-11-01
SG12,1216,1361,2577,11667,10841,22508,2019-11-01
SG13,718,779,1497,6688,6394,13082,2019-11-01
SG14,854,965,1819,7713,7239,14952,2019-11-01
SG15,232,259,491,2186,2037,4223,2019-11-01
SG16,172,213,385,2494,2415,4909,2019-11-01
SG17,481,523,1004,5421,5114,10535,2019-11-01
SG18,967,1245,2212,11107,10178,21285,2019-11-01
SG19,805,1075,1880,9971,9213,19184,2019-11-01
SK0,0,0,0,0,1,1,2019-11-01
SK1,745,918,1663,3827,2989,6816,2019-11-01
SK2,1502,1789,3291,10601,9557,20158,2019-11-01
SK3,1800,2220,4020,9018,7823,16841,2019-11-01
SK4,1949,2029,3978,13422,12161,25583,2019-11-01
SK5,2129,2743,4872,9272,7568,16840,2019-11-01
SK6,1988,2342,4330,19508,18074,37582,2019-11-01
SK7,1450,1598,3048,16515,16002,32517,2019-11-01
SK8,2428,2761,5189,23470,22272,45742,2019-11-01
SK9,1409,1637,3046,15701,15066,30767,2019-11-01
SK10,1528,1637,3165,15777,15286,31063,2019-11-01
SK11,1714,1973,3687,13794,12417,26211,2019-11-01
SK12,585,589,1174,7923,7820,15743,2019-11-01
SK13,1511,1928,3439,12081,10997,23078,2019-11-01
SK14,2745,3407,6152,16407,13947,30354,2019-11-01
SK15,1602,1821,3423,9729,8469,18198,2019-11-01
SK16,1116,1374,2490,6602,5468,12070,2019-11-01
SK17,1205,1406,2611,11770,10378,22148,2019-11-01
SK22,509,606,1115,4740,4200,8940,2019-11-01
SK23,600,640,1240,7212,6627,13839,2019-11-01
SL0,432,497,929,4930,4488,9418,2019-11-01
SL1,7218,7382,14600,26596,19525,46121,2019-11-01
SL2,4668,5446,10114,20422,16078,36500,2019-11-01
SL3,2903,3735,6638,18539,15476,34015,2019-11-01
SL4,2094,2480,4574,17507,16206,33713,2019-11-01
SL5,1114,1253,2367,10229,10463,20692,2019-11-01
SL6,3838,4331,8169,32717,30103,62820,2019-11-01
SL7,736,810,1546,8592,8593,17185,2019-11-01
SL8,198,207,405,2696,2705,5401,2019-11-01
SL9,857,903,1760,9328,9422,18750,2019-11-01
SM1,2837,3375,6212,14481,12074,26555,2019-11-01
SM2,1506,1895,3401,11023,9990,21013,2019-11-01
SM3,1253,1396,2649,8076,7253,15329,2019-11-01
SM4,3324,3579,6903,13901,10557,24458,2019-11-01
SM5,2663,3254,5917,13812,12516,26328,2019-11-01
SM6,2515,3010,5525,13427,11993,25420,2019-11-01
SM7,615,648,1263,7370,7409,14779,2019-11-01
SN0,0,0,0,1,0,1,2019-11-01
SN1,3481,3127,6608,11191,7255,18446,2019-11-01
SN2,2980,3680,6660,14674,11195,25869,2019-11-01
SN3,3035,3887,6922,19279,16146,35425,2019-11-01
SN4,1040,1267,2307,11523,10708,22231,2019-11-01
SN5,1590,2167,3757,13692,12000,25692,2019-11-01
SN6,811,950,1761,8977,8393,17370,2019-11-01
SN7,458,655,1113,5761,5389,11150,2019-11-01
SN8,953,1057,2010,9570,9126,18696,2019-11-01
SN9,264,322,586,3249,3225,6474,2019-11-01
SN10,1214,1453,2667,12031,11328,23359,2019-11-01
SN11,894,1138,2032,8925,8333,17258,2019-11-01
SN12,1021,1147,2168,10431,9588,20019,2019-11-01
SN13,630,778,1408,6383,6220,12603,2019-11-01
SN14,1133,1283,2416,10726,9924,20650,2019-11-01
SN15,1537,1766,3303,14531,12412,26943,2019-11-01
SN16,399,435,834,5925,5660,11585,2019-11-01
SN20,0,0,0,1,0,1,2019-11-01
SN24,0,1,1,0,1,1,2019-11-01
SN25,1368,1755,3123,15247,13617,28864,2019-11-01
SN26,45,46,91,862,780,1642,2019-11-01
SN27,0,0,0,1,0,1,2019-11-01
SN31,0,0,0,0,1,1,2019-11-01
SN34,0,0,0,0,1,1,2019-11-01
SN48,0,0,0,1,0,1,2019-11-01
SN66,0,1,1,0,0,0,2019-11-01
SO0,0,0,0,0,1,1,2019-11-01
SO1,54,41,95,159,67,226,2019-11-01
SO2,80,44,124,143,64,207,2019-11-01
SO3,33,22,55,125,84,209,2019-11-01
SO3,0,0,0,1,1,2,2019-11-01
SO4,33,29,62,139,110,249,2019-11-01
SO5,33,22,55,132,73,205,2019-11-01
SO6,0,0,0,2,0,2,2019-11-01
SO9,17,14,31,28,11,39,2019-11-01
SO14,3340,2709,6049,7621,3963,11584,2019-11-01
SO15,2976,3122,6098,13394,10191,23585,2019-11-01
SO16,4495,5511,10006,22658,18404,41062,2019-11-01
SO17,1471,1424,2895,5322,3718,9040,2019-11-01
SO18,2095,2476,4571,12925,10885,23810,2019-11-01
SO19,3530,4469,7999,19176,16190,35366,2019-11-01
SO20,283,287,570,3458,3210,6668,2019-11-01
SO21,590,735,1325,8047,7744,15791,2019-11-01
SO22,1483,1688,3171,9471,8968,18439,2019-11-01
SO23,1260,1333,2593,7383,6874,14257,2019-11-01
SO24,352,396,748,4703,4632,9335,2019-11-01
SO30,944,1073,2017,12692,12296,24988,2019-11-01
SO31,1498,1643,3141,18511,17904,36415,2019-11-01
SO32,548,608,1156,8975,8929,17904,2019-11-01
SO33,0,0,0,1,1,2,2019-11-01
SO40,1398,1654,3052,15960,14975,30935,2019-11-01
SO41,974,975,1949,12794,12939,25733,2019-11-01
SO42,166,163,329,2020,1983,4003,2019-11-01
SO43,121,132,253,1848,1782,3630,2019-11-01
SO45,1279,1605,2884,13345,12561,25906,2019-11-01
SO50,2243,2743,4986,17875,16114,33989,2019-11-01
SO51,855,1020,1875,11677,11416,23093,2019-11-01
SO52,176,240,416,2772,2619,5391,2019-11-01
SO53,1068,1230,2298,12478,12114,24592,2019-11-01
SP1,1102,1147,2249,7805,7204,15009,2019-11-01
SP2,1659,1862,3521,10466,9369,19835,2019-11-01
SP3,342,438,780,4735,4628,9363,2019-11-01
SP4,1509,1870,3379,13488,11585,25073,2019-11-01
SP5,597,669,1266,9313,9170,18483,2019-11-01
SP6,364,376,740,5946,5750,11696,2019-11-01
SP7,475,627,1102,5756,5589,11345,2019-11-01
SP8,453,537,990,5603,5417,11020,2019-11-01
SP9,466,889,1355,3580,2796,6376,2019-11-01
SP10,2268,2873,5141,14225,11959,26184,2019-11-01
SP11,962,1284,2246,11962,11151,23113,2019-11-01
SR1,568,445,1013,1223,482,1705,2019-11-01
SR2,2384,2577,4961,10022,7694,17716,2019-11-01
SR3,2076,2829,4905,12481,10055,22536,2019-11-01
SR4,3086,3900,6986,11826,8694,20520,2019-11-01
SR5,2573,3188,5761,9376,6818,16194,2019-11-01
SR6,1303,1556,2859,10767,9391,20158,2019-11-01
SR7,1605,2231,3836,9673,7664,17337,2019-11-01
SR8,2192,3008,5200,10836,8503,19339,2019-11-01
SS0,3345,3618,6963,13924,11381,25305,2019-11-01
SS1,2020,2221,4241,9246,7838,17084,2019-11-01
SS2,2684,3262,5946,12121,10105,22226,2019-11-01
SS3,1615,1963,3578,10233,9333,19566,2019-11-01
SS4,885,1052,1937,7980,7475,15455,2019-11-01
SS5,781,735,1516,8990,8441,17431,2019-11-01
SS6,1140,1300,2440,12238,11389,23627,2019-11-01
SS7,1825,2125,3950,19739,18204,37943,2019-11-01
SS8,1899,2573,4472,14370,12118,26488,2019-11-01
SS9,2156,2430,4586,18901,17485,36386,2019-11-01
SS11,674,807,1481,7443,6728,14171,2019-11-01
SS12,689,830,1519,7294,6615,13909,2019-11-01
SS13,1655,2167,3822,7906,6374,14280,2019-11-01
SS14,2111,2850,4961,8796,6874,15670,2019-11-01
SS15,2174,2754,4928,10904,9428,20332,2019-11-01
SS16,1946,2715,4661,11002,9067,20069,2019-11-01
SS17,1366,1755,3121,12819,11478,24297,2019-11-01
SS20,0,0,0,0,1,1,2019-11-01
SS30,0,0,0,0,1,1,2019-11-01
SS31,0,0,0,1,0,1,2019-11-01
SS39,0,1,1,0,0,0,2019-11-01
SS50,0,0,0,1,0,1,2019-11-01
SS92,0,0,0,1,0,1,2019-11-01
SS95,1,0,1,0,0,0,2019-11-01
SS99,0,1,1,0,0,0,2019-11-01
ST0,0,0,0,1,0,1,2019-11-01
ST1,2614,2900,5514,9814,6530,16344,2019-11-01
ST2,2135,2861,4996,10667,8300,18967,2019-11-01
ST3,3823,4937,8760,22355,17827,40182,2019-11-01
ST4,3984,4380,8364,18105,13974,32079,2019-11-01
ST5,4285,4982,9267,27431,23158,50589,2019-11-01
ST6,4399,5666,10065,20730,15325,36055,2019-11-01
ST7,1966,2473,4439,20670,18651,39321,2019-11-01
ST8,621,833,1454,7678,6930,14608,2019-11-01
ST9,271,340,611,4960,4590,9550,2019-11-01
ST10,735,980,1715,9943,8888,18831,2019-11-01
ST11,284,313,597,3961,3596,7557,2019-11-01
ST12,117,129,246,1502,1442,2944,2019-11-01
ST13,1071,1287,2358,10244,9181,19425,2019-11-01
ST14,779,993,1772,7657,6715,14372,2019-11-01
ST15,676,836,1512,8562,7985,16547,2019-11-01
ST16,1762,2058,3820,10911,9120,20031,2019-11-01
ST17,1799,2245,4044,13870,12459,26329,2019-11-01
ST18,406,411,817,7357,6860,14217,2019-11-01
ST19,458,522,980,6028,5716,11744,2019-11-01
ST20,176,212,388,2950,2720,5670,2019-11-01
ST21,109,166,275,2576,2490,5066,2019-11-01
SW0,1,1,2,1,2,3,2019-11-01
SW1,38,39,77,67,43,110,2019-11-01
SW1,98,82,180,352,179,531,2019-11-01
SW1,1,0,1,0,1,1,2019-11-01
SW1,0,0,0,0,1,1,2019-11-01
SW1,124,91,215,455,246,701,2019-11-01
SW1,56,64,120,364,193,557,2019-11-01
SW1,0,1,1,0,0,0,2019-11-01
SW1,0,0,0,1,2,3,2019-11-01
SW1,0,1,1,1,0,1,2019-11-01
SW1,1262,1538,2800,4182,2855,7037,2019-11-01
SW1,1,0,1,0,0,0,2019-11-01
SW1,0,0,0,0,1,1,2019-11-01
SW1,2212,2581,4793,7050,5188,12238,2019-11-01
SW1,872,974,1846,2727,2207,4934,2019-11-01
SW1,735,922,1657,2503,2047,4550,2019-11-01
SW1,81,57,138,365,170,535,2019-11-01
SW1,1,1,2,1,0,1,2019-11-01
SW2,7412,7921,15333,16501,12475,28976,2019-11-01
SW3,2147,2633,4780,8679,7404,16083,2019-11-01
SW4,4843,4940,9783,13701,10312,24013,2019-11-01
SW5,2276,1955,4231,5939,3883,9822,2019-11-01
SW6,6124,7018,13142,22265,18733,40998,2019-11-01
SW7,2925,2473,5398,8765,6013,14778,2019-11-01
SW8,5515,5715,11230,11427,7294,18721,2019-11-01
SW9,7697,7803,15500,13336,8484,21820,2019-11-01
SW10,2008,2305,4313,6626,5400,12026,2019-11-01
SW11,6852,8011,14863,24554,19882,44436,2019-11-01
SW12,2577,2728,5305,11125,9724,20849,2019-11-01
SW13,1065,1318,2383,6261,5951,12212,2019-11-01
SW14,1089,1208,2297,6621,6341,12962,2019-11-01
SW15,5391,6278,11669,22794,19361,42155,2019-11-01
SW16,10539,10267,20806,28144,21570,49714,2019-11-01
SW17,8468,7741,16209,21160,16727,37887,2019-11-01
SW18,4766,5574,10340,23385,20412,43797,2019-11-01
SW19,6813,7578,14391,31699,27014,58713,2019-11-01
SW20,2098,2345,4443,12288,11009,23297,2019-11-01
SY1,1567,1886,3453,9053,7540,16593,2019-11-01
SY2,836,984,1820,6382,5651,12033,2019-11-01
SY3,1384,1606,2990,12433,11767,24200,2019-11-01
SY4,792,967,1759,10048,9557,19605,2019-11-01
SY5,699,692,1391,8674,8250,16924,2019-11-01
SY6,199,192,391,2849,2723,5572,2019-11-01
SY7,310,403,713,4512,4171,8683,2019-11-01
SY8,570,708,1278,7310,6759,14069,2019-11-01
SY9,79,104,183,1123,996,2119,2019-11-01
SY10,404,516,920,6398,5933,12331,2019-11-01
SY11,1147,1376,2523,9397,8431,17828,2019-11-01
SY12,276,320,596,3291,3021,6312,2019-11-01
SY13,707,805,1512,7850,7137,14987,2019-11-01
SY14,148,188,336,2749,2733,5482,2019-11-01
SY15,118,137,255,2189,2077,4266,2019-11-01
SY16,798,875,1673,5601,4900,10501,2019-11-01
SY17,85,112,197,1521,1378,2899,2019-11-01
SY18,130,140,270,1805,1592,3397,2019-11-01
SY19,25,25,50,448,391,839,2019-11-01
SY20,254,304,558,2548,2333,4881,2019-11-01
SY21,560,744,1304,6461,5860,12321,2019-11-01
SY22,261,248,509,3676,3455,7131,2019-11-01
SY23,1317,1446,2763,8710,7687,16397,2019-11-01
SY24,167,205,372,1749,1598,3347,2019-11-01
SY25,138,182,320,1759,1598,3357,2019-11-01
TA1,2040,2368,4408,14142,13045,27187,2019-11-01
TA2,1202,1455,2657,10899,10044,20943,2019-11-01
TA3,337,378,715,6380,6225,12605,2019-11-01
TA4,551,625,1176,7821,7709,15530,2019-11-01
TA5,284,358,642,4683,4459,9142,2019-11-01
TA6,2602,2875,5477,17055,14322,31377,2019-11-01
TA7,423,434,857,6685,6450,13135,2019-11-01
TA8,580,660,1240,6587,5916,12503,2019-11-01
TA9,537,598,1135,5049,4544,9593,2019-11-01
TA10,315,274,589,4082,4020,8102,2019-11-01
TA11,231,293,524,3904,3852,7756,2019-11-01
TA12,164,200,364,2523,2448,4971,2019-11-01
TA13,99,127,226,1693,1691,3384,2019-11-01
TA14,84,117,201,1315,1202,2517,2019-11-01
TA15,18,26,44,281,269,550,2019-11-01
TA16,50,68,118,782,730,1512,2019-11-01
TA17,6,14,20,241,260,501,2019-11-01
TA18,320,394,714,4151,3831,7982,2019-11-01
TA19,302,372,674,4766,4679,9445,2019-11-01
TA20,758,818,1576,7914,7176,15090,2019-11-01
TA21,709,832,1541,7678,7221,14899,2019-11-01
TA22,56,90,146,1068,1069,2137,2019-11-01
TA23,232,297,529,2162,1978,4140,2019-11-01
TA24,663,857,1520,6972,6360,13332,2019-11-01
TD1,883,1175,2058,6326,5446,11772,2019-11-01
TD2,69,91,160,1081,1044,2125,2019-11-01
TD3,36,43,79,451,373,824,2019-11-01
TD4,88,87,175,901,848,1749,2019-11-01
TD5,347,432,779,4351,4263,8614,2019-11-01
TD6,243,320,563,3175,3088,6263,2019-11-01
TD7,321,365,686,2707,2516,5223,2019-11-01
TD8,211,288,499,2311,2127,4438,2019-11-01
TD9,784,993,1777,6563,5579,12142,2019-11-01
TD10,26,51,77,452,418,870,2019-11-01
TD11,237,319,556,3020,2734,5754,2019-11-01
TD12,119,164,283,1711,1635,3346,2019-11-01
TD13,30,48,78,374,358,732,2019-11-01
TD14,212,339,551,2415,2122,4537,2019-11-01
TD15,764,1006,1770,6521,5667,12188,2019-11-01
TF1,2306,2718,5024,13800,11439,25239,2019-11-01
TF2,2024,2427,4451,13839,12079,25918,2019-11-01
TF3,1871,2420,4291,8208,6511,14719,2019-11-01
TF4,966,1304,2270,7311,6450,13761,2019-11-01
TF5,191,201,392,2019,1958,3977,2019-11-01
TF6,130,161,291,2390,2179,4569,2019-11-01
TF7,1421,1779,3200,5444,4268,9712,2019-11-01
TF8,93,93,186,1214,1145,2359,2019-11-01
TF9,903,1087,1990,10096,8894,18990,2019-11-01
TF10,610,617,1227,7313,6774,14087,2019-11-01
TF11,352,378,730,4570,4284,8854,2019-11-01
TF12,198,222,420,2073,1915,3988,2019-11-01
TF13,121,133,254,1453,1460,2913,2019-11-01
TN0,0,0,0,1,0,1,2019-11-01
TN1,809,915,1724,4066,3359,7425,2019-11-01
TN2,1280,1592,2872,10633,9875,20508,2019-11-01
TN3,323,382,705,4827,4722,9549,2019-11-01
TN3,0,0,0,1,0,1,2019-11-01
TN4,1506,1818,3324,11078,10308,21386,2019-11-01
TN5,281,324,605,3582,3591,7173,2019-11-01
TN6,814,1003,1817,10309,9721,20030,2019-11-01
TN7,70,87,157,998,1015,2013,2019-11-01
TN8,486,591,1077,5290,5131,10421,2019-11-01
TN9,1048,1141,2189,6458,5826,12284,2019-11-01
TN10,762,891,1653,5957,5703,11660,2019-11-01
TN11,423,509,932,5811,5641,11452,2019-11-01
TN12,1003,1283,2286,11892,11206,23098,2019-11-01
TN13,983,1112,2095,9667,9446,19113,2019-11-01
TN14,507,550,1057,6573,6242,12815,2019-11-01
TN15,776,883,1659,10517,10288,20805,2019-11-01
TN16,688,717,1405,7950,7665,15615,2019-11-01
TN17,560,669,1229,5518,5262,10780,2019-11-01
TN18,194,240,434,2651,2553,5204,2019-11-01
TN19,142,193,335,2181,2068,4249,2019-11-01
TN20,130,142,272,1567,1577,3144,2019-11-01
TN21,441,546,987,6900,6679,13579,2019-11-01
TN22,999,1127,2126,11042,10816,21858,2019-11-01
TN23,2522,3017,5539,14641,12493,27134,2019-11-01
TN24,1870,2227,4097,11749,10351,22100,2019-11-01
TN25,530,560,1090,7537,7203,14740,2019-11-01
TN26,340,371,711,5095,4827,9922,2019-11-01
TN27,350,449,799,5771,5555,11326,2019-11-01
TN28,332,395,727,3493,3135,6628,2019-11-01
TN29,527,657,1184,5344,4635,9979,2019-11-01
TN30,304,366,670,3864,3828,7692,2019-11-01
TN31,572,626,1198,5634,5235,10869,2019-11-01
TN32,195,200,395,2170,2041,4211,2019-11-01
TN33,531,534,1065,4945,4891,9836,2019-11-01
TN34,2212,2547,4759,10082,8469,18551,2019-11-01
TN35,1074,1274,2348,6240,5808,12048,2019-11-01
TN36,78,102,180,980,914,1894,2019-11-01
TN37,1409,1590,2999,6792,5595,12387,2019-11-01
TN38,1893,2230,4123,9417,8166,17583,2019-11-01
TN39,1073,1276,2349,9850,9324,19174,2019-11-01
TN40,865,1064,1929,6107,5715,11822,2019-11-01
TQ1,2035,2137,4172,11402,9745,21147,2019-11-01
TQ2,2036,2400,4436,12129,10837,22966,2019-11-01
TQ3,1607,1860,3467,11122,10170,21292,2019-11-01
TQ4,845,969,1814,7500,6769,14269,2019-11-01
TQ5,867,986,1853,7279,6497,13776,2019-11-01
TQ6,308,417,725,3074,2755,5829,2019-11-01
TQ7,585,680,1265,6697,6544,13241,2019-11-01
TQ8,75,70,145,732,679,1411,2019-11-01
TQ9,858,969,1827,7253,7394,14647,2019-11-01
TQ10,129,163,292,1609,1576,3185,2019-11-01
TQ11,186,260,446,1589,1511,3100,2019-11-01
TQ12,2163,2567,4730,21252,20144,41396,2019-11-01
TQ13,788,837,1625,9626,9611,19237,2019-11-01
TQ14,821,967,1788,7420,6961,14381,2019-11-01
TR1,1169,1422,2591,7568,7189,14757,2019-11-01
TR2,322,395,717,4106,4021,8127,2019-11-01
TR3,387,408,795,5157,5088,10245,2019-11-01
TR4,386,443,829,4948,4824,9772,2019-11-01
TR5,166,153,319,1618,1616,3234,2019-11-01
TR6,146,180,326,1554,1439,2993,2019-11-01
TR7,1262,1361,2623,8139,7307,15446,2019-11-01
TR8,318,342,660,4077,3806,7883,2019-11-01
TR9,303,386,689,3176,2939,6115,2019-11-01
TR10,549,593,1142,3594,3314,6908,2019-11-01
TR11,1375,1541,2916,10104,9693,19797,2019-11-01
TR12,302,328,630,3805,3538,7343,2019-11-01
TR13,710,846,1556,7723,7389,15112,2019-11-01
TR14,1377,1441,2818,9469,8271,17740,2019-11-01
TR15,1053,1138,2191,7477,6654,14131,2019-11-01
TR16,544,625,1169,6362,6051,12413,2019-11-01
TR17,66,85,151,590,556,1146,2019-11-01
TR18,1200,1391,2591,6468,5757,12225,2019-11-01
TR19,408,455,863,3393,3270,6663,2019-11-01
TR20,303,339,642,3899,3716,7615,2019-11-01
TR21,78,102,180,572,469,1041,2019-11-01
TR22,7,6,13,23,22,45,2019-11-01
TR23,2,6,8,32,24,56,2019-11-01
TR24,5,7,12,45,25,70,2019-11-01
TR25,4,3,7,47,38,85,2019-11-01
TR26,590,641,1231,4040,3761,7801,2019-11-01
TR27,631,749,1380,5809,5378,11187,2019-11-01
TS1,2387,1866,4253,3214,1369,4583,2019-11-01
TS2,139,145,284,216,127,343,2019-11-01
TS3,2666,3300,5966,6795,4731,11526,2019-11-01
TS4,1516,1818,3334,4683,3439,8122,2019-11-01
TS5,2146,2674,4820,13797,11680,25477,2019-11-01
TS6,1847,2493,4340,9408,7520,16928,2019-11-01
TS7,695,951,1646,8737,7861,16598,2019-11-01
TS8,955,1306,2261,7460,6831,14291,2019-11-01
TS9,290,377,667,5348,5114,10462,2019-11-01
TS10,1996,2530,4526,12437,10535,22972,2019-11-01
TS11,396,532,928,4423,3933,8356,2019-11-01
TS12,1027,1250,2277,8018,7007,15025,2019-11-01
TS13,554,702,1256,3388,2570,5958,2019-11-01
TS14,610,827,1437,6896,6246,13142,2019-11-01
TS15,365,401,766,5827,5448,11275,2019-11-01
TS16,319,416,735,4065,3863,7928,2019-11-01
TS17,2028,2556,4584,15647,13746,29393,2019-11-01
TS18,1545,1676,3221,8158,6685,14843,2019-11-01
TS19,2071,2896,4967,11208,9641,20849,2019-11-01
TS20,1054,1301,2355,6687,5721,12408,2019-11-01
TS21,362,458,820,5083,4620,9703,2019-11-01
TS22,194,244,438,3925,3637,7562,2019-11-01
TS23,1600,2090,3690,9416,7982,17398,2019-11-01
TS24,1580,1973,3553,6088,4585,10673,2019-11-01
TS25,2059,2618,4677,12143,10144,22287,2019-11-01
TS26,1200,1385,2585,8583,7663,16246,2019-11-01
TS27,434,607,1041,4416,3957,8373,2019-11-01
TS28,257,312,569,1759,1547,3306,2019-11-01
TS29,281,401,682,2107,1683,3790,2019-11-01
TS90,0,0,0,1,0,1,2019-11-01
TW0,0,0,0,0,1,1,2019-11-01
TW1,1568,1821,3389,10412,9556,19968,2019-11-01
TW2,1857,2083,3940,11445,10559,22004,2019-11-01
TW2,0,0,0,1,0,1,2019-11-01
TW3,8605,6594,15199,15208,9289,24497,2019-11-01
TW4,5911,4902,10813,10567,6400,16967,2019-11-01
TW5,5208,4446,9654,12018,7886,19904,2019-11-01
TW6,8,2,10,20,12,32,2019-11-01
TW7,3568,4152,7720,14730,11603,26333,2019-11-01
TW8,2145,2451,4596,8061,6138,14199,2019-11-01
TW9,1578,1867,3445,9126,8331,17457,2019-11-01
TW10,1447,1720,3167,7892,7114,15006,2019-11-01
TW11,1351,1587,2938,9089,8697,17786,2019-11-01
TW12,1321,1578,2899,8825,8380,17205,2019-11-01
TW13,3481,4065,7546,13065,9517,22582,2019-11-01
TW14,3118,3501,6619,10666,7520,18186,2019-11-01
TW15,1236,1390,2626,11376,10077,21453,2019-11-01
TW16,1022,1219,2241,8499,7592,16091,2019-11-01
TW17,512,570,1082,5979,5735,11714,2019-11-01
TW18,1303,1363,2666,10418,9298,19716,2019-11-01
TW19,1090,1260,2350,7050,5856,12906,2019-11-01
TW20,1549,1601,3150,8811,7592,16403,2019-11-01
UB1,10156,7471,17627,14533,8329,22862,2019-11-01
UB1,0,0,0,0,1,1,2019-11-01
UB2,7594,5767,13361,11949,7235,19184,2019-11-01
UB3,7305,7255,14560,18991,12242,31233,2019-11-01
UB4,4674,4681,9355,14626,10555,25181,2019-11-01
UB5,5133,6146,11279,16482,11826,28308,2019-11-01
UB6,6347,6119,12466,21265,14190,35455,2019-11-01
UB7,3168,3606,6774,12033,8570,20603,2019-11-01
UB8,2929,3026,5955,11762,9067,20829,2019-11-01
UB9,711,773,1484,6143,5544,11687,2019-11-01
UB10,2093,2487,4580,13940,12143,26083,2019-11-01
UB11,1,0,1,13,3,16,2019-11-01
UNKNOWNNA,1714,1402,3116,23709,16352,40061,2019-11-01
W1,39,29,68,60,33,93,2019-11-01
W1,106,33,139,104,45,149,2019-11-01
W1,68,75,143,307,170,477,2019-11-01
W1,14,8,22,19,5,24,2019-11-01
W1,215,115,330,394,158,552,2019-11-01
W1,2,0,2,3,1,4,2019-11-01
W1,177,147,324,533,249,782,2019-11-01
W1,246,236,482,1072,796,1868,2019-11-01
W1,872,775,1647,2297,1496,3793,2019-11-01
W1,202,153,355,759,456,1215,2019-11-01
W1,391,399,790,1106,673,1779,2019-11-01
W1,72,55,127,73,60,133,2019-11-01
W1,57,68,125,103,54,157,2019-11-01
W1,0,1,1,0,0,0,2019-11-01
W1,70,66,136,95,39,134,2019-11-01
W1,63,14,77,57,7,64,2019-11-01
W1,48,38,86,149,59,208,2019-11-01
W1,469,362,831,1153,595,1748,2019-11-01
W1,532,546,1078,1784,1208,2992,2019-11-01
W1,92,62,154,103,51,154,2019-11-01
W1,425,467,892,1136,694,1830,2019-11-01
W1,55,20,75,101,46,147,2019-11-01
W1,66,55,121,119,61,180,2019-11-01
W2,7493,6829,14322,16988,11014,28002,2019-11-01
W2,1,0,1,0,0,0,2019-11-01
W3,7234,6936,14170,21669,15330,36999,2019-11-01
W4,3609,4256,7865,17709,15419,33128,2019-11-01
W5,4726,4985,9711,21453,17270,38723,2019-11-01
W6,4026,4008,8034,11569,9184,20753,2019-11-01
W7,3243,3487,6730,10218,8338,18556,2019-11-01
W8,2125,2560,4685,8247,7024,15271,2019-11-01
W9,4609,4966,9575,12648,9424,22072,2019-11-01
W10,4680,5331,10011,9382,6994,16376,2019-11-01
W11,3863,4326,8189,10287,8289,18576,2019-11-01
W12,7079,7074,14153,14760,10507,25267,2019-11-01
W13,3441,3415,6856,12789,10141,22930,2019-11-01
W14,4601,5003,9604,12958,9960,22918,2019-11-01
W15,4,1,5,8,5,13,2019-11-01
W16,5,1,6,1,2,3,2019-11-01
W17,10,7,17,10,10,20,2019-11-01
W18,3,2,5,1,2,3,2019-11-01
W19,3,6,9,7,2,9,2019-11-01
W21,0,3,3,0,0,0,2019-11-01
W22,3,1,4,5,0,5,2019-11-01
W23,0,1,1,0,0,0,2019-11-01
W26,0,1,1,0,1,1,2019-11-01
W27,0,0,0,1,0,1,2019-11-01
W28,0,1,1,0,0,0,2019-11-01
W30,0,0,0,1,0,1,2019-11-01
W32,1,0,1,0,0,0,2019-11-01
W38,0,0,0,1,0,1,2019-11-01
W40,0,0,0,0,1,1,2019-11-01
W43,0,0,0,0,1,1,2019-11-01
WA1,1140,1196,2336,8447,7261,15708,2019-11-01
WA2,2592,3121,5713,13424,10930,24354,2019-11-01
WA3,1782,2320,4102,17739,16183,33922,2019-11-01
WA4,1780,2028,3808,18922,17526,36448,2019-11-01
WA5,2719,3279,5998,22902,20254,43156,2019-11-01
WA6,599,689,1288,7883,7489,15372,2019-11-01
WA7,4246,5432,9678,20964,17370,38334,2019-11-01
WA8,3501,4577,8078,22157,18561,40718,2019-11-01
WA9,3211,4204,7415,15922,12459,28381,2019-11-01
WA10,2201,2584,4785,13175,11003,24178,2019-11-01
WA11,1746,2302,4048,14647,12701,27348,2019-11-01
WA12,1210,1601,2811,8333,7041,15374,2019-11-01
WA13,345,411,756,5292,5146,10438,2019-11-01
WA14,1473,1520,2993,11687,10831,22518,2019-11-01
WA15,1802,1875,3677,16953,15741,32694,2019-11-01
WA16,817,827,1644,9694,9369,19063,2019-11-01
WC1,19,26,45,33,20,53,2019-11-01
WC1,106,96,202,303,137,440,2019-11-01
WC1,199,220,419,362,239,601,2019-11-01
WC1,233,243,476,480,307,787,2019-11-01
WC1,0,1,1,0,0,0,2019-11-01
WC1,981,915,1896,1816,1005,2821,2019-11-01
WC1,0,1,1,1,0,1,2019-11-01
WC1,794,803,1597,1848,1147,2995,2019-11-01
WC1,0,0,0,1,0,1,2019-11-01
WC1,1,0,1,0,0,0,2019-11-01
WC1,55,41,96,181,99,280,2019-11-01
WC1,1,0,1,0,0,0,2019-11-01
WC1,60,38,98,97,49,146,2019-11-01
WC1,1027,962,1989,1930,1210,3140,2019-11-01
WC1,0,1,1,1,0,1,2019-11-01
WC1,2,1,3,0,0,0,2019-11-01
WC2,7,3,10,17,5,22,2019-11-01
WC2,11,15,26,86,52,138,2019-11-01
WC2,196,169,365,478,254,732,2019-11-01
WC2,71,55,126,234,117,351,2019-11-01
WC2,410,314,724,813,376,1189,2019-11-01
WC2,92,56,148,242,119,361,2019-11-01
WC2,39,30,69,134,79,213,2019-11-01
WC2,0,0,0,0,1,1,2019-11-01
WC2,0,0,0,0,1,1,2019-11-01
WC4,1,0,1,0,0,0,2019-11-01
WC12,1,0,1,0,0,0,2019-11-01
WC13,0,2,2,2,0,2,2019-11-01
WC14,3,1,4,0,2,2,2019-11-01
WC18,1,0,1,0,0,0,2019-11-01
WC19,1,1,2,0,0,0,2019-11-01
WC23,0,0,0,2,0,2,2019-11-01
WC24,2,0,2,5,1,6,2019-11-01
WC28,1,0,1,0,2,2,2019-11-01
WC44,0,0,0,1,0,1,2019-11-01
WC78,1,0,1,0,0,0,2019-11-01
WD1,61,54,115,142,81,223,2019-11-01
WD2,100,73,173,213,97,310,2019-11-01
WD3,1716,1853,3569,16747,16353,33100,2019-11-01
WD4,364,374,738,4709,4553,9262,2019-11-01
WD5,485,503,988,4446,4308,8754,2019-11-01
WD6,2619,3048,5667,15135,12828,27963,2019-11-01
WD7,481,562,1043,5313,5205,10518,2019-11-01
WD17,1177,1231,2408,6939,5709,12648,2019-11-01
WD18,2587,2941,5528,9205,6488,15693,2019-11-01
WD19,1623,1917,3540,10464,9519,19983,2019-11-01
WD23,1254,1449,2703,10513,10317,20830,2019-11-01
WD24,1749,1940,3689,8677,6838,15515,2019-11-01
WD25,1621,1957,3578,11010,9934,20944,2019-11-01
WF0,0,0,0,1,0,1,2019-11-01
WF1,2613,2997,5610,12087,8884,20971,2019-11-01
WF2,2883,3724,6607,17479,14569,32048,2019-11-01
WF3,1323,1790,3113,12466,11231,23697,2019-11-01
WF4,1786,2316,4102,16354,14444,30798,2019-11-01
WF5,895,1147,2042,7629,6858,14487,2019-11-01
WF6,1185,1561,2746,7527,6047,13574,2019-11-01
WF7,1019,1486,2505,7541,6451,13992,2019-11-01
WF8,1655,2214,3869,12032,10270,22302,2019-11-01
WF9,2507,3285,5792,13276,10316,23592,2019-11-01
WF10,2831,3887,6718,16160,12802,28962,2019-11-01
WF11,1015,1345,2360,5770,4639,10409,2019-11-01
WF12,2070,2807,4877,11415,8780,20195,2019-11-01
WF13,2229,2853,5082,8000,5299,13299,2019-11-01
WF14,712,975,1687,7352,6724,14076,2019-11-01
WF15,829,1081,1910,6154,5371,11525,2019-11-01
WF16,712,944,1656,3964,2915,6879,2019-11-01
WF17,2706,3686,6392,13860,10273,24133,2019-11-01
WF21,0,0,0,1,0,1,2019-11-01
WN0,0,0,0,1,0,1,2019-11-01
WN1,1097,1229,2326,6890,5344,12234,2019-11-01
WN2,2503,3280,5783,17894,14751,32645,2019-11-01
WN3,1419,1924,3343,10954,9090,20044,2019-11-01
WN4,1212,1510,2722,10378,8962,19340,2019-11-01
WN5,2272,2833,5105,15032,12286,27318,2019-11-01
WN6,1575,1936,3511,15174,13623,28797,2019-11-01
WN7,2745,3309,6054,16113,12926,29039,2019-11-01
WN8,3257,3922,7179,15262,12550,27812,2019-11-01
WR1,762,672,1434,3359,2498,5857,2019-11-01
WR2,1253,1420,2673,10915,9847,20762,2019-11-01
WR3,847,942,1789,8251,7490,15741,2019-11-01
WR4,1561,2002,3563,8643,7378,16021,2019-11-01
WR5,1461,1814,3275,12363,11085,23448,2019-11-01
WR6,318,316,634,5687,5446,11133,2019-11-01
WR7,110,119,229,2495,2420,4915,2019-11-01
WR8,229,232,461,3513,3369,6882,2019-11-01
WR9,1280,1480,2760,12436,11748,24184,2019-11-01
WR10,491,681,1172,7715,7392,15107,2019-11-01
WR11,1776,2092,3868,17890,15814,33704,2019-11-01
WR12,148,195,343,2505,2428,4933,2019-11-01
WR13,207,232,439,3740,3647,7387,2019-11-01
WR14,1674,2015,3689,12582,11778,24360,2019-11-01
WR15,245,252,497,2961,2751,5712,2019-11-01
WS0,0,0,0,0,1,1,2019-11-01
WS1,2474,2945,5419,7831,4866,12697,2019-11-01
WS2,3288,4517,7805,11139,7306,18445,2019-11-01
WS3,3422,4473,7895,15847,12327,28174,2019-11-01
WS4,894,1072,1966,6127,5144,11271,2019-11-01
WS5,1022,1531,2553,7735,6584,14319,2019-11-01
WS6,574,757,1331,6704,5869,12573,2019-11-01
WS7,926,1270,2196,11527,10262,21789,2019-11-01
WS8,827,1020,1847,5522,4619,10141,2019-11-01
WS9,917,1160,2077,9933,8960,18893,2019-11-01
WS10,3402,4543,7945,14266,10418,24684,2019-11-01
WS11,1860,2436,4296,15382,13248,28630,2019-11-01
WS12,1267,1706,2973,13392,11745,25137,2019-11-01
WS13,1172,1362,2534,9948,8973,18921,2019-11-01
WS14,559,630,1189,7003,6659,13662,2019-11-01
WS15,1580,1939,3519,14294,12669,26963,2019-11-01
WV0,0,2,2,0,0,0,2019-11-01
WV1,1948,1927,3875,4381,2702,7083,2019-11-01
WV2,1990,2178,4168,4773,3073,7846,2019-11-01
WV3,2085,2353,4438,10108,8175,18283,2019-11-01
WV4,1816,2410,4226,12226,10093,22319,2019-11-01
WV5,416,556,972,6061,5584,11645,2019-11-01
WV6,2716,3121,5837,15962,13697,29659,2019-11-01
WV7,364,272,636,2247,2059,4306,2019-11-01
WV8,720,1017,1737,5551,5100,10651,2019-11-01
WV9,295,371,666,2623,2384,5007,2019-11-01
WV10,4476,5886,10362,17162,13413,30575,2019-11-01
WV11,1970,2601,4571,11758,9341,21099,2019-11-01
WV12,1272,1728,3000,8812,7227,16039,2019-11-01
WV13,1537,2015,3552,6683,5112,11795,2019-11-01
WV14,3211,4217,7428,14996,11570,26566,2019-11-01
WV15,271,316,587,3478,3105,6583,2019-11-01
WV16,518,631,1149,7039,6347,13386,2019-11-01
YL55,0,0,0,0,1,1,2019-11-01
YO0,0,0,0,1,0,1,2019-11-01
YO1,369,370,739,1439,1071,2510,2019-11-01
YO1,0,0,0,1,0,1,2019-11-01
YO2,34,37,71,72,30,102,2019-11-01
YO3,35,30,65,91,54,145,2019-11-01
YO3,0,0,0,0,1,1,2019-11-01
YO4,12,13,25,108,80,188,2019-11-01
YO5,8,9,17,33,18,51,2019-11-01
YO6,18,27,45,112,65,177,2019-11-01
YO7,612,751,1363,8043,7436,15479,2019-11-01
YO8,1840,2412,4252,17388,15373,32761,2019-11-01
YO9,2,0,2,0,0,0,2019-11-01
YO10,1516,1845,3361,7083,6004,13087,2019-11-01
YO11,1417,1646,3063,7457,5851,13308,2019-11-01
YO12,2223,2676,4899,13105,11280,24385,2019-11-01
YO13,238,294,532,4218,4130,8348,2019-11-01
YO14,394,539,933,4326,3853,8179,2019-11-01
YO15,755,827,1582,4792,3772,8564,2019-11-01
YO16,1156,1499,2655,8638,7132,15770,2019-11-01
YO17,779,880,1659,8641,7831,16472,2019-11-01
YO18,323,390,713,4504,4255,8759,2019-11-01
YO19,371,430,801,5040,4788,9828,2019-11-01
YO20,0,0,0,0,1,1,2019-11-01
YO21,539,607,1146,5383,4809,10192,2019-11-01
YO22,371,424,795,3244,2921,6165,2019-11-01
YO23,795,985,1780,7203,6934,14137,2019-11-01
YO24,1708,2194,3902,9972,9062,19034,2019-11-01
YO25,1022,1291,2313,13292,12224,25516,2019-11-01
YO26,1462,1793,3255,10853,9880,20733,2019-11-01
YO29,0,0,0,1,0,1,2019-11-01
YO30,1420,1724,3144,8956,8005,16961,2019-11-01
YO31,1565,1934,3499,8733,7657,16390,2019-11-01
YO32,944,1267,2211,10599,10295,20894,2019-11-01
YO34,1,0,1,1,0,1,2019-11-01
YO41,243,331,574,4467,4312,8779,2019-11-01
YO42,466,580,1046,6032,5785,11817,2019-11-01
YO43,328,406,734,5061,4757,9818,2019-11-01
YO45,0,0,0,0,1,1,2019-11-01
YO51,140,186,326,2394,2323,4717,2019-11-01
YO60,107,107,214,1962,1942,3904,2019-11-01
YO61,361,438,799,5734,5683,11417,2019-11-01
YO62,350,387,737,4801,4580,9381,2019-11-01
YO69,0,0,0,1,0,1,2019-11-01
ZE0,0,0,0,0,1,1,2019-11-01
ZE1,426,530,956,2734,2298,5032,2019-11-01
ZE2,569,771,1340,5493,4884,10377,2019-11-01
ZE3,23,23,46,170,134,304,2019-11-01
TotalNA,3890474,4460961,8351435,22114224,18966547,41080771,2019-11-01
AB1,50,56,106,151,109,260,2015-10-01
AB2,26,28,54,117,56,173,2015-10-01
AB3,1,5,6,21,28,49,2015-10-01
AB4,0,0,0,5,9,14,2015-10-01
AB5,0,1,1,7,4,11,2015-10-01
AB9,29,17,46,65,10,75,2015-10-01
AB10,1431,1525,2956,7606,5951,13557,2015-10-01
AB11,1839,1977,3816,6497,4206,10703,2015-10-01
AB12,1194,1585,2779,9662,8378,18040,2015-10-01
AB13,106,123,229,1358,1304,2662,2015-10-01
AB14,227,256,483,1952,1807,3759,2015-10-01
AB15,1453,1844,3297,15073,13918,28991,2015-10-01
AB16,2264,2979,5243,8432,6130,14562,2015-10-01
AB21,867,1089,1956,8450,7273,15723,2015-10-01
AB22,608,823,1431,6409,5743,12152,2015-10-01
AB23,442,485,927,4395,3890,8285,2015-10-01
AB24,2998,3112,6110,9224,5637,14861,2015-10-01
AB25,1488,1368,2856,5236,3647,8883,2015-10-01
AB30,214,270,484,2909,2641,5550,2015-10-01
AB31,456,531,987,6349,5937,12286,2015-10-01
AB32,426,534,960,5222,4972,10194,2015-10-01
AB33,138,185,323,2182,1960,4142,2015-10-01
AB34,182,231,413,2147,2059,4206,2015-10-01
AB35,97,119,216,977,908,1885,2015-10-01
AB36,20,21,41,218,210,428,2015-10-01
AB37,43,55,98,544,466,1010,2015-10-01
AB38,131,183,314,1738,1498,3236,2015-10-01
AB39,654,766,1420,6721,6303,13024,2015-10-01
AB41,629,914,1543,8409,7623,16032,2015-10-01
AB42,1449,1842,3291,11983,10163,22146,2015-10-01
AB43,1085,1304,2389,8186,7022,15208,2015-10-01
AB44,197,236,433,1336,1176,2512,2015-10-01
AB45,436,532,968,3972,3474,7446,2015-10-01
AB51,992,1254,2246,13362,12244,25606,2015-10-01
AB52,116,188,304,2008,1819,3827,2015-10-01
AB53,359,497,856,4895,4225,9120,2015-10-01
AB54,385,532,917,4344,3799,8143,2015-10-01
AB55,285,462,747,3340,2834,6174,2015-10-01
AB56,685,756,1441,4852,4318,9170,2015-10-01
AL1,1809,1970,3779,13550,11882,25432,2015-10-01
AL2,906,1080,1986,9323,8672,17995,2015-10-01
AL3,1109,1280,2389,10651,9981,20632,2015-10-01
AL4,951,1107,2058,10509,10108,20617,2015-10-01
AL5,1031,1113,2144,11984,11662,23646,2015-10-01
AL6,344,330,674,4851,4679,9530,2015-10-01
AL7,1851,2309,4160,11583,10250,21833,2015-10-01
AL8,545,707,1252,4947,4624,9571,2015-10-01
AL9,380,444,824,4666,4254,8920,2015-10-01
AL10,2882,2569,5451,10448,7362,17810,2015-10-01
B1,745,647,1392,1836,950,2786,2015-10-01
B2,57,53,110,71,38,109,2015-10-01
B3,134,150,284,554,345,899,2015-10-01
B4,194,105,299,229,63,292,2015-10-01
B5,1155,1232,2387,2669,1590,4259,2015-10-01
B6,2469,2660,5129,4269,2126,6395,2015-10-01
B7,1004,1262,2266,1572,869,2441,2015-10-01
B8,4703,5125,9828,9143,4737,13880,2015-10-01
B9,2594,3117,5711,5181,2849,8030,2015-10-01
B10,3127,3439,6566,5727,2844,8571,2015-10-01
B11,5196,5555,10751,10436,5440,15876,2015-10-01
B12,2539,2555,5094,4136,2033,6169,2015-10-01
B13,2790,3302,6092,11869,9180,21049,2015-10-01
B14,3023,3758,6781,12794,10438,23232,2015-10-01
B15,1424,1453,2877,4630,3505,8135,2015-10-01
B16,2605,2706,5311,5713,3395,9108,2015-10-01
B17,1566,1881,3447,8048,6713,14761,2015-10-01
B18,1847,2296,4143,3141,1965,5106,2015-10-01
B19,2835,2973,5808,3657,1861,5518,2015-10-01
B20,3591,4065,7656,9463,6557,16020,2015-10-01
B21,4138,4292,8430,6588,3775,10363,2015-10-01
B23,3541,4481,8022,11731,8798,20529,2015-10-01
B24,2093,2596,4689,8452,6448,14900,2015-10-01
B25,1410,1748,3158,4416,2995,7411,2015-10-01
B26,1993,2417,4410,10897,8357,19254,2015-10-01
B27,2031,2514,4545,7409,5199,12608,2015-10-01
B28,1691,2159,3850,10702,8567,19269,2015-10-01
B29,2909,3402,6311,9151,6900,16051,2015-10-01
B30,1824,2274,4098,8692,7875,16567,2015-10-01
B31,3871,5157,9028,16325,13024,29349,2015-10-01
B32,2728,3886,6614,10938,8566,19504,2015-10-01
B33,2764,3641,6405,9275,6532,15807,2015-10-01
B34,1324,1737,3061,5520,4225,9745,2015-10-01
B35,829,1089,1918,2337,1823,4160,2015-10-01
B36,2313,3274,5587,11286,8745,20031,2015-10-01
B37,2733,3474,6207,10096,7812,17908,2015-10-01
B38,1463,1962,3425,5779,4733,10512,2015-10-01
B42,1434,1933,3367,7600,6034,13634,2015-10-01
B43,1351,1743,3094,10324,8667,18991,2015-10-01
B44,2684,3561,6245,10400,8080,18480,2015-10-01
B45,1811,2533,4344,10074,8250,18324,2015-10-01
B46,414,487,901,4971,4485,9456,2015-10-01
B47,271,317,588,3949,3720,7669,2015-10-01
B48,166,185,351,2324,2131,4455,2015-10-01
B49,355,478,833,4024,3752,7776,2015-10-01
B50,182,215,397,2119,2017,4136,2015-10-01
B60,906,1047,1953,10107,9425,19532,2015-10-01
B61,978,1214,2192,9138,8064,17202,2015-10-01
B62,964,1245,2209,9008,7692,16700,2015-10-01
B63,1648,2193,3841,12614,10464,23078,2015-10-01
B64,979,1249,2228,5142,3950,9092,2015-10-01
B65,1416,1944,3360,7307,5513,12820,2015-10-01
B66,2659,3006,5665,4840,2714,7554,2015-10-01
B67,2792,3273,6065,8275,5637,13912,2015-10-01
B68,2047,2841,4888,9736,7320,17056,2015-10-01
B69,1897,2510,4407,8522,6257,14779,2015-10-01
B70,2555,3055,5610,7367,4379,11746,2015-10-01
B71,2066,2675,4741,9050,6410,15460,2015-10-01
B72,417,449,866,3831,3333,7164,2015-10-01
B73,897,1074,1971,8826,7996,16822,2015-10-01
B74,915,1034,1949,12828,12143,24971,2015-10-01
B75,1045,1356,2401,9724,9167,18891,2015-10-01
B76,931,891,1822,8980,7937,16917,2015-10-01
B77,2730,3962,6692,19536,16411,35947,2015-10-01
B78,940,1201,2141,8952,7801,16753,2015-10-01
B79,934,1247,2181,7879,6707,14586,2015-10-01
B80,254,272,526,2745,2512,5257,2015-10-01
B90,1635,2012,3647,17702,16050,33752,2015-10-01
B91,1189,1370,2559,13501,12671,26172,2015-10-01
B92,1632,2021,3653,13727,11965,25692,2015-10-01
B93,531,565,1096,7881,7729,15610,2015-10-01
B94,173,183,356,3214,3061,6275,2015-10-01
B95,195,197,392,2510,2447,4957,2015-10-01
B96,117,136,253,2134,2025,4159,2015-10-01
B97,1246,1607,2853,11688,10228,21916,2015-10-01
B98,2836,3957,6793,17080,13536,30616,2015-10-01
BA1,2190,2478,4668,13727,12433,26160,2015-10-01
BA2,3694,4071,7765,23358,20907,44265,2015-10-01
BA3,1352,1313,2665,13163,11990,25153,2015-10-01
BA4,631,769,1400,6803,6089,12892,2015-10-01
BA5,681,724,1405,6675,6299,12974,2015-10-01
BA6,626,670,1296,4936,4695,9631,2015-10-01
BA7,115,146,261,1331,1341,2672,2015-10-01
BA8,123,177,300,1706,1607,3313,2015-10-01
BA9,235,322,557,2834,2538,5372,2015-10-01
BA10,145,189,334,1312,1234,2546,2015-10-01
BA11,1262,1637,2899,11839,11029,22868,2015-10-01
BA12,1158,1453,2611,10985,9848,20833,2015-10-01
BA13,712,918,1630,7443,6741,14184,2015-10-01
BA14,2058,2339,4397,17080,15232,32312,2015-10-01
BA15,452,577,1029,5014,4963,9977,2015-10-01
BA16,586,678,1264,4393,3940,8333,2015-10-01
BA20,450,554,1004,4057,3460,7517,2015-10-01
BA21,1582,2067,3649,11517,9494,21011,2015-10-01
BA22,492,505,997,7027,6552,13579,2015-10-01
BB1,4196,5388,9584,20152,14381,34533,2015-10-01
BB2,3598,4417,8015,18377,14298,32675,2015-10-01
BB3,1773,2283,4056,11302,9334,20636,2015-10-01
BB4,1794,2390,4184,14656,12753,27409,2015-10-01
BB5,3418,4396,7814,19446,15231,34677,2015-10-01
BB6,626,780,1406,5287,4630,9917,2015-10-01
BB7,1025,1207,2232,12015,11137,23152,2015-10-01
BB8,1123,1404,2527,7805,6703,14508,2015-10-01
BB9,2512,3187,5699,13902,10395,24297,2015-10-01
BB10,2074,2628,4702,12251,9546,21797,2015-10-01
BB11,1502,1916,3418,6765,5181,11946,2015-10-01
BB12,1695,2113,3808,12027,10103,22130,2015-10-01
BB18,653,870,1523,6082,5238,11320,2015-10-01
BD1,450,318,768,765,274,1039,2015-10-01
BD2,1764,2329,4093,9266,7166,16432,2015-10-01
BD3,3165,3627,6792,7064,3701,10765,2015-10-01
BD4,2153,3051,5204,7783,5514,13297,2015-10-01
BD5,2730,3193,5923,6562,3512,10074,2015-10-01
BD6,1669,2416,4085,8807,6993,15800,2015-10-01
BD7,3202,3353,6555,8698,5066,13764,2015-10-01
BD8,2635,3165,5800,7352,4052,11404,2015-10-01
BD9,1918,2584,4502,7465,5103,12568,2015-10-01
BD10,1318,1683,3001,8185,7077,15262,2015-10-01
BD11,378,543,921,3942,3598,7540,2015-10-01
BD12,875,1155,2030,5726,4653,10379,2015-10-01
BD13,1118,1371,2489,8929,7837,16766,2015-10-01
BD14,412,546,958,2678,2263,4941,2015-10-01
BD15,778,1094,1872,5110,4176,9286,2015-10-01
BD16,1012,1211,2223,9404,8460,17864,2015-10-01
BD17,675,826,1501,6691,5966,12657,2015-10-01
BD18,1595,2089,3684,8381,6747,15128,2015-10-01
BD19,907,1125,2032,7648,6675,14323,2015-10-01
BD20,1190,1588,2778,13362,12054,25416,2015-10-01
BD21,1726,2365,4091,6983,4661,11644,2015-10-01
BD22,1368,1788,3156,10124,8717,18841,2015-10-01
BD23,987,1251,2238,11303,10361,21664,2015-10-01
BD24,183,225,408,1980,1799,3779,2015-10-01
BD99,0,0,0,0,1,1,2015-10-01
BH1,1701,1628,3329,6312,4149,10461,2015-10-01
BH2,713,600,1313,2971,2000,4971,2015-10-01
BH3,294,292,586,2117,1795,3912,2015-10-01
BH4,435,433,868,3697,3093,6790,2015-10-01
BH5,681,685,1366,3608,2847,6455,2015-10-01
BH6,938,1060,1998,8401,7935,16336,2015-10-01
BH7,624,682,1306,4247,3755,8002,2015-10-01
BH8,1774,1841,3615,9348,7807,17155,2015-10-01
BH9,1497,1679,3176,9857,8943,18800,2015-10-01
BH10,790,947,1737,7338,6614,13952,2015-10-01
BH11,1005,1308,2313,7040,6166,13206,2015-10-01
BH12,1829,2160,3989,12288,10689,22977,2015-10-01
BH13,143,187,330,3369,3216,6585,2015-10-01
BH14,906,902,1808,9128,8497,17625,2015-10-01
BH15,1577,1764,3341,11989,10494,22483,2015-10-01
BH16,609,809,1418,5857,5418,11275,2015-10-01
BH17,929,1167,2096,8252,7794,16046,2015-10-01
BH18,253,264,517,5023,4775,9798,2015-10-01
BH19,423,596,1019,4342,3896,8238,2015-10-01
BH20,1003,912,1915,8256,7200,15456,2015-10-01
BH21,1028,1243,2271,16389,16018,32407,2015-10-01
BH22,671,736,1407,11110,10615,21725,2015-10-01
BH23,1799,1936,3735,20329,19472,39801,2015-10-01
BH24,696,719,1415,9761,9457,19218,2015-10-01
BH25,830,949,1779,9647,9388,19035,2015-10-01
BH31,323,343,666,5333,5284,10617,2015-10-01
BL0,601,792,1393,6472,6091,12563,2015-10-01
BL1,3797,4293,8090,19924,15560,35484,2015-10-01
BL2,2564,3155,5719,14856,12404,27260,2015-10-01
BL3,4420,5312,9732,19230,13704,32934,2015-10-01
BL4,2036,2716,4752,10293,7669,17962,2015-10-01
BL5,1097,1273,2370,9952,9014,18966,2015-10-01
BL6,1258,1488,2746,10929,9695,20624,2015-10-01
BL7,414,530,944,6144,5903,12047,2015-10-01
BL8,1411,1669,3080,13383,12095,25478,2015-10-01
BL9,2917,3590,6507,15876,12603,28479,2015-10-01
BN1,6013,5818,11831,25641,21239,46880,2015-10-01
BN2,6788,7459,14247,27321,21437,48758,2015-10-01
BN3,5228,5582,10810,27101,22905,50006,2015-10-01
BN5,187,232,419,2909,2871,5780,2015-10-01
BN6,622,607,1229,6692,6712,13404,2015-10-01
BN7,1118,1371,2489,6899,6582,13481,2015-10-01
BN8,532,573,1105,6355,6206,12561,2015-10-01
BN9,719,963,1682,4513,3805,8318,2015-10-01
BN10,856,1092,1948,6752,5834,12586,2015-10-01
BN11,1943,2122,4065,10640,8948,19588,2015-10-01
BN12,793,914,1707,7927,7583,15510,2015-10-01
BN13,1148,1327,2475,10118,9457,19575,2015-10-01
BN14,1318,1552,2870,11240,10450,21690,2015-10-01
BN15,1237,1572,2809,10005,8717,18722,2015-10-01
BN16,852,971,1823,10837,10613,21450,2015-10-01
BN17,1511,1908,3419,10107,8576,18683,2015-10-01
BN18,520,514,1034,5105,4848,9953,2015-10-01
BN20,775,968,1743,7620,7436,15056,2015-10-01
BN21,1451,1532,2983,7945,6652,14597,2015-10-01
BN22,1863,2359,4222,10574,9144,19718,2015-10-01
BN23,1258,1689,2947,9856,8795,18651,2015-10-01
BN24,257,321,578,3605,3396,7001,2015-10-01
BN25,870,1202,2072,8898,8324,17222,2015-10-01
BN26,340,424,764,4299,4011,8310,2015-10-01
BN27,1062,1293,2355,10020,9345,19365,2015-10-01
BN41,1359,1676,3035,6660,5940,12600,2015-10-01
BN42,535,597,1132,3622,3178,6800,2015-10-01
BN43,1143,1216,2359,8232,7538,15770,2015-10-01
BN44,319,377,696,4053,3969,8022,2015-10-01
BN45,27,19,46,243,228,471,2015-10-01
BR1,3871,4820,8691,19041,17041,36082,2015-10-01
BR2,2247,2465,4712,16760,15628,32388,2015-10-01
BR3,2469,2838,5307,17830,16448,34278,2015-10-01
BR4,906,807,1713,7500,7193,14693,2015-10-01
BR5,2724,3419,6143,15408,13931,29339,2015-10-01
BR6,2014,2235,4249,17832,16991,34823,2015-10-01
BR7,617,808,1425,6883,6582,13465,2015-10-01
BR8,1027,1394,2421,8273,7216,15489,2015-10-01
BS1,749,696,1445,2808,1486,4294,2015-10-01
BS2,1658,1704,3362,3943,2570,6513,2015-10-01
BS3,2156,2530,4686,11987,9818,21805,2015-10-01
BS4,2892,3661,6553,15674,12611,28285,2015-10-01
BS5,4633,5036,9669,16021,11654,27675,2015-10-01
BS6,1847,2011,3858,10293,9184,19477,2015-10-01
BS7,2555,2697,5252,12941,10776,23717,2015-10-01
BS8,1258,1291,2549,8271,7085,15356,2015-10-01
BS9,1203,1281,2484,12103,11213,23316,2015-10-01
BS10,1754,2321,4075,8877,7278,16155,2015-10-01
BS11,1187,1477,2664,5687,4371,10058,2015-10-01
BS12,16,11,27,66,21,87,2015-10-01
BS13,1887,2538,4425,8900,6895,15795,2015-10-01
BS14,1201,1524,2725,10527,9166,19693,2015-10-01
BS15,1924,2357,4281,17196,14856,32052,2015-10-01
BS16,3329,3719,7048,26051,22725,48776,2015-10-01
BS17,9,13,22,54,41,95,2015-10-01
BS18,11,10,21,64,46,110,2015-10-01
BS19,2,8,10,33,37,70,2015-10-01
BS20,901,1062,1963,12005,11109,23114,2015-10-01
BS21,791,987,1778,9039,8512,17551,2015-10-01
BS22,1327,1838,3165,14216,12548,26764,2015-10-01
BS23,2017,2393,4410,11404,8806,20210,2015-10-01
BS24,577,789,1366,7108,6634,13742,2015-10-01
BS25,166,173,339,2626,2488,5114,2015-10-01
BS26,159,151,310,2030,1953,3983,2015-10-01
BS27,218,224,442,2835,2626,5461,2015-10-01
BS28,89,86,175,1391,1378,2769,2015-10-01
BS29,84,98,182,1130,980,2110,2015-10-01
BS30,895,1101,1996,11444,10770,22214,2015-10-01
BS31,743,870,1613,7592,6895,14487,2015-10-01
BS32,853,970,1823,9076,8249,17325,2015-10-01
BS34,1498,1722,3220,10799,9109,19908,2015-10-01
BS35,713,845,1558,8948,8247,17195,2015-10-01
BS36,487,465,952,6357,5979,12336,2015-10-01
BS37,1366,1703,3069,14488,12909,27397,2015-10-01
BS39,412,457,869,6096,5691,11787,2015-10-01
BS40,289,354,643,5381,5254,10635,2015-10-01
BS41,158,188,346,2371,2265,4636,2015-10-01
BS48,762,848,1610,9319,8830,18149,2015-10-01
BS49,408,462,870,4545,4352,8897,2015-10-01
BS99,1,1,2,2,1,3,2015-10-01
CA1,1324,1759,3083,7174,5711,12885,2015-10-01
CA2,1861,2620,4481,12378,9650,22028,2015-10-01
CA3,470,578,1048,5087,4556,9643,2015-10-01
CA4,203,257,460,3803,3659,7462,2015-10-01
CA5,184,208,392,2777,2624,5401,2015-10-01
CA6,252,322,574,3645,3179,6824,2015-10-01
CA7,719,947,1666,8631,7803,16434,2015-10-01
CA8,288,434,722,4007,3582,7589,2015-10-01
CA9,80,114,194,878,754,1632,2015-10-01
CA10,308,425,733,5736,5235,10971,2015-10-01
CA11,769,935,1704,7990,7065,15055,2015-10-01
CA12,291,370,661,3031,2708,5739,2015-10-01
CA13,476,603,1079,5871,5296,11167,2015-10-01
CA14,1531,2164,3695,12048,9686,21734,2015-10-01
CA15,720,973,1693,5413,4330,9743,2015-10-01
CA16,135,215,350,2427,2252,4679,2015-10-01
CA17,126,181,307,1892,1653,3545,2015-10-01
CA18,10,9,19,126,121,247,2015-10-01
CA19,30,31,61,475,419,894,2015-10-01
CA20,84,104,188,1365,1202,2567,2015-10-01
CA21,26,20,46,335,286,621,2015-10-01
CA22,426,582,1008,3200,2572,5772,2015-10-01
CA23,57,81,138,560,467,1027,2015-10-01
CA24,32,50,82,393,323,716,2015-10-01
CA25,319,403,722,1907,1488,3395,2015-10-01
CA26,158,211,369,1329,1105,2434,2015-10-01
CA27,54,70,124,632,561,1193,2015-10-01
CA28,1383,1789,3172,9405,7459,16864,2015-10-01
CB1,3385,3533,6918,16349,13869,30218,2015-10-01
CB2,1233,1285,2518,6677,5834,12511,2015-10-01
CB3,1075,1295,2370,7422,6815,14237,2015-10-01
CB4,3418,3865,7283,17139,14190,31329,2015-10-01
CB5,990,1142,2132,5403,4546,9949,2015-10-01
CB6,1173,1546,2719,14065,12680,26745,2015-10-01
CB7,955,1156,2111,9852,8744,18596,2015-10-01
CB8,1438,1638,3076,11762,10631,22393,2015-10-01
CB9,1470,2028,3498,10953,9094,20047,2015-10-01
CB10,480,581,1061,5270,5007,10277,2015-10-01
CB11,630,718,1348,6861,6327,13188,2015-10-01
CB21,356,399,755,4509,4170,8679,2015-10-01
CB22,593,595,1188,6722,6049,12771,2015-10-01
CB23,824,943,1767,9009,8258,17267,2015-10-01
CB24,850,891,1741,9211,8216,17427,2015-10-01
CB25,384,405,789,4896,4394,9290,2015-10-01
CF1,55,46,101,88,30,118,2015-10-01
CF2,32,26,58,85,42,127,2015-10-01
CF3,2519,3311,5830,12827,11321,24148,2015-10-01
CF4,30,20,50,107,66,173,2015-10-01
CF5,3684,4584,8268,20192,17829,38021,2015-10-01
CF6,73,62,135,88,43,131,2015-10-01
CF7,10,4,14,35,33,68,2015-10-01
CF8,26,27,53,101,65,166,2015-10-01
CF10,1176,967,2143,3529,2193,5722,2015-10-01
CF11,3060,2841,5901,10178,7109,17287,2015-10-01
CF14,3005,3482,6487,25684,24024,49708,2015-10-01
CF15,548,664,1212,6922,6681,13603,2015-10-01
CF23,2221,2825,5046,15575,14506,30081,2015-10-01
CF24,4653,4048,8701,11221,7581,18802,2015-10-01
CF31,1778,2352,4130,15513,13717,29230,2015-10-01
CF32,1381,1814,3195,10256,8433,18689,2015-10-01
CF33,684,1011,1695,4907,3975,8882,2015-10-01
CF34,1008,1345,2353,6561,5076,11637,2015-10-01
CF35,424,551,975,5690,5122,10812,2015-10-01
CF36,499,630,1129,6068,5492,11560,2015-10-01
CF37,2078,2351,4429,11777,9193,20970,2015-10-01
CF38,701,1032,1733,8310,7518,15828,2015-10-01
CF39,1376,2039,3415,9199,7230,16429,2015-10-01
CF40,1007,1433,2440,6416,4761,11177,2015-10-01
CF41,495,701,1196,3469,2610,6079,2015-10-01
CF42,645,913,1558,4176,3162,7338,2015-10-01
CF43,663,974,1637,3577,2480,6057,2015-10-01
CF44,1890,2750,4640,12837,10009,22846,2015-10-01
CF45,1133,1551,2684,5900,4399,10299,2015-10-01
CF46,593,908,1501,4978,4154,9132,2015-10-01
CF47,1258,1760,3018,6475,4742,11217,2015-10-01
CF48,1327,1892,3219,8625,6835,15460,2015-10-01
CF61,478,570,1048,3656,3350,7006,2015-10-01
CF62,1850,2320,4170,13734,12592,26326,2015-10-01
CF63,1317,1643,2960,6300,5404,11704,2015-10-01
CF64,1405,1742,3147,13240,12504,25744,2015-10-01
CF71,216,234,450,3765,3625,7390,2015-10-01
CF72,834,1093,1927,9260,8651,17911,2015-10-01
CF81,940,1357,2297,4940,3510,8450,2015-10-01
CF82,868,1223,2091,6587,5416,12003,2015-10-01
CF83,2538,3380,5918,17392,14842,32234,2015-10-01
CH1,1955,2281,4236,9147,7100,16247,2015-10-01
CH2,1549,1884,3433,12375,10879,23254,2015-10-01
CH3,1170,1316,2486,12986,12032,25018,2015-10-01
CH4,1531,1904,3435,11552,10517,22069,2015-10-01
CH5,2074,2602,4676,14618,12282,26900,2015-10-01
CH6,881,1234,2115,5412,4428,9840,2015-10-01
CH7,1740,2269,4009,18403,16752,35155,2015-10-01
CH8,952,1296,2248,7554,6425,13979,2015-10-01
CH41,1594,1837,3431,4223,2915,7138,2015-10-01
CH42,2444,2864,5308,8186,6528,14714,2015-10-01
CH43,2108,2371,4479,12546,10867,23413,2015-10-01
CH44,2222,2672,4894,8127,6160,14287,2015-10-01
CH45,1698,2011,3709,10329,9151,19480,2015-10-01
CH46,1482,1811,3293,8273,6960,15233,2015-10-01
CH47,424,524,948,4069,3960,8029,2015-10-01
CH48,615,585,1200,5739,5579,11318,2015-10-01
CH49,1421,1797,3218,9849,8990,18839,2015-10-01
CH60,316,334,650,5312,5256,10568,2015-10-01
CH61,586,696,1282,6535,6369,12904,2015-10-01
CH62,1561,1816,3377,9717,8442,18159,2015-10-01
CH63,1257,1419,2676,10928,10378,21306,2015-10-01
CH64,595,694,1289,7544,7050,14594,2015-10-01
CH65,1847,2298,4145,8277,6624,14901,2015-10-01
CH66,1471,1904,3375,12777,11420,24197,2015-10-01
CM0,591,718,1309,6504,5706,12210,2015-10-01
CM1,2959,3377,6336,22477,19748,42225,2015-10-01
CM2,2481,2965,5446,21900,19700,41600,2015-10-01
CM3,1718,2064,3782,21953,20607,42560,2015-10-01
CM4,327,352,679,4323,4142,8465,2015-10-01
CM5,346,385,731,4389,4089,8478,2015-10-01
CM6,663,798,1461,10413,9821,20234,2015-10-01
CM7,2176,2784,4960,17476,14956,32432,2015-10-01
CM8,1486,2048,3534,11461,9942,21403,2015-10-01
CM9,1255,1560,2815,13046,11801,24847,2015-10-01
CM11,715,786,1501,7822,7279,15101,2015-10-01
CM12,693,761,1454,8099,7562,15661,2015-10-01
CM13,937,1083,2020,9845,9048,18893,2015-10-01
CM14,886,1109,1995,7532,6745,14277,2015-10-01
CM15,811,957,1768,9372,8885,18257,2015-10-01
CM16,725,878,1603,8960,8238,17198,2015-10-01
CM17,818,1075,1893,8013,7303,15316,2015-10-01
CM18,1631,2123,3754,8379,6602,14981,2015-10-01
CM19,1310,1590,2900,7538,5940,13478,2015-10-01
CM20,1638,2038,3676,7183,5332,12515,2015-10-01
CM21,333,402,735,4500,4075,8575,2015-10-01
CM22,429,487,916,5762,5335,11097,2015-10-01
CM23,1609,1849,3458,15367,14052,29419,2015-10-01
CM24,247,269,516,2871,2570,5441,2015-10-01
CM77,471,537,1008,5932,5666,11598,2015-10-01
CO1,1085,1228,2313,4782,3690,8472,2015-10-01
CO2,2009,2550,4559,11440,9261,20701,2015-10-01
CO3,1286,1459,2745,10720,9745,20465,2015-10-01
CO4,2697,3310,6007,15545,13022,28567,2015-10-01
CO5,861,1040,1901,11342,10444,21786,2015-10-01
CO6,847,1012,1859,11276,10601,21877,2015-10-01
CO7,1181,1371,2552,13127,11879,25006,2015-10-01
CO8,69,75,144,949,891,1840,2015-10-01
CO9,871,1074,1945,9591,8684,18275,2015-10-01
CO10,1827,2264,4091,17614,15666,33280,2015-10-01
CO11,403,538,941,5036,4591,9627,2015-10-01
CO12,1020,1343,2363,7804,6310,14114,2015-10-01
CO13,369,450,819,4790,4414,9204,2015-10-01
CO14,270,367,637,2326,1884,4210,2015-10-01
CO15,2139,2576,4715,15042,12149,27191,2015-10-01
CO16,990,1218,2208,9035,7803,16838,2015-10-01
CR0,15531,17485,33016,48414,37160,85574,2015-10-01
CR2,2844,3201,6045,17800,15974,33774,2015-10-01
CR3,1232,1445,2677,10808,10230,21038,2015-10-01
CR4,7883,7817,15700,19325,13141,32466,2015-10-01
CR5,1350,1587,2937,10794,10237,21031,2015-10-01
CR6,321,353,674,3956,3756,7712,2015-10-01
CR7,6532,6379,12911,13799,10108,23907,2015-10-01
CR8,1745,1975,3720,12364,11306,23670,2015-10-01
CR9,60,45,105,64,27,91,2015-10-01
CT1,1901,2199,4100,7482,5977,13459,2015-10-01
CT2,1675,1876,3551,8400,7228,15628,2015-10-01
CT3,741,944,1685,6444,5859,12303,2015-10-01
CT4,567,677,1244,6825,6563,13388,2015-10-01
CT5,1328,1520,2848,12191,11489,23680,2015-10-01
CT6,1607,1876,3483,13976,12638,26614,2015-10-01
CT7,384,533,917,4479,3993,8472,2015-10-01
CT8,424,466,890,2473,2262,4735,2015-10-01
CT9,3005,3368,6373,13150,10528,23678,2015-10-01
CT10,1267,1410,2677,8793,8128,16921,2015-10-01
CT11,2004,2260,4264,9219,7539,16758,2015-10-01
CT12,1081,1302,2383,6063,5089,11152,2015-10-01
CT13,387,415,802,3231,2933,6164,2015-10-01
CT14,1634,1945,3579,12170,10664,22834,2015-10-01
CT15,455,608,1063,5156,4667,9823,2015-10-01
CT16,1228,1357,2585,6522,5116,11638,2015-10-01
CT17,1342,1611,2953,6515,5063,11578,2015-10-01
CT18,437,505,942,5532,5151,10683,2015-10-01
CT19,1759,2132,3891,8969,7388,16357,2015-10-01
CT20,1356,1513,2869,7201,5457,12658,2015-10-01
CT21,587,738,1325,6470,5988,12458,2015-10-01
CV1,3825,3097,6922,6404,2749,9153,2015-10-01
CV2,5030,6381,11411,19289,14119,33408,2015-10-01
CV3,3991,5012,9003,22117,17610,39727,2015-10-01
CV4,2125,2492,4617,9668,7534,17202,2015-10-01
CV5,2283,2581,4864,17125,14579,31704,2015-10-01
CV6,6666,8289,14955,26443,19180,45623,2015-10-01
CV7,1085,1387,2472,10968,9657,20625,2015-10-01
CV8,1048,1160,2208,12351,11625,23976,2015-10-01
CV9,868,1089,1957,7953,6739,14692,2015-10-01
CV10,2466,3327,5793,17193,14152,31345,2015-10-01
CV11,1802,2291,4093,14080,11613,25693,2015-10-01
CV12,1417,1990,3407,10866,9055,19921,2015-10-01
CV13,234,331,565,4385,4086,8471,2015-10-01
CV21,2107,2612,4719,12233,9163,21396,2015-10-01
CV22,1420,1711,3131,13190,11511,24701,2015-10-01
CV23,640,747,1387,8683,7995,16678,2015-10-01
CV31,1782,2122,3904,9746,7665,17411,2015-10-01
CV32,1424,1680,3104,11667,10070,21737,2015-10-01
CV33,207,256,463,2605,2475,5080,2015-10-01
CV34,1322,1579,2901,11393,10112,21505,2015-10-01
CV35,639,750,1389,10162,9856,20018,2015-10-01
CV36,260,315,575,3874,3674,7548,2015-10-01
CV37,1524,1822,3346,15652,14645,30297,2015-10-01
CV47,561,674,1235,6717,6162,12879,2015-10-01
CW1,2229,2739,4968,13068,10705,23773,2015-10-01
CW2,1949,2162,4111,14004,11970,25974,2015-10-01
CW3,259,316,575,3657,3460,7117,2015-10-01
CW4,252,252,504,3897,3758,7655,2015-10-01
CW5,890,974,1864,11073,10487,21560,2015-10-01
CW6,268,373,641,5182,5077,10259,2015-10-01
CW7,1664,2177,3841,10819,9080,19899,2015-10-01
CW8,1198,1415,2613,13941,12787,26728,2015-10-01
CW9,1166,1431,2597,12565,11074,23639,2015-10-01
CW10,456,561,1017,5707,5229,10936,2015-10-01
CW11,687,865,1552,8666,8108,16774,2015-10-01
CW12,934,1074,2008,11320,10413,21733,2015-10-01
DA1,3238,4001,7239,18178,14783,32961,2015-10-01
DA2,928,1268,2196,8175,7316,15491,2015-10-01
DA3,583,624,1207,6895,6548,13443,2015-10-01
DA4,329,380,709,3766,3486,7252,2015-10-01
DA5,834,903,1737,8006,7432,15438,2015-10-01
DA6,529,620,1149,3634,3166,6800,2015-10-01
DA7,1598,2001,3599,12839,11361,24200,2015-10-01
DA8,2707,3437,6144,10149,8354,18503,2015-10-01
DA9,582,703,1285,4517,3885,8402,2015-10-01
DA10,415,538,953,2145,1635,3780,2015-10-01
DA11,2413,2906,5319,12731,9769,22500,2015-10-01
DA12,2843,3395,6238,16113,13063,29176,2015-10-01
DA13,400,428,828,6083,5822,11905,2015-10-01
DA14,1098,1362,2460,7432,6766,14198,2015-10-01
DA15,1236,1493,2729,10702,9655,20357,2015-10-01
DA16,1981,2633,4614,12741,10806,23547,2015-10-01
DA17,1269,1679,2948,5614,4497,10111,2015-10-01
DA18,674,841,1515,1281,869,2150,2015-10-01
DD1,987,829,1816,2018,1360,3378,2015-10-01
DD2,2609,3266,5875,12374,10317,22691,2015-10-01
DD3,2636,3097,5733,10898,8162,19060,2015-10-01
DD4,3208,4041,7249,12288,9588,21876,2015-10-01
DD5,1018,1286,2304,11965,11329,23294,2015-10-01
DD6,413,550,963,3432,3226,6658,2015-10-01
DD7,443,625,1068,4616,4143,8759,2015-10-01
DD8,1092,1410,2502,10422,9119,19541,2015-10-01
DD9,520,684,1204,4056,3571,7627,2015-10-01
DD10,868,1187,2055,7763,6632,14395,2015-10-01
DD11,1276,1658,2934,9486,7867,17353,2015-10-01
DE1,1110,1036,2146,3575,2007,5582,2015-10-01
DE2,16,9,25,32,10,42,2015-10-01
DE3,526,686,1212,6748,6009,12757,2015-10-01
DE4,1116,1447,2563,13017,11516,24533,2015-10-01
DE5,786,1109,1895,7887,6616,14503,2015-10-01
DE6,689,869,1558,9972,9259,19231,2015-10-01
DE7,2337,3092,5429,16868,13703,30571,2015-10-01
DE11,1840,2347,4187,15258,13128,28386,2015-10-01
DE12,710,834,1544,7881,6964,14845,2015-10-01
DE13,1304,1748,3052,15084,13591,28675,2015-10-01
DE14,1865,2288,4153,9012,6248,15260,2015-10-01
DE15,1191,1497,2688,8104,6597,14701,2015-10-01
DE21,2875,3893,6768,19308,15889,35197,2015-10-01
DE22,2319,2833,5152,14467,11956,26423,2015-10-01
DE23,4371,5012,9383,17459,12687,30146,2015-10-01
DE24,3588,4829,8417,16545,12319,28864,2015-10-01
DE45,215,282,497,3349,3206,6555,2015-10-01
DE55,2007,2650,4657,17601,14649,32250,2015-10-01
DE56,1228,1596,2824,14919,13515,28434,2015-10-01
DE65,644,791,1435,8654,8068,16722,2015-10-01
DE72,619,856,1475,7981,7380,15361,2015-10-01
DE73,586,765,1351,7056,6594,13650,2015-10-01
DE74,404,449,853,4308,3699,8007,2015-10-01
DE75,855,1044,1899,6165,5135,11300,2015-10-01
DG1,1086,1382,2468,9584,8561,18145,2015-10-01
DG2,1260,1643,2903,7646,6565,14211,2015-10-01
DG3,156,234,390,1746,1596,3342,2015-10-01
DG4,240,357,597,1486,1064,2550,2015-10-01
DG5,214,260,474,1931,1718,3649,2015-10-01
DG6,252,298,550,1860,1706,3566,2015-10-01
DG7,408,516,924,4639,4360,8999,2015-10-01
DG8,492,695,1187,4713,4135,8848,2015-10-01
DG9,781,969,1750,5608,4799,10407,2015-10-01
DG10,171,194,365,1502,1308,2810,2015-10-01
DG11,496,659,1155,4922,4364,9286,2015-10-01
DG12,628,789,1417,4295,3598,7893,2015-10-01
DG13,136,154,290,1100,930,2030,2015-10-01
DG14,34,58,92,565,492,1057,2015-10-01
DG16,138,196,334,1411,1158,2569,2015-10-01
DH1,1837,2225,4062,13422,11738,25160,2015-10-01
DH2,1353,1964,3317,10442,8437,18879,2015-10-01
DH3,1203,1671,2874,8564,6916,15480,2015-10-01
DH4,1516,2054,3570,11015,8940,19955,2015-10-01
DH5,1002,1440,2442,6166,4591,10757,2015-10-01
DH6,1467,2148,3615,11045,8859,19904,2015-10-01
DH7,1767,2609,4376,13860,11410,25270,2015-10-01
DH8,1650,2323,3973,12699,10510,23209,2015-10-01
DH9,1910,2666,4576,11356,8504,19860,2015-10-01
DL1,2706,3589,6295,14264,10632,24896,2015-10-01
DL2,408,506,914,6845,6559,13404,2015-10-01
DL3,2102,2673,4775,14758,12443,27201,2015-10-01
DL4,591,735,1326,2812,2037,4849,2015-10-01
DL5,1449,2074,3523,9686,7988,17674,2015-10-01
DL6,500,671,1171,5821,5289,11110,2015-10-01
DL7,336,504,840,5888,5554,11442,2015-10-01
DL8,421,578,999,7511,6922,14433,2015-10-01
DL9,1581,1218,2799,4776,3101,7877,2015-10-01
DL10,628,840,1468,7053,6556,13609,2015-10-01
DL11,97,138,235,2149,2018,4167,2015-10-01
DL12,368,482,850,4455,4025,8480,2015-10-01
DL13,419,609,1028,5318,4464,9782,2015-10-01
DL14,1657,2241,3898,12377,10133,22510,2015-10-01
DL15,866,1338,2204,7535,6057,13592,2015-10-01
DL16,839,1149,1988,6636,5411,12047,2015-10-01
DL17,851,1282,2133,5751,4408,10159,2015-10-01
DN1,882,817,1699,2137,939,3076,2015-10-01
DN2,1540,2027,3567,7440,5529,12969,2015-10-01
DN3,1077,1552,2629,10670,8991,19661,2015-10-01
DN4,2675,3482,6157,16899,13284,30183,2015-10-01
DN5,1858,2532,4390,13174,10998,24172,2015-10-01
DN6,1756,2417,4173,9591,7434,17025,2015-10-01
DN7,1111,1537,2648,7390,5853,13243,2015-10-01
DN8,956,1252,2208,5680,4250,9930,2015-10-01
DN9,585,721,1306,7813,7396,15209,2015-10-01
DN10,346,455,801,4944,4448,9392,2015-10-01
DN11,1320,1870,3190,9379,7723,17102,2015-10-01
DN12,1487,1959,3446,6805,4991,11796,2015-10-01
DN14,1848,2760,4608,16417,13402,29819,2015-10-01
DN15,2017,2519,4536,11547,8714,20261,2015-10-01
DN16,1556,1938,3494,9996,8112,18108,2015-10-01
DN17,1686,2177,3863,12856,10680,23536,2015-10-01
DN18,484,747,1231,4193,3377,7570,2015-10-01
DN19,177,239,416,2433,2142,4575,2015-10-01
DN20,595,830,1425,7284,6344,13628,2015-10-01
DN21,1644,2208,3852,13231,11316,24547,2015-10-01
DN22,1371,1785,3156,12829,11259,24088,2015-10-01
DN31,815,945,1760,2292,1460,3752,2015-10-01
DN32,2327,2643,4970,7585,5383,12968,2015-10-01
DN33,1220,1422,2642,6002,4984,10986,2015-10-01
DN34,1106,1454,2560,6247,4843,11090,2015-10-01
DN35,1892,2403,4295,10888,8634,19522,2015-10-01
DN36,574,693,1267,7700,7034,14734,2015-10-01
DN37,902,1163,2065,7947,6908,14855,2015-10-01
DN38,77,125,202,1118,979,2097,2015-10-01
DN39,75,124,199,1131,930,2061,2015-10-01
DN40,661,988,1649,4283,3212,7495,2015-10-01
DN41,156,213,369,2560,2357,4917,2015-10-01
DT1,825,962,1787,6653,6047,12700,2015-10-01
DT2,708,790,1498,10309,9954,20263,2015-10-01
DT3,833,1037,1870,8913,8193,17106,2015-10-01
DT4,2073,2370,4443,12612,10569,23181,2015-10-01
DT5,679,875,1554,4101,3399,7500,2015-10-01
DT6,728,888,1616,8387,8039,16426,2015-10-01
DT7,195,244,439,2087,2004,4091,2015-10-01
DT8,177,224,401,2390,2287,4677,2015-10-01
DT9,663,859,1522,7899,7683,15582,2015-10-01
DT10,307,340,647,4726,4505,9231,2015-10-01
DT11,1106,1242,2348,11912,10495,22407,2015-10-01
DY1,1895,2353,4248,9839,7460,17299,2015-10-01
DY2,2218,2924,5142,10044,7202,17246,2015-10-01
DY3,1215,1710,2925,11988,10014,22002,2015-10-01
DY4,2743,3601,6344,12421,8914,21335,2015-10-01
DY5,2096,2766,4862,13501,10631,24132,2015-10-01
DY6,763,1026,1789,10711,9502,20213,2015-10-01
DY7,209,249,458,3254,3114,6368,2015-10-01
DY8,1937,2439,4376,18037,15755,33792,2015-10-01
DY9,1248,1581,2829,10636,9210,19846,2015-10-01
DY10,1574,1956,3530,12570,11083,23653,2015-10-01
DY11,1314,1713,3027,10797,9167,19964,2015-10-01
DY12,368,439,807,5001,4511,9512,2015-10-01
DY13,768,1023,1791,8622,7594,16216,2015-10-01
DY14,198,225,423,3443,3109,6552,2015-10-01
E1,10835,7677,18512,15438,7504,22942,2015-10-01
E1,956,1080,2036,4215,2758,6973,2015-10-01
E2,5432,5084,10516,10564,6186,16750,2015-10-01
E3,6313,5902,12215,12520,7601,20121,2015-10-01
E4,4095,4789,8884,21442,17891,39333,2015-10-01
E5,7012,7103,14115,11153,7359,18512,2015-10-01
E6,15655,11913,27568,21851,11247,33098,2015-10-01
E7,12120,8195,20315,14831,7646,22477,2015-10-01
E8,5210,5633,10843,9492,6580,16072,2015-10-01
E9,5366,5922,11288,8707,6035,14742,2015-10-01
E10,7430,6238,13668,13371,7430,20801,2015-10-01
E11,6548,6240,12788,17637,12679,30316,2015-10-01
E12,9091,6357,15448,11365,5990,17355,2015-10-01
E13,9344,7183,16527,11962,6153,18115,2015-10-01
E14,8829,8911,17740,22102,12613,34715,2015-10-01
E15,8627,7408,16035,13519,7306,20825,2015-10-01
E16,6328,6845,13173,11957,7015,18972,2015-10-01
E17,14247,13235,27482,31396,20246,51642,2015-10-01
E18,1240,1371,2611,6989,5997,12986,2015-10-01
EC1,64,45,109,305,164,469,2015-10-01
EC1,85,83,168,444,266,710,2015-10-01
EC1,295,306,601,675,329,1004,2015-10-01
EC1,1,2,3,4,0,4,2015-10-01
EC1,528,579,1107,1446,935,2381,2015-10-01
EC1,1469,1361,2830,3090,1831,4921,2015-10-01
EC1,369,385,754,995,552,1547,2015-10-01
EC2,103,66,169,529,243,772,2015-10-01
EC2,15,6,21,182,33,215,2015-10-01
EC2,5,3,8,29,4,33,2015-10-01
EC2,0,0,0,12,2,14,2015-10-01
EC2,1,1,2,36,11,47,2015-10-01
EC2,3,5,8,108,29,137,2015-10-01
EC2,175,161,336,1364,953,2317,2015-10-01
EC3,12,4,16,59,8,67,2015-10-01
EC3,5,4,9,21,10,31,2015-10-01
EC3,22,18,40,122,59,181,2015-10-01
EC3,1,0,1,3,2,5,2015-10-01
EC3,6,3,9,43,19,62,2015-10-01
EC3,4,2,6,48,15,63,2015-10-01
EC4,42,14,56,146,82,228,2015-10-01
EC4,13,11,24,148,50,198,2015-10-01
EC4,5,1,6,48,15,63,2015-10-01
EC4,0,0,0,13,6,19,2015-10-01
EC4,4,5,9,46,17,63,2015-10-01
EC4,20,24,44,173,89,262,2015-10-01
EC4,12,13,25,120,69,189,2015-10-01
EH1,507,457,964,1385,943,2328,2015-10-01
EH2,76,70,146,306,209,515,2015-10-01
EH3,1663,1669,3332,6977,5967,12944,2015-10-01
EH4,3490,4029,7519,17395,15348,32743,2015-10-01
EH5,1379,1626,3005,5823,4736,10559,2015-10-01
EH6,2947,3098,6045,11216,8802,20018,2015-10-01
EH7,2515,2717,5232,9407,7444,16851,2015-10-01
EH8,1688,1756,3444,5804,4534,10338,2015-10-01
EH9,1237,1394,2631,6323,5781,12104,2015-10-01
EH10,1780,1829,3609,12763,11251,24014,2015-10-01
EH11,3317,3576,6893,9773,7093,16866,2015-10-01
EH12,1717,2285,4002,13619,12453,26072,2015-10-01
EH13,861,1017,1878,4728,4293,9021,2015-10-01
EH14,2505,2862,5367,12836,10726,23562,2015-10-01
EH15,1303,1513,2816,6624,5848,12472,2015-10-01
EH16,2190,2529,4719,8203,6676,14879,2015-10-01
EH17,1343,1782,3125,5503,4307,9810,2015-10-01
EH18,99,133,232,838,769,1607,2015-10-01
EH19,640,820,1460,4467,4065,8532,2015-10-01
EH20,332,482,814,2147,1682,3829,2015-10-01
EH21,1408,1850,3258,7542,6428,13970,2015-10-01
EH22,1721,2259,3980,9632,7998,17630,2015-10-01
EH23,421,616,1037,2519,2041,4560,2015-10-01
EH24,68,114,182,591,507,1098,2015-10-01
EH25,148,201,349,1074,923,1997,2015-10-01
EH26,876,1168,2044,5972,5145,11117,2015-10-01
EH27,144,167,311,1026,989,2015,2015-10-01
EH28,145,190,335,1072,917,1989,2015-10-01
EH29,190,240,430,1273,1152,2425,2015-10-01
EH30,455,649,1104,3352,2992,6344,2015-10-01
EH31,79,101,180,1002,952,1954,2015-10-01
EH32,901,1216,2117,6741,5764,12505,2015-10-01
EH33,618,814,1432,4520,3899,8419,2015-10-01
EH34,76,79,155,1024,979,2003,2015-10-01
EH35,90,142,232,799,631,1430,2015-10-01
EH36,13,13,26,164,156,320,2015-10-01
EH37,52,93,145,624,563,1187,2015-10-01
EH38,11,18,29,166,174,340,2015-10-01
EH39,385,432,817,3309,3122,6431,2015-10-01
EH40,59,79,138,830,788,1618,2015-10-01
EH41,488,618,1106,4371,3919,8290,2015-10-01
EH42,423,567,990,3632,3226,6858,2015-10-01
EH43,42,62,104,281,237,518,2015-10-01
EH44,108,163,271,1237,1159,2396,2015-10-01
EH45,421,545,966,3829,3626,7455,2015-10-01
EH46,122,150,272,1393,1351,2744,2015-10-01
EH47,1389,1990,3379,8712,6811,15523,2015-10-01
EH48,1595,2269,3864,12342,10394,22736,2015-10-01
EH49,630,872,1502,6186,5580,11766,2015-10-01
EH51,690,952,1642,4982,4280,9262,2015-10-01
EH52,900,1281,2181,6593,5425,12018,2015-10-01
EH53,462,622,1084,3630,3179,6809,2015-10-01
EH54,3419,4703,8122,17877,14774,32651,2015-10-01
EH55,418,527,945,2885,2351,5236,2015-10-01
EN1,3101,3912,7013,14916,12727,27643,2015-10-01
EN2,1478,1944,3422,10691,9502,20193,2015-10-01
EN3,5485,7083,12568,17047,12584,29631,2015-10-01
EN4,1368,1647,3015,9635,8726,18361,2015-10-01
EN5,2287,2881,5168,13711,12361,26072,2015-10-01
EN6,1177,1307,2484,11445,10684,22129,2015-10-01
EN7,756,1010,1766,8488,7927,16415,2015-10-01
EN8,1991,2481,4472,12668,10485,23153,2015-10-01
EN9,1018,1226,2244,9466,8070,17536,2015-10-01
EN10,659,799,1458,6630,6232,12862,2015-10-01
EN11,922,1057,1979,8334,7335,15669,2015-10-01
EX1,1127,1303,2430,6356,5517,11873,2015-10-01
EX2,1916,2371,4287,13825,12263,26088,2015-10-01
EX3,141,140,281,1860,1838,3698,2015-10-01
EX4,2931,3463,6394,15738,13001,28739,2015-10-01
EX5,524,631,1155,7617,7341,14958,2015-10-01
EX6,370,393,763,5830,5453,11283,2015-10-01
EX7,537,645,1182,4462,4031,8493,2015-10-01
EX8,1593,2043,3636,13314,12086,25400,2015-10-01
EX9,150,213,363,2620,2612,5232,2015-10-01
EX10,507,641,1148,6348,6301,12649,2015-10-01
EX11,233,266,499,3212,3158,6370,2015-10-01
EX12,285,419,704,3594,3265,6859,2015-10-01
EX13,369,448,817,4603,4393,8996,2015-10-01
EX14,646,867,1513,8222,7535,15757,2015-10-01
EX15,662,768,1430,8078,7483,15561,2015-10-01
EX16,1195,1462,2657,11723,10608,22331,2015-10-01
EX17,659,798,1457,7461,6864,14325,2015-10-01
EX18,102,99,201,1257,1213,2470,2015-10-01
EX19,60,96,156,1539,1430,2969,2015-10-01
EX20,653,850,1503,7919,7104,15023,2015-10-01
EX21,114,111,225,1863,1710,3573,2015-10-01
EX22,287,362,649,4395,3867,8262,2015-10-01
EX23,559,660,1219,5962,5425,11387,2015-10-01
EX24,100,128,228,1479,1472,2951,2015-10-01
EX31,845,1121,1966,9475,8572,18047,2015-10-01
EX32,1246,1574,2820,7959,6909,14868,2015-10-01
EX33,339,439,778,3982,3652,7634,2015-10-01
EX34,850,1088,1938,6224,5286,11510,2015-10-01
EX35,73,84,157,692,603,1295,2015-10-01
EX36,269,331,600,3382,3016,6398,2015-10-01
EX37,94,106,200,1566,1472,3038,2015-10-01
EX38,321,382,703,3081,2774,5855,2015-10-01
EX39,1518,1862,3380,13816,12391,26207,2015-10-01
FK1,1398,1855,3253,9658,7898,17556,2015-10-01
FK2,2028,2715,4743,15984,13730,29714,2015-10-01
FK3,967,1270,2237,5306,4235,9541,2015-10-01
FK4,577,840,1417,4654,3965,8619,2015-10-01
FK5,728,1014,1742,6537,6053,12590,2015-10-01
FK6,668,935,1603,4607,3792,8399,2015-10-01
FK7,1519,2150,3669,10185,8888,19073,2015-10-01
FK8,1005,1153,2158,5757,5002,10759,2015-10-01
FK9,583,710,1293,4234,3818,8052,2015-10-01
FK10,1922,2630,4552,11883,10123,22006,2015-10-01
FK11,78,130,208,1035,982,2017,2015-10-01
FK12,233,296,529,1761,1499,3260,2015-10-01
FK13,314,355,669,2110,1808,3918,2015-10-01
FK14,193,204,397,1768,1706,3474,2015-10-01
FK15,426,513,939,3962,3834,7796,2015-10-01
FK16,71,85,156,756,665,1421,2015-10-01
FK17,143,187,330,1401,1254,2655,2015-10-01
FK18,4,7,11,98,86,184,2015-10-01
FK19,16,27,43,253,224,477,2015-10-01
FK20,28,42,70,160,127,287,2015-10-01
FK21,34,50,84,374,308,682,2015-10-01
FY1,3109,3215,6324,9091,5794,14885,2015-10-01
FY2,1319,1487,2806,7996,6782,14778,2015-10-01
FY3,2003,2493,4496,9994,8314,18308,2015-10-01
FY4,2627,3263,5890,14425,11671,26096,2015-10-01
FY5,1662,1945,3607,16255,14415,30670,2015-10-01
FY6,765,974,1739,11028,10328,21356,2015-10-01
FY7,1798,2017,3815,7706,6073,13779,2015-10-01
FY8,1778,1991,3769,16416,15120,31536,2015-10-01
G1,487,339,826,1417,797,2214,2015-10-01
G2,266,156,422,504,214,718,2015-10-01
G3,1733,1461,3194,4511,2803,7314,2015-10-01
G4,1185,903,2088,2435,1285,3720,2015-10-01
G5,1256,1039,2295,2569,1423,3992,2015-10-01
G11,1379,1496,2875,5747,4926,10673,2015-10-01
G12,1624,1531,3155,7832,7009,14841,2015-10-01
G13,2170,2524,4694,9478,7820,17298,2015-10-01
G14,1446,1644,3090,4872,3995,8867,2015-10-01
G15,1703,1960,3663,3850,2955,6805,2015-10-01
G20,2892,3061,5953,7186,5386,12572,2015-10-01
G21,3053,3489,6542,6128,3976,10104,2015-10-01
G22,1840,2163,4003,3944,2584,6528,2015-10-01
G23,533,742,1275,2019,1627,3646,2015-10-01
G31,2534,2688,5222,5180,3464,8644,2015-10-01
G32,2490,3143,5633,10277,7600,17877,2015-10-01
G33,3349,4049,7398,11204,8911,20115,2015-10-01
G34,1066,1265,2331,1737,1138,2875,2015-10-01
G40,1104,1246,2350,2408,1516,3924,2015-10-01
G41,2694,2705,5399,10484,8341,18825,2015-10-01
G42,3443,2997,6440,7754,5141,12895,2015-10-01
G43,1170,1310,2480,5151,4263,9414,2015-10-01
G44,1751,2274,4025,9274,8173,17447,2015-10-01
G45,1617,1887,3504,3157,2006,5163,2015-10-01
G46,1668,1905,3573,8460,7723,16183,2015-10-01
G51,2696,2606,5302,5308,3274,8582,2015-10-01
G52,2157,2818,4975,7879,6198,14077,2015-10-01
G53,2694,3285,5979,8736,7111,15847,2015-10-01
G60,250,309,559,1908,1828,3736,2015-10-01
G61,1049,1228,2277,10986,10647,21633,2015-10-01
G62,581,693,1274,4997,4881,9878,2015-10-01
G63,282,373,655,3722,3791,7513,2015-10-01
G64,1220,1593,2813,9431,8739,18170,2015-10-01
G65,786,1059,1845,4145,3255,7400,2015-10-01
G66,1986,2521,4507,12909,11442,24351,2015-10-01
G67,2615,3515,6130,10515,7897,18412,2015-10-01
G68,779,976,1755,6534,6001,12535,2015-10-01
G69,1834,2297,4131,11325,9763,21088,2015-10-01
G71,1404,1884,3288,9793,8681,18474,2015-10-01
G72,2724,3505,6229,14841,12633,27474,2015-10-01
G73,2125,2641,4766,9599,8031,17630,2015-10-01
G74,1880,2386,4266,13007,10960,23967,2015-10-01
G75,2327,3161,5488,12690,10576,23266,2015-10-01
G76,936,1126,2062,7960,7800,15760,2015-10-01
G77,789,984,1773,9098,9125,18223,2015-10-01
G78,1432,1780,3212,7618,6585,14203,2015-10-01
G81,2888,3629,6517,11056,8819,19875,2015-10-01
G82,1579,2032,3611,8130,6883,15013,2015-10-01
G83,1505,2066,3571,8095,6681,14776,2015-10-01
G84,1178,1455,2633,7780,6929,14709,2015-10-01
GL1,2646,2864,5510,10340,7339,17679,2015-10-01
GL2,1726,2221,3947,19809,18020,37829,2015-10-01
GL3,1152,1517,2669,11358,10294,21652,2015-10-01
GL4,2272,2872,5144,16682,14649,31331,2015-10-01
GL5,1405,1550,2955,11347,10416,21763,2015-10-01
GL6,803,948,1751,9811,9506,19317,2015-10-01
GL7,1562,1925,3487,16575,15546,32121,2015-10-01
GL8,246,329,575,3344,3172,6516,2015-10-01
GL9,53,58,111,1100,1049,2149,2015-10-01
GL10,585,578,1163,5234,4629,9863,2015-10-01
GL11,565,749,1314,6937,6343,13280,2015-10-01
GL12,465,499,964,5858,5444,11302,2015-10-01
GL13,162,175,337,2368,2081,4449,2015-10-01
GL14,624,875,1499,5618,4642,10260,2015-10-01
GL15,703,915,1618,8029,7123,15152,2015-10-01
GL16,422,611,1033,4981,4489,9470,2015-10-01
GL17,387,525,912,4554,4088,8642,2015-10-01
GL18,253,304,557,3092,2729,5821,2015-10-01
GL19,221,242,463,3637,3460,7097,2015-10-01
GL20,1012,1186,2198,10679,9751,20430,2015-10-01
GL50,1157,1322,2479,7064,5888,12952,2015-10-01
GL51,2688,3262,5950,17504,15046,32550,2015-10-01
GL52,1880,2110,3990,15445,14471,29916,2015-10-01
GL53,749,818,1567,7475,7334,14809,2015-10-01
GL54,704,826,1530,9083,8614,17697,2015-10-01
GL55,157,186,343,2095,2118,4213,2015-10-01
GL56,309,331,640,3363,3315,6678,2015-10-01
GU1,1680,1883,3563,11044,9638,20682,2015-10-01
GU2,1981,2152,4133,10611,8831,19442,2015-10-01
GU3,363,418,781,4709,4506,9215,2015-10-01
GU4,515,598,1113,6463,6443,12906,2015-10-01
GU5,347,421,768,4330,4351,8681,2015-10-01
GU6,564,529,1093,5661,5605,11266,2015-10-01
GU7,1022,1160,2182,8339,7903,16242,2015-10-01
GU8,572,661,1233,6977,6870,13847,2015-10-01
GU9,1077,1375,2452,11078,10479,21557,2015-10-01
GU10,626,742,1368,9448,9198,18646,2015-10-01
GU11,1573,1925,3498,8268,6235,14503,2015-10-01
GU12,1477,1833,3310,11870,10424,22294,2015-10-01
GU13,754,10,764,531,25,556,2015-10-01
GU14,2833,3310,6143,20545,17919,38464,2015-10-01
GU15,1812,1963,3775,13924,12431,26355,2015-10-01
GU16,1076,1023,2099,9744,8706,18450,2015-10-01
GU17,587,498,1085,4827,3955,8782,2015-10-01
GU18,147,196,343,3056,2936,5992,2015-10-01
GU19,216,216,432,2316,2159,4475,2015-10-01
GU20,117,128,245,1938,1988,3926,2015-10-01
GU21,2721,3150,5871,19049,16507,35556,2015-10-01
GU22,1593,1952,3545,13397,12006,25403,2015-10-01
GU23,202,227,429,2766,2703,5469,2015-10-01
GU24,913,798,1711,6855,6400,13255,2015-10-01
GU25,326,376,702,2672,2730,5402,2015-10-01
GU26,258,259,517,2950,2903,5853,2015-10-01
GU27,701,834,1535,6870,6600,13470,2015-10-01
GU28,245,263,508,2708,2605,5313,2015-10-01
GU29,302,423,725,3640,3667,7307,2015-10-01
GU30,346,401,747,3825,3600,7425,2015-10-01
GU31,392,466,858,4370,4204,8574,2015-10-01
GU32,521,610,1131,4378,4172,8550,2015-10-01
GU33,275,343,618,3317,3200,6517,2015-10-01
GU34,1077,1343,2420,11669,10850,22519,2015-10-01
GU35,1095,1269,2364,9591,8176,17767,2015-10-01
GU46,435,494,929,6207,5872,12079,2015-10-01
GU47,661,778,1439,7704,7147,14851,2015-10-01
GU51,690,751,1441,9160,8591,17751,2015-10-01
GU52,400,497,897,6370,6179,12549,2015-10-01
HA0,10840,8224,19064,17451,10501,27952,2015-10-01
HA1,3919,4045,7964,13686,10242,23928,2015-10-01
HA2,5224,5772,10996,20503,15576,36079,2015-10-01
HA3,7286,7404,14690,27677,20694,48371,2015-10-01
HA4,2459,2887,5346,19065,17042,36107,2015-10-01
HA5,2205,2553,4758,17979,16690,34669,2015-10-01
HA6,1117,1369,2486,9271,8738,18009,2015-10-01
HA7,2387,2848,5235,14383,12268,26651,2015-10-01
HA8,7257,7472,14729,25332,18998,44330,2015-10-01
HA9,8089,6611,14700,18257,11636,29893,2015-10-01
HD1,2214,2001,4215,5589,3427,9016,2015-10-01
HD2,1880,2548,4428,8897,7158,16055,2015-10-01
HD3,1384,1904,3288,10179,8884,19063,2015-10-01
HD4,1606,2171,3777,9244,7474,16718,2015-10-01
HD5,1694,2301,3995,9620,7967,17587,2015-10-01
HD6,1213,1559,2772,9309,8002,17311,2015-10-01
HD7,934,1280,2214,8164,7134,15298,2015-10-01
HD8,970,1314,2284,12504,11588,24092,2015-10-01
HD9,1290,1552,2842,12879,11718,24597,2015-10-01
HG1,1559,1904,3463,12015,10830,22845,2015-10-01
HG2,1354,1558,2912,11699,11282,22981,2015-10-01
HG3,857,1015,1872,10400,10046,20446,2015-10-01
HG4,883,1139,2022,9367,8598,17965,2015-10-01
HG5,593,742,1335,7155,6566,13721,2015-10-01
HP1,1109,1360,2469,9165,8280,17445,2015-10-01
HP2,2148,2848,4996,13826,11582,25408,2015-10-01
HP3,1418,1736,3154,12054,10592,22646,2015-10-01
HP4,798,841,1639,9390,9161,18551,2015-10-01
HP5,1151,1393,2544,9602,8615,18217,2015-10-01
HP6,569,558,1127,5414,5260,10674,2015-10-01
HP7,402,457,859,4247,4052,8299,2015-10-01
HP8,206,226,432,2927,2970,5897,2015-10-01
HP9,616,651,1267,7056,7105,14161,2015-10-01
HP10,580,655,1235,7972,7817,15789,2015-10-01
HP11,880,974,1854,5012,3955,8967,2015-10-01
HP12,1336,1748,3084,7755,5957,13712,2015-10-01
HP13,2325,2923,5248,15151,12634,27785,2015-10-01
HP14,572,622,1194,7160,6737,13897,2015-10-01
HP15,455,533,988,7151,6909,14060,2015-10-01
HP16,331,396,727,4886,4904,9790,2015-10-01
HP17,295,315,610,3991,3920,7911,2015-10-01
HP18,438,440,878,5412,5216,10628,2015-10-01
HP19,1200,1517,2717,7959,6698,14657,2015-10-01
HP20,848,1007,1855,4975,3964,8939,2015-10-01
HP21,1689,2204,3893,11662,9949,21611,2015-10-01
HP22,809,808,1617,10075,9861,19936,2015-10-01
HP23,620,721,1341,6898,6571,13469,2015-10-01
HP27,401,423,824,4944,4831,9775,2015-10-01
HR1,1228,1398,2626,11734,10772,22506,2015-10-01
HR2,1739,2265,4004,13395,11735,25130,2015-10-01
HR3,184,213,397,3063,2872,5935,2015-10-01
HR4,1213,1451,2664,10793,9477,20270,2015-10-01
HR5,139,176,315,1811,1625,3436,2015-10-01
HR6,743,943,1686,7666,6884,14550,2015-10-01
HR7,193,243,436,2828,2466,5294,2015-10-01
HR8,465,595,1060,5380,4986,10366,2015-10-01
HR9,647,825,1472,8233,7560,15793,2015-10-01
HS1,299,375,674,1531,1263,2794,2015-10-01
HS2,547,752,1299,5026,4190,9216,2015-10-01
HS3,62,88,150,465,335,800,2015-10-01
HS4,18,17,35,92,67,159,2015-10-01
HS5,12,21,33,95,71,166,2015-10-01
HS6,63,104,167,616,538,1154,2015-10-01
HS7,80,108,188,477,386,863,2015-10-01
HS8,102,124,226,700,546,1246,2015-10-01
HS9,79,63,142,408,377,785,2015-10-01
HU1,296,213,509,852,348,1200,2015-10-01
HU2,418,368,786,932,360,1292,2015-10-01
HU3,2913,2891,5804,6204,3241,9445,2015-10-01
HU4,1440,1820,3260,7199,5498,12697,2015-10-01
HU5,3374,3786,7160,14039,10586,24625,2015-10-01
HU6,2643,3167,5810,8476,5881,14357,2015-10-01
HU7,3021,3773,6794,12267,9278,21545,2015-10-01
HU8,2206,2831,5037,10548,7926,18474,2015-10-01
HU9,3177,3918,7095,10428,6906,17334,2015-10-01
HU10,587,759,1346,7258,6737,13995,2015-10-01
HU11,370,519,889,5152,4439,9591,2015-10-01
HU12,895,1238,2133,9931,8541,18472,2015-10-01
HU13,605,891,1496,5228,4490,9718,2015-10-01
HU14,239,241,480,3368,3253,6621,2015-10-01
HU15,618,820,1438,9100,8493,17593,2015-10-01
HU16,586,707,1293,5823,5176,10999,2015-10-01
HU17,1627,1919,3546,16074,14483,30557,2015-10-01
HU18,361,475,836,3167,2680,5847,2015-10-01
HU19,462,529,991,2358,1578,3936,2015-10-01
HU20,25,32,57,377,356,733,2015-10-01
HX1,1716,2312,4028,6268,3892,10160,2015-10-01
HX2,1929,2636,4565,12154,10090,22244,2015-10-01
HX3,2108,2777,4885,15665,13155,28820,2015-10-01
HX4,419,582,1001,4486,4115,8601,2015-10-01
HX5,500,686,1186,3242,2617,5859,2015-10-01
HX6,857,1137,1994,6562,5593,12155,2015-10-01
HX7,651,778,1429,4616,4470,9086,2015-10-01
IG1,10384,8583,18967,20482,12234,32716,2015-10-01
IG2,2677,2809,5486,9637,6941,16578,2015-10-01
IG3,4580,4194,8774,12758,8238,20996,2015-10-01
IG4,761,874,1635,3523,2698,6221,2015-10-01
IG5,1110,1313,2423,6138,5097,11235,2015-10-01
IG6,1865,2274,4139,9729,7844,17573,2015-10-01
IG7,1120,1394,2514,7684,6835,14519,2015-10-01
IG8,2050,2460,4510,13399,11935,25334,2015-10-01
IG9,521,564,1085,4953,4753,9706,2015-10-01
IG10,1405,1744,3149,11569,10911,22480,2015-10-01
IG11,7871,7281,15152,15237,8819,24056,2015-10-01
IP1,2406,2634,5040,12679,9629,22308,2015-10-01
IP2,1766,2286,4052,9991,7485,17476,2015-10-01
IP3,1642,2148,3790,11153,8847,20000,2015-10-01
IP4,1744,2013,3757,12567,10707,23274,2015-10-01
IP5,548,623,1171,7406,6935,14341,2015-10-01
IP6,428,529,957,6515,5993,12508,2015-10-01
IP7,505,625,1130,6142,5508,11650,2015-10-01
IP8,309,386,695,4398,3958,8356,2015-10-01
IP9,328,397,725,4439,4222,8661,2015-10-01
IP10,73,95,168,1415,1328,2743,2015-10-01
IP11,1081,1509,2590,11249,9497,20746,2015-10-01
IP12,827,949,1776,9369,8890,18259,2015-10-01
IP13,582,643,1225,7268,6893,14161,2015-10-01
IP14,1235,1527,2762,14730,13163,27893,2015-10-01
IP15,69,88,157,864,934,1798,2015-10-01
IP16,324,368,692,2371,2003,4374,2015-10-01
IP17,332,454,786,4391,4234,8625,2015-10-01
IP18,134,141,275,1413,1392,2805,2015-10-01
IP19,250,332,582,3988,3648,7636,2015-10-01
IP20,244,284,528,3124,2838,5962,2015-10-01
IP21,263,331,594,4552,4212,8764,2015-10-01
IP22,766,832,1598,8406,7612,16018,2015-10-01
IP23,222,277,499,2881,2674,5555,2015-10-01
IP24,1607,2024,3631,8785,6979,15764,2015-10-01
IP25,626,760,1386,6550,5755,12305,2015-10-01
IP26,297,390,687,3309,3034,6343,2015-10-01
IP27,883,1067,1950,5786,5020,10806,2015-10-01
IP28,963,1220,2183,8291,7740,16031,2015-10-01
IP29,215,283,498,3595,3425,7020,2015-10-01
IP30,355,473,828,5509,5181,10690,2015-10-01
IP31,532,691,1223,8140,7477,15617,2015-10-01
IP32,716,940,1656,5473,4926,10399,2015-10-01
IP33,1037,1261,2298,8243,7241,15484,2015-10-01
IV1,155,134,289,898,767,1665,2015-10-01
IV2,2174,2826,5000,16625,14851,31476,2015-10-01
IV3,1322,1632,2954,5776,4538,10314,2015-10-01
IV4,160,210,370,1732,1555,3287,2015-10-01
IV5,50,62,112,508,472,980,2015-10-01
IV6,169,194,363,1694,1520,3214,2015-10-01
IV7,204,257,461,2214,2093,4307,2015-10-01
IV8,33,33,66,341,331,672,2015-10-01
IV9,52,62,114,456,430,886,2015-10-01
IV10,98,125,223,965,916,1881,2015-10-01
IV11,56,53,109,322,292,614,2015-10-01
IV12,628,733,1361,4462,4033,8495,2015-10-01
IV13,13,23,36,268,207,475,2015-10-01
IV14,90,109,199,813,741,1554,2015-10-01
IV15,319,377,696,1888,1630,3518,2015-10-01
IV16,61,69,130,690,643,1333,2015-10-01
IV17,372,426,798,2052,1708,3760,2015-10-01
IV18,320,402,722,2046,1717,3763,2015-10-01
IV19,228,289,517,1687,1501,3188,2015-10-01
IV20,153,200,353,1144,990,2134,2015-10-01
IV21,43,50,93,449,393,842,2015-10-01
IV22,59,65,124,596,514,1110,2015-10-01
IV23,33,44,77,360,298,658,2015-10-01
IV24,47,67,114,564,526,1090,2015-10-01
IV25,80,112,192,931,866,1797,2015-10-01
IV26,95,124,219,704,661,1365,2015-10-01
IV27,164,167,331,1485,1269,2754,2015-10-01
IV28,14,15,29,182,186,368,2015-10-01
IV30,1581,2064,3645,11607,10074,21681,2015-10-01
IV31,364,457,821,2587,2162,4749,2015-10-01
IV32,209,200,409,1864,1696,3560,2015-10-01
IV33,1,0,1,0,0,0,2015-10-01
IV36,682,933,1615,5689,4996,10685,2015-10-01
IV40,124,182,306,943,810,1753,2015-10-01
IV41,30,20,50,137,116,253,2015-10-01
IV42,16,22,38,205,168,373,2015-10-01
IV43,12,19,31,109,96,205,2015-10-01
IV44,12,10,22,104,100,204,2015-10-01
IV45,13,7,20,112,101,213,2015-10-01
IV46,2,5,7,36,29,65,2015-10-01
IV47,16,29,45,233,190,423,2015-10-01
IV48,0,5,5,42,38,80,2015-10-01
IV49,56,57,113,437,352,789,2015-10-01
IV51,224,315,539,1988,1724,3712,2015-10-01
IV52,19,28,47,124,144,268,2015-10-01
IV53,8,5,13,65,54,119,2015-10-01
IV54,58,77,135,568,453,1021,2015-10-01
IV55,49,54,103,515,443,958,2015-10-01
IV56,8,12,20,145,114,259,2015-10-01
IV63,105,131,236,988,936,1924,2015-10-01
KA1,1395,1871,3266,9320,7840,17160,2015-10-01
KA2,283,402,685,2555,2252,4807,2015-10-01
KA3,1874,2418,4292,12659,11053,23712,2015-10-01
KA4,249,339,588,1894,1701,3595,2015-10-01
KA5,413,622,1035,3543,2900,6443,2015-10-01
KA6,1002,1334,2336,6360,5303,11663,2015-10-01
KA7,1199,1459,2658,10198,9440,19638,2015-10-01
KA8,1182,1582,2764,5447,4068,9515,2015-10-01
KA9,662,781,1443,5830,5387,11217,2015-10-01
KA10,636,829,1465,5799,5389,11188,2015-10-01
KA11,1129,1677,2806,6910,5681,12591,2015-10-01
KA12,1167,1557,2724,5381,4123,9504,2015-10-01
KA13,983,1379,2362,5465,4538,10003,2015-10-01
KA14,27,33,60,197,158,355,2015-10-01
KA15,346,446,792,2535,2212,4747,2015-10-01
KA16,177,187,364,1153,879,2032,2015-10-01
KA17,154,221,375,1535,1271,2806,2015-10-01
KA18,1074,1556,2630,7027,5381,12408,2015-10-01
KA19,362,472,834,2691,2286,4977,2015-10-01
KA20,640,860,1500,2543,1924,4467,2015-10-01
KA21,815,934,1749,3771,3077,6848,2015-10-01
KA22,660,933,1593,3414,2861,6275,2015-10-01
KA23,213,283,496,1997,1874,3871,2015-10-01
KA24,275,428,703,2037,1728,3765,2015-10-01
KA25,420,537,957,2154,1760,3914,2015-10-01
KA26,514,725,1239,3677,3038,6715,2015-10-01
KA27,231,294,525,1744,1645,3389,2015-10-01
KA28,50,71,121,447,378,825,2015-10-01
KA29,48,72,120,602,559,1161,2015-10-01
KA30,412,632,1044,4113,3682,7795,2015-10-01
KT1,1735,1833,3568,7388,5846,13234,2015-10-01
KT2,1985,2357,4342,11305,10321,21626,2015-10-01
KT3,2948,3279,6227,15307,13063,28370,2015-10-01
KT4,1487,1631,3118,11386,10358,21744,2015-10-01
KT5,1238,1280,2518,7513,6469,13982,2015-10-01
KT6,1833,2184,4017,11442,9914,21356,2015-10-01
KT7,408,446,854,3973,3929,7902,2015-10-01
KT8,988,1090,2078,7816,7372,15188,2015-10-01
KT9,1229,1401,2630,7812,6856,14668,2015-10-01
KT10,902,910,1812,9045,9082,18127,2015-10-01
KT11,845,870,1715,7025,7184,14209,2015-10-01
KT12,1617,1878,3495,14719,13997,28716,2015-10-01
KT13,956,1023,1979,9935,9735,19670,2015-10-01
KT14,595,595,1190,5252,5172,10424,2015-10-01
KT15,1083,1145,2228,10840,9924,20764,2015-10-01
KT16,778,960,1738,7485,6871,14356,2015-10-01
KT17,1035,1054,2089,9239,8555,17794,2015-10-01
KT18,663,809,1472,6440,6347,12787,2015-10-01
KT19,1873,2151,4024,12755,11485,24240,2015-10-01
KT20,660,798,1458,8385,8008,16393,2015-10-01
KT21,435,496,931,5350,5381,10731,2015-10-01
KT22,1035,1039,2074,9649,9198,18847,2015-10-01
KT23,345,358,703,4365,4387,8752,2015-10-01
KT24,266,302,568,3939,4020,7959,2015-10-01
KW1,523,568,1091,3774,3204,6978,2015-10-01
KW2,4,3,7,28,29,57,2015-10-01
KW3,41,57,98,401,327,728,2015-10-01
KW5,8,10,18,122,116,238,2015-10-01
KW6,11,10,21,152,118,270,2015-10-01
KW7,2,4,6,46,38,84,2015-10-01
KW8,26,44,70,317,269,586,2015-10-01
KW9,74,96,170,645,553,1198,2015-10-01
KW10,88,98,186,607,531,1138,2015-10-01
KW11,4,8,12,49,39,88,2015-10-01
KW12,48,62,110,665,585,1250,2015-10-01
KW13,3,6,9,40,36,76,2015-10-01
KW14,637,796,1433,4467,3712,8179,2015-10-01
KW15,416,508,924,2767,2474,5241,2015-10-01
KW16,161,217,378,1325,1161,2486,2015-10-01
KW17,385,477,862,3386,3057,6443,2015-10-01
KY1,1332,1689,3021,7964,6403,14367,2015-10-01
KY2,1443,2014,3457,10081,8532,18613,2015-10-01
KY3,505,666,1171,3880,3431,7311,2015-10-01
KY4,1058,1481,2539,7210,5647,12857,2015-10-01
KY5,1050,1561,2611,6371,4871,11242,2015-10-01
KY6,1074,1411,2485,6272,5240,11512,2015-10-01
KY7,1431,1928,3359,9272,7919,17191,2015-10-01
KY8,1883,2440,4323,11183,9140,20323,2015-10-01
KY9,56,80,136,747,724,1471,2015-10-01
KY10,350,512,862,3243,2922,6165,2015-10-01
KY11,2981,3921,6902,20359,17732,38091,2015-10-01
KY12,1735,2180,3915,13912,12091,26003,2015-10-01
KY13,350,407,757,4319,4311,8630,2015-10-01
KY14,239,306,545,2588,2303,4891,2015-10-01
KY15,809,1044,1853,7965,7427,15392,2015-10-01
KY16,1081,1330,2411,6249,5591,11840,2015-10-01
L1,450,443,893,1137,638,1775,2015-10-01
L2,74,36,110,203,96,299,2015-10-01
L3,888,877,1765,2877,1814,4691,2015-10-01
L4,3650,4592,8242,9354,5991,15345,2015-10-01
L5,1339,1652,2991,2744,1554,4298,2015-10-01
L6,2395,2589,4984,4618,2560,7178,2015-10-01
L7,2208,2042,4250,3298,1719,5017,2015-10-01
L8,3858,3884,7742,6132,3575,9707,2015-10-01
L9,2168,2902,5070,8659,6413,15072,2015-10-01
L10,864,1267,2131,4894,3915,8809,2015-10-01
L11,2302,3075,5377,6195,4346,10541,2015-10-01
L12,1667,2202,3869,10553,9095,19648,2015-10-01
L13,2509,3124,5633,7965,5636,13601,2015-10-01
L14,2030,2921,4951,6947,5238,12185,2015-10-01
L15,2229,2614,4843,6918,5177,12095,2015-10-01
L16,687,880,1567,5339,4839,10178,2015-10-01
L17,1512,1624,3136,6772,5679,12451,2015-10-01
L18,1253,1529,2782,8695,7916,16611,2015-10-01
L19,1488,1727,3215,7274,6166,13440,2015-10-01
L20,2941,3427,6368,7761,5142,12903,2015-10-01
L21,1903,2457,4360,6696,4939,11635,2015-10-01
L22,949,1045,1994,4460,3659,8119,2015-10-01
L23,1556,1891,3447,10813,9832,20645,2015-10-01
L24,1243,1639,2882,3990,2828,6818,2015-10-01
L25,1921,2351,4272,11198,9324,20522,2015-10-01
L26,1003,1290,2293,4927,4267,9194,2015-10-01
L27,554,754,1308,1650,1138,2788,2015-10-01
L28,603,815,1418,1545,872,2417,2015-10-01
L29,31,21,52,203,197,400,2015-10-01
L30,1434,1921,3355,5465,4095,9560,2015-10-01
L31,1238,1570,2808,11460,10127,21587,2015-10-01
L32,1719,2304,4023,5573,3913,9486,2015-10-01
L33,1490,2048,3538,4542,3271,7813,2015-10-01
L34,579,720,1299,4278,3462,7740,2015-10-01
L35,1626,2303,3929,10407,8270,18677,2015-10-01
L36,3038,4132,7170,11557,8890,20447,2015-10-01
L37,798,902,1700,9122,8791,17913,2015-10-01
L38,83,116,199,1113,1052,2165,2015-10-01
L39,955,1170,2125,9956,9190,19146,2015-10-01
L40,571,625,1196,7275,6673,13948,2015-10-01
L41,82,73,155,40,20,60,2015-10-01
L42,44,36,80,60,27,87,2015-10-01
L43,79,126,205,174,162,336,2015-10-01
L44,37,29,66,39,15,54,2015-10-01
L45,14,18,32,52,36,88,2015-10-01
L46,14,18,32,51,23,74,2015-10-01
L47,12,12,24,50,34,84,2015-10-01
L48,10,11,21,59,55,114,2015-10-01
L49,16,30,46,42,39,81,2015-10-01
L60,3,16,19,125,130,255,2015-10-01
L61,9,10,19,48,62,110,2015-10-01
L62,22,26,48,50,47,97,2015-10-01
L63,13,11,24,74,39,113,2015-10-01
L64,20,21,41,124,122,246,2015-10-01
L65,17,18,35,41,29,70,2015-10-01
L66,21,36,57,122,113,235,2015-10-01
L69,20,5,25,36,5,41,2015-10-01
L71,0,1,1,0,0,0,2015-10-01
LA1,3000,3655,6655,14287,11702,25989,2015-10-01
LA2,639,780,1419,8316,7865,16181,2015-10-01
LA3,1304,1578,2882,8714,7368,16082,2015-10-01
LA4,1397,1678,3075,8525,7111,15636,2015-10-01
LA5,478,617,1095,6294,6024,12318,2015-10-01
LA6,298,393,691,5300,5089,10389,2015-10-01
LA7,129,157,286,2042,1948,3990,2015-10-01
LA8,182,218,400,3781,3628,7409,2015-10-01
LA9,1108,1394,2502,11071,9964,21035,2015-10-01
LA10,103,102,205,1402,1311,2713,2015-10-01
LA11,208,306,514,3898,3776,7674,2015-10-01
LA12,673,788,1461,7905,7102,15007,2015-10-01
LA13,988,1222,2210,6712,5720,12432,2015-10-01
LA14,2434,2893,5327,11764,9165,20929,2015-10-01
LA15,335,463,798,2773,2391,5164,2015-10-01
LA16,98,147,245,1297,1131,2428,2015-10-01
LA17,20,30,50,493,455,948,2015-10-01
LA18,352,490,842,2895,2332,5227,2015-10-01
LA19,25,30,55,419,374,793,2015-10-01
LA20,17,34,51,546,490,1036,2015-10-01
LA21,32,36,68,412,350,762,2015-10-01
LA22,221,226,447,1864,1697,3561,2015-10-01
LA23,407,430,837,3307,2957,6264,2015-10-01
LD1,348,469,817,4269,3825,8094,2015-10-01
LD2,164,175,339,2160,1951,4111,2015-10-01
LD3,746,887,1633,7419,6652,14071,2015-10-01
LD4,16,21,37,312,276,588,2015-10-01
LD5,33,45,78,450,380,830,2015-10-01
LD6,76,131,207,1065,940,2005,2015-10-01
LD7,133,164,297,1844,1632,3476,2015-10-01
LD8,112,144,256,1814,1653,3467,2015-10-01
LE1,1301,1217,2518,2237,1050,3287,2015-10-01
LE2,8186,9294,17480,33652,26532,60184,2015-10-01
LE3,6719,8312,15031,30423,22924,53347,2015-10-01
LE4,7710,9495,17205,30406,22281,52687,2015-10-01
LE5,7304,8254,15558,25862,18539,44401,2015-10-01
LE6,369,453,822,4777,4299,9076,2015-10-01
LE7,1345,1717,3062,17670,16232,33902,2015-10-01
LE8,1001,1254,2255,13496,12734,26230,2015-10-01
LE9,1721,2244,3965,21417,18960,40377,2015-10-01
LE10,1642,2026,3668,18444,16230,34674,2015-10-01
LE11,3442,3660,7102,18301,13882,32183,2015-10-01
LE12,1903,2452,4355,23988,21790,45778,2015-10-01
LE13,1058,1379,2437,9608,8266,17874,2015-10-01
LE14,416,555,971,7165,6672,13837,2015-10-01
LE15,965,1335,2300,11948,11093,23041,2015-10-01
LE16,1184,1387,2571,12965,12059,25024,2015-10-01
LE17,552,682,1234,8505,7720,16225,2015-10-01
LE18,1324,1778,3102,11450,9773,21223,2015-10-01
LE19,434,614,1048,5486,5025,10511,2015-10-01
LE65,499,628,1127,5367,4885,10252,2015-10-01
LE67,2155,2715,4870,21272,18205,39477,2015-10-01
LL11,1775,2320,4095,12466,10321,22787,2015-10-01
LL12,1184,1372,2556,10280,9113,19393,2015-10-01
LL13,2099,2388,4487,10422,8396,18818,2015-10-01
LL14,1616,2335,3951,10700,8607,19307,2015-10-01
LL15,349,451,800,3917,3600,7517,2015-10-01
LL16,667,829,1496,5557,4954,10511,2015-10-01
LL17,180,227,407,2057,1937,3994,2015-10-01
LL18,2461,3203,5664,13342,11080,24422,2015-10-01
LL19,977,1287,2264,6911,6051,12962,2015-10-01
LL20,335,378,713,3076,2654,5730,2015-10-01
LL21,231,275,506,2531,2235,4766,2015-10-01
LL22,673,875,1548,6709,5835,12544,2015-10-01
LL23,116,153,269,1531,1323,2854,2015-10-01
LL24,58,83,141,859,730,1589,2015-10-01
LL25,19,16,35,176,163,339,2015-10-01
LL26,182,262,444,1591,1343,2934,2015-10-01
LL27,38,52,90,317,254,571,2015-10-01
LL28,484,642,1126,5061,4679,9740,2015-10-01
LL29,1154,1418,2572,6566,5630,12196,2015-10-01
LL30,1058,1306,2364,7184,6184,13368,2015-10-01
LL31,381,500,881,3321,3009,6330,2015-10-01
LL32,298,370,668,2376,2174,4550,2015-10-01
LL33,193,239,432,1363,1219,2582,2015-10-01
LL34,197,289,486,1477,1292,2769,2015-10-01
LL35,19,21,40,302,243,545,2015-10-01
LL36,151,212,363,1625,1413,3038,2015-10-01
LL37,20,20,40,213,181,394,2015-10-01
LL38,13,33,46,271,217,488,2015-10-01
LL39,12,16,28,92,71,163,2015-10-01
LL40,156,191,347,1477,1306,2783,2015-10-01
LL41,331,403,734,2122,1650,3772,2015-10-01
LL42,140,180,320,738,595,1333,2015-10-01
LL43,12,20,32,207,185,392,2015-10-01
LL44,21,48,69,373,353,726,2015-10-01
LL45,26,25,51,234,223,457,2015-10-01
LL46,49,72,121,663,627,1290,2015-10-01
LL47,13,25,38,229,188,417,2015-10-01
LL48,93,133,226,867,764,1631,2015-10-01
LL49,212,224,436,1495,1205,2700,2015-10-01
LL51,22,29,51,347,282,629,2015-10-01
LL52,85,104,189,979,901,1880,2015-10-01
LL53,467,607,1074,5967,5339,11306,2015-10-01
LL54,385,534,919,4007,3503,7510,2015-10-01
LL55,960,1271,2231,7078,6070,13148,2015-10-01
LL56,106,91,197,767,702,1469,2015-10-01
LL57,1528,1656,3184,7169,5797,12966,2015-10-01
LL58,131,196,327,1377,1255,2632,2015-10-01
LL59,247,266,513,2003,1932,3935,2015-10-01
LL60,97,99,196,1099,1057,2156,2015-10-01
LL61,200,237,437,2257,2119,4376,2015-10-01
LL62,64,55,119,679,648,1327,2015-10-01
LL63,41,64,105,528,471,999,2015-10-01
LL64,38,36,74,319,298,617,2015-10-01
LL65,1219,1452,2671,8065,6718,14783,2015-10-01
LL66,8,9,17,110,94,204,2015-10-01
LL67,53,94,147,521,451,972,2015-10-01
LL68,238,330,568,2235,1905,4140,2015-10-01
LL69,29,28,57,264,223,487,2015-10-01
LL70,9,11,20,110,111,221,2015-10-01
LL71,65,84,149,726,625,1351,2015-10-01
LL72,27,48,75,278,250,528,2015-10-01
LL73,2,4,6,106,96,202,2015-10-01
LL74,72,84,156,938,897,1835,2015-10-01
LL75,50,53,103,558,519,1077,2015-10-01
LL76,13,8,21,118,99,217,2015-10-01
LL77,251,375,626,2447,2251,4698,2015-10-01
LL78,12,17,29,198,200,398,2015-10-01
LN1,1133,1382,2515,9199,7918,17117,2015-10-01
LN2,1980,2404,4384,12812,10916,23728,2015-10-01
LN3,245,336,581,3654,3228,6882,2015-10-01
LN4,1242,1640,2882,14836,13115,27951,2015-10-01
LN5,1666,1890,3556,10862,8881,19743,2015-10-01
LN6,2380,3020,5400,20004,17464,37468,2015-10-01
LN7,184,258,442,2478,2240,4718,2015-10-01
LN8,546,695,1241,6818,6126,12944,2015-10-01
LN9,327,367,694,3697,3271,6968,2015-10-01
LN10,148,192,340,2454,2248,4702,2015-10-01
LN11,1055,1279,2334,10630,9586,20216,2015-10-01
LN12,548,692,1240,4797,3658,8455,2015-10-01
LN13,283,328,611,3068,2698,5766,2015-10-01
LS1,221,183,404,766,433,1199,2015-10-01
LS2,807,647,1454,1205,539,1744,2015-10-01
LS3,300,276,576,471,238,709,2015-10-01
LS4,713,728,1441,2099,1394,3493,2015-10-01
LS5,558,660,1218,2235,1667,3902,2015-10-01
LS6,2961,2873,5834,8238,6002,14240,2015-10-01
LS7,2880,3342,6222,7788,6098,13886,2015-10-01
LS8,4150,4597,8747,14049,10808,24857,2015-10-01
LS9,3815,4408,8223,8144,4527,12671,2015-10-01
LS10,2674,3618,6292,9408,6289,15697,2015-10-01
LS11,3318,3778,7096,8427,4679,13106,2015-10-01
LS12,2936,3543,6479,11572,8160,19732,2015-10-01
LS13,2393,3285,5678,10496,8011,18507,2015-10-01
LS14,2441,3372,5813,9574,7100,16674,2015-10-01
LS15,1683,2165,3848,12277,10336,22613,2015-10-01
LS16,1682,2074,3756,12793,11497,24290,2015-10-01
LS17,1688,2418,4106,16788,15279,32067,2015-10-01
LS18,1117,977,2094,7696,6526,14222,2015-10-01
LS19,769,1036,1805,7322,6602,13924,2015-10-01
LS20,434,540,974,4552,4272,8824,2015-10-01
LS21,666,844,1510,6673,6072,12745,2015-10-01
LS22,486,592,1078,6180,6002,12182,2015-10-01
LS23,255,304,559,3294,3134,6428,2015-10-01
LS24,404,464,868,4551,4127,8678,2015-10-01
LS25,1541,2120,3661,14857,13032,27889,2015-10-01
LS26,1271,1864,3135,10580,9004,19584,2015-10-01
LS27,1789,2400,4189,12112,9856,21968,2015-10-01
LS28,1648,2295,3943,13660,12033,25693,2015-10-01
LS29,1023,1162,2185,12190,11955,24145,2015-10-01
LU1,5137,4630,9767,13092,8128,21220,2015-10-01
LU2,3670,4443,8113,20628,16614,37242,2015-10-01
LU3,4804,5924,10728,20736,15412,36148,2015-10-01
LU4,4700,5793,10493,16714,11074,27788,2015-10-01
LU5,2009,2553,4562,13910,11661,25571,2015-10-01
LU6,1225,1553,2778,12607,11082,23689,2015-10-01
LU7,1915,2385,4300,21870,19594,41464,2015-10-01
M1,814,523,1337,2336,1094,3430,2015-10-01
M2,9,9,18,31,20,51,2015-10-01
M3,871,719,1590,2947,1615,4562,2015-10-01
M4,745,624,1369,2433,1471,3904,2015-10-01
M5,1488,1574,3062,3863,2344,6207,2015-10-01
M6,2828,2985,5813,8923,6182,15105,2015-10-01
M7,2822,2476,5298,7217,4706,11923,2015-10-01
M8,4500,3875,8375,8936,4849,13785,2015-10-01
M9,3486,4349,7835,9999,7214,17213,2015-10-01
M10,60,48,108,42,9,51,2015-10-01
M11,2232,2782,5014,4867,3007,7874,2015-10-01
M12,2807,2341,5148,3995,1965,5960,2015-10-01
M13,3523,2754,6277,5151,2570,7721,2015-10-01
M14,5469,4673,10142,9651,5645,15296,2015-10-01
M15,2258,1802,4060,4664,2460,7124,2015-10-01
M16,3504,3737,7241,10260,7474,17734,2015-10-01
M17,0,2,2,7,4,11,2015-10-01
M18,2301,2679,4980,5490,3565,9055,2015-10-01
M19,3655,3659,7314,10325,7396,17721,2015-10-01
M20,3080,3271,6351,14948,12807,27755,2015-10-01
M21,2011,2232,4243,9501,8307,17808,2015-10-01
M22,3441,4140,7581,11360,8613,19973,2015-10-01
M23,2212,2824,5036,8898,7105,16003,2015-10-01
M24,3037,3755,6792,14727,11749,26476,2015-10-01
M25,1736,2129,3865,10691,9086,19777,2015-10-01
M26,1867,2371,4238,11449,9629,21078,2015-10-01
M27,2167,2716,4883,13270,10947,24217,2015-10-01
M28,1654,2076,3730,14080,12516,26596,2015-10-01
M29,945,1236,2181,8414,7392,15806,2015-10-01
M30,2519,2951,5470,10985,8362,19347,2015-10-01
M31,684,804,1488,2404,1973,4377,2015-10-01
M32,1951,2338,4289,9122,7626,16748,2015-10-01
M33,2700,3146,5846,21924,19893,41817,2015-10-01
M34,2457,3089,5546,15792,12980,28772,2015-10-01
M35,1170,1407,2577,6731,5448,12179,2015-10-01
M38,1024,1390,2414,3578,2465,6043,2015-10-01
M40,3805,4589,8394,10789,7571,18360,2015-10-01
M41,1843,2122,3965,15015,13703,28718,2015-10-01
M43,1310,1850,3160,7568,6083,13651,2015-10-01
M44,1055,1408,2463,6510,5219,11729,2015-10-01
M45,1151,1526,2677,7802,6888,14690,2015-10-01
M46,1043,1370,2413,7246,5762,13008,2015-10-01
M50,202,195,397,1085,680,1765,2015-10-01
M60,36,12,48,64,14,78,2015-10-01
M90,1,0,1,1,0,1,2015-10-01
ME1,1638,2072,3710,10504,8899,19403,2015-10-01
ME2,1945,2584,4529,14169,12046,26215,2015-10-01
ME3,950,1283,2233,10766,9479,20245,2015-10-01
ME4,2374,2736,5110,9008,6232,15240,2015-10-01
ME5,2345,3353,5698,19060,16395,35455,2015-10-01
ME6,439,627,1066,3741,3256,6997,2015-10-01
ME7,3312,4312,7624,16218,12689,28907,2015-10-01
ME8,2029,2610,4639,18511,16355,34866,2015-10-01
ME9,743,875,1618,8420,7576,15996,2015-10-01
ME10,2352,2988,5340,16170,13579,29749,2015-10-01
ME11,251,325,576,1091,832,1923,2015-10-01
ME12,1992,2626,4618,12884,10301,23185,2015-10-01
ME13,1197,1547,2744,9932,8779,18711,2015-10-01
ME14,1317,1520,2837,11949,10269,22218,2015-10-01
ME15,2308,2859,5167,17258,14437,31695,2015-10-01
ME16,1265,1648,2913,11266,9513,20779,2015-10-01
ME17,650,801,1451,9143,8229,17372,2015-10-01
ME18,239,233,472,2895,2710,5605,2015-10-01
ME19,691,803,1494,8142,7830,15972,2015-10-01
ME20,714,943,1657,7801,7136,14937,2015-10-01
MK1,72,58,130,285,164,449,2015-10-01
MK2,1229,1592,2821,4656,3402,8058,2015-10-01
MK3,1234,1661,2895,8137,6930,15067,2015-10-01
MK4,915,1300,2215,7524,7069,14593,2015-10-01
MK5,778,950,1728,5500,5052,10552,2015-10-01
MK6,3180,3808,6988,8512,5747,14259,2015-10-01
MK7,745,901,1646,5400,4894,10294,2015-10-01
MK8,626,832,1458,4435,3866,8301,2015-10-01
MK9,403,365,768,1189,624,1813,2015-10-01
MK10,518,605,1123,3807,3438,7245,2015-10-01
MK11,462,615,1077,2750,2354,5104,2015-10-01
MK12,1008,1222,2230,4327,3171,7498,2015-10-01
MK13,1517,1751,3268,6520,5294,11814,2015-10-01
MK14,1637,1972,3609,7063,5418,12481,2015-10-01
MK15,371,457,828,2820,2578,5398,2015-10-01
MK16,744,909,1653,7246,6628,13874,2015-10-01
MK17,478,557,1035,7338,6926,14264,2015-10-01
MK18,1357,1426,2783,11892,11275,23167,2015-10-01
MK19,354,439,793,4616,4316,8932,2015-10-01
MK40,2430,2437,4867,10239,7438,17677,2015-10-01
MK41,2080,2547,4627,14967,13404,28371,2015-10-01
MK42,2895,3998,6893,14459,11209,25668,2015-10-01
MK43,1228,1233,2461,13073,12264,25337,2015-10-01
MK44,455,521,976,6653,6326,12979,2015-10-01
MK45,1429,1697,3126,17387,16187,33574,2015-10-01
MK46,249,322,571,3641,3479,7120,2015-10-01
ML1,3050,4006,7056,16679,13247,29926,2015-10-01
ML2,2197,2813,5010,12374,9779,22153,2015-10-01
ML3,2813,3716,6529,16801,13592,30393,2015-10-01
ML4,1424,2025,3449,6845,5238,12083,2015-10-01
ML5,2811,3706,6517,13796,10697,24493,2015-10-01
ML6,2888,3818,6706,17744,14491,32235,2015-10-01
ML7,738,1093,1831,5052,3891,8943,2015-10-01
ML8,679,1000,1679,7056,6217,13273,2015-10-01
ML9,1172,1629,2801,7883,6496,14379,2015-10-01
ML10,414,484,898,3996,3759,7755,2015-10-01
ML11,1297,1940,3237,12509,10548,23057,2015-10-01
ML12,239,361,600,3423,3138,6561,2015-10-01
N1,9969,10750,20719,23950,16943,40893,2015-10-01
N2,2083,2217,4300,8909,7992,16901,2015-10-01
N3,2241,2474,4715,11352,9678,21030,2015-10-01
N4,6802,6426,13228,14186,9553,23739,2015-10-01
N5,2212,2581,4793,7335,5822,13157,2015-10-01
N6,1326,1592,2918,7134,6350,13484,2015-10-01
N7,5587,5833,11420,12179,8218,20397,2015-10-01
N8,4416,4431,8847,12668,10001,22669,2015-10-01
N9,5895,7236,13131,14703,10424,25127,2015-10-01
N10,2221,2648,4869,9215,8078,17293,2015-10-01
N11,2817,2981,5798,10352,7828,18180,2015-10-01
N12,2480,2754,5234,11987,9990,21977,2015-10-01
N13,2904,3104,6008,11866,9088,20954,2015-10-01
N14,1881,2183,4064,11772,10010,21782,2015-10-01
N15,7701,6676,14377,12366,6907,19273,2015-10-01
N16,8761,7905,16666,17039,11384,28423,2015-10-01
N17,10901,11003,21904,16790,9968,26758,2015-10-01
N18,4157,4830,8987,8931,6025,14956,2015-10-01
N19,4082,4621,8703,9696,7367,17063,2015-10-01
N20,1173,1360,2533,7779,7093,14872,2015-10-01
N21,1157,1347,2504,9133,8211,17344,2015-10-01
N22,5956,5755,11711,13603,8958,22561,2015-10-01
NE1,649,446,1095,1605,677,2282,2015-10-01
NE2,1397,1305,2702,5438,3981,9419,2015-10-01
NE3,2752,3487,6239,17542,15076,32618,2015-10-01
NE4,4441,3886,8327,8430,4434,12864,2015-10-01
NE5,2855,4000,6855,13919,10118,24037,2015-10-01
NE6,4001,4585,8586,11325,7302,18627,2015-10-01
NE7,804,977,1781,5111,4280,9391,2015-10-01
NE8,2876,2935,5811,7633,4165,11798,2015-10-01
NE9,2089,2748,4837,11088,8445,19533,2015-10-01
NE10,2150,3000,5150,9908,6857,16765,2015-10-01
NE11,890,1268,2158,5125,3796,8921,2015-10-01
NE12,1779,2561,4340,10891,8788,19679,2015-10-01
NE13,486,642,1128,4486,3967,8453,2015-10-01
NE15,1980,2685,4665,9915,7297,17212,2015-10-01
NE16,1008,1464,2472,8883,7455,16338,2015-10-01
NE17,247,347,594,1486,1194,2680,2015-10-01
NE18,30,32,62,365,356,721,2015-10-01
NE19,45,80,125,880,831,1711,2015-10-01
NE20,320,389,709,5057,4899,9956,2015-10-01
NE21,875,1186,2061,5495,4181,9676,2015-10-01
NE22,823,1048,1871,5983,4945,10928,2015-10-01
NE23,1805,2731,4536,13359,10993,24352,2015-10-01
NE24,1930,2761,4691,11633,9024,20657,2015-10-01
NE25,1179,1593,2772,10547,9557,20104,2015-10-01
NE26,837,991,1828,6956,6300,13256,2015-10-01
NE27,563,885,1448,3930,3251,7181,2015-10-01
NE28,2852,3994,6846,12871,9497,22368,2015-10-01
NE29,2338,2997,5335,9992,7760,17752,2015-10-01
NE30,882,1080,1962,7789,7047,14836,2015-10-01
NE31,1265,1655,2920,5689,4230,9919,2015-10-01
NE32,1613,2107,3720,7365,5549,12914,2015-10-01
NE33,2110,2020,4130,7697,5355,13052,2015-10-01
NE34,3018,3961,6979,15254,11763,27017,2015-10-01
NE35,341,446,787,2017,1585,3602,2015-10-01
NE36,258,293,551,2487,2234,4721,2015-10-01
NE37,1324,1908,3232,5967,4488,10455,2015-10-01
NE38,1761,2451,4212,10792,8673,19465,2015-10-01
NE39,341,504,845,3016,2647,5663,2015-10-01
NE40,667,948,1615,5285,4442,9727,2015-10-01
NE41,57,69,126,826,792,1618,2015-10-01
NE42,536,822,1358,4207,3706,7913,2015-10-01
NE43,105,124,229,1805,1733,3538,2015-10-01
NE44,20,35,55,433,430,863,2015-10-01
NE45,99,156,255,1428,1360,2788,2015-10-01
NE46,564,756,1320,5529,5117,10646,2015-10-01
NE47,238,325,563,3067,2844,5911,2015-10-01
NE48,99,156,255,1793,1528,3321,2015-10-01
NE49,144,250,394,1571,1267,2838,2015-10-01
NE61,1163,1642,2805,11837,10437,22274,2015-10-01
NE62,378,601,979,3314,2639,5953,2015-10-01
NE63,1544,2190,3734,8428,6410,14838,2015-10-01
NE64,377,509,886,1814,1369,3183,2015-10-01
NE65,642,911,1553,7519,6649,14168,2015-10-01
NE66,522,776,1298,6400,5731,12131,2015-10-01
NE67,16,20,36,362,349,711,2015-10-01
NE68,53,62,115,726,657,1383,2015-10-01
NE69,10,11,21,158,137,295,2015-10-01
NE70,51,74,125,668,645,1313,2015-10-01
NE71,82,120,202,1122,1018,2140,2015-10-01
NE99,0,0,0,1,0,1,2015-10-01
NG1,840,654,1494,1867,980,2847,2015-10-01
NG2,3446,4078,7524,17774,14520,32294,2015-10-01
NG3,3479,4430,7909,13789,10440,24229,2015-10-01
NG4,2017,2766,4783,13686,11389,25075,2015-10-01
NG5,5312,7307,12619,26794,21962,48756,2015-10-01
NG6,2650,3797,6447,10286,7651,17937,2015-10-01
NG7,4905,4622,9527,9656,5188,14844,2015-10-01
NG8,4360,5988,10348,17555,13366,30921,2015-10-01
NG9,3785,4467,8252,24556,20639,45195,2015-10-01
NG10,2382,2922,5304,16426,13773,30199,2015-10-01
NG11,2059,2807,4866,11808,9316,21124,2015-10-01
NG12,1181,1568,2749,12492,11635,24127,2015-10-01
NG13,654,836,1490,7988,7374,15362,2015-10-01
NG14,579,704,1283,7304,6762,14066,2015-10-01
NG15,1733,2489,4222,14030,11823,25853,2015-10-01
NG16,2607,3494,6101,23086,19248,42334,2015-10-01
NG17,3304,4443,7747,23825,19310,43135,2015-10-01
NG18,2243,2658,4901,13707,11361,25068,2015-10-01
NG19,2343,3123,5466,17548,14280,31828,2015-10-01
NG20,1492,2045,3537,8233,6206,14439,2015-10-01
NG21,948,1233,2181,7856,6752,14608,2015-10-01
NG22,1090,1410,2500,9905,8558,18463,2015-10-01
NG23,446,518,964,7344,7003,14347,2015-10-01
NG24,2173,2719,4892,15518,12865,28383,2015-10-01
NG25,254,356,610,3327,3236,6563,2015-10-01
NG31,2266,2872,5138,15231,12205,27436,2015-10-01
NG32,354,420,774,5505,5136,10641,2015-10-01
NG33,279,367,646,3972,3671,7643,2015-10-01
NG34,1483,1735,3218,15358,13853,29211,2015-10-01
NN1,2869,2652,5521,9423,6060,15483,2015-10-01
NN2,2358,2742,5100,12662,9924,22586,2015-10-01
NN3,4517,5763,10280,24992,20581,45573,2015-10-01
NN4,2007,2643,4650,17186,15335,32521,2015-10-01
NN5,2081,2597,4678,13458,10741,24199,2015-10-01
NN6,978,1127,2105,13895,13261,27156,2015-10-01
NN7,805,1006,1811,11537,10908,22445,2015-10-01
NN8,3107,3845,6952,16580,13304,29884,2015-10-01
NN9,913,1215,2128,10163,8855,19018,2015-10-01
NN10,1466,1943,3409,14011,12140,26151,2015-10-01
NN11,1641,2238,3879,14256,12231,26487,2015-10-01
NN12,723,929,1652,9680,8884,18564,2015-10-01
NN13,611,770,1381,7408,6844,14252,2015-10-01
NN14,1312,1666,2978,16919,15396,32315,2015-10-01
NN15,1319,1749,3068,12891,11658,24549,2015-10-01
NN16,1909,2191,4100,9654,7421,17075,2015-10-01
NN17,1749,2243,3992,8791,6698,15489,2015-10-01
NN18,2397,3116,5513,10505,8197,18702,2015-10-01
NN29,359,428,787,4494,4132,8626,2015-10-01
NP1,66,81,147,204,162,366,2015-10-01
NP2,13,18,31,80,48,128,2015-10-01
NP3,16,29,45,64,50,114,2015-10-01
NP4,1805,2498,4303,15380,13021,28401,2015-10-01
NP5,5,12,17,34,32,66,2015-10-01
NP6,22,24,46,100,61,161,2015-10-01
NP7,826,1089,1915,9769,8920,18689,2015-10-01
NP8,135,205,340,2170,2055,4225,2015-10-01
NP9,42,32,74,116,42,158,2015-10-01
NP10,887,1122,2009,8380,7679,16059,2015-10-01
NP11,1672,2331,4003,12317,10089,22406,2015-10-01
NP12,1354,1968,3322,11192,9426,20618,2015-10-01
NP13,979,1477,2456,6427,4643,11070,2015-10-01
NP15,149,187,336,3219,3044,6263,2015-10-01
NP16,846,1045,1891,8910,8240,17150,2015-10-01
NP18,554,756,1310,6506,5835,12341,2015-10-01
NP19,3394,4294,7688,15483,11598,27081,2015-10-01
NP20,3215,3979,7194,15206,11755,26961,2015-10-01
NP22,1114,1594,2708,6864,5199,12063,2015-10-01
NP23,1563,2219,3782,10714,8271,18985,2015-10-01
NP24,287,400,687,1401,985,2386,2015-10-01
NP25,501,561,1062,5686,5300,10986,2015-10-01
NP26,752,958,1710,8523,7586,16109,2015-10-01
NP44,2308,3115,5423,15804,13191,28995,2015-10-01
NR1,1713,1709,3422,8009,6126,14135,2015-10-01
NR2,1507,1729,3236,7734,6491,14225,2015-10-01
NR3,2306,2621,4927,10054,7511,17565,2015-10-01
NR4,1069,1285,2354,6926,6148,13074,2015-10-01
NR5,1787,2197,3984,8731,7075,15806,2015-10-01
NR6,815,1090,1905,9220,7956,17176,2015-10-01
NR7,1178,1409,2587,11687,10471,22158,2015-10-01
NR8,555,703,1258,7705,7292,14997,2015-10-01
NR9,440,551,991,6839,6446,13285,2015-10-01
NR10,623,818,1441,8890,8239,17129,2015-10-01
NR11,543,661,1204,6975,6437,13412,2015-10-01
NR12,604,719,1323,8133,7452,15585,2015-10-01
NR13,714,819,1533,10547,9946,20493,2015-10-01
NR14,670,721,1391,9362,8765,18127,2015-10-01
NR15,390,549,939,6222,5926,12148,2015-10-01
NR16,314,460,774,4978,4613,9591,2015-10-01
NR17,544,599,1143,6051,5368,11419,2015-10-01
NR18,588,701,1289,6327,5992,12319,2015-10-01
NR19,771,989,1760,7185,6281,13466,2015-10-01
NR20,514,698,1212,7374,6681,14055,2015-10-01
NR21,488,650,1138,6042,5467,11509,2015-10-01
NR22,40,53,93,326,314,640,2015-10-01
NR23,124,157,281,1131,947,2078,2015-10-01
NR24,120,164,284,1727,1587,3314,2015-10-01
NR25,271,339,610,3257,3014,6271,2015-10-01
NR26,269,360,629,2974,2685,5659,2015-10-01
NR27,458,564,1022,4027,3566,7593,2015-10-01
NR28,600,746,1346,6281,5634,11915,2015-10-01
NR29,670,787,1457,8088,7209,15297,2015-10-01
NR30,2116,2309,4425,8988,6393,15381,2015-10-01
NR31,2491,3031,5522,16716,13697,30413,2015-10-01
NR32,1951,2212,4163,13094,10933,24027,2015-10-01
NR33,1652,1963,3615,13946,11999,25945,2015-10-01
NR34,678,876,1554,8574,7704,16278,2015-10-01
NR35,349,456,805,4153,3819,7972,2015-10-01
NW1,6939,7196,14135,16030,10446,26476,2015-10-01
NW2,10418,9298,19716,24353,15750,40103,2015-10-01
NW3,4460,5354,9814,19642,16370,36012,2015-10-01
NW4,3287,3409,6696,12689,9886,22575,2015-10-01
NW5,3200,3670,6870,8048,6273,14321,2015-10-01
NW6,7932,8039,15971,21207,16028,37235,2015-10-01
NW7,1842,2181,4023,9981,8752,18733,2015-10-01
NW8,3720,4521,8241,12361,9254,21615,2015-10-01
NW9,8185,8206,16391,23739,15586,39325,2015-10-01
NW10,15785,14666,30451,28760,18355,47115,2015-10-01
NW11,3196,3171,6367,13716,11798,25514,2015-10-01
OL1,1829,2009,3838,5422,3845,9267,2015-10-01
OL2,1893,2462,4355,14549,12496,27045,2015-10-01
OL3,502,512,1014,5875,5541,11416,2015-10-01
OL4,2661,3311,5972,13796,10619,24415,2015-10-01
OL5,515,703,1218,3824,3301,7125,2015-10-01
OL6,1941,2346,4287,8898,6550,15448,2015-10-01
OL7,1043,1443,2486,5177,3746,8923,2015-10-01
OL8,3068,3758,6826,10331,6631,16962,2015-10-01
OL9,2710,3228,5938,12192,8913,21105,2015-10-01
OL10,1701,2113,3814,8572,6961,15533,2015-10-01
OL11,2897,3563,6460,13884,10938,24822,2015-10-01
OL12,2512,3195,5707,14717,11980,26697,2015-10-01
OL13,754,1043,1797,5280,4391,9671,2015-10-01
OL14,757,1033,1790,5217,4499,9716,2015-10-01
OL15,578,700,1278,5380,4751,10131,2015-10-01
OL16,2394,2889,5283,11190,8675,19865,2015-10-01
OX1,1586,1294,2880,5985,4718,10703,2015-10-01
OX2,2798,2934,5732,13007,11905,24912,2015-10-01
OX3,3112,3844,6956,13213,10785,23998,2015-10-01
OX4,5436,5852,11288,17469,12809,30278,2015-10-01
OX5,1333,1402,2735,9175,8037,17212,2015-10-01
OX6,20,17,37,48,42,90,2015-10-01
OX7,843,1079,1922,9154,8645,17799,2015-10-01
OX8,34,36,70,147,130,277,2015-10-01
OX9,540,656,1196,5536,5200,10736,2015-10-01
OX10,1025,1246,2271,9812,8944,18756,2015-10-01
OX11,1436,1831,3267,12177,10666,22843,2015-10-01
OX12,1058,1238,2296,9828,8769,18597,2015-10-01
OX13,435,560,995,5181,4665,9846,2015-10-01
OX14,2007,2503,4510,16510,14640,31150,2015-10-01
OX15,554,599,1153,7489,7246,14735,2015-10-01
OX16,2741,3479,6220,15614,12341,27955,2015-10-01
OX17,452,575,1027,7104,6736,13840,2015-10-01
OX18,897,1213,2110,9419,8476,17895,2015-10-01
OX20,188,221,409,1816,1782,3598,2015-10-01
OX25,343,442,785,3479,3261,6740,2015-10-01
OX26,1544,1985,3529,11493,9935,21428,2015-10-01
OX27,212,276,488,2641,2579,5220,2015-10-01
OX28,1253,1508,2761,9643,8648,18291,2015-10-01
OX29,812,904,1716,9266,8679,17945,2015-10-01
OX33,292,303,595,3124,2901,6025,2015-10-01
OX39,177,206,383,2849,2724,5573,2015-10-01
OX44,269,360,629,3293,3095,6388,2015-10-01
OX49,128,159,287,1657,1691,3348,2015-10-01
PA1,1333,1586,2919,6649,5203,11852,2015-10-01
PA2,2252,2987,5239,12958,10853,23811,2015-10-01
PA3,1897,2349,4246,6517,4648,11165,2015-10-01
PA4,1296,1776,3072,7661,6368,14029,2015-10-01
PA5,1359,1861,3220,6757,5304,12061,2015-10-01
PA6,173,236,409,2622,2610,5232,2015-10-01
PA7,198,258,456,2066,1859,3925,2015-10-01
PA8,746,997,1743,5279,4677,9956,2015-10-01
PA9,64,77,141,701,630,1331,2015-10-01
PA10,146,210,356,1460,1337,2797,2015-10-01
PA11,234,288,522,2152,2014,4166,2015-10-01
PA12,143,182,325,1236,1201,2437,2015-10-01
PA13,141,172,313,1802,1829,3631,2015-10-01
PA14,1274,1564,2838,4747,3741,8488,2015-10-01
PA15,1374,1574,2948,4405,3254,7659,2015-10-01
PA16,1948,2265,4213,8725,7571,16296,2015-10-01
PA17,78,94,172,946,806,1752,2015-10-01
PA18,73,134,207,1028,1009,2037,2015-10-01
PA19,519,700,1219,4068,3623,7691,2015-10-01
PA20,353,434,787,2070,1713,3783,2015-10-01
PA21,41,32,73,330,283,613,2015-10-01
PA22,9,8,17,141,121,262,2015-10-01
PA23,746,993,1739,4254,3873,8127,2015-10-01
PA24,25,21,46,201,153,354,2015-10-01
PA25,0,5,5,24,21,45,2015-10-01
PA26,9,6,15,59,43,102,2015-10-01
PA27,18,42,60,296,293,589,2015-10-01
PA28,388,462,850,2589,2149,4738,2015-10-01
PA29,94,106,200,908,797,1705,2015-10-01
PA30,67,83,150,527,489,1016,2015-10-01
PA31,193,257,450,1940,1692,3632,2015-10-01
PA32,42,64,106,490,436,926,2015-10-01
PA33,36,32,68,306,250,556,2015-10-01
PA34,618,746,1364,3766,3248,7014,2015-10-01
PA35,58,69,127,537,522,1059,2015-10-01
PA36,1,1,2,20,14,34,2015-10-01
PA37,116,156,272,1123,1016,2139,2015-10-01
PA38,40,34,74,365,339,704,2015-10-01
PA39,2,0,2,2,10,12,2015-10-01
PA40,1,2,3,5,4,9,2015-10-01
PA41,10,11,21,48,51,99,2015-10-01
PA42,61,88,149,404,337,741,2015-10-01
PA43,50,67,117,294,239,533,2015-10-01
PA44,6,13,19,117,94,211,2015-10-01
PA45,11,10,21,63,43,106,2015-10-01
PA46,6,10,16,76,66,142,2015-10-01
PA47,6,5,11,66,57,123,2015-10-01
PA48,16,15,31,117,119,236,2015-10-01
PA49,7,11,18,73,69,142,2015-10-01
PA60,10,21,31,80,72,152,2015-10-01
PA61,7,20,27,54,54,108,2015-10-01
PA62,2,2,4,13,9,22,2015-10-01
PA63,1,0,1,3,3,6,2015-10-01
PA64,0,3,3,33,35,68,2015-10-01
PA65,7,12,19,92,84,176,2015-10-01
PA66,6,14,20,66,63,129,2015-10-01
PA67,17,16,33,101,105,206,2015-10-01
PA68,0,0,0,6,4,10,2015-10-01
PA69,1,1,2,10,9,19,2015-10-01
PA70,4,3,7,28,24,52,2015-10-01
PA71,2,0,2,22,18,40,2015-10-01
PA72,16,15,31,182,172,354,2015-10-01
PA73,2,2,4,29,25,54,2015-10-01
PA74,0,2,2,16,14,30,2015-10-01
PA75,59,77,136,552,518,1070,2015-10-01
PA76,5,6,11,54,60,114,2015-10-01
PA77,29,42,71,249,250,499,2015-10-01
PA78,14,18,32,76,78,154,2015-10-01
PA80,6,4,10,9,2,11,2015-10-01
PA81,1,5,6,18,10,28,2015-10-01
PA82,5,4,9,15,12,27,2015-10-01
PA83,0,0,0,1,0,1,2015-10-01
PA84,0,1,1,1,0,1,2015-10-01
PA85,4,2,6,3,4,7,2015-10-01
PA86,21,35,56,91,87,178,2015-10-01
PA87,9,14,23,17,20,37,2015-10-01
PA88,2,1,3,5,1,6,2015-10-01
PE1,4220,4468,8688,14197,8914,23111,2015-10-01
PE2,2575,3302,5877,15148,12288,27436,2015-10-01
PE3,2112,2746,4858,9561,7051,16612,2015-10-01
PE4,1478,1884,3362,9653,8403,18056,2015-10-01
PE5,40,42,82,604,575,1179,2015-10-01
PE6,1119,1513,2632,14241,13105,27346,2015-10-01
PE7,1573,2002,3575,15716,13946,29662,2015-10-01
PE8,553,734,1287,6698,6229,12927,2015-10-01
PE9,1173,1422,2595,11876,11127,23003,2015-10-01
PE10,716,918,1634,8346,7585,15931,2015-10-01
PE11,1672,2030,3702,15550,13112,28662,2015-10-01
PE12,1250,1627,2877,15507,13403,28910,2015-10-01
PE13,1767,1933,3700,12076,10012,22088,2015-10-01
PE14,678,832,1510,8556,7666,16222,2015-10-01
PE15,1063,1381,2444,10708,9311,20019,2015-10-01
PE16,387,472,859,4083,3428,7511,2015-10-01
PE17,39,21,60,84,59,143,2015-10-01
PE18,38,76,114,98,78,176,2015-10-01
PE19,1645,2145,3790,16396,14694,31090,2015-10-01
PE20,488,636,1124,5466,4732,10198,2015-10-01
PE21,2269,2507,4776,13337,10804,24141,2015-10-01
PE22,520,642,1162,6856,5970,12826,2015-10-01
PE23,313,339,652,3318,3051,6369,2015-10-01
PE24,448,574,1022,4695,3806,8501,2015-10-01
PE25,1170,1390,2560,7098,5517,12615,2015-10-01
PE26,441,532,973,4431,3998,8429,2015-10-01
PE27,843,1073,1916,7368,6385,13753,2015-10-01
PE28,1458,1821,3279,18349,17374,35723,2015-10-01
PE29,1621,2097,3718,9548,7970,17518,2015-10-01
PE30,2387,2898,5285,13823,11572,25395,2015-10-01
PE31,511,645,1156,7725,7189,14914,2015-10-01
PE32,424,521,945,6283,5828,12111,2015-10-01
PE33,413,586,999,6107,5442,11549,2015-10-01
PE34,431,576,1007,5581,4935,10516,2015-10-01
PE35,1,2,3,40,33,73,2015-10-01
PE36,226,281,507,2251,2038,4289,2015-10-01
PE37,333,462,795,3834,3312,7146,2015-10-01
PE38,469,559,1028,5550,4742,10292,2015-10-01
PH1,2411,3074,5485,14186,11904,26090,2015-10-01
PH2,1523,1797,3320,12325,11163,23488,2015-10-01
PH3,235,269,504,2222,2104,4326,2015-10-01
PH4,23,45,68,327,308,635,2015-10-01
PH5,23,54,77,338,311,649,2015-10-01
PH6,79,110,189,948,948,1896,2015-10-01
PH7,401,470,871,3308,3019,6327,2015-10-01
PH8,83,96,179,794,751,1545,2015-10-01
PH9,25,43,68,380,354,734,2015-10-01
PH10,461,526,987,3997,3580,7577,2015-10-01
PH11,131,188,319,1310,1144,2454,2015-10-01
PH12,47,71,118,809,711,1520,2015-10-01
PH13,174,218,392,1555,1313,2868,2015-10-01
PH14,38,75,113,786,767,1553,2015-10-01
PH15,161,211,372,1378,1182,2560,2015-10-01
PH16,169,198,367,1475,1332,2807,2015-10-01
PH17,9,7,16,78,56,134,2015-10-01
PH18,30,41,71,323,273,596,2015-10-01
PH19,4,8,12,40,28,68,2015-10-01
PH20,69,87,156,604,533,1137,2015-10-01
PH21,86,124,210,845,736,1581,2015-10-01
PH22,200,256,456,1144,985,2129,2015-10-01
PH23,30,36,66,328,311,639,2015-10-01
PH24,20,29,49,289,256,545,2015-10-01
PH25,27,27,54,351,323,674,2015-10-01
PH26,166,155,321,1387,1262,2649,2015-10-01
PH30,0,0,0,4,1,5,2015-10-01
PH31,23,26,49,231,209,440,2015-10-01
PH32,35,45,80,284,256,540,2015-10-01
PH33,709,974,1683,4072,3280,7352,2015-10-01
PH34,34,48,82,431,391,822,2015-10-01
PH35,18,22,40,130,108,238,2015-10-01
PH36,38,68,106,496,446,942,2015-10-01
PH37,9,10,19,66,54,120,2015-10-01
PH38,12,16,28,81,71,152,2015-10-01
PH39,26,19,45,146,153,299,2015-10-01
PH40,24,18,42,122,103,225,2015-10-01
PH41,69,56,125,367,324,691,2015-10-01
PH42,1,8,9,37,28,65,2015-10-01
PH43,1,2,3,13,8,21,2015-10-01
PH44,2,2,4,5,5,10,2015-10-01
PH49,42,57,99,423,356,779,2015-10-01
PH50,44,82,126,314,244,558,2015-10-01
PL1,1997,1987,3984,6239,3920,10159,2015-10-01
PL2,2165,2641,4806,9411,7539,16950,2015-10-01
PL3,1625,2041,3666,10571,9128,19699,2015-10-01
PL4,2479,2359,4838,8239,5619,13858,2015-10-01
PL5,2666,3674,6340,13235,10645,23880,2015-10-01
PL6,1838,2479,4317,14751,12854,27605,2015-10-01
PL7,1111,1476,2587,11625,10835,22460,2015-10-01
PL8,169,160,329,2334,2318,4652,2015-10-01
PL9,964,1261,2225,10541,9746,20287,2015-10-01
PL10,148,206,354,1335,1156,2491,2015-10-01
PL11,504,664,1168,3890,3442,7332,2015-10-01
PL12,829,994,1823,8470,7681,16151,2015-10-01
PL13,356,466,822,3751,3204,6955,2015-10-01
PL14,792,1106,1898,8597,7908,16505,2015-10-01
PL15,563,781,1344,7562,6924,14486,2015-10-01
PL16,51,58,109,806,774,1580,2015-10-01
PL17,305,399,704,3983,3589,7572,2015-10-01
PL18,181,250,431,1969,1936,3905,2015-10-01
PL19,573,705,1278,6214,5870,12084,2015-10-01
PL20,416,507,923,4664,4463,9127,2015-10-01
PL21,570,777,1347,6873,6609,13482,2015-10-01
PL22,127,145,272,1329,1284,2613,2015-10-01
PL23,111,131,242,1206,1162,2368,2015-10-01
PL24,428,542,970,3623,3259,6882,2015-10-01
PL25,1109,1210,2319,8766,7805,16571,2015-10-01
PL26,1084,1212,2296,10015,8852,18867,2015-10-01
PL27,388,504,892,4480,4301,8781,2015-10-01
PL28,165,212,377,1544,1447,2991,2015-10-01
PL29,33,27,60,367,347,714,2015-10-01
PL30,241,299,540,4297,4038,8335,2015-10-01
PL31,702,812,1514,4986,4215,9201,2015-10-01
PL32,135,175,310,1547,1429,2976,2015-10-01
PL33,59,77,136,696,647,1343,2015-10-01
PL34,60,74,134,685,624,1309,2015-10-01
PL35,26,43,69,392,374,766,2015-10-01
PO1,2393,2714,5107,6681,4281,10962,2015-10-01
PO2,3139,3968,7107,12791,9749,22540,2015-10-01
PO3,1130,1335,2465,6769,5641,12410,2015-10-01
PO4,2628,2939,5567,12337,9898,22235,2015-10-01
PO5,2286,2328,4614,7460,4971,12431,2015-10-01
PO6,2484,3048,5532,13649,11420,25069,2015-10-01
PO7,1609,1998,3607,15259,13893,29152,2015-10-01
PO8,1266,1570,2836,13346,12246,25592,2015-10-01
PO9,3019,3915,6934,15571,13093,28664,2015-10-01
PO10,621,757,1378,7085,6558,13643,2015-10-01
PO11,650,723,1373,7060,6440,13500,2015-10-01
PO12,2530,3032,5562,16093,13599,29692,2015-10-01
PO13,1858,2447,4305,11670,10276,21946,2015-10-01
PO14,1172,1363,2535,12775,11807,24582,2015-10-01
PO15,821,897,1718,8436,7802,16238,2015-10-01
PO16,1261,1404,2665,12248,11011,23259,2015-10-01
PO17,194,217,411,2634,2420,5054,2015-10-01
PO18,446,482,928,5444,5267,10711,2015-10-01
PO19,1530,1734,3264,9718,9238,18956,2015-10-01
PO20,1162,1339,2501,12978,12127,25105,2015-10-01
PO21,1845,2014,3859,13675,11994,25669,2015-10-01
PO22,1104,1294,2398,10884,10030,20914,2015-10-01
PO30,1387,1622,3009,9741,8885,18626,2015-10-01
PO31,655,754,1409,5250,4855,10105,2015-10-01
PO32,379,459,838,2743,2514,5257,2015-10-01
PO33,1604,1954,3558,10510,9334,19844,2015-10-01
PO34,55,63,118,908,918,1826,2015-10-01
PO35,156,151,307,1430,1390,2820,2015-10-01
PO36,829,957,1786,5818,5259,11077,2015-10-01
PO37,451,516,967,3306,2858,6164,2015-10-01
PO38,555,697,1252,4925,4412,9337,2015-10-01
PO39,80,117,197,962,877,1839,2015-10-01
PO40,223,285,508,2058,1905,3963,2015-10-01
PO41,61,82,143,956,940,1896,2015-10-01
PR1,4709,5368,10077,19798,14440,34238,2015-10-01
PR2,3974,4942,8916,26161,22036,48197,2015-10-01
PR3,879,1207,2086,15166,14090,29256,2015-10-01
PR4,1801,2311,4112,22829,20891,43720,2015-10-01
PR5,1575,2107,3682,14621,12834,27455,2015-10-01
PR6,1277,1585,2862,12852,11429,24281,2015-10-01
PR7,1913,2526,4439,20551,18221,38772,2015-10-01
PR8,2480,2903,5383,18979,17224,36203,2015-10-01
PR9,1791,2198,3989,15126,13192,28318,2015-10-01
PR25,1283,1706,2989,10728,9368,20096,2015-10-01
PR26,488,525,1013,5134,4709,9843,2015-10-01
RG1,4967,4856,9823,13807,8336,22143,2015-10-01
RG2,3165,3532,6697,12642,9479,22121,2015-10-01
RG3,17,11,28,58,24,82,2015-10-01
RG4,1732,2095,3827,15255,14029,29284,2015-10-01
RG5,1072,1291,2363,9993,9061,19054,2015-10-01
RG6,1989,2144,4133,14056,12077,26133,2015-10-01
RG7,1037,1336,2373,12815,11965,24780,2015-10-01
RG8,744,710,1454,7783,7469,15252,2015-10-01
RG9,959,978,1937,9358,9053,18411,2015-10-01
RG10,586,625,1211,7551,7317,14868,2015-10-01
RG11,19,18,37,46,40,86,2015-10-01
RG12,2808,3665,6473,19922,16758,36680,2015-10-01
RG13,12,22,34,35,32,67,2015-10-01
RG14,1772,2120,3892,13910,11882,25792,2015-10-01
RG15,12,18,30,57,53,110,2015-10-01
RG16,18,13,31,97,79,176,2015-10-01
RG17,566,642,1208,5839,5448,11287,2015-10-01
RG18,642,809,1451,7231,6631,13862,2015-10-01
RG19,659,831,1490,6402,5810,12212,2015-10-01
RG20,632,751,1383,8001,7649,15650,2015-10-01
RG21,1852,2222,4074,9264,7156,16420,2015-10-01
RG22,1974,2565,4539,15187,13249,28436,2015-10-01
RG23,548,692,1240,4777,4194,8971,2015-10-01
RG24,1400,1916,3316,11867,10382,22249,2015-10-01
RG25,278,306,584,3506,3158,6664,2015-10-01
RG26,755,950,1705,8912,8127,17039,2015-10-01
RG27,574,636,1210,8564,8409,16973,2015-10-01
RG28,226,266,492,2181,1950,4131,2015-10-01
RG29,168,290,458,2553,2412,4965,2015-10-01
RG30,3491,4145,7636,15335,11553,26888,2015-10-01
RG31,1205,1471,2676,10986,10032,21018,2015-10-01
RG40,928,1035,1963,10958,10515,21473,2015-10-01
RG41,989,1152,2141,11322,10927,22249,2015-10-01
RG42,1011,1170,2181,10185,9679,19864,2015-10-01
RG45,463,494,957,5544,5356,10900,2015-10-01
RH1,2205,2698,4903,17463,15533,32996,2015-10-01
RH2,893,1068,1961,9833,9347,19180,2015-10-01
RH3,122,120,242,1757,1777,3534,2015-10-01
RH4,644,755,1399,5760,5436,11196,2015-10-01
RH5,600,640,1240,6871,6384,13255,2015-10-01
RH6,1314,1407,2721,12035,10846,22881,2015-10-01
RH7,475,355,830,3664,3214,6878,2015-10-01
RH8,571,658,1229,5851,5778,11629,2015-10-01
RH9,165,207,372,2142,2124,4266,2015-10-01
RH10,3387,3816,7203,25053,21361,46414,2015-10-01
RH11,4173,5021,9194,18795,14639,33434,2015-10-01
RH12,1618,1912,3530,16863,15855,32718,2015-10-01
RH13,1234,1492,2726,14754,13818,28572,2015-10-01
RH14,430,528,958,5943,5507,11450,2015-10-01
RH15,1320,1462,2782,11461,10544,22005,2015-10-01
RH16,1448,1730,3178,12426,11573,23999,2015-10-01
RH17,623,699,1322,7411,7180,14591,2015-10-01
RH18,288,305,593,1865,1874,3739,2015-10-01
RH19,1361,1517,2878,13429,12419,25848,2015-10-01
RH20,646,763,1409,10492,10220,20712,2015-10-01
RM1,1166,1412,2578,7170,5943,13113,2015-10-01
RM2,543,628,1171,4954,4477,9431,2015-10-01
RM3,2619,3480,6099,13203,10712,23915,2015-10-01
RM4,138,129,267,1890,1803,3693,2015-10-01
RM5,1098,1387,2485,6811,5870,12681,2015-10-01
RM6,2667,3305,5972,10782,8170,18952,2015-10-01
RM7,1778,2344,4122,9479,7651,17130,2015-10-01
RM8,3902,4676,8578,11588,8109,19697,2015-10-01
RM9,3322,4326,7648,10209,6913,17122,2015-10-01
RM10,3651,4663,8314,10760,7375,18135,2015-10-01
RM11,1280,1500,2780,12262,11197,23459,2015-10-01
RM12,1680,1998,3678,12688,10812,23500,2015-10-01
RM13,1717,2094,3811,10172,8441,18613,2015-10-01
RM14,947,1019,1966,10504,9717,20221,2015-10-01
RM15,1677,2105,3782,9571,7712,17283,2015-10-01
RM16,1838,2399,4237,14659,12794,27453,2015-10-01
RM17,1763,2311,4074,9451,7027,16478,2015-10-01
RM18,1238,1707,2945,5204,3991,9195,2015-10-01
RM19,437,666,1103,2379,1740,4119,2015-10-01
RM20,394,500,894,1795,1181,2976,2015-10-01
S1,461,302,763,866,385,1251,2015-10-01
S2,3415,4075,7490,9412,5849,15261,2015-10-01
S3,1689,1339,3028,2964,1268,4232,2015-10-01
S4,1264,1299,2563,2933,1580,4513,2015-10-01
S5,4291,5775,10066,15310,10408,25718,2015-10-01
S6,3022,3691,6713,18563,14989,33552,2015-10-01
S7,1210,1128,2338,5747,4770,10517,2015-10-01
S8,2446,3063,5509,14584,11975,26559,2015-10-01
S9,1997,2406,4403,7933,4810,12743,2015-10-01
S10,2042,2052,4094,12841,11344,24185,2015-10-01
S11,1632,1732,3364,10517,9545,20062,2015-10-01
S12,1444,2229,3673,11744,8926,20670,2015-10-01
S13,1443,2031,3474,9595,7408,17003,2015-10-01
S14,731,919,1650,2061,1245,3306,2015-10-01
S17,474,539,1013,6002,5805,11807,2015-10-01
S18,726,905,1631,9616,8809,18425,2015-10-01
S19,2,3,5,22,13,35,2015-10-01
S20,1114,1678,2792,10900,9042,19942,2015-10-01
S21,774,1085,1859,7400,6131,13531,2015-10-01
S25,803,1191,1994,7530,6354,13884,2015-10-01
S26,866,1356,2222,9423,7991,17414,2015-10-01
S30,15,21,36,119,113,232,2015-10-01
S31,8,21,29,41,17,58,2015-10-01
S32,146,181,327,2321,2278,4599,2015-10-01
S33,141,173,314,1944,1815,3759,2015-10-01
S35,1356,1884,3240,15168,13190,28358,2015-10-01
S36,932,1244,2176,10150,8830,18980,2015-10-01
S40,1684,2204,3888,11869,9809,21678,2015-10-01
S41,1738,2292,4030,11759,9612,21371,2015-10-01
S42,1072,1413,2485,10287,8811,19098,2015-10-01
S43,1858,2661,4519,13478,10670,24148,2015-10-01
S44,996,1392,2388,7398,5911,13309,2015-10-01
S45,566,795,1361,4669,3776,8445,2015-10-01
S60,1707,2387,4094,12735,10012,22747,2015-10-01
S61,1942,2616,4558,11233,8515,19748,2015-10-01
S62,1031,1392,2423,6018,4492,10510,2015-10-01
S63,2400,3037,5437,11706,8882,20588,2015-10-01
S64,1735,2167,3902,9563,7274,16837,2015-10-01
S65,2425,2862,5287,9615,6647,16262,2015-10-01
S66,1978,2867,4845,15304,12618,27922,2015-10-01
S70,2336,2900,5236,11534,8281,19815,2015-10-01
S71,2463,3248,5711,14438,11018,25456,2015-10-01
S72,1353,1796,3149,8186,6445,14631,2015-10-01
S73,1438,1938,3376,8731,6830,15561,2015-10-01
S74,872,1261,2133,5766,4472,10238,2015-10-01
S75,1585,2163,3748,15938,13644,29582,2015-10-01
S80,1639,2020,3659,9577,7389,16966,2015-10-01
S81,1388,1916,3304,13605,11817,25422,2015-10-01
SA1,3763,3913,7676,12598,8286,20884,2015-10-01
SA2,1602,1755,3357,12580,11066,23646,2015-10-01
SA3,748,844,1592,10397,9982,20379,2015-10-01
SA4,1408,1894,3302,15941,14734,30675,2015-10-01
SA5,1997,2824,4821,11122,8835,19957,2015-10-01
SA6,1532,2133,3665,11196,9451,20647,2015-10-01
SA7,542,744,1286,5304,4733,10037,2015-10-01
SA8,441,611,1052,4479,3988,8467,2015-10-01
SA9,539,711,1250,5502,4795,10297,2015-10-01
SA10,1038,1505,2543,10798,9294,20092,2015-10-01
SA11,1646,2292,3938,11908,9379,21287,2015-10-01
SA12,1679,2221,3900,10414,8576,18990,2015-10-01
SA13,970,1274,2244,6479,5079,11558,2015-10-01
SA14,1174,1492,2666,11792,10447,22239,2015-10-01
SA15,1726,2038,3764,11720,9670,21390,2015-10-01
SA16,283,410,693,3055,2619,5674,2015-10-01
SA17,346,426,772,3262,2826,6088,2015-10-01
SA18,1148,1382,2530,10420,9257,19677,2015-10-01
SA19,270,351,621,3850,3537,7387,2015-10-01
SA20,111,144,255,1312,1123,2435,2015-10-01
SA31,653,907,1560,5291,4831,10122,2015-10-01
SA32,161,194,355,3072,2965,6037,2015-10-01
SA33,306,431,737,5024,4606,9630,2015-10-01
SA34,142,168,310,2060,1806,3866,2015-10-01
SA35,19,29,48,370,324,694,2015-10-01
SA36,9,9,18,147,135,282,2015-10-01
SA37,32,40,72,566,523,1089,2015-10-01
SA38,149,166,315,1725,1620,3345,2015-10-01
SA39,63,87,150,1011,875,1886,2015-10-01
SA40,117,118,235,1104,960,2064,2015-10-01
SA41,62,55,117,819,741,1560,2015-10-01
SA42,64,75,139,810,775,1585,2015-10-01
SA43,464,566,1030,4727,4259,8986,2015-10-01
SA44,311,390,701,4430,4161,8591,2015-10-01
SA45,68,59,127,593,542,1135,2015-10-01
SA46,95,111,206,978,834,1812,2015-10-01
SA47,47,44,91,395,359,754,2015-10-01
SA48,343,323,666,3217,2996,6213,2015-10-01
SA61,727,968,1695,4652,4092,8744,2015-10-01
SA62,557,701,1258,7951,7388,15339,2015-10-01
SA63,32,31,63,495,465,960,2015-10-01
SA64,78,130,208,810,689,1499,2015-10-01
SA65,168,212,380,1531,1344,2875,2015-10-01
SA66,78,93,171,1231,1204,2435,2015-10-01
SA67,192,279,471,2761,2558,5319,2015-10-01
SA68,102,132,234,1549,1404,2953,2015-10-01
SA69,102,153,255,1438,1284,2722,2015-10-01
SA70,372,482,854,3399,3062,6461,2015-10-01
SA71,481,525,1006,3859,3300,7159,2015-10-01
SA72,477,598,1075,3364,2939,6303,2015-10-01
SA73,887,1179,2066,6813,5813,12626,2015-10-01
SA99,0,1,1,0,0,0,2015-10-01
SE1,8066,8005,16071,17216,10319,27535,2015-10-01
SE2,2946,3748,6694,7583,5579,13162,2015-10-01
SE3,2608,3111,5719,10813,9145,19958,2015-10-01
SE4,3404,3754,7158,7992,6420,14412,2015-10-01
SE5,7212,7708,14920,11641,7708,19349,2015-10-01
SE6,6018,6962,12980,14615,11744,26359,2015-10-01
SE7,2541,2833,5374,6082,4268,10350,2015-10-01
SE8,4190,4403,8593,6626,4167,10793,2015-10-01
SE9,4405,5461,9866,20273,16925,37198,2015-10-01
SE10,2014,2286,4300,6763,5396,12159,2015-10-01
SE11,3010,3159,6169,5999,3574,9573,2015-10-01
SE12,2228,2710,4938,8496,7038,15534,2015-10-01
SE13,4977,5168,10145,11206,8625,19831,2015-10-01
SE14,3684,3704,7388,6314,4129,10443,2015-10-01
SE15,10819,11097,21916,15417,10549,25966,2015-10-01
SE16,5053,5729,10782,12625,8377,21002,2015-10-01
SE17,5803,5902,11705,7536,4137,11673,2015-10-01
SE18,10859,11072,21931,19701,12983,32684,2015-10-01
SE19,2646,3225,5871,8866,7241,16107,2015-10-01
SE20,2372,2837,5209,6517,5320,11837,2015-10-01
SE21,1333,1526,2859,5001,4540,9541,2015-10-01
SE22,3013,3291,6304,9072,7876,16948,2015-10-01
SE23,3301,3870,7171,9975,8384,18359,2015-10-01
SE24,1820,1904,3724,5589,4780,10369,2015-10-01
SE25,3808,4420,8228,10108,8302,18410,2015-10-01
SE26,2949,3483,6432,8231,6821,15052,2015-10-01
SE27,2442,2702,5144,6250,4909,11159,2015-10-01
SE28,3261,4265,7526,7374,5126,12500,2015-10-01
SG1,3004,3685,6689,17824,14833,32657,2015-10-01
SG2,2122,2801,4923,15132,12962,28094,2015-10-01
SG3,232,263,495,2761,2676,5437,2015-10-01
SG4,1160,1336,2496,11270,10419,21689,2015-10-01
SG5,1353,1504,2857,11866,10805,22671,2015-10-01
SG6,1705,2117,3822,11862,10399,22261,2015-10-01
SG7,507,583,1090,5041,4685,9726,2015-10-01
SG8,1359,1510,2869,15049,13582,28631,2015-10-01
SG9,245,298,543,3988,3854,7842,2015-10-01
SG10,45,51,96,804,772,1576,2015-10-01
SG11,231,225,456,3311,3068,6379,2015-10-01
SG12,1133,1257,2390,11250,10322,21572,2015-10-01
SG13,687,677,1364,6208,5927,12135,2015-10-01
SG14,816,884,1700,7284,6712,13996,2015-10-01
SG15,228,263,491,2125,1870,3995,2015-10-01
SG16,153,221,374,2282,2182,4464,2015-10-01
SG17,390,486,876,4708,4424,9132,2015-10-01
SG18,859,1117,1976,9114,8014,17128,2015-10-01
SG19,802,1103,1905,9511,8547,18058,2015-10-01
SK1,596,800,1396,3572,2645,6217,2015-10-01
SK2,1388,1756,3144,10559,9172,19731,2015-10-01
SK3,1626,2089,3715,8615,7335,15950,2015-10-01
SK4,1796,1933,3729,12939,11650,24589,2015-10-01
SK5,1952,2435,4387,8753,7094,15847,2015-10-01
SK6,1923,2368,4291,19212,17439,36651,2015-10-01
SK7,1330,1532,2862,16333,15537,31870,2015-10-01
SK8,2291,2733,5024,23069,21511,44580,2015-10-01
SK9,1348,1599,2947,15254,14556,29810,2015-10-01
SK10,1418,1647,3065,15209,14541,29750,2015-10-01
SK11,1609,1887,3496,13462,11921,25383,2015-10-01
SK12,568,581,1149,7913,7585,15498,2015-10-01
SK13,1446,1908,3354,11757,10457,22214,2015-10-01
SK14,2607,3185,5792,15044,12539,27583,2015-10-01
SK15,1447,1739,3186,9360,7932,17292,2015-10-01
SK16,1006,1269,2275,6544,5216,11760,2015-10-01
SK17,1112,1404,2516,11582,9931,21513,2015-10-01
SK22,489,605,1094,4624,4049,8673,2015-10-01
SK23,545,645,1190,6748,6088,12836,2015-10-01
SL0,399,445,844,4814,4286,9100,2015-10-01
SL1,6426,6512,12938,24733,18107,42840,2015-10-01
SL2,4209,4924,9133,18971,14723,33694,2015-10-01
SL3,2444,3279,5723,17240,14319,31559,2015-10-01
SL4,1945,2318,4263,17067,15551,32618,2015-10-01
SL5,1059,1217,2276,9931,9972,19903,2015-10-01
SL6,3434,3949,7383,31381,28553,59934,2015-10-01
SL7,784,795,1579,8508,8406,16914,2015-10-01
SL8,204,206,410,2633,2585,5218,2015-10-01
SL9,853,885,1738,9086,9057,18143,2015-10-01
SM1,2440,2976,5416,13812,11359,25171,2015-10-01
SM2,1305,1770,3075,10745,9697,20442,2015-10-01
SM3,1141,1283,2424,7809,6961,14770,2015-10-01
SM4,3028,3176,6204,13040,9847,22887,2015-10-01
SM5,2386,3008,5394,13099,11606,24705,2015-10-01
SM6,2295,2768,5063,12657,11262,23919,2015-10-01
SM7,588,599,1187,7206,7212,14418,2015-10-01
SN1,2680,2290,4970,9603,6225,15828,2015-10-01
SN2,2584,3204,5788,13538,10350,23888,2015-10-01
SN3,2797,3594,6391,18149,14864,33013,2015-10-01
SN4,990,1189,2179,10882,9829,20711,2015-10-01
SN5,1495,2069,3564,12626,10978,23604,2015-10-01
SN6,729,906,1635,8487,7765,16252,2015-10-01
SN7,462,633,1095,5237,4816,10053,2015-10-01
SN8,896,1008,1904,9367,8770,18137,2015-10-01
SN9,279,321,600,3152,3017,6169,2015-10-01
SN10,1150,1424,2574,11616,10722,22338,2015-10-01
SN11,790,1083,1873,8141,7419,15560,2015-10-01
SN12,936,1078,2014,9432,8523,17955,2015-10-01
SN13,572,744,1316,6067,5793,11860,2015-10-01
SN14,1059,1243,2302,10516,9612,20128,2015-10-01
SN15,1247,1683,2930,13106,11617,24723,2015-10-01
SN16,382,409,791,5646,5306,10952,2015-10-01
SN25,1082,1442,2524,12977,11444,24421,2015-10-01
SN26,54,53,107,740,636,1376,2015-10-01
SO1,20,24,44,57,23,80,2015-10-01
SO2,51,24,75,90,40,130,2015-10-01
SO3,22,15,37,88,51,139,2015-10-01
SO4,9,18,27,55,39,94,2015-10-01
SO5,10,13,23,38,26,64,2015-10-01
SO9,17,12,29,25,7,32,2015-10-01
SO14,2791,2218,5009,6556,3263,9819,2015-10-01
SO15,2552,2791,5343,12520,9666,22186,2015-10-01
SO16,4126,5158,9284,21343,17102,38445,2015-10-01
SO17,1318,1236,2554,4880,3420,8300,2015-10-01
SO18,1943,2314,4257,12402,10325,22727,2015-10-01
SO19,3256,4200,7456,18180,15042,33222,2015-10-01
SO20,267,316,583,3395,3110,6505,2015-10-01
SO21,565,726,1291,7778,7540,15318,2015-10-01
SO22,1398,1590,2988,9129,8385,17514,2015-10-01
SO23,1137,1217,2354,6979,6422,13401,2015-10-01
SO24,389,398,787,4551,4380,8931,2015-10-01
SO30,899,1143,2042,12344,11732,24076,2015-10-01
SO31,1494,1683,3177,17449,16514,33963,2015-10-01
SO32,538,611,1149,8260,8059,16319,2015-10-01
SO40,1317,1690,3007,15958,14572,30530,2015-10-01
SO41,945,993,1938,12374,12486,24860,2015-10-01
SO42,135,173,308,2062,1968,4030,2015-10-01
SO43,122,137,259,1826,1755,3581,2015-10-01
SO45,1245,1620,2865,13446,12338,25784,2015-10-01
SO50,2085,2565,4650,16477,14375,30852,2015-10-01
SO51,831,970,1801,10724,10304,21028,2015-10-01
SO52,166,236,402,2726,2506,5232,2015-10-01
SO53,985,1191,2176,12535,11994,24529,2015-10-01
SP1,1010,1093,2103,7333,6782,14115,2015-10-01
SP2,1552,1759,3311,9801,8497,18298,2015-10-01
SP3,354,457,811,4602,4391,8993,2015-10-01
SP4,1482,1814,3296,11707,9742,21449,2015-10-01
SP5,591,693,1284,9092,8915,18007,2015-10-01
SP6,371,406,777,5821,5654,11475,2015-10-01
SP7,426,629,1055,5168,4933,10101,2015-10-01
SP8,428,532,960,5547,5215,10762,2015-10-01
SP9,440,829,1269,3054,2176,5230,2015-10-01
SP10,2209,2903,5112,13858,11428,25286,2015-10-01
SP11,811,1083,1894,8985,8104,17089,2015-10-01
SR1,477,374,851,1117,439,1556,2015-10-01
SR2,2239,2447,4686,9715,7207,16922,2015-10-01
SR3,2061,2787,4848,12100,9556,21656,2015-10-01
SR4,2809,3632,6441,11557,8128,19685,2015-10-01
SR5,2449,3046,5495,8938,6083,15021,2015-10-01
SR6,1266,1555,2821,10567,9026,19593,2015-10-01
SR7,1513,2171,3684,9457,7239,16696,2015-10-01
SR8,2194,3038,5232,10606,7965,18571,2015-10-01
SS0,2956,3379,6335,13113,10543,23656,2015-10-01
SS1,1864,2017,3881,8739,7281,16020,2015-10-01
SS2,2485,3042,5527,11318,9139,20457,2015-10-01
SS3,1584,1984,3568,9882,8749,18631,2015-10-01
SS4,887,1043,1930,7485,6838,14323,2015-10-01
SS5,760,801,1561,8599,7853,16452,2015-10-01
SS6,1119,1342,2461,12079,10986,23065,2015-10-01
SS7,1815,2203,4018,19305,17282,36587,2015-10-01
SS8,1955,2664,4619,14087,11544,25631,2015-10-01
SS9,2169,2504,4673,18346,16731,35077,2015-10-01
SS11,627,810,1437,6775,5887,12662,2015-10-01
SS12,598,810,1408,6999,6332,13331,2015-10-01
SS13,1556,2129,3685,7552,5990,13542,2015-10-01
SS14,1873,2520,4393,7683,5740,13423,2015-10-01
SS15,1962,2660,4622,9911,8238,18149,2015-10-01
SS16,1776,2519,4295,10301,8360,18661,2015-10-01
SS17,1370,1783,3153,12374,10780,23154,2015-10-01
SS99,0,1,1,0,0,0,2015-10-01
ST1,2191,2477,4668,9169,6060,15229,2015-10-01
ST2,1986,2649,4635,10284,7803,18087,2015-10-01
ST3,3563,4571,8134,21987,17127,39114,2015-10-01
ST4,3417,3961,7378,17520,13310,30830,2015-10-01
ST5,3884,4624,8508,26401,22069,48470,2015-10-01
ST6,3907,5123,9030,19595,14245,33840,2015-10-01
ST7,1918,2441,4359,20001,17501,37502,2015-10-01
ST8,638,833,1471,7525,6642,14167,2015-10-01
ST9,260,349,609,4905,4450,9355,2015-10-01
ST10,740,930,1670,9787,8655,18442,2015-10-01
ST11,257,343,600,3941,3481,7422,2015-10-01
ST12,113,132,245,1350,1263,2613,2015-10-01
ST13,941,1222,2163,10106,8866,18972,2015-10-01
ST14,782,1000,1782,7389,6317,13706,2015-10-01
ST15,658,820,1478,7904,7286,15190,2015-10-01
ST16,1569,1799,3368,9699,7943,17642,2015-10-01
ST17,1780,2119,3899,13679,12051,25730,2015-10-01
ST18,380,416,796,6788,6219,13007,2015-10-01
ST19,452,556,1008,5869,5445,11314,2015-10-01
ST20,177,226,403,2790,2515,5305,2015-10-01
ST21,133,172,305,2455,2237,4692,2015-10-01
SW1,59,56,115,331,169,500,2015-10-01
SW1,120,80,200,436,216,652,2015-10-01
SW1,52,45,97,328,182,510,2015-10-01
SW1,1082,1311,2393,3841,2599,6440,2015-10-01
SW1,1996,2268,4264,6871,5061,11932,2015-10-01
SW1,761,861,1622,2674,2178,4852,2015-10-01
SW1,707,836,1543,2729,2151,4880,2015-10-01
SW1,65,61,126,373,180,553,2015-10-01
SW2,6925,7325,14250,15229,11084,26313,2015-10-01
SW3,1936,2470,4406,8562,7320,15882,2015-10-01
SW4,4447,4545,8992,12590,9253,21843,2015-10-01
SW5,2112,1857,3969,5850,3791,9641,2015-10-01
SW6,5432,6186,11618,20968,17263,38231,2015-10-01
SW7,2708,2286,4994,8703,6020,14723,2015-10-01
SW8,5004,5279,10283,10519,6495,17014,2015-10-01
SW9,7166,7273,14439,11314,6943,18257,2015-10-01
SW10,1874,2138,4012,6416,5247,11663,2015-10-01
SW11,6111,7078,13189,22276,17892,40168,2015-10-01
SW12,2393,2502,4895,10568,8938,19506,2015-10-01
SW13,937,1154,2091,6097,5879,11976,2015-10-01
SW14,944,1048,1992,6396,6045,12441,2015-10-01
SW15,4727,5434,10161,21079,17809,38888,2015-10-01
SW16,9752,9414,19166,26205,19717,45922,2015-10-01
SW17,7951,7217,15168,20256,15257,35513,2015-10-01
SW18,4202,4915,9117,21313,18466,39779,2015-10-01
SW19,6077,6771,12848,30430,25571,56001,2015-10-01
SW20,1874,2087,3961,11796,10527,22323,2015-10-01
SY1,1389,1791,3180,8364,6734,15098,2015-10-01
SY2,784,945,1729,5965,5162,11127,2015-10-01
SY3,1308,1571,2879,11817,11024,22841,2015-10-01
SY4,743,900,1643,9298,8813,18111,2015-10-01
SY5,656,689,1345,8103,7508,15611,2015-10-01
SY6,178,207,385,2856,2667,5523,2015-10-01
SY7,316,419,735,4380,4018,8398,2015-10-01
SY8,576,702,1278,7210,6559,13769,2015-10-01
SY9,72,91,163,1105,962,2067,2015-10-01
SY10,398,491,889,6240,5667,11907,2015-10-01
SY11,1099,1349,2448,8878,7818,16696,2015-10-01
SY12,267,312,579,3001,2668,5669,2015-10-01
SY13,643,710,1353,7477,6597,14074,2015-10-01
SY14,145,156,301,2476,2421,4897,2015-10-01
SY15,129,139,268,2195,2074,4269,2015-10-01
SY16,691,827,1518,5483,4720,10203,2015-10-01
SY17,90,106,196,1497,1344,2841,2015-10-01
SY18,119,144,263,1798,1533,3331,2015-10-01
SY19,18,30,48,423,373,796,2015-10-01
SY20,237,295,532,2502,2204,4706,2015-10-01
SY21,552,728,1280,6312,5589,11901,2015-10-01
SY22,223,271,494,3484,3280,6764,2015-10-01
SY23,1261,1347,2608,8504,7335,15839,2015-10-01
SY24,155,197,352,1714,1539,3253,2015-10-01
SY25,119,187,306,1759,1539,3298,2015-10-01
TA1,1794,2159,3953,13266,11987,25253,2015-10-01
TA2,1131,1329,2460,9243,8318,17561,2015-10-01
TA3,345,387,732,6056,5817,11873,2015-10-01
TA4,574,664,1238,7486,7275,14761,2015-10-01
TA5,270,317,587,4101,3885,7986,2015-10-01
TA6,2293,2716,5009,15381,12680,28061,2015-10-01
TA7,439,461,900,6356,6030,12386,2015-10-01
TA8,564,641,1205,6436,5722,12158,2015-10-01
TA9,497,571,1068,4780,4266,9046,2015-10-01
TA10,272,290,562,3821,3731,7552,2015-10-01
TA11,248,287,535,3690,3594,7284,2015-10-01
TA12,183,239,422,2510,2338,4848,2015-10-01
TA13,117,120,237,1585,1538,3123,2015-10-01
TA14,84,120,204,1264,1115,2379,2015-10-01
TA15,18,28,46,281,273,554,2015-10-01
TA16,44,61,105,757,652,1409,2015-10-01
TA17,2,13,15,236,251,487,2015-10-01
TA18,315,406,721,3989,3590,7579,2015-10-01
TA19,311,395,706,4514,4380,8894,2015-10-01
TA20,711,792,1503,7510,6745,14255,2015-10-01
TA21,682,817,1499,6883,6283,13166,2015-10-01
TA22,63,86,149,1080,1048,2128,2015-10-01
TA23,232,316,548,2082,1859,3941,2015-10-01
TA24,678,873,1551,6737,6041,12778,2015-10-01
TD1,777,1099,1876,5835,4943,10778,2015-10-01
TD2,84,85,169,1036,1016,2052,2015-10-01
TD3,35,29,64,409,365,774,2015-10-01
TD4,77,80,157,887,803,1690,2015-10-01
TD5,354,438,792,4261,4101,8362,2015-10-01
TD6,232,285,517,3009,2920,5929,2015-10-01
TD7,307,401,708,2715,2443,5158,2015-10-01
TD8,214,289,503,2323,2076,4399,2015-10-01
TD9,758,1034,1792,6458,5393,11851,2015-10-01
TD10,35,51,86,440,398,838,2015-10-01
TD11,206,302,508,3016,2619,5635,2015-10-01
TD12,149,170,319,1643,1473,3116,2015-10-01
TD13,38,34,72,385,356,741,2015-10-01
TD14,233,359,592,2324,2021,4345,2015-10-01
TD15,753,1000,1753,6320,5367,11687,2015-10-01
TF1,1908,2346,4254,12323,10138,22461,2015-10-01
TF2,1869,2295,4164,13023,11064,24087,2015-10-01
TF3,1673,2207,3880,7327,5712,13039,2015-10-01
TF4,830,1128,1958,6062,5200,11262,2015-10-01
TF5,192,211,403,2005,1907,3912,2015-10-01
TF6,128,175,303,2210,2017,4227,2015-10-01
TF7,1206,1594,2800,5022,3874,8896,2015-10-01
TF8,91,94,185,1229,1114,2343,2015-10-01
TF9,840,1042,1882,9689,8514,18203,2015-10-01
TF10,554,601,1155,6712,6023,12735,2015-10-01
TF11,343,331,674,3818,3411,7229,2015-10-01
TF12,216,246,462,1967,1755,3722,2015-10-01
TF13,104,119,223,1412,1410,2822,2015-10-01
TN1,687,789,1476,3790,3079,6869,2015-10-01
TN2,1166,1509,2675,10101,9104,19205,2015-10-01
TN3,320,361,681,4810,4651,9461,2015-10-01
TN4,1406,1713,3119,10527,9847,20374,2015-10-01
TN5,263,331,594,3481,3498,6979,2015-10-01
TN6,850,961,1811,9949,9410,19359,2015-10-01
TN7,59,86,145,995,998,1993,2015-10-01
TN8,440,590,1030,5066,4806,9872,2015-10-01
TN9,954,1063,2017,5901,5249,11150,2015-10-01
TN10,717,833,1550,5924,5522,11446,2015-10-01
TN11,421,501,922,5544,5302,10846,2015-10-01
TN12,1004,1218,2222,11409,10527,21936,2015-10-01
TN13,938,1073,2011,9236,9052,18288,2015-10-01
TN14,485,523,1008,6108,5782,11890,2015-10-01
TN15,682,863,1545,10191,9662,19853,2015-10-01
TN16,648,749,1397,7895,7361,15256,2015-10-01
TN17,545,680,1225,5381,5111,10492,2015-10-01
TN18,209,243,452,2504,2365,4869,2015-10-01
TN19,158,192,350,2085,1925,4010,2015-10-01
TN20,138,142,280,1532,1567,3099,2015-10-01
TN21,430,571,1001,6590,6308,12898,2015-10-01
TN22,894,1103,1997,10509,10020,20529,2015-10-01
TN23,2061,2674,4735,13311,11323,24634,2015-10-01
TN24,1526,1958,3484,10932,9450,20382,2015-10-01
TN25,468,521,989,6522,6232,12754,2015-10-01
TN26,283,345,628,4821,4495,9316,2015-10-01
TN27,336,437,773,5388,5020,10408,2015-10-01
TN28,267,385,652,3314,2933,6247,2015-10-01
TN29,496,641,1137,5316,4431,9747,2015-10-01
TN30,277,348,625,3798,3673,7471,2015-10-01
TN31,530,663,1193,5421,4861,10282,2015-10-01
TN32,185,202,387,2123,1983,4106,2015-10-01
TN33,492,511,1003,4809,4741,9550,2015-10-01
TN34,1945,2322,4267,9593,7885,17478,2015-10-01
TN35,957,1218,2175,6144,5496,11640,2015-10-01
TN36,85,93,178,961,886,1847,2015-10-01
TN37,1297,1507,2804,6515,5299,11814,2015-10-01
TN38,1762,2120,3882,9093,7614,16707,2015-10-01
TN39,979,1223,2202,9453,8878,18331,2015-10-01
TN40,742,957,1699,5806,5221,11027,2015-10-01
TQ1,1823,2044,3867,10993,9276,20269,2015-10-01
TQ2,1904,2287,4191,11806,10363,22169,2015-10-01
TQ3,1507,1691,3198,10916,9600,20516,2015-10-01
TQ4,754,956,1710,6950,6177,13127,2015-10-01
TQ5,844,1038,1882,7101,6233,13334,2015-10-01
TQ6,330,419,749,3094,2719,5813,2015-10-01
TQ7,542,681,1223,6498,6220,12718,2015-10-01
TQ8,78,79,157,766,680,1446,2015-10-01
TQ9,746,881,1627,6693,6797,13490,2015-10-01
TQ10,112,178,290,1499,1450,2949,2015-10-01
TQ11,185,246,431,1545,1488,3033,2015-10-01
TQ12,1983,2348,4331,19806,18294,38100,2015-10-01
TQ13,724,826,1550,9109,9048,18157,2015-10-01
TQ14,783,911,1694,7246,6734,13980,2015-10-01
TR1,1042,1299,2341,6955,6433,13388,2015-10-01
TR2,252,355,607,3850,3656,7506,2015-10-01
TR3,365,423,788,4913,4702,9615,2015-10-01
TR4,365,397,762,4504,4259,8763,2015-10-01
TR5,143,143,286,1457,1499,2956,2015-10-01
TR6,152,173,325,1441,1289,2730,2015-10-01
TR7,1170,1299,2469,7474,6467,13941,2015-10-01
TR8,292,335,627,3479,3088,6567,2015-10-01
TR9,302,419,721,3057,2705,5762,2015-10-01
TR10,452,544,996,3334,2923,6257,2015-10-01
TR11,1276,1459,2735,9716,8978,18694,2015-10-01
TR12,276,313,589,3700,3309,7009,2015-10-01
TR13,701,874,1575,7343,6946,14289,2015-10-01
TR14,1254,1379,2633,8693,7329,16022,2015-10-01
TR15,918,1079,1997,6819,5863,12682,2015-10-01
TR16,516,623,1139,6051,5566,11617,2015-10-01
TR17,64,86,150,567,486,1053,2015-10-01
TR18,1173,1356,2529,6363,5472,11835,2015-10-01
TR19,406,485,891,3360,3103,6463,2015-10-01
TR20,342,371,713,3740,3505,7245,2015-10-01
TR21,77,102,179,583,478,1061,2015-10-01
TR22,6,6,12,28,20,48,2015-10-01
TR23,3,4,7,30,25,55,2015-10-01
TR24,5,6,11,46,31,77,2015-10-01
TR25,7,1,8,44,34,78,2015-10-01
TR26,552,659,1211,4047,3668,7715,2015-10-01
TR27,605,776,1381,5376,4947,10323,2015-10-01
TS1,1977,1588,3565,3064,1325,4389,2015-10-01
TS2,123,125,248,186,109,295,2015-10-01
TS3,2436,3060,5496,6596,4232,10828,2015-10-01
TS4,1369,1616,2985,4129,2825,6954,2015-10-01
TS5,2068,2559,4627,13183,10974,24157,2015-10-01
TS6,1836,2473,4309,9169,6959,16128,2015-10-01
TS7,705,991,1696,8560,7543,16103,2015-10-01
TS8,980,1343,2323,6973,6122,13095,2015-10-01
TS9,287,387,674,5321,4949,10270,2015-10-01
TS10,1858,2472,4330,11944,9761,21705,2015-10-01
TS11,398,582,980,4507,3906,8413,2015-10-01
TS12,930,1283,2213,7755,6523,14278,2015-10-01
TS13,536,681,1217,3298,2417,5715,2015-10-01
TS14,612,805,1417,6534,5759,12293,2015-10-01
TS15,367,410,777,5494,5072,10566,2015-10-01
TS16,331,403,734,3994,3675,7669,2015-10-01
TS17,1917,2498,4415,14585,12503,27088,2015-10-01
TS18,1412,1555,2967,7364,5960,13324,2015-10-01
TS19,1998,2761,4759,11146,9069,20215,2015-10-01
TS20,1029,1282,2311,6712,5420,12132,2015-10-01
TS21,376,451,827,4799,4270,9069,2015-10-01
TS22,205,238,443,3585,3221,6806,2015-10-01
TS23,1551,2084,3635,9449,7870,17319,2015-10-01
TS24,1470,1824,3294,5681,4022,9703,2015-10-01
TS25,1994,2606,4600,11813,9414,21227,2015-10-01
TS26,1183,1306,2489,8179,7151,15330,2015-10-01
TS27,426,616,1042,4401,3836,8237,2015-10-01
TS28,234,323,557,1729,1424,3153,2015-10-01
TS29,292,394,686,2049,1606,3655,2015-10-01
TS90,0,0,0,1,0,1,2015-10-01
TW1,1326,1594,2920,10101,9128,19229,2015-10-01
TW2,1617,1817,3434,11224,10220,21444,2015-10-01
TW3,7105,5282,12387,14160,8569,22729,2015-10-01
TW4,4702,3961,8663,10070,5964,16034,2015-10-01
TW5,4357,3689,8046,11389,7445,18834,2015-10-01
TW6,9,1,10,33,11,44,2015-10-01
TW7,3051,3611,6662,13746,10724,24470,2015-10-01
TW8,1802,2113,3915,6713,4966,11679,2015-10-01
TW9,1345,1583,2928,8709,7784,16493,2015-10-01
TW10,1285,1498,2783,7719,6910,14629,2015-10-01
TW11,1189,1380,2569,8793,8296,17089,2015-10-01
TW12,1240,1430,2670,8672,8208,16880,2015-10-01
TW13,3002,3617,6619,12268,8946,21214,2015-10-01
TW14,2642,3013,5655,10073,7054,17127,2015-10-01
TW15,1110,1303,2413,11158,9866,21024,2015-10-01
TW16,868,1078,1946,8031,7087,15118,2015-10-01
TW17,504,532,1036,5936,5592,11528,2015-10-01
TW18,1127,1237,2364,10128,9081,19209,2015-10-01
TW19,850,1114,1964,6658,5510,12168,2015-10-01
TW20,1323,1445,2768,8335,7239,15574,2015-10-01
UB1,9192,6446,15638,14007,7880,21887,2015-10-01
UB2,6595,4734,11329,11047,6693,17740,2015-10-01
UB3,6078,6084,12162,17326,10949,28275,2015-10-01
UB4,4337,4216,8553,14062,10161,24223,2015-10-01
UB5,4657,5560,10217,15466,10852,26318,2015-10-01
UB6,5815,5525,11340,19987,13401,33388,2015-10-01
UB7,2546,2853,5399,10278,7495,17773,2015-10-01
UB8,2443,2654,5097,11187,8621,19808,2015-10-01
UB9,651,715,1366,5714,5199,10913,2015-10-01
UB10,1773,2123,3896,12825,11151,23976,2015-10-01
UB11,2,0,2,12,4,16,2015-10-01
W1,32,13,45,45,10,55,2015-10-01
W1,59,65,124,319,182,501,2015-10-01
W1,11,3,14,12,1,13,2015-10-01
W1,211,114,325,425,178,603,2015-10-01
W1,131,109,240,460,195,655,2015-10-01
W1,216,224,440,1131,810,1941,2015-10-01
W1,799,680,1479,2238,1522,3760,2015-10-01
W1,203,159,362,846,479,1325,2015-10-01
W1,378,357,735,1166,679,1845,2015-10-01
W1,76,60,136,96,66,162,2015-10-01
W1,57,63,120,122,62,184,2015-10-01
W1,63,67,130,98,44,142,2015-10-01
W1,49,13,62,68,12,80,2015-10-01
W1,48,26,74,149,59,208,2015-10-01
W1,422,295,717,1080,565,1645,2015-10-01
W1,487,493,980,1764,1173,2937,2015-10-01
W1,91,53,144,108,51,159,2015-10-01
W1,361,394,755,1011,628,1639,2015-10-01
W1,55,21,76,138,56,194,2015-10-01
W1,52,46,98,102,47,149,2015-10-01
W2,6896,6148,13044,16396,10450,26846,2015-10-01
W3,6233,6040,12273,19726,13672,33398,2015-10-01
W4,3218,3726,6944,16984,14752,31736,2015-10-01
W5,4127,4357,8484,20101,16266,36367,2015-10-01
W6,3568,3630,7198,10770,8436,19206,2015-10-01
W7,2842,3189,6031,9730,7888,17618,2015-10-01
W8,1948,2370,4318,8214,6953,15167,2015-10-01
W9,4319,4673,8992,12241,9057,21298,2015-10-01
W10,4349,4876,9225,8869,6414,15283,2015-10-01
W11,3664,4085,7749,10311,8141,18452,2015-10-01
W12,6364,6498,12862,13834,9553,23387,2015-10-01
W13,2982,3157,6139,12410,9673,22083,2015-10-01
W14,4241,4586,8827,12509,9547,22056,2015-10-01
WA1,988,1063,2051,7719,6473,14192,2015-10-01
WA2,2394,3024,5418,12796,10251,23047,2015-10-01
WA3,1750,2381,4131,17168,15326,32494,2015-10-01
WA4,1699,2026,3725,18137,16423,34560,2015-10-01
WA5,2593,3208,5801,21287,18666,39953,2015-10-01
WA6,599,685,1284,7627,7129,14756,2015-10-01
WA7,3905,5350,9255,19951,15945,35896,2015-10-01
WA8,3307,4278,7585,20650,16845,37495,2015-10-01
WA9,3012,3879,6891,14809,11252,26061,2015-10-01
WA10,2014,2473,4487,12413,10186,22599,2015-10-01
WA11,1790,2357,4147,14512,12267,26779,2015-10-01
WA12,1123,1470,2593,7416,6047,13463,2015-10-01
WA13,345,399,744,5217,5005,10222,2015-10-01
WA14,1334,1393,2727,11030,10096,21126,2015-10-01
WA15,1689,1802,3491,16770,15444,32214,2015-10-01
WA16,800,834,1634,9623,9059,18682,2015-10-01
WC1,86,66,152,241,99,340,2015-10-01
WC1,176,221,397,421,254,675,2015-10-01
WC1,214,212,426,484,309,793,2015-10-01
WC1,923,815,1738,1780,962,2742,2015-10-01
WC1,726,706,1432,1814,1117,2931,2015-10-01
WC1,42,37,79,181,108,289,2015-10-01
WC1,45,30,75,85,48,133,2015-10-01
WC1,973,872,1845,1827,1140,2967,2015-10-01
WC2,10,10,20,84,49,133,2015-10-01
WC2,191,163,354,502,243,745,2015-10-01
WC2,65,47,112,222,106,328,2015-10-01
WC2,388,266,654,830,365,1195,2015-10-01
WC2,82,50,132,236,114,350,2015-10-01
WC2,33,22,55,105,52,157,2015-10-01
WD1,34,34,68,88,61,149,2015-10-01
WD2,83,63,146,159,83,242,2015-10-01
WD3,1518,1796,3314,16146,15501,31647,2015-10-01
WD4,367,380,747,4506,4335,8841,2015-10-01
WD5,445,485,930,4353,4068,8421,2015-10-01
WD6,2231,2702,4933,13995,11784,25779,2015-10-01
WD7,448,515,963,5235,5074,10309,2015-10-01
WD17,925,969,1894,6270,5124,11394,2015-10-01
WD18,2255,2568,4823,8424,5950,14374,2015-10-01
WD19,1439,1845,3284,9973,9094,19067,2015-10-01
WD23,1036,1269,2305,9729,9434,19163,2015-10-01
WD24,1561,1752,3313,8180,6373,14553,2015-10-01
WD25,1449,1802,3251,10202,8915,19117,2015-10-01
WF1,2327,2804,5131,10721,7525,18246,2015-10-01
WF2,2725,3658,6383,16202,13105,29307,2015-10-01
WF3,1334,1879,3213,11898,10344,22242,2015-10-01
WF4,1746,2450,4196,15496,13128,28624,2015-10-01
WF5,892,1169,2061,7446,6437,13883,2015-10-01
WF6,1120,1514,2634,7092,5519,12611,2015-10-01
WF7,986,1471,2457,6826,5529,12355,2015-10-01
WF8,1566,2085,3651,10798,8768,19566,2015-10-01
WF9,2414,3145,5559,12121,9025,21146,2015-10-01
WF10,2633,3717,6350,14228,10608,24836,2015-10-01
WF11,961,1301,2262,5464,4191,9655,2015-10-01
WF12,2042,2691,4733,10694,7896,18590,2015-10-01
WF13,1952,2555,4507,7377,4703,12080,2015-10-01
WF14,750,1026,1776,7050,6271,13321,2015-10-01
WF15,829,1097,1926,6048,5141,11189,2015-10-01
WF16,695,896,1591,3791,2700,6491,2015-10-01
WF17,2493,3460,5953,13083,9191,22274,2015-10-01
WN1,999,1125,2124,6585,5117,11702,2015-10-01
WN2,2381,3320,5701,17212,13733,30945,2015-10-01
WN3,1332,1882,3214,10409,8389,18798,2015-10-01
WN4,1179,1543,2722,10285,8669,18954,2015-10-01
WN5,2135,2633,4768,14356,11410,25766,2015-10-01
WN6,1569,1854,3423,14478,12607,27085,2015-10-01
WN7,2539,3241,5780,15229,11959,27188,2015-10-01
WN8,3055,4030,7085,14676,11806,26482,2015-10-01
WR1,590,605,1195,2863,2211,5074,2015-10-01
WR2,1166,1345,2511,10215,8953,19168,2015-10-01
WR3,794,959,1753,7606,6894,14500,2015-10-01
WR4,1455,1876,3331,8349,7090,15439,2015-10-01
WR5,1310,1714,3024,11205,9765,20970,2015-10-01
WR6,334,378,712,5381,5094,10475,2015-10-01
WR7,128,120,248,2382,2253,4635,2015-10-01
WR8,237,256,493,3369,3211,6580,2015-10-01
WR9,1238,1547,2785,11634,10646,22280,2015-10-01
WR10,485,673,1158,7131,6676,13807,2015-10-01
WR11,1645,1976,3621,15637,13638,29275,2015-10-01
WR12,157,189,346,2332,2231,4563,2015-10-01
WR13,217,226,443,3439,3378,6817,2015-10-01
WR14,1652,1965,3617,12403,11335,23738,2015-10-01
WR15,236,279,515,2881,2583,5464,2015-10-01
WS1,2130,2632,4762,7147,4367,11514,2015-10-01
WS2,2794,3871,6665,9996,6403,16399,2015-10-01
WS3,3092,4007,7099,14725,11023,25748,2015-10-01
WS4,815,1007,1822,5763,4690,10453,2015-10-01
WS5,928,1422,2350,7544,6324,13868,2015-10-01
WS6,587,796,1383,6771,5766,12537,2015-10-01
WS7,951,1304,2255,11280,9721,21001,2015-10-01
WS8,745,942,1687,5236,4186,9422,2015-10-01
WS9,899,1195,2094,9766,8593,18359,2015-10-01
WS10,3077,4087,7164,13269,9306,22575,2015-10-01
WS11,1818,2424,4242,14672,12357,27029,2015-10-01
WS12,1171,1611,2782,12611,10772,23383,2015-10-01
WS13,1085,1332,2417,9188,8136,17324,2015-10-01
WS14,532,604,1136,6934,6511,13445,2015-10-01
WS15,1528,1976,3504,13339,11463,24802,2015-10-01
WV1,1628,1637,3265,3989,2405,6394,2015-10-01
WV2,1738,1795,3533,3831,2413,6244,2015-10-01
WV3,1763,2075,3838,9642,7947,17589,2015-10-01
WV4,1691,2183,3874,11771,9566,21337,2015-10-01
WV5,416,570,986,5970,5375,11345,2015-10-01
WV6,2398,2950,5348,15400,13101,28501,2015-10-01
WV7,304,268,572,2278,2010,4288,2015-10-01
WV8,675,1001,1676,5442,4869,10311,2015-10-01
WV9,258,407,665,2620,2300,4920,2015-10-01
WV10,4031,5434,9465,15895,11902,27797,2015-10-01
WV11,1843,2448,4291,11407,8709,20116,2015-10-01
WV12,1218,1611,2829,8567,6896,15463,2015-10-01
WV13,1344,1759,3103,6250,4735,10985,2015-10-01
WV14,2827,3811,6638,13847,10377,24224,2015-10-01
WV15,246,314,560,3381,2987,6368,2015-10-01
WV16,520,631,1151,6762,6016,12778,2015-10-01
YO1,282,299,581,1225,886,2111,2015-10-01
YO2,17,21,38,42,24,66,2015-10-01
YO3,29,28,57,52,34,86,2015-10-01
YO4,7,10,17,94,79,173,2015-10-01
YO5,4,9,13,29,22,51,2015-10-01
YO6,13,26,39,94,67,161,2015-10-01
YO7,611,791,1402,7598,6835,14433,2015-10-01
YO8,1673,2374,4047,16082,13765,29847,2015-10-01
YO10,1359,1627,2986,6745,5637,12382,2015-10-01
YO11,1249,1536,2785,6957,5303,12260,2015-10-01
YO12,2040,2677,4717,13029,10816,23845,2015-10-01
YO13,215,314,529,4095,3864,7959,2015-10-01
YO14,405,567,972,4106,3562,7668,2015-10-01
YO15,719,781,1500,4700,3673,8373,2015-10-01
YO16,1095,1494,2589,8418,6701,15119,2015-10-01
YO17,749,913,1662,7940,6928,14868,2015-10-01
YO18,304,402,706,4195,3843,8038,2015-10-01
YO19,365,427,792,4884,4624,9508,2015-10-01
YO21,515,635,1150,5340,4663,10003,2015-10-01
YO22,348,482,830,3096,2693,5789,2015-10-01
YO23,739,974,1713,6886,6471,13357,2015-10-01
YO24,1561,2199,3760,9944,8760,18704,2015-10-01
YO25,996,1327,2323,12935,11605,24540,2015-10-01
YO26,1334,1814,3148,10551,9258,19809,2015-10-01
YO30,1369,1655,3024,8541,7598,16139,2015-10-01
YO31,1397,1836,3233,8342,7215,15557,2015-10-01
YO32,953,1331,2284,10704,10048,20752,2015-10-01
YO41,234,356,590,4235,3979,8214,2015-10-01
YO42,436,594,1030,5608,5134,10742,2015-10-01
YO43,312,427,739,4803,4398,9201,2015-10-01
YO51,152,192,344,2168,2025,4193,2015-10-01
YO60,136,120,256,1948,1880,3828,2015-10-01
YO61,370,446,816,5447,5241,10688,2015-10-01
YO62,396,376,772,4632,4235,8867,2015-10-01
ZE1,433,538,971,2764,2209,4973,2015-10-01
ZE2,594,826,1420,5348,4640,9988,2015-10-01
ZE3,17,30,47,177,130,307,2015-10-01
TotalNA,3555400,4166920,7722320,20872504,17555162,38427666,2015-10-01
AA78,0,0,0,0,1,1,2021-10-01
AB1,67,74,141,166,110,276,2021-10-01
AB2,22,31,53,87,49,136,2021-10-01
AB3,6,8,14,31,29,60,2021-10-01
AB4,3,3,6,21,19,40,2021-10-01
AB5,1,2,3,11,13,24,2021-10-01
AB9,26,17,43,63,11,74,2021-10-01
AB10,1642,1686,3328,7346,6019,13365,2021-10-01
AB11,2067,2126,4193,6257,4338,10595,2021-10-01
AB12,1270,1580,2850,10431,9400,19831,2021-10-01
AB13,115,117,232,1434,1444,2878,2021-10-01
AB14,221,268,489,1934,1801,3735,2021-10-01
AB15,1560,2040,3600,15808,14960,30768,2021-10-01
AB16,2366,2918,5284,7936,6221,14157,2021-10-01
AB18,0,0,0,0,1,1,2021-10-01
AB21,989,1154,2143,9346,8441,17787,2021-10-01
AB22,616,760,1376,6133,5699,11832,2021-10-01
AB23,441,491,932,4759,4373,9132,2021-10-01
AB24,3311,3370,6681,9098,5827,14925,2021-10-01
AB25,1627,1529,3156,5031,3649,8680,2021-10-01
AB28,0,0,0,1,0,1,2021-10-01
AB29,0,1,1,0,0,0,2021-10-01
AB30,222,272,494,3064,2833,5897,2021-10-01
AB31,495,553,1048,6439,6193,12632,2021-10-01
AB32,448,562,1010,5563,5400,10963,2021-10-01
AB33,150,183,333,2351,2135,4486,2021-10-01
AB34,192,210,402,2204,2152,4356,2021-10-01
AB35,94,112,206,979,896,1875,2021-10-01
AB36,22,22,44,229,206,435,2021-10-01
AB37,38,45,83,536,475,1011,2021-10-01
AB38,132,175,307,1715,1562,3277,2021-10-01
AB39,723,777,1500,6779,6531,13310,2021-10-01
AB41,622,850,1472,8441,7988,16429,2021-10-01
AB42,1599,1786,3385,12342,11049,23391,2021-10-01
AB43,1119,1315,2434,8086,7255,15341,2021-10-01
AB44,191,245,436,1342,1184,2526,2021-10-01
AB45,451,508,959,4060,3731,7791,2021-10-01
AB51,1100,1350,2450,14134,13406,27540,2021-10-01
AB52,137,189,326,2058,1907,3965,2021-10-01
AB53,337,434,771,4799,4219,9018,2021-10-01
AB54,401,515,916,4200,3798,7998,2021-10-01
AB55,299,447,746,3377,2974,6351,2021-10-01
AB56,698,723,1421,5146,4772,9918,2021-10-01
AL1,2329,2520,4849,14117,12680,26797,2021-10-01
AL2,1075,1231,2306,9525,9050,18575,2021-10-01
AL3,1390,1522,2912,11026,10629,21655,2021-10-01
AL4,1158,1334,2492,10634,10470,21104,2021-10-01
AL5,1368,1460,2828,12182,11877,24059,2021-10-01
AL6,399,435,834,5125,5054,10179,2021-10-01
AL7,2275,2652,4927,12283,11149,23432,2021-10-01
AL8,653,797,1450,4932,4734,9666,2021-10-01
AL9,485,561,1046,4850,4508,9358,2021-10-01
AL10,4346,3520,7866,11572,8122,19694,2021-10-01
B0,2,0,2,0,0,0,2021-10-01
B1,1168,1018,2186,2427,1376,3803,2021-10-01
B2,94,66,160,109,60,169,2021-10-01
B3,243,228,471,745,482,1227,2021-10-01
B4,360,202,562,326,131,457,2021-10-01
B5,1508,1634,3142,3175,1860,5035,2021-10-01
B5,0,0,0,1,1,2,2021-10-01
B6,2996,3309,6305,4781,2436,7217,2021-10-01
B7,1167,1574,2741,1868,1092,2960,2021-10-01
B8,5528,6300,11828,10603,5835,16438,2021-10-01
B9,3112,3894,7006,6073,3503,9576,2021-10-01
B10,3662,4004,7666,6464,3326,9790,2021-10-01
B11,6137,6728,12865,11618,6342,17960,2021-10-01
B12,3039,3107,6146,4748,2479,7227,2021-10-01
B13,3169,3833,7002,12205,9582,21787,2021-10-01
B14,3422,4235,7657,12845,10750,23595,2021-10-01
B15,1821,1849,3670,5096,3920,9016,2021-10-01
B16,3317,3350,6667,6477,4025,10502,2021-10-01
B17,2046,2316,4362,8332,7061,15393,2021-10-01
B18,2375,2819,5194,3778,2349,6127,2021-10-01
B19,3447,3866,7313,4722,2495,7217,2021-10-01
B20,4308,4801,9109,10403,7145,17548,2021-10-01
B21,5474,5455,10929,7346,4156,11502,2021-10-01
B23,4498,5482,9980,12837,9654,22491,2021-10-01
B24,2530,2950,5480,8924,6896,15820,2021-10-01
B25,1720,2167,3887,4795,3241,8036,2021-10-01
B26,2280,2824,5104,11220,8854,20074,2021-10-01
B27,2426,2800,5226,7582,5497,13079,2021-10-01
B28,2050,2581,4631,10891,8937,19828,2021-10-01
B29,3576,4090,7666,9441,7561,17002,2021-10-01
B30,2071,2485,4556,8934,8094,17028,2021-10-01
B31,4501,5834,10335,16998,14386,31384,2021-10-01
B32,3217,4507,7724,11152,9021,20173,2021-10-01
B33,3275,4373,7648,10020,7355,17375,2021-10-01
B34,1511,2022,3533,5857,4689,10546,2021-10-01
B35,909,1239,2148,2377,2048,4425,2021-10-01
B36,2660,3526,6186,11421,9229,20650,2021-10-01
B37,3061,3956,7017,10390,8566,18956,2021-10-01
B38,1699,2166,3865,5937,5156,11093,2021-10-01
B41,1,0,1,1,0,1,2021-10-01
B42,1855,2179,4034,7808,6535,14343,2021-10-01
B43,1572,2024,3596,10421,9102,19523,2021-10-01
B44,3073,4067,7140,10766,8568,19334,2021-10-01
B45,2085,2646,4731,10519,9235,19754,2021-10-01
B46,472,488,960,5006,4680,9686,2021-10-01
B47,282,331,613,3911,3916,7827,2021-10-01
B48,220,192,412,2298,2214,4512,2021-10-01
B49,361,454,815,4169,3995,8164,2021-10-01
B50,220,248,468,2617,2512,5129,2021-10-01
B60,1051,1196,2247,10377,9825,20202,2021-10-01
B61,1167,1337,2504,9289,8780,18069,2021-10-01
B62,1119,1368,2487,9002,8160,17162,2021-10-01
B63,1905,2403,4308,12499,10907,23406,2021-10-01
B64,1136,1494,2630,5486,4397,9883,2021-10-01
B65,1659,2241,3900,7565,6020,13585,2021-10-01
B66,3510,3812,7322,5971,3541,9512,2021-10-01
B67,3545,4031,7576,8858,6078,14936,2021-10-01
B68,2594,3250,5844,10146,7923,18069,2021-10-01
B69,2359,3094,5453,9001,6861,15862,2021-10-01
B70,3469,4101,7570,8614,5328,13942,2021-10-01
B71,2701,3361,6062,9450,7083,16533,2021-10-01
B72,453,462,915,3753,3341,7094,2021-10-01
B73,1009,1162,2171,8723,7979,16702,2021-10-01
B74,1032,1195,2227,12790,12071,24861,2021-10-01
B75,1257,1557,2814,9789,9306,19095,2021-10-01
B76,1068,989,2057,9078,7855,16933,2021-10-01
B77,3037,4156,7193,19870,16996,36866,2021-10-01
B78,1077,1279,2356,9245,8290,17535,2021-10-01
B79,1148,1409,2557,8690,7470,16160,2021-10-01
B80,275,307,582,2746,2583,5329,2021-10-01
B85,0,0,0,1,0,1,2021-10-01
B90,2003,2339,4342,18259,17100,35359,2021-10-01
B91,1467,1584,3051,13418,12666,26084,2021-10-01
B92,1847,2171,4018,13680,12081,25761,2021-10-01
B93,606,653,1259,7844,7827,15671,2021-10-01
B94,169,207,376,3344,3175,6519,2021-10-01
B95,203,215,418,2574,2511,5085,2021-10-01
B96,126,151,277,2221,2158,4379,2021-10-01
B97,1482,1757,3239,12380,11043,23423,2021-10-01
B98,3186,4020,7206,17142,14180,31322,2021-10-01
BA0,0,0,0,1,1,2,2021-10-01
BA1,2707,3037,5744,13992,12801,26793,2021-10-01
BA2,4435,4820,9255,23858,21929,45787,2021-10-01
BA3,1579,1542,3121,13884,13008,26892,2021-10-01
BA4,694,810,1504,7247,6606,13853,2021-10-01
BA5,785,836,1621,7209,7025,14234,2021-10-01
BA6,697,723,1420,5157,5143,10300,2021-10-01
BA7,127,154,281,1445,1526,2971,2021-10-01
BA8,149,176,325,1772,1683,3455,2021-10-01
BA9,292,370,662,3256,3039,6295,2021-10-01
BA10,160,206,366,1294,1303,2597,2021-10-01
BA11,1535,1867,3402,12493,11979,24472,2021-10-01
BA12,1251,1525,2776,11275,10373,21648,2021-10-01
BA13,915,1068,1983,7851,7423,15274,2021-10-01
BA14,2666,2853,5519,18166,16899,35065,2021-10-01
BA15,531,634,1165,5205,5262,10467,2021-10-01
BA16,675,719,1394,4805,4440,9245,2021-10-01
BA20,589,673,1262,4336,3673,8009,2021-10-01
BA21,1850,2303,4153,12333,10582,22915,2021-10-01
BA22,524,553,1077,7446,7093,14539,2021-10-01
BB0,0,0,0,0,1,1,2021-10-01
BB1,4969,6498,11467,21281,15533,36814,2021-10-01
BB2,4315,5181,9496,19186,15234,34420,2021-10-01
BB3,2073,2569,4642,11537,9752,21289,2021-10-01
BB4,2081,2660,4741,14895,13420,28315,2021-10-01
BB5,4098,5004,9102,19793,16180,35973,2021-10-01
BB6,748,836,1584,5316,4825,10141,2021-10-01
BB7,1239,1341,2580,13639,13038,26677,2021-10-01
BB8,1265,1444,2709,8071,7249,15320,2021-10-01
BB9,3152,3837,6989,14683,10912,25595,2021-10-01
BB10,2476,2994,5470,12686,10099,22785,2021-10-01
BB11,1777,2134,3911,7187,5683,12870,2021-10-01
BB12,1946,2259,4205,12373,10717,23090,2021-10-01
BB18,730,848,1578,6269,5630,11899,2021-10-01
BD1,784,508,1292,1032,421,1453,2021-10-01
BD2,2093,2652,4745,9732,7876,17608,2021-10-01
BD3,3734,4331,8065,8187,4666,12853,2021-10-01
BD4,2630,3497,6127,8358,6378,14736,2021-10-01
BD5,3243,3827,7070,7378,4231,11609,2021-10-01
BD6,2024,2782,4806,9192,7627,16819,2021-10-01
BD7,3853,3924,7777,9339,5627,14966,2021-10-01
BD8,3161,3767,6928,8092,4852,12944,2021-10-01
BD9,2325,3201,5526,8256,5887,14143,2021-10-01
BD10,1561,2044,3605,8849,8081,16930,2021-10-01
BD11,442,566,1008,4129,3950,8079,2021-10-01
BD12,935,1206,2141,5749,4974,10723,2021-10-01
BD13,1298,1512,2810,9468,8633,18101,2021-10-01
BD14,468,649,1117,2771,2415,5186,2021-10-01
BD15,999,1295,2294,5367,4637,10004,2021-10-01
BD16,1161,1325,2486,9316,8675,17991,2021-10-01
BD17,789,902,1691,6709,6160,12869,2021-10-01
BD18,1846,2344,4190,8550,7112,15662,2021-10-01
BD19,1069,1246,2315,7907,7182,15089,2021-10-01
BD20,1418,1753,3171,14078,13104,27182,2021-10-01
BD21,2095,2777,4872,7191,5131,12322,2021-10-01
BD22,1522,1960,3482,10438,9365,19803,2021-10-01
BD23,1153,1338,2491,11628,10891,22519,2021-10-01
BD24,185,230,415,2107,1943,4050,2021-10-01
BD25,0,0,0,1,0,1,2021-10-01
BD99,0,0,0,0,1,1,2021-10-01
BH0,0,0,0,0,1,1,2021-10-01
BH1,2382,2203,4585,7205,4735,11940,2021-10-01
BH2,1004,814,1818,3365,2142,5507,2021-10-01
BH2,0,0,0,1,0,1,2021-10-01
BH3,349,366,715,2125,1827,3952,2021-10-01
BH4,546,564,1110,3756,3132,6888,2021-10-01
BH5,809,818,1627,3895,3111,7006,2021-10-01
BH6,1101,1201,2302,8462,8259,16721,2021-10-01
BH7,763,812,1575,4169,3878,8047,2021-10-01
BH8,2195,2221,4416,9715,8231,17946,2021-10-01
BH9,1827,1913,3740,10059,9171,19230,2021-10-01
BH10,931,1077,2008,7357,6888,14245,2021-10-01
BH11,1150,1331,2481,7114,6549,13663,2021-10-01
BH12,2103,2302,4405,12555,11230,23785,2021-10-01
BH13,186,239,425,3444,3242,6686,2021-10-01
BH14,1109,1131,2240,9595,8937,18532,2021-10-01
BH15,1778,2005,3783,12433,11207,23640,2021-10-01
BH16,637,825,1462,6073,5865,11938,2021-10-01
BH17,964,1244,2208,8316,7965,16281,2021-10-01
BH18,289,270,559,5041,4853,9894,2021-10-01
BH19,482,599,1081,4330,3962,8292,2021-10-01
BH20,1127,881,2008,8563,7419,15982,2021-10-01
BH21,1112,1294,2406,16738,16866,33604,2021-10-01
BH22,756,726,1482,11234,10793,22027,2021-10-01
BH23,2150,2167,4317,20859,20624,41483,2021-10-01
BH24,787,807,1594,9997,9849,19846,2021-10-01
BH25,917,1015,1932,9801,9662,19463,2021-10-01
BH31,345,356,701,5434,5458,10892,2021-10-01
BL0,752,838,1590,6423,6253,12676,2021-10-01
BL1,4792,5430,10222,21470,16592,38062,2021-10-01
BL2,3167,3710,6877,15067,12948,28015,2021-10-01
BL3,5476,6486,11962,20728,14572,35300,2021-10-01
BL4,2532,3251,5783,10630,8293,18923,2021-10-01
BL5,1202,1380,2582,10095,9351,19446,2021-10-01
BL6,1461,1651,3112,11431,10562,21993,2021-10-01
BL7,459,515,974,6093,5930,12023,2021-10-01
BL8,1638,1926,3564,13258,12317,25575,2021-10-01
BL9,3777,4508,8285,16391,13164,29555,2021-10-01
BN1,7583,7360,14943,25753,21607,47360,2021-10-01
BN2,8389,8855,17244,27319,22230,49549,2021-10-01
BN3,6778,6950,13728,27623,23886,51509,2021-10-01
BN4,2,1,3,11,5,16,2021-10-01
BN5,238,272,510,3235,3256,6491,2021-10-01
BN6,752,783,1535,7077,7188,14265,2021-10-01
BN7,1403,1607,3010,6824,6728,13552,2021-10-01
BN8,627,669,1296,6405,6335,12740,2021-10-01
BN9,945,1171,2116,4501,3928,8429,2021-10-01
BN10,1122,1276,2398,7040,6257,13297,2021-10-01
BN11,2396,2534,4930,10977,9504,20481,2021-10-01
BN12,967,1065,2032,8257,8137,16394,2021-10-01
BN13,1395,1525,2920,10813,10343,21156,2021-10-01
BN14,1701,1841,3542,11290,10666,21956,2021-10-01
BN15,1471,1629,3100,9856,9000,18856,2021-10-01
BN16,973,1106,2079,11075,11286,22361,2021-10-01
BN17,1756,2169,3925,11148,9960,21108,2021-10-01
BN18,607,557,1164,5411,5189,10600,2021-10-01
BN20,915,1131,2046,7716,7676,15392,2021-10-01
BN21,1878,1991,3869,8392,6999,15391,2021-10-01
BN22,2221,2705,4926,10773,9754,20527,2021-10-01
BN23,1473,1820,3293,10125,9156,19281,2021-10-01
BN24,335,384,719,4058,3969,8027,2021-10-01
BN25,1051,1313,2364,8849,8451,17300,2021-10-01
BN26,485,537,1022,4795,4657,9452,2021-10-01
BN27,1261,1484,2745,11664,11319,22983,2021-10-01
BN32,1,0,1,0,0,0,2021-10-01
BN40,0,0,0,1,0,1,2021-10-01
BN41,1645,1772,3417,6691,6265,12956,2021-10-01
BN42,622,701,1323,3646,3277,6923,2021-10-01
BN43,1331,1386,2717,8411,8037,16448,2021-10-01
BN44,382,411,793,3981,4015,7996,2021-10-01
BN45,25,26,51,271,247,518,2021-10-01
BR1,4990,5876,10866,19720,17775,37495,2021-10-01
BR2,2953,3221,6174,17379,16468,33847,2021-10-01
BR3,3042,3568,6610,17843,16722,34565,2021-10-01
BR4,1086,979,2065,7440,7189,14629,2021-10-01
BR5,3274,4173,7447,15685,14503,30188,2021-10-01
BR6,2438,2781,5219,17784,16972,34756,2021-10-01
BR7,788,979,1767,7014,6775,13789,2021-10-01
BR8,1232,1578,2810,8381,7620,16001,2021-10-01
BS0,0,0,0,1,0,1,2021-10-01
BS1,1297,1109,2406,3830,2241,6071,2021-10-01
BS2,2096,2161,4257,4846,3160,8006,2021-10-01
BS3,2782,3158,5940,12866,10833,23699,2021-10-01
BS4,3566,4413,7979,16564,13781,30345,2021-10-01
BS5,5641,5902,11543,17514,13191,30705,2021-10-01
BS6,2313,2427,4740,10468,9530,19998,2021-10-01
BS7,3120,3272,6392,13552,11231,24783,2021-10-01
BS8,1643,1698,3341,8238,7264,15502,2021-10-01
BS9,1446,1512,2958,12006,11280,23286,2021-10-01
BS10,2201,2773,4974,9537,7933,17470,2021-10-01
BS11,1398,1720,3118,5986,4742,10728,2021-10-01
BS12,18,10,28,95,43,138,2021-10-01
BS13,2270,3010,5280,9396,7743,17139,2021-10-01
BS14,1548,1701,3249,10612,9612,20224,2021-10-01
BS15,2327,2692,5019,17583,15671,33254,2021-10-01
BS16,4438,4879,9317,29182,26223,55405,2021-10-01
BS17,16,16,32,76,56,132,2021-10-01
BS18,15,14,29,64,50,114,2021-10-01
BS19,4,6,10,37,26,63,2021-10-01
BS20,1065,1286,2351,12545,11865,24410,2021-10-01
BS21,841,1061,1902,8989,8645,17634,2021-10-01
BS22,1557,1952,3509,14139,13002,27141,2021-10-01
BS23,2490,2812,5302,11870,9368,21238,2021-10-01
BS24,861,1117,1978,8932,8344,17276,2021-10-01
BS25,195,181,376,2720,2593,5313,2021-10-01
BS26,154,149,303,2029,2012,4041,2021-10-01
BS27,244,242,486,2923,2883,5806,2021-10-01
BS28,84,81,165,1479,1466,2945,2021-10-01
BS29,109,113,222,1173,1105,2278,2021-10-01
BS30,992,1153,2145,11442,11002,22444,2021-10-01
BS31,828,999,1827,8604,8065,16669,2021-10-01
BS32,1183,1267,2450,9345,8367,17712,2021-10-01
BS34,1994,2200,4194,12403,10498,22901,2021-10-01
BS35,803,955,1758,9623,8977,18600,2021-10-01
BS36,517,523,1040,6498,6345,12843,2021-10-01
BS37,1606,1909,3515,15297,14205,29502,2021-10-01
BS38,0,0,0,1,0,1,2021-10-01
BS39,500,585,1085,6647,6292,12939,2021-10-01
BS40,330,355,685,5602,5507,11109,2021-10-01
BS41,181,224,405,2405,2343,4748,2021-10-01
BS45,0,0,0,1,1,2,2021-10-01
BS48,836,946,1782,9187,8943,18130,2021-10-01
BS49,433,484,917,4755,4651,9406,2021-10-01
BS53,0,0,0,1,0,1,2021-10-01
BS57,0,0,0,1,0,1,2021-10-01
BS67,0,0,0,0,1,1,2021-10-01
BS94,0,1,1,0,0,0,2021-10-01
BS99,1,0,1,0,0,0,2021-10-01
CA0,0,0,0,1,1,2,2021-10-01
CA1,1622,1950,3572,7720,6228,13948,2021-10-01
CA2,2188,2872,5060,12843,10748,23591,2021-10-01
CA3,554,608,1162,5313,4791,10104,2021-10-01
CA4,197,269,466,4038,3932,7970,2021-10-01
CA5,213,219,432,3018,2941,5959,2021-10-01
CA6,293,370,663,3798,3407,7205,2021-10-01
CA7,742,913,1655,8727,8088,16815,2021-10-01
CA8,306,431,737,4097,3843,7940,2021-10-01
CA9,74,111,185,834,766,1600,2021-10-01
CA10,385,463,848,5973,5618,11591,2021-10-01
CA11,927,1122,2049,8347,7612,15959,2021-10-01
CA12,333,360,693,2984,2668,5652,2021-10-01
CA13,536,653,1189,6063,5712,11775,2021-10-01
CA14,1732,2276,4008,12341,10477,22818,2021-10-01
CA15,752,1005,1757,5519,4689,10208,2021-10-01
CA16,162,186,348,2570,2424,4994,2021-10-01
CA17,154,182,336,1993,1792,3785,2021-10-01
CA18,12,6,18,118,119,237,2021-10-01
CA19,25,29,54,457,432,889,2021-10-01
CA20,77,98,175,1345,1203,2548,2021-10-01
CA21,30,20,50,317,288,605,2021-10-01
CA22,464,591,1055,3086,2610,5696,2021-10-01
CA23,61,64,125,568,476,1044,2021-10-01
CA24,29,57,86,401,315,716,2021-10-01
CA25,313,426,739,1906,1640,3546,2021-10-01
CA26,162,214,376,1293,1158,2451,2021-10-01
CA27,49,70,119,644,554,1198,2021-10-01
CA28,1507,1822,3329,9608,7974,17582,2021-10-01
CB1,4381,4469,8850,16011,13642,29653,2021-10-01
CB2,1783,1971,3754,7452,6556,14008,2021-10-01
CB3,1260,1432,2692,6229,5585,11814,2021-10-01
CB4,4147,4391,8538,15527,12862,28389,2021-10-01
CB5,1166,1321,2487,4724,3901,8625,2021-10-01
CB6,1568,1824,3392,14722,13502,28224,2021-10-01
CB7,1229,1330,2559,10371,9542,19913,2021-10-01
CB8,1694,1824,3518,12396,11326,23722,2021-10-01
CB9,1739,2246,3985,11471,9833,21304,2021-10-01
CB10,611,750,1361,5807,5550,11357,2021-10-01
CB11,789,863,1652,7259,6953,14212,2021-10-01
CB12,0,0,0,2,0,2,2021-10-01
CB19,0,0,0,1,0,1,2021-10-01
CB21,516,527,1043,5486,5168,10654,2021-10-01
CB22,893,882,1775,8437,7820,16257,2021-10-01
CB23,1302,1516,2818,11743,11060,22803,2021-10-01
CB24,1313,1431,2744,12261,11224,23485,2021-10-01
CB25,611,632,1243,6288,5838,12126,2021-10-01
CF0,1,0,1,0,0,0,2021-10-01
CF1,82,65,147,135,48,183,2021-10-01
CF2,48,43,91,106,39,145,2021-10-01
CF3,2957,3719,6676,13800,12692,26492,2021-10-01
CF4,45,36,81,127,98,225,2021-10-01
CF5,4371,5267,9638,21180,19516,40696,2021-10-01
CF5,0,0,0,0,1,1,2021-10-01
CF6,83,70,153,124,57,181,2021-10-01
CF7,13,8,21,53,35,88,2021-10-01
CF8,49,39,88,120,93,213,2021-10-01
CF9,0,0,0,1,0,1,2021-10-01
CF10,1694,1439,3133,4239,2547,6786,2021-10-01
CF11,3878,3703,7581,11454,8293,19747,2021-10-01
CF14,3602,3878,7480,26191,24886,51077,2021-10-01
CF15,599,741,1340,7033,6954,13987,2021-10-01
CF18,0,1,1,0,0,0,2021-10-01
CF23,2583,3069,5652,15658,14791,30449,2021-10-01
CF24,5947,5109,11056,11977,8404,20381,2021-10-01
CF31,2105,2580,4685,15909,14488,30397,2021-10-01
CF32,1486,1874,3360,10741,9439,20180,2021-10-01
CF33,805,1035,1840,4903,4299,9202,2021-10-01
CF34,1062,1404,2466,6656,5402,12058,2021-10-01
CF35,527,636,1163,7248,6810,14058,2021-10-01
CF36,563,673,1236,6119,5794,11913,2021-10-01
CF37,2527,2654,5181,12163,9940,22103,2021-10-01
CF38,807,1036,1843,8614,8200,16814,2021-10-01
CF39,1522,2017,3539,9621,8045,17666,2021-10-01
CF40,1141,1549,2690,6443,5208,11651,2021-10-01
CF41,546,758,1304,3481,2741,6222,2021-10-01
CF42,755,975,1730,4217,3463,7680,2021-10-01
CF43,727,1024,1751,3667,2794,6461,2021-10-01
CF44,2121,2916,5037,13481,11134,24615,2021-10-01
CF45,1271,1612,2883,6064,4873,10937,2021-10-01
CF46,670,861,1531,5084,4536,9620,2021-10-01
CF47,1452,1961,3413,6630,5145,11775,2021-10-01
CF48,1507,1975,3482,8925,7475,16400,2021-10-01
CF61,535,599,1134,3705,3560,7265,2021-10-01
CF62,2224,2610,4834,14867,14321,29188,2021-10-01
CF63,1539,1823,3362,6543,5848,12391,2021-10-01
CF64,1712,1873,3585,13608,13245,26853,2021-10-01
CF71,245,247,492,3947,3939,7886,2021-10-01
CF72,962,1167,2129,10008,9641,19649,2021-10-01
CF81,1022,1368,2390,5113,3938,9051,2021-10-01
CF82,1045,1231,2276,6856,6097,12953,2021-10-01
CF83,2927,3621,6548,17945,16051,33996,2021-10-01
CH1,2376,2598,4974,9469,7567,17036,2021-10-01
CH2,1830,2165,3995,12486,11234,23720,2021-10-01
CH3,1406,1501,2907,13994,13436,27430,2021-10-01
CH4,1762,2165,3927,12447,11528,23975,2021-10-01
CH5,2408,2849,5257,14952,12915,27867,2021-10-01
CH6,1004,1292,2296,5859,5035,10894,2021-10-01
CH6,0,0,0,1,0,1,2021-10-01
CH7,1915,2374,4289,18869,17967,36836,2021-10-01
CH8,992,1278,2270,7644,6744,14388,2021-10-01
CH9,1,0,1,1,0,1,2021-10-01
CH14,0,0,0,1,0,1,2021-10-01
CH22,0,0,0,0,1,1,2021-10-01
CH24,0,0,0,1,0,1,2021-10-01
CH41,1978,2255,4233,4562,3318,7880,2021-10-01
CH42,2812,3163,5975,8624,7117,15741,2021-10-01
CH43,2332,2570,4902,12705,11416,24121,2021-10-01
CH44,2554,2960,5514,8133,6614,14747,2021-10-01
CH45,1814,2048,3862,10359,9464,19823,2021-10-01
CH46,1614,1966,3580,8220,7347,15567,2021-10-01
CH47,448,521,969,4100,4053,8153,2021-10-01
CH48,628,653,1281,5803,5730,11533,2021-10-01
CH49,1550,1873,3423,10018,9632,19650,2021-10-01
CH60,368,336,704,5315,5400,10715,2021-10-01
CH61,616,695,1311,6557,6467,13024,2021-10-01
CH62,1729,1971,3700,10168,9327,19495,2021-10-01
CH63,1251,1447,2698,10777,10435,21212,2021-10-01
CH64,645,729,1374,7613,7225,14838,2021-10-01
CH65,2139,2583,4722,9001,7519,16520,2021-10-01
CH66,1603,1932,3535,13113,12211,25324,2021-10-01
CM0,687,801,1488,7089,6431,13520,2021-10-01
CM1,3750,4304,8054,24292,21831,46123,2021-10-01
CM2,2909,3270,6179,22467,20358,42825,2021-10-01
CM3,1787,2201,3988,22533,21530,44063,2021-10-01
CM4,359,420,779,4394,4277,8671,2021-10-01
CM5,393,421,814,4609,4440,9049,2021-10-01
CM6,863,995,1858,11607,11242,22849,2021-10-01
CM7,2527,3046,5573,18211,15919,34130,2021-10-01
CM8,1707,2181,3888,12101,10973,23074,2021-10-01
CM9,1345,1602,2947,13680,12759,26439,2021-10-01
CM11,773,863,1636,7857,7401,15258,2021-10-01
CM12,799,816,1615,8080,7790,15870,2021-10-01
CM13,1066,1232,2298,9982,9308,19290,2021-10-01
CM14,1138,1317,2455,7949,7187,15136,2021-10-01
CM15,901,1070,1971,9279,9057,18336,2021-10-01
CM16,950,1059,2009,9033,8641,17674,2021-10-01
CM17,1093,1362,2455,9345,8765,18110,2021-10-01
CM18,1968,2371,4339,8558,6999,15557,2021-10-01
CM19,1616,1855,3471,7691,6049,13740,2021-10-01
CM20,2163,2588,4751,8108,6208,14316,2021-10-01
CM21,421,454,875,4535,4213,8748,2021-10-01
CM22,529,574,1103,6599,6191,12790,2021-10-01
CM23,2109,2342,4451,16112,14922,31034,2021-10-01
CM24,334,405,739,3215,3027,6242,2021-10-01
CM77,482,653,1135,6054,5889,11943,2021-10-01
CO0,1,1,2,1,0,1,2021-10-01
CO1,1515,1701,3216,5372,4216,9588,2021-10-01
CO2,2406,3081,5487,12894,10992,23886,2021-10-01
CO3,1581,1736,3317,11794,10958,22752,2021-10-01
CO4,3312,3912,7224,17098,14578,31676,2021-10-01
CO5,938,1123,2061,11701,11069,22770,2021-10-01
CO6,902,1062,1964,11444,11036,22480,2021-10-01
CO7,1342,1449,2791,13830,12944,26774,2021-10-01
CO8,83,78,161,954,930,1884,2021-10-01
CO9,991,1136,2127,10388,9640,20028,2021-10-01
CO10,2093,2429,4522,18696,17320,36016,2021-10-01
CO11,445,592,1037,5365,5132,10497,2021-10-01
CO12,1167,1451,2618,8108,6916,15024,2021-10-01
CO13,412,485,897,5014,4780,9794,2021-10-01
CO14,303,396,699,2491,2108,4599,2021-10-01
CO15,2534,2925,5459,15115,12806,27921,2021-10-01
CO16,1220,1437,2657,9947,8842,18789,2021-10-01
CR0,19570,21622,41192,50602,39960,90562,2021-10-01
CR1,5,6,11,5,1,6,2021-10-01
CR2,3519,4014,7533,17836,16118,33954,2021-10-01
CR3,1467,1693,3160,11062,10628,21690,2021-10-01
CR4,9234,9164,18398,20927,14425,35352,2021-10-01
CR5,1642,1894,3536,11550,11018,22568,2021-10-01
CR6,399,450,849,3971,3842,7813,2021-10-01
CR7,7652,7463,15115,14346,10436,24782,2021-10-01
CR8,2157,2452,4609,12308,11464,23772,2021-10-01
CR9,58,40,98,59,20,79,2021-10-01
CT0,0,0,0,0,1,1,2021-10-01
CT1,2607,2784,5391,8197,6730,14927,2021-10-01
CT2,2024,2205,4229,8750,7567,16317,2021-10-01
CT3,911,1099,2010,7514,7050,14564,2021-10-01
CT4,666,735,1401,6971,6801,13772,2021-10-01
CT5,1551,1684,3235,12199,11843,24042,2021-10-01
CT6,1849,2010,3859,14466,13616,28082,2021-10-01
CT7,438,536,974,4618,4309,8927,2021-10-01
CT8,469,491,960,2649,2507,5156,2021-10-01
CT9,3674,3943,7617,13810,11696,25506,2021-10-01
CT10,1425,1474,2899,9010,8509,17519,2021-10-01
CT11,2373,2626,4999,9425,8199,17624,2021-10-01
CT12,1253,1482,2735,6347,5529,11876,2021-10-01
CT13,424,451,875,3365,3168,6533,2021-10-01
CT14,1803,2119,3922,12568,11452,24020,2021-10-01
CT15,507,653,1160,5370,4849,10219,2021-10-01
CT16,1422,1487,2909,6864,5572,12436,2021-10-01
CT17,1670,1845,3515,6622,5431,12053,2021-10-01
CT18,552,556,1108,5720,5430,11150,2021-10-01
CT19,2049,2386,4435,9041,7714,16755,2021-10-01
CT20,1655,1894,3549,8111,6288,14399,2021-10-01
CT21,660,762,1422,6762,6472,13234,2021-10-01
CV1,5382,4101,9483,7159,3060,10219,2021-10-01
CV2,6409,7751,14160,20482,15165,35647,2021-10-01
CV3,5008,6014,11022,23595,18799,42394,2021-10-01
CV4,2562,2950,5512,10161,7933,18094,2021-10-01
CV5,2639,2963,5602,17081,14768,31849,2021-10-01
CV6,8711,10351,19062,29120,21170,50290,2021-10-01
CV7,1226,1535,2761,11272,10328,21600,2021-10-01
CV8,1205,1283,2488,12371,11794,24165,2021-10-01
CV9,986,1204,2190,8387,7345,15732,2021-10-01
CV10,2802,3839,6641,18978,16239,35217,2021-10-01
CV11,2199,2698,4897,14780,12259,27039,2021-10-01
CV12,1604,2081,3685,11036,9482,20518,2021-10-01
CV13,308,341,649,4600,4383,8983,2021-10-01
CV18,0,0,0,0,1,1,2021-10-01
CV21,2656,3134,5790,14039,10565,24604,2021-10-01
CV22,1709,2027,3736,14348,12773,27121,2021-10-01
CV23,775,922,1697,10275,9553,19828,2021-10-01
CV27,0,0,0,1,0,1,2021-10-01
CV29,0,0,0,0,1,1,2021-10-01
CV31,2187,2469,4656,10600,8477,19077,2021-10-01
CV32,1715,1875,3590,11800,10351,22151,2021-10-01
CV33,236,282,518,3184,3105,6289,2021-10-01
CV34,1601,1933,3534,12476,11334,23810,2021-10-01
CV35,729,862,1591,10991,10805,21796,2021-10-01
CV36,329,354,683,4176,4026,8202,2021-10-01
CV37,1917,2276,4193,17241,16532,33773,2021-10-01
CV42,0,0,0,1,0,1,2021-10-01
CV46,0,1,1,0,0,0,2021-10-01
CV47,655,756,1411,7825,7426,15251,2021-10-01
CW1,2876,3284,6160,14073,11689,25762,2021-10-01
CW2,2582,2644,5226,15031,12844,27875,2021-10-01
CW3,294,350,644,3815,3747,7562,2021-10-01
CW4,293,326,619,4242,4308,8550,2021-10-01
CW5,1167,1258,2425,12263,11734,23997,2021-10-01
CW6,313,413,726,5633,5503,11136,2021-10-01
CW7,2015,2400,4415,11354,10059,21413,2021-10-01
CW8,1400,1625,3025,15354,14574,29928,2021-10-01
CW9,1476,1602,3078,13250,12064,25314,2021-10-01
CW10,532,657,1189,6022,5689,11711,2021-10-01
CW11,916,983,1899,10293,9976,20269,2021-10-01
CW12,1208,1338,2546,12481,11837,24318,2021-10-01
DA0,1,1,2,0,0,0,2021-10-01
DA1,4489,5493,9982,20815,17395,38210,2021-10-01
DA2,1217,1510,2727,8438,7807,16245,2021-10-01
DA3,634,657,1291,6817,6608,13425,2021-10-01
DA4,382,400,782,3776,3529,7305,2021-10-01
DA5,975,1068,2043,7913,7584,15497,2021-10-01
DA6,667,814,1481,3740,3311,7051,2021-10-01
DA7,1954,2284,4238,12629,11451,24080,2021-10-01
DA8,3547,4366,7913,10914,9132,20046,2021-10-01
DA9,816,956,1772,5151,4528,9679,2021-10-01
DA10,575,756,1331,3354,2799,6153,2021-10-01
DA11,3200,3653,6853,13446,10579,24025,2021-10-01
DA12,3644,4151,7795,16607,13901,30508,2021-10-01
DA13,399,450,849,6000,5834,11834,2021-10-01
DA14,1296,1600,2896,7564,7119,14683,2021-10-01
DA15,1417,1686,3103,10494,9698,20192,2021-10-01
DA16,2464,3121,5585,12821,11012,23833,2021-10-01
DA17,1801,2157,3958,5906,4760,10666,2021-10-01
DA18,811,979,1790,1351,941,2292,2021-10-01
DD1,1206,1090,2296,2258,1488,3746,2021-10-01
DD2,2829,3371,6200,12665,11201,23866,2021-10-01
DD3,2857,3213,6070,10835,8712,19547,2021-10-01
DD4,3417,4053,7470,12415,10439,22854,2021-10-01
DD5,1107,1248,2355,12273,11943,24216,2021-10-01
DD6,417,534,951,3422,3409,6831,2021-10-01
DD7,503,637,1140,4652,4330,8982,2021-10-01
DD8,1160,1477,2637,10535,9556,20091,2021-10-01
DD9,522,681,1203,3940,3553,7493,2021-10-01
DD10,970,1190,2160,7665,6969,14634,2021-10-01
DD11,1432,1710,3142,9753,8496,18249,2021-10-01
DE1,1557,1395,2952,3900,2200,6100,2021-10-01
DE2,22,16,38,53,18,71,2021-10-01
DE3,593,846,1439,7094,6576,13670,2021-10-01
DE4,1297,1556,2853,13075,12232,25307,2021-10-01
DE5,881,1237,2118,8122,7231,15353,2021-10-01
DE6,835,922,1757,10622,10010,20632,2021-10-01
DE7,2596,3356,5952,17598,14987,32585,2021-10-01
DE11,2065,2577,4642,16760,14910,31670,2021-10-01
DE12,760,929,1689,8569,7856,16425,2021-10-01
DE13,1520,1934,3454,16173,14922,31095,2021-10-01
DE14,2637,2955,5592,10947,7672,18619,2021-10-01
DE15,1341,1606,2947,8544,7182,15726,2021-10-01
DE19,0,0,0,1,1,2,2021-10-01
DE21,3263,4170,7433,19538,16766,36304,2021-10-01
DE22,2902,3369,6271,15477,13101,28578,2021-10-01
DE23,5644,5970,11614,19112,14066,33178,2021-10-01
DE24,4198,5591,9789,17816,13760,31576,2021-10-01
DE44,0,0,0,0,1,1,2021-10-01
DE45,249,292,541,3253,3199,6452,2021-10-01
DE51,0,0,0,1,0,1,2021-10-01
DE55,2332,2884,5216,19002,16604,35606,2021-10-01
DE56,1433,1663,3096,14921,14007,28928,2021-10-01
DE65,740,898,1638,9315,8827,18142,2021-10-01
DE66,0,0,0,0,1,1,2021-10-01
DE72,698,867,1565,8031,7591,15622,2021-10-01
DE73,676,892,1568,7858,7451,15309,2021-10-01
DE74,493,553,1046,4780,4267,9047,2021-10-01
DE75,958,1123,2081,6387,5544,11931,2021-10-01
DG1,1290,1417,2707,9812,9094,18906,2021-10-01
DG2,1386,1796,3182,7582,6811,14393,2021-10-01
DG3,185,234,419,1809,1721,3530,2021-10-01
DG4,230,327,557,1433,1139,2572,2021-10-01
DG5,238,256,494,1903,1815,3718,2021-10-01
DG6,264,287,551,1859,1799,3658,2021-10-01
DG7,479,535,1014,4621,4465,9086,2021-10-01
DG8,474,620,1094,4749,4325,9074,2021-10-01
DG9,812,993,1805,5466,4874,10340,2021-10-01
DG10,179,219,398,1503,1335,2838,2021-10-01
DG11,513,623,1136,4970,4548,9518,2021-10-01
DG12,685,816,1501,4327,3769,8096,2021-10-01
DG13,121,138,259,1071,951,2022,2021-10-01
DG14,41,37,78,565,510,1075,2021-10-01
DG16,157,219,376,1407,1262,2669,2021-10-01
DH1,2342,2618,4960,13550,12142,25692,2021-10-01
DH2,1452,2095,3547,10545,9024,19569,2021-10-01
DH3,1391,1786,3177,9008,7692,16700,2021-10-01
DH4,1845,2243,4088,11887,10196,22083,2021-10-01
DH5,1125,1618,2743,6804,5453,12257,2021-10-01
DH6,1648,2294,3942,12063,10433,22496,2021-10-01
DH7,2040,2805,4845,14461,12665,27126,2021-10-01
DH8,1915,2484,4399,13594,11885,25479,2021-10-01
DH9,2137,2862,4999,11707,9395,21102,2021-10-01
DH10,0,0,0,1,0,1,2021-10-01
DH70,0,0,0,1,0,1,2021-10-01
DL1,3177,4182,7359,15056,11699,26755,2021-10-01
DL2,507,635,1142,7425,7296,14721,2021-10-01
DL3,2552,3036,5588,14741,12727,27468,2021-10-01
DL4,628,832,1460,3073,2334,5407,2021-10-01
DL5,1642,2155,3797,9844,8542,18386,2021-10-01
DL6,607,704,1311,5863,5458,11321,2021-10-01
DL7,422,540,962,5967,5782,11749,2021-10-01
DL8,442,576,1018,7763,7406,15169,2021-10-01
DL9,2434,1293,3727,5441,3525,8966,2021-10-01
DL10,655,841,1496,7020,6769,13789,2021-10-01
DL11,111,135,246,2198,2069,4267,2021-10-01
DL12,392,503,895,4711,4360,9071,2021-10-01
DL13,463,585,1048,5384,4772,10156,2021-10-01
DL14,1915,2510,4425,12666,10768,23434,2021-10-01
DL15,1044,1362,2406,7680,6605,14285,2021-10-01
DL16,953,1281,2234,7652,6645,14297,2021-10-01
DL17,986,1359,2345,6050,4853,10903,2021-10-01
DN0,1,0,1,1,0,1,2021-10-01
DN1,1402,1105,2507,2656,1098,3754,2021-10-01
DN2,1908,2332,4240,7877,5917,13794,2021-10-01
DN3,1241,1630,2871,10844,9539,20383,2021-10-01
DN4,3396,4026,7422,18366,14551,32917,2021-10-01
DN5,2108,2748,4856,13489,11540,25029,2021-10-01
DN6,2002,2602,4604,10097,8236,18333,2021-10-01
DN7,1207,1643,2850,7601,6338,13939,2021-10-01
DN8,1111,1502,2613,6084,4705,10789,2021-10-01
DN9,662,814,1476,8462,8128,16590,2021-10-01
DN10,360,457,817,5106,4854,9960,2021-10-01
DN11,1496,1963,3459,10176,8849,19025,2021-10-01
DN12,1690,2216,3906,7326,5656,12982,2021-10-01
DN14,2225,2977,5202,17409,14766,32175,2021-10-01
DN15,2842,2915,5757,12036,9178,21214,2021-10-01
DN16,1791,2187,3978,10426,8832,19258,2021-10-01
DN17,1858,2336,4194,12881,11217,24098,2021-10-01
DN18,582,772,1354,4539,3851,8390,2021-10-01
DN19,191,226,417,2527,2286,4813,2021-10-01
DN20,665,789,1454,7455,6625,14080,2021-10-01
DN21,1926,2471,4397,13594,12006,25600,2021-10-01
DN22,1480,1878,3358,13377,12192,25569,2021-10-01
DN24,0,0,0,0,1,1,2021-10-01
DN31,890,1104,1994,2435,1542,3977,2021-10-01
DN32,2691,2930,5621,7589,5528,13117,2021-10-01
DN33,1394,1601,2995,6386,5508,11894,2021-10-01
DN34,1195,1542,2737,6262,5125,11387,2021-10-01
DN35,2096,2496,4592,10702,8882,19584,2021-10-01
DN36,610,783,1393,8231,7661,15892,2021-10-01
DN37,940,1132,2072,7920,7127,15047,2021-10-01
DN38,87,120,207,1148,1063,2211,2021-10-01
DN39,97,118,215,1173,1010,2183,2021-10-01
DN40,720,961,1681,4621,3550,8171,2021-10-01
DN41,177,209,386,2587,2481,5068,2021-10-01
DT0,0,0,0,0,1,1,2021-10-01
DT1,953,1095,2048,7425,7047,14472,2021-10-01
DT2,741,784,1525,10678,10490,21168,2021-10-01
DT3,930,1071,2001,9517,8958,18475,2021-10-01
DT4,2290,2463,4753,12830,11148,23978,2021-10-01
DT5,721,864,1585,4329,3860,8189,2021-10-01
DT6,809,894,1703,8461,8358,16819,2021-10-01
DT7,240,260,500,2152,2126,4278,2021-10-01
DT8,173,229,402,2458,2428,4886,2021-10-01
DT9,735,857,1592,8246,8254,16500,2021-10-01
DT10,361,390,751,4832,4689,9521,2021-10-01
DT11,1217,1280,2497,12108,10900,23008,2021-10-01
DY1,2384,2984,5368,10507,8427,18934,2021-10-01
DY2,2752,3489,6241,10685,7881,18566,2021-10-01
DY3,1527,1851,3378,12143,10680,22823,2021-10-01
DY4,3504,4564,8068,13217,9792,23009,2021-10-01
DY5,2459,3253,5712,13585,11123,24708,2021-10-01
DY6,912,1126,2038,10860,10054,20914,2021-10-01
DY7,191,238,429,3239,3130,6369,2021-10-01
DY8,2228,2647,4875,18097,16471,34568,2021-10-01
DY9,1509,1868,3377,10926,9705,20631,2021-10-01
DY10,1870,2180,4050,13081,11698,24779,2021-10-01
DY11,1538,1882,3420,11273,9980,21253,2021-10-01
DY12,391,448,839,4933,4618,9551,2021-10-01
DY13,840,1056,1896,8757,8054,16811,2021-10-01
DY14,224,227,451,3657,3372,7029,2021-10-01
E1,12719,9869,22588,18295,9405,27700,2021-10-01
E1,0,1,1,0,0,0,2021-10-01
E1,1,0,1,0,0,0,2021-10-01
E1,1270,1387,2657,4809,3151,7960,2021-10-01
E2,6409,6391,12800,12499,7875,20374,2021-10-01
E2,0,1,1,0,0,0,2021-10-01
E2,0,0,0,0,1,1,2021-10-01
E3,8122,8144,16266,16378,10699,27077,2021-10-01
E4,5280,6011,11291,22520,18952,41472,2021-10-01
E5,8109,8152,16261,12269,8547,20816,2021-10-01
E6,19315,14973,34288,24097,12725,36822,2021-10-01
E7,14372,9719,24091,16033,8483,24516,2021-10-01
E8,6228,6580,12808,11045,7997,19042,2021-10-01
E9,6375,7045,13420,9827,7291,17118,2021-10-01
E10,8744,7320,16064,14811,8835,23646,2021-10-01
E11,7674,7220,14894,18802,13803,32605,2021-10-01
E12,10688,7636,18324,12268,6456,18724,2021-10-01
E13,11495,8839,20334,13781,7363,21144,2021-10-01
E14,12148,12452,24600,27402,16231,43633,2021-10-01
E15,10847,9493,20340,16119,9145,25264,2021-10-01
E16,8789,9177,17966,16169,9899,26068,2021-10-01
E17,16975,15828,32803,34779,23543,58322,2021-10-01
E18,1596,1739,3335,7152,6179,13331,2021-10-01
E19,1,0,1,1,0,1,2021-10-01
E20,606,692,1298,1923,1225,3148,2021-10-01
EC1,16,6,22,14,6,20,2021-10-01
EC1,98,79,177,357,211,568,2021-10-01
EC1,2,0,2,1,0,1,2021-10-01
EC1,0,0,0,0,1,1,2021-10-01
EC1,143,113,256,473,261,734,2021-10-01
EC1,341,357,698,706,375,1081,2021-10-01
EC1,2,2,4,3,0,3,2021-10-01
EC1,1,0,1,0,0,0,2021-10-01
EC1,611,717,1328,1514,1013,2527,2021-10-01
EC1,0,0,0,1,0,1,2021-10-01
EC1,2,1,3,0,0,0,2021-10-01
EC1,1763,1808,3571,3793,2277,6070,2021-10-01
EC1,409,472,881,1060,631,1691,2021-10-01
EC1,0,0,0,1,0,1,2021-10-01
EC2,1,1,2,5,2,7,2021-10-01
EC2,155,134,289,586,308,894,2021-10-01
EC2,0,1,1,2,0,2,2021-10-01
EC2,23,11,34,148,33,181,2021-10-01
EC2,4,3,7,29,6,35,2021-10-01
EC2,0,0,0,4,2,6,2021-10-01
EC2,1,2,3,42,17,59,2021-10-01
EC2,0,0,0,1,0,1,2021-10-01
EC2,3,6,9,90,24,114,2021-10-01
EC2,214,209,423,1414,974,2388,2021-10-01
EC3,0,1,1,1,0,1,2021-10-01
EC3,8,6,14,63,9,72,2021-10-01
EC3,5,4,9,20,6,26,2021-10-01
EC3,39,29,68,148,58,206,2021-10-01
EC3,1,0,1,1,1,2,2021-10-01
EC3,21,16,37,68,35,103,2021-10-01
EC3,4,1,5,50,13,63,2021-10-01
EC3,1,0,1,0,0,0,2021-10-01
EC4,2,1,3,3,1,4,2021-10-01
EC4,50,26,76,138,88,226,2021-10-01
EC4,0,0,0,1,0,1,2021-10-01
EC4,16,14,30,128,49,177,2021-10-01
EC4,7,2,9,63,19,82,2021-10-01
EC4,0,0,0,9,4,13,2021-10-01
EC4,6,5,11,48,14,62,2021-10-01
EC4,34,32,66,191,97,288,2021-10-01
EC4,0,0,0,1,0,1,2021-10-01
EC4,24,18,42,120,62,182,2021-10-01
EC8,0,1,1,0,0,0,2021-10-01
EC10,1,0,1,0,0,0,2021-10-01
EC11,0,1,1,0,0,0,2021-10-01
EC12,0,0,0,1,0,1,2021-10-01
EC14,1,1,2,2,0,2,2021-10-01
EC15,0,0,0,1,0,1,2021-10-01
EC16,0,0,0,1,0,1,2021-10-01
EC17,1,0,1,1,2,3,2021-10-01
EC19,0,1,1,0,0,0,2021-10-01
EC24,0,0,0,0,1,1,2021-10-01
EC27,0,0,0,3,0,3,2021-10-01
EC28,0,0,0,1,0,1,2021-10-01
EC34,1,0,1,0,0,0,2021-10-01
EC47,0,0,0,3,0,3,2021-10-01
EC77,1,0,1,0,0,0,2021-10-01
EH0,1,5,6,1,3,4,2021-10-01
EH1,607,565,1172,1441,1030,2471,2021-10-01
EH1,0,1,1,0,0,0,2021-10-01
EH2,125,109,234,407,229,636,2021-10-01
EH3,1997,2033,4030,7384,6290,13674,2021-10-01
EH3,0,0,0,1,0,1,2021-10-01
EH4,4119,4550,8669,17909,16016,33925,2021-10-01
EH5,1749,1970,3719,6460,5435,11895,2021-10-01
EH6,3651,3845,7496,12113,9800,21913,2021-10-01
EH7,3095,3303,6398,10169,8072,18241,2021-10-01
EH8,2000,2035,4035,5668,4612,10280,2021-10-01
EH9,1495,1656,3151,6280,5862,12142,2021-10-01
EH10,2115,2021,4136,12832,11505,24337,2021-10-01
EH11,4156,4076,8232,10247,7603,17850,2021-10-01
EH12,2140,2615,4755,14009,13026,27035,2021-10-01
EH13,1004,1093,2097,4777,4325,9102,2021-10-01
EH14,2895,3119,6014,13172,11240,24412,2021-10-01
EH15,1428,1690,3118,6880,6358,13238,2021-10-01
EH16,2741,3166,5907,9478,7930,17408,2021-10-01
EH17,1593,2011,3604,6535,5375,11910,2021-10-01
EH18,116,146,262,829,811,1640,2021-10-01
EH19,747,970,1717,5206,4930,10136,2021-10-01
EH20,384,530,914,2334,1996,4330,2021-10-01
EH21,1660,1978,3638,8476,7621,16097,2021-10-01
EH22,1928,2451,4379,10932,9668,20600,2021-10-01
EH23,529,704,1233,3371,2987,6358,2021-10-01
EH24,91,141,232,776,732,1508,2021-10-01
EH25,172,217,389,1347,1273,2620,2021-10-01
EH26,953,1196,2149,6084,5484,11568,2021-10-01
EH27,162,153,315,1066,997,2063,2021-10-01
EH28,153,209,362,1305,1157,2462,2021-10-01
EH29,236,310,546,1898,1841,3739,2021-10-01
EH30,481,678,1159,3731,3499,7230,2021-10-01
EH31,92,92,184,1100,1103,2203,2021-10-01
EH32,991,1256,2247,6927,6312,13239,2021-10-01
EH33,733,919,1652,4686,4233,8919,2021-10-01
EH34,70,100,170,1037,1041,2078,2021-10-01
EH35,105,155,260,902,808,1710,2021-10-01
EH36,14,9,23,161,168,329,2021-10-01
EH37,53,85,138,639,610,1249,2021-10-01
EH38,15,14,29,179,180,359,2021-10-01
EH39,408,521,929,3893,3771,7664,2021-10-01
EH40,80,91,171,847,844,1691,2021-10-01
EH41,559,687,1246,5005,4714,9719,2021-10-01
EH42,535,692,1227,4276,4061,8337,2021-10-01
EH43,42,67,109,281,275,556,2021-10-01
EH44,135,170,305,1270,1193,2463,2021-10-01
EH45,509,587,1096,4048,3916,7964,2021-10-01
EH46,128,149,277,1494,1507,3001,2021-10-01
EH47,1597,2168,3765,9223,7809,17032,2021-10-01
EH48,1986,2549,4535,13372,11743,25115,2021-10-01
EH49,707,871,1578,5982,5667,11649,2021-10-01
EH51,755,918,1673,5163,4596,9759,2021-10-01
EH52,1075,1420,2495,7259,6336,13595,2021-10-01
EH53,533,629,1162,4382,4022,8404,2021-10-01
EH54,3972,4904,8876,18200,15775,33975,2021-10-01
EH55,468,576,1044,3159,2652,5811,2021-10-01
EN0,0,0,0,0,1,1,2021-10-01
EN1,4082,4923,9005,15070,13106,28176,2021-10-01
EN2,1911,2399,4310,10721,9835,20556,2021-10-01
EN3,6700,8460,15160,17337,13265,30602,2021-10-01
EN4,1811,2066,3877,9932,8938,18870,2021-10-01
EN5,2866,3503,6369,14052,12663,26715,2021-10-01
EN6,1473,1702,3175,11472,10884,22356,2021-10-01
EN7,943,1067,2010,8467,8119,16586,2021-10-01
EN8,2671,3147,5818,13552,11367,24919,2021-10-01
EN9,1295,1468,2763,9539,8495,18034,2021-10-01
EN10,818,964,1782,6733,6349,13082,2021-10-01
EN11,1174,1298,2472,8477,7410,15887,2021-10-01
EX0,0,0,0,1,0,1,2021-10-01
EX1,1564,1784,3348,7869,7105,14974,2021-10-01
EX2,2476,2932,5408,14925,13624,28549,2021-10-01
EX3,187,181,368,1900,1941,3841,2021-10-01
EX4,3799,4098,7897,15694,13244,28938,2021-10-01
EX5,826,934,1760,9679,9489,19168,2021-10-01
EX6,449,499,948,6057,5872,11929,2021-10-01
EX7,689,807,1496,5110,4786,9896,2021-10-01
EX8,1856,2212,4068,13689,12661,26350,2021-10-01
EX9,196,248,444,2713,2729,5442,2021-10-01
EX10,617,736,1353,6553,6648,13201,2021-10-01
EX11,298,361,659,3481,3614,7095,2021-10-01
EX12,299,408,707,3644,3506,7150,2021-10-01
EX13,443,537,980,5047,4894,9941,2021-10-01
EX14,791,935,1726,8378,7896,16274,2021-10-01
EX15,885,954,1839,8898,8467,17365,2021-10-01
EX16,1468,1738,3206,12328,11486,23814,2021-10-01
EX17,840,957,1797,7671,7277,14948,2021-10-01
EX18,120,109,229,1377,1352,2729,2021-10-01
EX19,85,112,197,1586,1500,3086,2021-10-01
EX20,849,978,1827,8418,7865,16283,2021-10-01
EX21,127,112,239,1939,1825,3764,2021-10-01
EX22,356,426,782,4684,4335,9019,2021-10-01
EX23,645,713,1358,6221,5938,12159,2021-10-01
EX24,123,142,265,1500,1498,2998,2021-10-01
EX26,0,0,0,0,1,1,2021-10-01
EX31,1034,1267,2301,10501,9879,20380,2021-10-01
EX32,1475,1640,3115,8195,7342,15537,2021-10-01
EX33,365,459,824,3961,3679,7640,2021-10-01
EX34,979,1111,2090,6222,5440,11662,2021-10-01
EX35,75,75,150,701,607,1308,2021-10-01
EX36,347,395,742,3761,3520,7281,2021-10-01
EX37,94,101,195,1672,1535,3207,2021-10-01
EX38,349,391,740,3177,2932,6109,2021-10-01
EX39,1717,2001,3718,14459,13512,27971,2021-10-01
FK1,1554,1980,3534,9566,8286,17852,2021-10-01
FK1,0,0,0,0,1,1,2021-10-01
FK2,2406,2974,5380,17349,15701,33050,2021-10-01
FK3,1085,1285,2370,5316,4395,9711,2021-10-01
FK4,613,819,1432,4716,4270,8986,2021-10-01
FK5,857,1131,1988,7174,6791,13965,2021-10-01
FK6,719,902,1621,4956,4372,9328,2021-10-01
FK7,1722,2204,3926,10200,9467,19667,2021-10-01
FK8,1230,1279,2509,6099,5513,11612,2021-10-01
FK9,648,821,1469,4361,4075,8436,2021-10-01
FK10,2116,2760,4876,12422,11051,23473,2021-10-01
FK11,110,133,243,992,1006,1998,2021-10-01
FK12,245,314,559,1770,1626,3396,2021-10-01
FK13,314,373,687,2141,1845,3986,2021-10-01
FK14,211,207,418,1839,1808,3647,2021-10-01
FK15,494,559,1053,4097,4060,8157,2021-10-01
FK16,83,110,193,907,889,1796,2021-10-01
FK17,164,191,355,1378,1280,2658,2021-10-01
FK18,4,8,12,106,91,197,2021-10-01
FK19,22,26,48,264,225,489,2021-10-01
FK20,33,45,78,158,113,271,2021-10-01
FK21,44,56,100,398,332,730,2021-10-01
FY0,0,0,0,2,1,3,2021-10-01
FY1,3901,3911,7812,9056,5819,14875,2021-10-01
FY2,1515,1672,3187,7955,6902,14857,2021-10-01
FY3,2506,2905,5411,9918,8480,18398,2021-10-01
FY4,2884,3534,6418,14470,12290,26760,2021-10-01
FY5,1860,2052,3912,16379,15075,31454,2021-10-01
FY6,886,1023,1909,11377,10852,22229,2021-10-01
FY7,1983,2256,4239,7812,6348,14160,2021-10-01
FY8,2007,2172,4179,16920,15769,32689,2021-10-01
G1,686,465,1151,1525,792,2317,2021-10-01
G2,357,252,609,583,273,856,2021-10-01
G2,0,1,1,0,0,0,2021-10-01
G3,2138,1776,3914,4926,3292,8218,2021-10-01
G4,1510,1073,2583,2648,1417,4065,2021-10-01
G5,1564,1326,2890,3214,2048,5262,2021-10-01
G6,0,4,4,4,0,4,2021-10-01
G7,1,0,1,3,2,5,2021-10-01
G8,0,0,0,2,0,2,2021-10-01
G9,0,0,0,3,0,3,2021-10-01
G10,0,2,2,0,0,0,2021-10-01
G11,1761,1820,3581,5897,5251,11148,2021-10-01
G12,1895,1743,3638,8098,7323,15421,2021-10-01
G13,2553,2865,5418,9622,8375,17997,2021-10-01
G14,1630,1862,3492,5022,4138,9160,2021-10-01
G15,1879,2127,4006,3902,3225,7127,2021-10-01
G16,2,1,3,0,0,0,2021-10-01
G17,0,0,0,0,1,1,2021-10-01
G18,0,1,1,0,1,1,2021-10-01
G19,1,0,1,0,0,0,2021-10-01
G20,3418,3562,6980,7730,6021,13751,2021-10-01
G21,3506,3873,7379,6519,4302,10821,2021-10-01
G22,2086,2424,4510,4045,2852,6897,2021-10-01
G23,622,790,1412,2070,1781,3851,2021-10-01
G24,1,0,1,0,0,0,2021-10-01
G25,0,2,2,1,0,1,2021-10-01
G26,0,0,0,1,0,1,2021-10-01
G29,0,0,0,1,0,1,2021-10-01
G30,3,0,3,1,0,1,2021-10-01
G31,2991,3163,6154,5797,4176,9973,2021-10-01
G32,2836,3492,6328,10679,8402,19081,2021-10-01
G33,3719,4476,8195,12627,10591,23218,2021-10-01
G34,1102,1338,2440,1715,1233,2948,2021-10-01
G35,1,1,2,0,0,0,2021-10-01
G36,0,2,2,3,0,3,2021-10-01
G38,0,0,0,1,0,1,2021-10-01
G39,0,0,0,0,1,1,2021-10-01
G40,1463,1683,3146,3199,2090,5289,2021-10-01
G41,2921,3081,6002,10580,8738,19318,2021-10-01
G42,4090,3461,7551,8131,5574,13705,2021-10-01
G43,1414,1493,2907,5578,4840,10418,2021-10-01
G44,1922,2323,4245,9152,8327,17479,2021-10-01
G45,1833,2126,3959,3317,2274,5591,2021-10-01
G46,1867,2106,3973,8493,7790,16283,2021-10-01
G47,1,1,2,1,0,1,2021-10-01
G48,2,0,2,1,1,2,2021-10-01
G49,0,0,0,3,0,3,2021-10-01
G50,2,0,2,1,0,1,2021-10-01
G51,3211,3145,6356,5843,3786,9629,2021-10-01
G52,2407,2964,5371,7905,6619,14524,2021-10-01
G53,3125,3688,6813,9721,8328,18049,2021-10-01
G54,1,0,1,2,0,2,2021-10-01
G55,0,2,2,1,1,2,2021-10-01
G56,1,1,2,1,0,1,2021-10-01
G57,0,1,1,0,0,0,2021-10-01
G58,0,0,0,1,0,1,2021-10-01
G60,291,291,582,1879,1828,3707,2021-10-01
G61,1186,1231,2417,10948,10961,21909,2021-10-01
G62,668,685,1353,4936,4932,9868,2021-10-01
G63,339,401,740,3859,3976,7835,2021-10-01
G64,1245,1519,2764,9477,9212,18689,2021-10-01
G65,853,1052,1905,4527,3894,8421,2021-10-01
G66,2057,2519,4576,13835,12961,26796,2021-10-01
G67,2833,3384,6217,10151,8230,18381,2021-10-01
G68,880,962,1842,7240,6928,14168,2021-10-01
G69,1932,2392,4324,12419,11319,23738,2021-10-01
G70,0,0,0,1,0,1,2021-10-01
G71,1551,1990,3541,10833,10237,21070,2021-10-01
G72,3149,3807,6956,17013,15163,32176,2021-10-01
G73,2365,2759,5124,9676,8450,18126,2021-10-01
G74,2097,2518,4615,13301,11798,25099,2021-10-01
G75,2494,3174,5668,13358,11968,25326,2021-10-01
G76,1060,1197,2257,7949,8026,15975,2021-10-01
G77,1004,1126,2130,9987,10245,20232,2021-10-01
G78,1504,1890,3394,7881,7196,15077,2021-10-01
G80,1,0,1,0,0,0,2021-10-01
G81,3132,3859,6991,10886,9213,20099,2021-10-01
G82,1681,2097,3778,8653,7706,16359,2021-10-01
G83,1565,2008,3573,7992,7099,15091,2021-10-01
G84,1260,1502,2762,7795,7142,14937,2021-10-01
GL1,3582,3678,7260,11135,7938,19073,2021-10-01
GL1,0,0,0,0,1,1,2021-10-01
GL2,2241,2818,5059,22224,20999,43223,2021-10-01
GL3,1401,1830,3231,12502,11663,24165,2021-10-01
GL4,2602,3259,5861,16856,15041,31897,2021-10-01
GL5,1657,1743,3400,11346,10744,22090,2021-10-01
GL6,939,1018,1957,9843,9808,19651,2021-10-01
GL7,1838,2111,3949,17278,16656,33934,2021-10-01
GL8,290,377,667,3572,3625,7197,2021-10-01
GL9,59,75,134,1093,1039,2132,2021-10-01
GL10,656,655,1311,5769,5411,11180,2021-10-01
GL11,653,838,1491,7333,6897,14230,2021-10-01
GL12,545,537,1082,6243,5958,12201,2021-10-01
GL13,172,189,361,2526,2302,4828,2021-10-01
GL14,762,915,1677,5773,5022,10795,2021-10-01
GL15,800,987,1787,8451,7777,16228,2021-10-01
GL16,527,640,1167,5269,4975,10244,2021-10-01
GL17,400,538,938,4611,4349,8960,2021-10-01
GL18,324,391,715,3379,3086,6465,2021-10-01
GL19,251,227,478,3732,3626,7358,2021-10-01
GL20,1166,1355,2521,11222,10449,21671,2021-10-01
GL50,1408,1631,3039,7513,6329,13842,2021-10-01
GL51,3042,3626,6668,18142,15709,33851,2021-10-01
GL52,2265,2546,4811,17358,16579,33937,2021-10-01
GL53,906,929,1835,7806,7712,15518,2021-10-01
GL54,860,963,1823,9986,9655,19641,2021-10-01
GL55,210,195,405,2341,2409,4750,2021-10-01
GL56,356,419,775,3811,3815,7626,2021-10-01
GU0,0,0,0,0,1,1,2021-10-01
GU1,2299,2424,4723,11504,9958,21462,2021-10-01
GU2,2456,2512,4968,10322,8595,18917,2021-10-01
GU3,470,467,937,4655,4568,9223,2021-10-01
GU4,637,668,1305,6541,6441,12982,2021-10-01
GU5,407,504,911,4361,4527,8888,2021-10-01
GU6,623,635,1258,6137,6217,12354,2021-10-01
GU7,1183,1313,2496,8638,8410,17048,2021-10-01
GU8,671,706,1377,7097,7123,14220,2021-10-01
GU9,1300,1576,2876,11494,11135,22629,2021-10-01
GU10,757,883,1640,9902,9711,19613,2021-10-01
GU11,2032,2334,4366,8999,6958,15957,2021-10-01
GU12,1718,2111,3829,12238,10870,23108,2021-10-01
GU13,715,14,729,338,27,365,2021-10-01
GU14,3319,3829,7148,21066,18457,39523,2021-10-01
GU15,2056,2232,4288,14205,12601,26806,2021-10-01
GU16,1167,1126,2293,9584,8899,18483,2021-10-01
GU17,914,537,1451,5517,4209,9726,2021-10-01
GU18,169,191,360,2920,2907,5827,2021-10-01
GU19,252,244,496,2458,2368,4826,2021-10-01
GU20,125,143,268,1914,1907,3821,2021-10-01
GU21,3263,3571,6834,18945,16679,35624,2021-10-01
GU22,2161,2542,4703,14268,12620,26888,2021-10-01
GU23,262,274,536,2855,2821,5676,2021-10-01
GU24,905,872,1777,7282,7037,14319,2021-10-01
GU25,432,452,884,2786,2854,5640,2021-10-01
GU26,289,298,587,3133,3038,6171,2021-10-01
GU27,808,932,1740,6830,6751,13581,2021-10-01
GU28,277,264,541,2681,2667,5348,2021-10-01
GU29,340,456,796,3837,3943,7780,2021-10-01
GU30,422,461,883,4089,4054,8143,2021-10-01
GU31,444,501,945,4605,4508,9113,2021-10-01
GU32,557,653,1210,4621,4416,9037,2021-10-01
GU33,311,343,654,3295,3254,6549,2021-10-01
GU34,1266,1484,2750,12840,12410,25250,2021-10-01
GU35,1099,1235,2334,9906,9025,18931,2021-10-01
GU46,448,471,919,6091,5910,12001,2021-10-01
GU47,705,850,1555,7605,7226,14831,2021-10-01
GU51,914,904,1818,9913,9443,19356,2021-10-01
GU52,523,607,1130,7140,7143,14283,2021-10-01
HA0,13802,11272,25074,18271,11197,29468,2021-10-01
HA1,5572,5702,11274,15097,10964,26061,2021-10-01
HA2,6874,7403,14277,21610,16401,38011,2021-10-01
HA3,9953,9283,19236,29132,21177,50309,2021-10-01
HA4,3151,3568,6719,19415,17491,36906,2021-10-01
HA5,2941,3215,6156,17745,16385,34130,2021-10-01
HA6,1389,1729,3118,9358,8690,18048,2021-10-01
HA7,3518,3776,7294,15446,12814,28260,2021-10-01
HA8,9764,9421,19185,27267,19974,47241,2021-10-01
HA9,10991,9061,20052,19419,12403,31822,2021-10-01
HD1,2882,2540,5422,6119,3697,9816,2021-10-01
HD2,2229,2869,5098,9221,7646,16867,2021-10-01
HD3,1567,2125,3692,10630,9733,20363,2021-10-01
HD4,1950,2459,4409,9387,7887,17274,2021-10-01
HD5,1914,2487,4401,9712,8343,18055,2021-10-01
HD6,1433,1630,3063,9240,8300,17540,2021-10-01
HD7,1081,1356,2437,8269,7583,15852,2021-10-01
HD8,1101,1332,2433,12613,12207,24820,2021-10-01
HD9,1436,1689,3125,13585,12726,26311,2021-10-01
HG1,1808,2120,3928,12268,11193,23461,2021-10-01
HG2,1528,1688,3216,11832,11405,23237,2021-10-01
HG3,1026,1091,2117,11234,10963,22197,2021-10-01
HG4,992,1303,2295,9703,9050,18753,2021-10-01
HG5,668,781,1449,7174,6871,14045,2021-10-01
HP1,1448,1592,3040,9572,8812,18384,2021-10-01
HP2,2631,3243,5874,14763,12607,27370,2021-10-01
HP2,0,0,0,1,0,1,2021-10-01
HP3,1775,2060,3835,12711,11477,24188,2021-10-01
HP4,1011,1019,2030,9545,9408,18953,2021-10-01
HP5,1473,1678,3151,9822,9053,18875,2021-10-01
HP6,726,726,1452,5767,5662,11429,2021-10-01
HP7,498,566,1064,4298,4107,8405,2021-10-01
HP8,265,293,558,2951,3012,5963,2021-10-01
HP9,745,813,1558,7097,7182,14279,2021-10-01
HP10,688,762,1450,7812,7819,15631,2021-10-01
HP11,1216,1358,2574,5865,4662,10527,2021-10-01
HP12,1711,2048,3759,8187,6344,14531,2021-10-01
HP13,2899,3439,6338,15976,13427,29403,2021-10-01
HP14,674,721,1395,7305,6932,14237,2021-10-01
HP15,545,597,1142,7011,6876,13887,2021-10-01
HP16,406,424,830,4823,4890,9713,2021-10-01
HP17,366,404,770,4433,4326,8759,2021-10-01
HP18,691,831,1522,8071,7746,15817,2021-10-01
HP19,1533,1996,3529,8994,7664,16658,2021-10-01
HP20,1132,1308,2440,5402,4391,9793,2021-10-01
HP21,2062,2553,4615,12184,10492,22676,2021-10-01
HP22,944,1020,1964,11517,11415,22932,2021-10-01
HP23,728,818,1546,7035,6801,13836,2021-10-01
HP25,0,0,0,0,1,1,2021-10-01
HP27,448,495,943,5214,5091,10305,2021-10-01
HR1,1461,1618,3079,12403,11564,23967,2021-10-01
HR2,1969,2390,4359,13777,12263,26040,2021-10-01
HR3,186,229,415,3165,3072,6237,2021-10-01
HR4,1451,1588,3039,10949,10120,21069,2021-10-01
HR5,167,185,352,1888,1664,3552,2021-10-01
HR6,876,1055,1931,7884,7282,15166,2021-10-01
HR7,239,277,516,3013,2683,5696,2021-10-01
HR8,480,609,1089,5593,5331,10924,2021-10-01
HR9,752,854,1606,8544,8042,16586,2021-10-01
HS1,298,342,640,1476,1331,2807,2021-10-01
HS2,535,661,1196,5172,4603,9775,2021-10-01
HS3,53,69,122,493,383,876,2021-10-01
HS4,14,18,32,103,74,177,2021-10-01
HS5,10,11,21,90,87,177,2021-10-01
HS6,61,88,149,632,564,1196,2021-10-01
HS7,71,104,175,460,402,862,2021-10-01
HS8,87,99,186,700,595,1295,2021-10-01
HS9,71,46,117,441,398,839,2021-10-01
HU1,426,311,737,1033,475,1508,2021-10-01
HU2,489,487,976,1072,438,1510,2021-10-01
HU3,3634,3529,7163,7308,4042,11350,2021-10-01
HU4,1603,1944,3547,7452,6002,13454,2021-10-01
HU5,4212,4254,8466,14189,10892,25081,2021-10-01
HU6,3022,3579,6601,8683,6300,14983,2021-10-01
HU7,3408,4117,7525,13754,11261,25015,2021-10-01
HU8,2416,2972,5388,10717,8537,19254,2021-10-01
HU9,3600,4380,7980,10569,7564,18133,2021-10-01
HU10,675,751,1426,7502,7194,14696,2021-10-01
HU11,381,464,845,5010,4553,9563,2021-10-01
HU12,994,1238,2232,9706,8736,18442,2021-10-01
HU13,738,901,1639,5453,4949,10402,2021-10-01
HU14,242,281,523,3485,3436,6921,2021-10-01
HU15,740,928,1668,9455,9011,18466,2021-10-01
HU16,620,758,1378,6103,5619,11722,2021-10-01
HU17,1876,2090,3966,16933,15609,32542,2021-10-01
HU18,423,508,931,3244,2857,6101,2021-10-01
HU19,443,557,1000,2413,1673,4086,2021-10-01
HU20,22,26,48,374,366,740,2021-10-01
HU23,1,0,1,0,0,0,2021-10-01
HU30,1,0,1,0,0,0,2021-10-01
HU41,1,0,1,0,0,0,2021-10-01
HU44,0,0,0,0,1,1,2021-10-01
HU55,0,0,0,1,0,1,2021-10-01
HX1,2256,2808,5064,6773,4315,11088,2021-10-01
HX2,2278,2935,5213,12457,10619,23076,2021-10-01
HX3,2541,3226,5767,15811,13982,29793,2021-10-01
HX4,458,627,1085,4537,4256,8793,2021-10-01
HX5,594,772,1366,3362,2852,6214,2021-10-01
HX6,1059,1299,2358,6688,5920,12608,2021-10-01
HX7,750,889,1639,4551,4520,9071,2021-10-01
IG1,12723,10667,23390,21786,12934,34720,2021-10-01
IG2,3665,3703,7368,10080,7237,17317,2021-10-01
IG3,5921,5511,11432,13140,8521,21661,2021-10-01
IG4,1098,1119,2217,3757,2765,6522,2021-10-01
IG5,1553,1709,3262,6355,5223,11578,2021-10-01
IG6,2782,3108,5890,10431,8183,18614,2021-10-01
IG7,1539,1852,3391,8258,7261,15519,2021-10-01
IG8,2663,3049,5712,13668,12125,25793,2021-10-01
IG9,638,710,1348,4934,4695,9629,2021-10-01
IG10,1752,2084,3836,11844,11211,23055,2021-10-01
IG11,9985,9765,19750,18080,10885,28965,2021-10-01
IP1,2883,3074,5957,13360,10394,23754,2021-10-01
IP2,2162,2597,4759,10246,7942,18188,2021-10-01
IP3,2075,2470,4545,11710,9492,21202,2021-10-01
IP4,2251,2430,4681,13202,11094,24296,2021-10-01
IP5,608,708,1316,7404,7159,14563,2021-10-01
IP6,477,565,1042,7143,6815,13958,2021-10-01
IP7,544,682,1226,6473,6040,12513,2021-10-01
IP8,333,398,731,4621,4260,8881,2021-10-01
IP9,332,402,734,4696,4496,9192,2021-10-01
IP10,84,88,172,1479,1432,2911,2021-10-01
IP11,1252,1570,2822,11857,10266,22123,2021-10-01
IP12,961,1046,2007,9726,9390,19116,2021-10-01
IP13,638,698,1336,7768,7685,15453,2021-10-01
IP14,1375,1664,3039,15913,14663,30576,2021-10-01
IP15,84,99,183,897,914,1811,2021-10-01
IP16,360,376,736,2538,2283,4821,2021-10-01
IP17,448,578,1026,4835,4737,9572,2021-10-01
IP18,134,155,289,1433,1420,2853,2021-10-01
IP19,320,371,691,4086,3837,7923,2021-10-01
IP20,282,289,571,3292,3067,6359,2021-10-01
IP21,306,340,646,4658,4428,9086,2021-10-01
IP22,915,923,1838,8805,8272,17077,2021-10-01
IP23,228,315,543,3055,2865,5920,2021-10-01
IP24,1965,2352,4317,9450,7596,17046,2021-10-01
IP25,727,888,1615,7466,6735,14201,2021-10-01
IP26,330,364,694,3466,3297,6763,2021-10-01
IP27,976,1147,2123,6136,5496,11632,2021-10-01
IP28,1192,1438,2630,9362,9129,18491,2021-10-01
IP29,226,290,516,3805,3724,7529,2021-10-01
IP30,426,529,955,5927,5663,11590,2021-10-01
IP31,581,748,1329,8307,8049,16356,2021-10-01
IP32,876,1060,1936,5860,5478,11338,2021-10-01
IP33,1252,1435,2687,8107,7333,15440,2021-10-01
IV1,196,176,372,1024,957,1981,2021-10-01
IV2,2474,2969,5443,18185,16800,34985,2021-10-01
IV3,1543,1696,3239,6017,4969,10986,2021-10-01
IV3,0,0,0,0,1,1,2021-10-01
IV4,168,209,377,1827,1705,3532,2021-10-01
IV5,55,51,106,537,520,1057,2021-10-01
IV6,179,213,392,1805,1742,3547,2021-10-01
IV7,190,240,430,2401,2279,4680,2021-10-01
IV8,32,31,63,368,384,752,2021-10-01
IV9,57,64,121,471,464,935,2021-10-01
IV10,105,130,235,1104,1051,2155,2021-10-01
IV11,49,63,112,316,311,627,2021-10-01
IV12,637,788,1425,4646,4353,8999,2021-10-01
IV13,15,20,35,265,231,496,2021-10-01
IV14,65,103,168,838,776,1614,2021-10-01
IV15,324,384,708,1966,1733,3699,2021-10-01
IV16,62,66,128,691,649,1340,2021-10-01
IV17,391,458,849,2149,1877,4026,2021-10-01
IV18,306,393,699,2045,1695,3740,2021-10-01
IV19,230,274,504,1691,1544,3235,2021-10-01
IV20,131,185,316,1167,1061,2228,2021-10-01
IV21,51,60,111,459,411,870,2021-10-01
IV22,50,76,126,629,547,1176,2021-10-01
IV23,38,43,81,354,321,675,2021-10-01
IV24,44,66,110,579,538,1117,2021-10-01
IV25,91,108,199,959,959,1918,2021-10-01
IV26,111,132,243,712,695,1407,2021-10-01
IV27,166,167,333,1418,1239,2657,2021-10-01
IV28,16,15,31,196,193,389,2021-10-01
IV30,1666,2043,3709,12440,11264,23704,2021-10-01
IV31,332,428,760,2549,2285,4834,2021-10-01
IV32,207,205,412,1851,1786,3637,2021-10-01
IV33,1,0,1,1,1,2,2021-10-01
IV34,0,0,0,0,1,1,2021-10-01
IV36,721,942,1663,5999,5477,11476,2021-10-01
IV40,129,167,296,971,881,1852,2021-10-01
IV41,31,18,49,151,131,282,2021-10-01
IV42,16,24,40,193,189,382,2021-10-01
IV43,13,13,26,105,105,210,2021-10-01
IV44,9,9,18,120,104,224,2021-10-01
IV45,12,6,18,129,116,245,2021-10-01
IV46,7,6,13,38,29,67,2021-10-01
IV47,17,22,39,258,217,475,2021-10-01
IV48,0,1,1,39,32,71,2021-10-01
IV49,59,63,122,446,375,821,2021-10-01
IV51,223,282,505,2000,1809,3809,2021-10-01
IV52,18,25,43,124,125,249,2021-10-01
IV53,5,5,10,72,56,128,2021-10-01
IV54,56,74,130,571,481,1052,2021-10-01
IV55,44,51,95,538,484,1022,2021-10-01
IV56,8,9,17,153,123,276,2021-10-01
IV62,0,0,0,1,0,1,2021-10-01
IV63,134,136,270,1040,961,2001,2021-10-01
KA1,1575,1934,3509,9763,8615,18378,2021-10-01
KA2,313,396,709,2491,2259,4750,2021-10-01
KA3,2033,2667,4700,13338,12259,25597,2021-10-01
KA4,261,336,597,1910,1752,3662,2021-10-01
KA5,408,595,1003,3485,3021,6506,2021-10-01
KA6,1023,1274,2297,6445,5648,12093,2021-10-01
KA7,1327,1505,2832,10410,10017,20427,2021-10-01
KA8,1315,1724,3039,5391,4266,9657,2021-10-01
KA9,689,803,1492,5834,5514,11348,2021-10-01
KA10,699,820,1519,6089,5838,11927,2021-10-01
KA11,1192,1601,2793,7178,6377,13555,2021-10-01
KA12,1208,1619,2827,5373,4490,9863,2021-10-01
KA13,1061,1342,2403,5426,4816,10242,2021-10-01
KA14,32,25,57,182,165,347,2021-10-01
KA15,332,402,734,2536,2281,4817,2021-10-01
KA16,194,206,400,1110,889,1999,2021-10-01
KA17,170,223,393,1512,1323,2835,2021-10-01
KA18,1078,1448,2526,7008,5801,12809,2021-10-01
KA19,373,499,872,2652,2361,5013,2021-10-01
KA20,745,894,1639,2587,2168,4755,2021-10-01
KA21,893,1006,1899,3821,3271,7092,2021-10-01
KA22,712,981,1693,3343,2954,6297,2021-10-01
KA23,219,277,496,2047,2010,4057,2021-10-01
KA24,318,431,749,2023,1836,3859,2021-10-01
KA25,449,570,1019,2200,1872,4072,2021-10-01
KA26,556,688,1244,3629,3120,6749,2021-10-01
KA27,243,312,555,1833,1761,3594,2021-10-01
KA28,55,77,132,434,378,812,2021-10-01
KA29,66,76,142,619,611,1230,2021-10-01
KA30,483,630,1113,4070,3693,7763,2021-10-01
KT1,2148,2281,4429,7574,6139,13713,2021-10-01
KT2,2646,3032,5678,11810,10760,22570,2021-10-01
KT3,3580,3980,7560,15595,13451,29046,2021-10-01
KT4,1762,1949,3711,11373,10545,21918,2021-10-01
KT5,1510,1600,3110,7603,6629,14232,2021-10-01
KT6,2323,2724,5047,11819,10347,22166,2021-10-01
KT7,532,545,1077,4050,4071,8121,2021-10-01
KT8,1161,1281,2442,7971,7612,15583,2021-10-01
KT9,1512,1644,3156,7709,7030,14739,2021-10-01
KT10,1082,1121,2203,9216,9229,18445,2021-10-01
KT11,1006,1046,2052,7095,7296,14391,2021-10-01
KT12,2010,2139,4149,15218,14826,30044,2021-10-01
KT13,1158,1317,2475,10198,10040,20238,2021-10-01
KT14,681,691,1372,5407,5217,10624,2021-10-01
KT15,1414,1574,2988,11454,10806,22260,2021-10-01
KT16,958,1128,2086,7851,7366,15217,2021-10-01
KT17,1351,1319,2670,9689,9015,18704,2021-10-01
KT18,808,960,1768,6540,6567,13107,2021-10-01
KT19,2353,2652,5005,13387,12500,25887,2021-10-01
KT20,787,992,1779,8654,8479,17133,2021-10-01
KT21,486,607,1093,5486,5498,10984,2021-10-01
KT22,1249,1294,2543,10106,9610,19716,2021-10-01
KT23,398,418,816,4555,4535,9090,2021-10-01
KT24,323,308,631,3930,3960,7890,2021-10-01
KW1,482,561,1043,3819,3301,7120,2021-10-01
KW2,5,2,7,32,26,58,2021-10-01
KW3,34,42,76,413,370,783,2021-10-01
KW5,9,13,22,126,112,238,2021-10-01
KW6,14,12,26,157,116,273,2021-10-01
KW7,2,4,6,46,35,81,2021-10-01
KW8,24,35,59,315,277,592,2021-10-01
KW9,70,97,167,641,574,1215,2021-10-01
KW10,72,84,156,625,536,1161,2021-10-01
KW11,6,8,14,52,42,94,2021-10-01
KW12,53,58,111,640,586,1226,2021-10-01
KW13,2,2,4,36,34,70,2021-10-01
KW14,675,766,1441,4336,3697,8033,2021-10-01
KW15,452,530,982,2933,2719,5652,2021-10-01
KW16,158,214,372,1335,1250,2585,2021-10-01
KW17,381,418,799,3621,3313,6934,2021-10-01
KY1,1513,1838,3351,8453,7084,15537,2021-10-01
KY2,1629,2138,3767,10227,9081,19308,2021-10-01
KY3,525,695,1220,3923,3652,7575,2021-10-01
KY4,1244,1670,2914,7650,6437,14087,2021-10-01
KY5,1126,1587,2713,6494,5341,11835,2021-10-01
KY6,1126,1412,2538,6186,5437,11623,2021-10-01
KY7,1573,1842,3415,9114,8121,17235,2021-10-01
KY8,1956,2504,4460,11370,9913,21283,2021-10-01
KY9,77,84,161,721,740,1461,2021-10-01
KY10,410,514,924,3314,3119,6433,2021-10-01
KY11,3547,4224,7771,21680,19639,41319,2021-10-01
KY12,2055,2343,4398,14339,12860,27199,2021-10-01
KY13,423,431,854,4795,4743,9538,2021-10-01
KY14,246,311,557,2622,2415,5037,2021-10-01
KY15,806,1063,1869,8031,7630,15661,2021-10-01
KY16,1228,1430,2658,6305,5790,12095,2021-10-01
L1,810,694,1504,1594,974,2568,2021-10-01
L2,130,83,213,298,154,452,2021-10-01
L3,1332,1212,2544,3574,2290,5864,2021-10-01
L4,4374,5297,9671,9716,6776,16492,2021-10-01
L5,1625,1968,3593,3301,1979,5280,2021-10-01
L6,3240,3134,6374,5318,3021,8339,2021-10-01
L7,2866,2519,5385,3883,2072,5955,2021-10-01
L8,4826,4877,9703,7500,4646,12146,2021-10-01
L9,2566,3291,5857,9043,7055,16098,2021-10-01
L10,965,1339,2304,4971,4184,9155,2021-10-01
L11,2693,3676,6369,7266,5557,12823,2021-10-01
L12,1783,2268,4051,10659,9583,20242,2021-10-01
L13,3015,3505,6520,8061,5958,14019,2021-10-01
L14,2329,3204,5533,7649,6372,14021,2021-10-01
L15,2710,2779,5489,7146,5465,12611,2021-10-01
L16,730,872,1602,5351,4918,10269,2021-10-01
L17,1738,1802,3540,7093,6128,13221,2021-10-01
L18,1408,1645,3053,8786,8213,16999,2021-10-01
L19,1654,1973,3627,7593,6675,14268,2021-10-01
L20,3457,4078,7535,8315,5876,14191,2021-10-01
L21,2113,2768,4881,6785,5326,12111,2021-10-01
L22,1030,1149,2179,4366,3740,8106,2021-10-01
L23,1692,2020,3712,10917,10163,21080,2021-10-01
L24,1414,1952,3366,4742,3644,8386,2021-10-01
L25,2102,2510,4612,11593,10271,21864,2021-10-01
L26,1108,1348,2456,5114,4563,9677,2021-10-01
L27,576,833,1409,1752,1354,3106,2021-10-01
L28,683,890,1573,1692,1130,2822,2021-10-01
L29,25,23,48,213,197,410,2021-10-01
L30,1602,2110,3712,5608,4517,10125,2021-10-01
L31,1342,1521,2863,11447,10586,22033,2021-10-01
L32,1893,2450,4343,5829,4477,10306,2021-10-01
L33,1666,2281,3947,5117,4041,9158,2021-10-01
L34,734,869,1603,4794,4064,8858,2021-10-01
L35,1842,2494,4336,10432,8773,19205,2021-10-01
L36,3294,4501,7795,12564,10427,22991,2021-10-01
L37,965,1043,2008,8994,8865,17859,2021-10-01
L38,95,89,184,1047,1059,2106,2021-10-01
L39,1149,1224,2373,9904,9419,19323,2021-10-01
L40,612,668,1280,7737,7272,15009,2021-10-01
L41,106,122,228,91,47,138,2021-10-01
L42,58,41,99,67,24,91,2021-10-01
L43,82,121,203,126,102,228,2021-10-01
L44,45,30,75,57,20,77,2021-10-01
L45,20,23,43,52,35,87,2021-10-01
L46,16,24,40,59,25,84,2021-10-01
L47,15,11,26,36,27,63,2021-10-01
L48,12,13,25,45,34,79,2021-10-01
L49,22,32,54,52,38,90,2021-10-01
L52,0,1,1,0,0,0,2021-10-01
L60,4,14,18,83,74,157,2021-10-01
L61,11,12,23,36,40,76,2021-10-01
L62,26,28,54,57,39,96,2021-10-01
L63,18,18,36,69,36,105,2021-10-01
L64,25,21,46,93,83,176,2021-10-01
L65,23,23,46,50,26,76,2021-10-01
L66,24,28,52,105,81,186,2021-10-01
L67,0,1,1,0,0,0,2021-10-01
L69,17,5,22,25,6,31,2021-10-01
L71,0,1,1,0,0,0,2021-10-01
LA1,3660,4211,7871,14742,12597,27339,2021-10-01
LA2,746,767,1513,8550,8248,16798,2021-10-01
LA3,1551,1754,3305,8887,7774,16661,2021-10-01
LA4,1595,1848,3443,8562,7280,15842,2021-10-01
LA5,531,671,1202,6390,6175,12565,2021-10-01
LA6,343,423,766,5555,5493,11048,2021-10-01
LA7,152,168,320,2048,1983,4031,2021-10-01
LA8,214,256,470,3861,3695,7556,2021-10-01
LA9,1300,1568,2868,11431,10566,21997,2021-10-01
LA10,115,108,223,1377,1350,2727,2021-10-01
LA11,270,306,576,3992,3937,7929,2021-10-01
LA12,739,864,1603,7809,7235,15044,2021-10-01
LA13,1103,1324,2427,6695,5891,12586,2021-10-01
LA14,2726,3135,5861,11378,9252,20630,2021-10-01
LA15,358,462,820,2722,2437,5159,2021-10-01
LA16,97,131,228,1329,1145,2474,2021-10-01
LA17,22,37,59,502,455,957,2021-10-01
LA18,390,470,860,2821,2382,5203,2021-10-01
LA19,21,39,60,423,401,824,2021-10-01
LA20,17,37,54,526,490,1016,2021-10-01
LA21,29,46,75,408,367,775,2021-10-01
LA22,236,240,476,1820,1653,3473,2021-10-01
LA23,474,461,935,3220,2946,6166,2021-10-01
LD0,0,0,0,1,0,1,2021-10-01
LD1,397,497,894,4417,3985,8402,2021-10-01
LD2,159,192,351,2167,2022,4189,2021-10-01
LD3,781,838,1619,7518,6966,14484,2021-10-01
LD4,22,23,45,305,288,593,2021-10-01
LD5,31,40,71,438,404,842,2021-10-01
LD6,86,122,208,1094,980,2074,2021-10-01
LD7,137,171,308,1834,1667,3501,2021-10-01
LD8,109,137,246,1822,1730,3552,2021-10-01
LE1,2066,1877,3943,2853,1419,4272,2021-10-01
LE2,10340,11396,21736,34954,27576,62530,2021-10-01
LE3,9108,10294,19402,32673,24602,57275,2021-10-01
LE4,10820,12819,23639,31972,23610,55582,2021-10-01
LE5,9879,11378,21257,28143,20508,48651,2021-10-01
LE6,380,473,853,4715,4369,9084,2021-10-01
LE7,1565,1941,3506,19470,18273,37743,2021-10-01
LE8,1182,1496,2678,15040,14632,29672,2021-10-01
LE9,2013,2470,4483,22745,21037,43782,2021-10-01
LE10,1975,2346,4321,19692,17697,37389,2021-10-01
LE11,4265,4325,8590,19336,14838,34174,2021-10-01
LE12,2313,2800,5113,25731,24466,50197,2021-10-01
LE13,1215,1483,2698,9825,8692,18517,2021-10-01
LE14,456,564,1020,7457,7238,14695,2021-10-01
LE15,1110,1394,2504,13073,12376,25449,2021-10-01
LE16,1354,1586,2940,14219,13608,27827,2021-10-01
LE17,661,757,1418,9306,8717,18023,2021-10-01
LE18,1553,2017,3570,11605,10174,21779,2021-10-01
LE19,530,723,1253,5979,5635,11614,2021-10-01
LE56,0,0,0,1,0,1,2021-10-01
LE61,0,0,0,1,0,1,2021-10-01
LE62,0,1,1,0,0,0,2021-10-01
LE65,607,688,1295,6391,5943,12334,2021-10-01
LE67,2540,3189,5729,23681,21067,44748,2021-10-01
LL1,2,1,3,6,5,11,2021-10-01
LL2,0,0,0,3,0,3,2021-10-01
LL10,0,0,0,1,0,1,2021-10-01
LL11,1996,2493,4489,13202,11371,24573,2021-10-01
LL12,1285,1462,2747,10445,9585,20030,2021-10-01
LL13,2479,2795,5274,10861,8905,19766,2021-10-01
LL14,1808,2569,4377,10892,9171,20063,2021-10-01
LL15,415,472,887,4029,3846,7875,2021-10-01
LL16,707,841,1548,5524,5175,10699,2021-10-01
LL17,183,227,410,2123,2042,4165,2021-10-01
LL18,2759,3384,6143,13766,11905,25671,2021-10-01
LL19,1035,1296,2331,7083,6393,13476,2021-10-01
LL20,398,378,776,3109,2773,5882,2021-10-01
LL21,220,276,496,2570,2320,4890,2021-10-01
LL22,719,919,1638,6851,6330,13181,2021-10-01
LL23,133,139,272,1559,1340,2899,2021-10-01
LL24,57,78,135,835,707,1542,2021-10-01
LL25,28,10,38,190,182,372,2021-10-01
LL26,197,243,440,1597,1392,2989,2021-10-01
LL27,33,50,83,308,278,586,2021-10-01
LL28,531,677,1208,5120,4876,9996,2021-10-01
LL29,1277,1510,2787,6722,5944,12666,2021-10-01
LL30,1203,1391,2594,7205,6415,13620,2021-10-01
LL31,421,513,934,3596,3470,7066,2021-10-01
LL32,308,404,712,2483,2334,4817,2021-10-01
LL33,200,232,432,1357,1266,2623,2021-10-01
LL34,206,292,498,1516,1427,2943,2021-10-01
LL35,24,32,56,306,257,563,2021-10-01
LL36,155,219,374,1642,1442,3084,2021-10-01
LL37,16,19,35,245,191,436,2021-10-01
LL38,17,37,54,288,231,519,2021-10-01
LL39,10,17,27,87,69,156,2021-10-01
LL40,154,189,343,1570,1379,2949,2021-10-01
LL41,330,416,746,2086,1726,3812,2021-10-01
LL42,144,175,319,760,646,1406,2021-10-01
LL43,18,17,35,211,191,402,2021-10-01
LL44,21,35,56,363,372,735,2021-10-01
LL45,27,22,49,240,219,459,2021-10-01
LL46,56,59,115,682,624,1306,2021-10-01
LL47,14,31,45,225,204,429,2021-10-01
LL48,103,126,229,894,811,1705,2021-10-01
LL49,236,219,455,1494,1241,2735,2021-10-01
LL51,33,30,63,330,299,629,2021-10-01
LL52,92,111,203,979,967,1946,2021-10-01
LL53,535,601,1136,6083,5601,11684,2021-10-01
LL54,474,528,1002,4077,3725,7802,2021-10-01
LL55,1077,1274,2351,7242,6566,13808,2021-10-01
LL56,113,100,213,830,768,1598,2021-10-01
LL57,1950,1946,3896,7510,6447,13957,2021-10-01
LL58,151,205,356,1393,1235,2628,2021-10-01
LL59,280,259,539,2033,1947,3980,2021-10-01
LL60,105,139,244,1184,1096,2280,2021-10-01
LL61,227,242,469,2246,2157,4403,2021-10-01
LL62,74,55,129,723,652,1375,2021-10-01
LL63,55,61,116,493,442,935,2021-10-01
LL64,35,28,63,302,276,578,2021-10-01
LL65,1364,1590,2954,8159,7150,15309,2021-10-01
LL66,8,10,18,112,103,215,2021-10-01
LL67,51,84,135,513,446,959,2021-10-01
LL68,266,325,591,2263,2004,4267,2021-10-01
LL69,26,32,58,291,233,524,2021-10-01
LL70,11,12,23,117,126,243,2021-10-01
LL71,70,79,149,704,657,1361,2021-10-01
LL72,34,47,81,265,248,513,2021-10-01
LL73,1,1,2,101,96,197,2021-10-01
LL74,75,70,145,944,936,1880,2021-10-01
LL75,55,50,105,558,540,1098,2021-10-01
LL76,9,11,20,126,113,239,2021-10-01
LL77,317,415,732,2534,2356,4890,2021-10-01
LL78,14,16,30,194,206,400,2021-10-01
LN1,1372,1559,2931,9696,8590,18286,2021-10-01
LN2,2425,2890,5315,13273,11626,24899,2021-10-01
LN3,324,387,711,3921,3598,7519,2021-10-01
LN4,1373,1734,3107,15310,14051,29361,2021-10-01
LN5,2131,2299,4430,11277,9415,20692,2021-10-01
LN6,2774,3390,6164,21407,19436,40843,2021-10-01
LN7,216,258,474,2592,2405,4997,2021-10-01
LN8,595,730,1325,7068,6444,13512,2021-10-01
LN9,378,420,798,3907,3596,7503,2021-10-01
LN10,152,194,346,2511,2350,4861,2021-10-01
LN11,1179,1380,2559,11025,10326,21351,2021-10-01
LN12,612,716,1328,4864,3945,8809,2021-10-01
LN13,330,374,704,3197,2921,6118,2021-10-01
LS0,0,1,1,0,0,0,2021-10-01
LS1,338,338,676,864,493,1357,2021-10-01
LS2,1054,856,1910,1377,669,2046,2021-10-01
LS3,361,359,720,547,287,834,2021-10-01
LS4,886,892,1778,2208,1563,3771,2021-10-01
LS5,645,816,1461,2338,1861,4199,2021-10-01
LS6,3563,3443,7006,8548,6444,14992,2021-10-01
LS7,3281,3774,7055,8462,6823,15285,2021-10-01
LS8,5014,5447,10461,14938,11694,26632,2021-10-01
LS9,4931,5715,10646,9396,5328,14724,2021-10-01
LS10,3218,4323,7541,10341,7516,17857,2021-10-01
LS11,4333,4829,9162,9265,5504,14769,2021-10-01
LS12,3549,4270,7819,12128,8943,21071,2021-10-01
LS13,2704,3635,6339,10792,8749,19541,2021-10-01
LS14,2873,3880,6753,10591,8579,19170,2021-10-01
LS15,1941,2347,4288,12558,10903,23461,2021-10-01
LS16,1885,2230,4115,13127,12288,25415,2021-10-01
LS17,1915,2598,4513,16679,15597,32276,2021-10-01
LS18,1361,1152,2513,8234,7160,15394,2021-10-01
LS19,901,1084,1985,7311,6879,14190,2021-10-01
LS20,537,616,1153,4717,4511,9228,2021-10-01
LS21,767,899,1666,6922,6581,13503,2021-10-01
LS22,509,588,1097,6564,6438,13002,2021-10-01
LS23,304,344,648,3451,3465,6916,2021-10-01
LS24,402,505,907,4674,4446,9120,2021-10-01
LS25,1702,2268,3970,15821,14565,30386,2021-10-01
LS26,1431,1915,3346,10870,9913,20783,2021-10-01
LS27,2002,2660,4662,12819,10879,23698,2021-10-01
LS28,1885,2540,4425,14160,12831,26991,2021-10-01
LS29,1131,1251,2382,12598,12623,25221,2021-10-01
LS42,0,0,0,0,1,1,2021-10-01
LU1,7170,6248,13418,15184,9502,24686,2021-10-01
LU2,4715,5449,10164,21911,17343,39254,2021-10-01
LU3,5783,6990,12773,21784,15981,37765,2021-10-01
LU4,5821,7042,12863,17952,12149,30101,2021-10-01
LU5,2384,3090,5474,15231,12562,27793,2021-10-01
LU6,1428,1832,3260,13552,11901,25453,2021-10-01
LU7,2294,2759,5053,23382,21429,44811,2021-10-01
M0,17,7,24,21,9,30,2021-10-01
M1,1174,857,2031,2619,1275,3894,2021-10-01
M2,21,16,37,56,28,84,2021-10-01
M3,1397,1236,2633,4048,2405,6453,2021-10-01
M4,1314,1113,2427,4009,2646,6655,2021-10-01
M4,0,0,0,1,0,1,2021-10-01
M4,0,0,0,1,0,1,2021-10-01
M5,2147,2215,4362,5084,3326,8410,2021-10-01
M6,3655,3653,7308,9710,6902,16612,2021-10-01
M7,3844,3293,7137,8469,5660,14129,2021-10-01
M8,5192,4793,9985,10267,5834,16101,2021-10-01
M9,4558,5556,10114,11308,8292,19600,2021-10-01
M10,80,64,144,59,18,77,2021-10-01
M11,2947,3554,6501,5888,3966,9854,2021-10-01
M12,3373,2930,6303,5013,2680,7693,2021-10-01
M13,4196,3481,7677,6013,3107,9120,2021-10-01
M14,6906,5898,12804,10821,6516,17337,2021-10-01
M15,2949,2392,5341,5764,3163,8927,2021-10-01
M16,4209,4453,8662,11342,8469,19811,2021-10-01
M17,5,8,13,29,14,43,2021-10-01
M18,3020,3510,6530,6315,4164,10479,2021-10-01
M19,4250,4271,8521,11339,8353,19692,2021-10-01
M20,3667,4024,7691,15774,13750,29524,2021-10-01
M21,2362,2601,4963,9845,8788,18633,2021-10-01
M22,4113,4974,9087,12282,9658,21940,2021-10-01
M23,2756,3388,6144,9342,7810,17152,2021-10-01
M24,3602,4362,7964,15826,12982,28808,2021-10-01
M25,2083,2365,4448,10923,9538,20461,2021-10-01
M26,2244,2799,5043,11952,10379,22331,2021-10-01
M27,2651,3081,5732,13601,11773,25374,2021-10-01
M28,2071,2436,4507,15426,14161,29587,2021-10-01
M29,1082,1259,2341,8764,7986,16750,2021-10-01
M30,3044,3442,6486,12017,9449,21466,2021-10-01
M31,743,904,1647,2468,2141,4609,2021-10-01
M32,2301,2677,4978,9343,8137,17480,2021-10-01
M33,3231,3579,6810,22103,20469,42572,2021-10-01
M34,2822,3316,6138,16237,13954,30191,2021-10-01
M35,1410,1662,3072,6833,5772,12605,2021-10-01
M36,0,0,0,1,0,1,2021-10-01
M38,1238,1656,2894,3693,2784,6477,2021-10-01
M39,0,1,1,1,0,1,2021-10-01
M40,4735,5590,10325,12001,8678,20679,2021-10-01
M41,2097,2328,4425,14984,14105,29089,2021-10-01
M43,1624,2132,3756,7721,6260,13981,2021-10-01
M44,1172,1493,2665,6647,5720,12367,2021-10-01
M45,1429,1730,3159,7773,7047,14820,2021-10-01
M46,1243,1505,2748,7568,6346,13914,2021-10-01
M47,1,0,1,0,0,0,2021-10-01
M50,432,414,846,1660,1032,2692,2021-10-01
M51,0,0,0,1,0,1,2021-10-01
M52,0,0,0,1,0,1,2021-10-01
M54,0,0,0,1,0,1,2021-10-01
M60,37,16,53,60,14,74,2021-10-01
M61,0,0,0,1,0,1,2021-10-01
M70,4,0,4,4,1,5,2021-10-01
M74,0,0,0,2,0,2,2021-10-01
M87,0,1,1,0,0,0,2021-10-01
M90,1,0,1,1,0,1,2021-10-01
ME1,1992,2455,4447,11343,9841,21184,2021-10-01
ME2,2487,3077,5564,14931,12963,27894,2021-10-01
ME3,1186,1470,2656,11624,10761,22385,2021-10-01
ME4,3154,3413,6567,10099,7336,17435,2021-10-01
ME5,2720,3509,6229,18882,16754,35636,2021-10-01
ME6,549,710,1259,4020,3756,7776,2021-10-01
ME7,4282,5203,9485,16774,13429,30203,2021-10-01
ME8,2337,2781,5118,18531,16972,35503,2021-10-01
ME9,883,1015,1898,9097,8483,17580,2021-10-01
ME10,2994,3550,6544,17511,15213,32724,2021-10-01
ME11,296,366,662,1226,991,2217,2021-10-01
ME12,2360,2947,5307,13938,11655,25593,2021-10-01
ME13,1508,1739,3247,10399,9599,19998,2021-10-01
ME14,1713,1928,3641,12507,10750,23257,2021-10-01
ME15,2921,3460,6381,18613,15939,34552,2021-10-01
ME16,1762,2159,3921,12148,10517,22665,2021-10-01
ME17,928,1037,1965,10864,10093,20957,2021-10-01
ME18,251,279,530,3054,2841,5895,2021-10-01
ME19,851,1008,1859,9351,9285,18636,2021-10-01
ME20,889,1023,1912,8083,7644,15727,2021-10-01
ME21,0,0,0,1,0,1,2021-10-01
ME22,0,0,0,1,0,1,2021-10-01
ME24,0,1,1,1,4,5,2021-10-01
ME37,0,0,0,0,1,1,2021-10-01
ME38,0,0,0,1,0,1,2021-10-01
ME50,0,0,0,1,0,1,2021-10-01
MK1,71,68,139,287,159,446,2021-10-01
MK2,1562,1995,3557,4983,3755,8738,2021-10-01
MK3,1518,1984,3502,9270,8262,17532,2021-10-01
MK4,1308,1639,2947,8237,7726,15963,2021-10-01
MK5,1014,1188,2202,5593,5118,10711,2021-10-01
MK6,3940,4380,8320,9121,6231,15352,2021-10-01
MK7,898,1030,1928,5627,5081,10708,2021-10-01
MK8,834,1126,1960,5240,4616,9856,2021-10-01
MK9,634,522,1156,1515,771,2286,2021-10-01
MK10,1226,1573,2799,7413,6695,14108,2021-10-01
MK11,590,782,1372,3539,3175,6714,2021-10-01
MK12,1242,1462,2704,4739,3627,8366,2021-10-01
MK13,1716,1955,3671,6697,5343,12040,2021-10-01
MK14,1981,2298,4279,7575,5818,13393,2021-10-01
MK15,426,455,881,2796,2624,5420,2021-10-01
MK16,797,940,1737,7237,6801,14038,2021-10-01
MK17,616,717,1333,8234,8121,16355,2021-10-01
MK18,1677,1720,3397,13126,12722,25848,2021-10-01
MK19,420,490,910,4978,4750,9728,2021-10-01
MK20,0,1,1,0,0,0,2021-10-01
MK34,1,0,1,1,0,1,2021-10-01
MK40,3273,3250,6523,12326,9215,21541,2021-10-01
MK41,2510,2867,5377,15364,14037,29401,2021-10-01
MK42,3851,5097,8948,17927,14476,32403,2021-10-01
MK43,1615,1608,3223,15761,15240,31001,2021-10-01
MK44,499,553,1052,6856,6736,13592,2021-10-01
MK45,1705,1890,3595,19206,18408,37614,2021-10-01
MK46,299,354,653,3674,3564,7238,2021-10-01
ML1,3507,4470,7977,18633,15615,34248,2021-10-01
ML2,2484,3022,5506,12339,10363,22702,2021-10-01
ML3,3273,4011,7284,17678,15098,32776,2021-10-01
ML4,1589,2070,3659,6767,5540,12307,2021-10-01
ML5,3151,3873,7024,14354,11892,26246,2021-10-01
ML6,3267,4120,7387,18140,15566,33706,2021-10-01
ML7,829,1075,1904,5064,4229,9293,2021-10-01
ML8,757,1026,1783,7224,6668,13892,2021-10-01
ML9,1325,1749,3074,8142,7114,15256,2021-10-01
ML10,460,487,947,4420,4308,8728,2021-10-01
ML11,1483,1977,3460,12569,11265,23834,2021-10-01
ML12,270,427,697,3552,3310,6862,2021-10-01
N0,1,0,1,1,0,1,2021-10-01
N1,11660,12872,24532,25850,19048,44898,2021-10-01
N1,115,149,264,292,210,502,2021-10-01
N1,0,1,1,0,1,1,2021-10-01
N1,0,1,1,0,0,0,2021-10-01
N1,1,0,1,0,0,0,2021-10-01
N1,0,0,0,0,1,1,2021-10-01
N2,2472,2706,5178,9065,8048,17113,2021-10-01
N2,0,0,0,0,1,1,2021-10-01
N3,2728,2965,5693,11530,9890,21420,2021-10-01
N4,8058,7759,15817,15761,11048,26809,2021-10-01
N5,2715,3024,5739,7706,6180,13886,2021-10-01
N6,1647,1928,3575,7020,6295,13315,2021-10-01
N7,6568,6975,13543,13251,9238,22489,2021-10-01
N8,5272,5232,10504,13301,10647,23948,2021-10-01
N9,7771,8997,16768,15480,10823,26303,2021-10-01
N10,2785,3159,5944,9281,8236,17517,2021-10-01
N11,3397,3731,7128,10857,8312,19169,2021-10-01
N12,3036,3364,6400,12316,10366,22682,2021-10-01
N13,3651,3723,7374,12247,9361,21608,2021-10-01
N14,2366,2767,5133,12014,10146,22160,2021-10-01
N15,8927,7995,16922,13669,7860,21529,2021-10-01
N16,9989,9356,19345,17733,11896,29629,2021-10-01
N17,13321,13061,26382,19041,11688,30729,2021-10-01
N18,5401,5977,11378,9767,6478,16245,2021-10-01
N19,4610,5245,9855,9847,7682,17529,2021-10-01
N20,1554,1699,3253,8097,7382,15479,2021-10-01
N21,1471,1662,3133,8990,8243,17233,2021-10-01
N22,7198,6830,14028,14663,9696,24359,2021-10-01
NE1,1020,759,1779,1892,841,2733,2021-10-01
NE2,1699,1481,3180,5483,3984,9467,2021-10-01
NE2,0,0,0,1,0,1,2021-10-01
NE3,3257,4045,7302,17684,15387,33071,2021-10-01
NE4,5886,4899,10785,9449,4982,14431,2021-10-01
NE5,3411,4575,7986,14507,11259,25766,2021-10-01
NE6,4930,5509,10439,11811,8260,20071,2021-10-01
NE7,876,1115,1991,5202,4412,9614,2021-10-01
NE8,3518,3375,6893,8219,4864,13083,2021-10-01
NE9,2371,3120,5491,10996,8779,19775,2021-10-01
NE10,2507,3302,5809,9915,7257,17172,2021-10-01
NE11,1019,1369,2388,5069,3971,9040,2021-10-01
NE12,2146,2830,4976,11471,9831,21302,2021-10-01
NE13,705,828,1533,6849,6484,13333,2021-10-01
NE15,2393,3042,5435,10192,8074,18266,2021-10-01
NE16,1086,1490,2576,8733,7647,16380,2021-10-01
NE17,285,351,636,1471,1228,2699,2021-10-01
NE18,32,28,60,382,372,754,2021-10-01
NE19,47,79,126,868,842,1710,2021-10-01
NE20,371,381,752,5241,5213,10454,2021-10-01
NE21,1038,1365,2403,5623,4577,10200,2021-10-01
NE22,914,1116,2030,6065,5344,11409,2021-10-01
NE23,2033,2765,4798,13683,11772,25455,2021-10-01
NE24,2263,3122,5385,12588,10574,23162,2021-10-01
NE25,1332,1628,2960,10831,10136,20967,2021-10-01
NE26,963,992,1955,6849,6478,13327,2021-10-01
NE27,785,1076,1861,5102,4610,9712,2021-10-01
NE28,3445,4503,7948,13434,10572,24006,2021-10-01
NE29,2676,3316,5992,10214,8358,18572,2021-10-01
NE30,944,1155,2099,7808,7317,15125,2021-10-01
NE31,1431,1821,3252,6680,5540,12220,2021-10-01
NE32,1738,2237,3975,7325,5810,13135,2021-10-01
NE33,2424,2333,4757,7892,5613,13505,2021-10-01
NE34,3408,4419,7827,15430,12745,28175,2021-10-01
NE35,396,509,905,2075,1698,3773,2021-10-01
NE36,273,326,599,2457,2364,4821,2021-10-01
NE37,1457,2019,3476,5809,4598,10407,2021-10-01
NE38,1920,2537,4457,10693,9059,19752,2021-10-01
NE39,382,531,913,3046,2666,5712,2021-10-01
NE40,714,1041,1755,5349,4733,10082,2021-10-01
NE41,79,79,158,892,826,1718,2021-10-01
NE42,620,869,1489,4277,3949,8226,2021-10-01
NE43,130,153,283,1780,1753,3533,2021-10-01
NE44,30,23,53,414,442,856,2021-10-01
NE45,110,145,255,1421,1424,2845,2021-10-01
NE46,646,807,1453,5620,5361,10981,2021-10-01
NE47,251,296,547,3156,2978,6134,2021-10-01
NE48,130,179,309,1751,1558,3309,2021-10-01
NE49,160,275,435,1566,1258,2824,2021-10-01
NE55,0,0,0,1,0,1,2021-10-01
NE61,1267,1673,2940,12842,12028,24870,2021-10-01
NE62,446,580,1026,3150,2745,5895,2021-10-01
NE63,1823,2347,4170,8709,7068,15777,2021-10-01
NE64,375,516,891,1840,1456,3296,2021-10-01
NE65,713,928,1641,7927,7375,15302,2021-10-01
NE66,609,840,1449,6680,6162,12842,2021-10-01
NE67,28,20,48,390,372,762,2021-10-01
NE68,55,72,127,689,617,1306,2021-10-01
NE69,9,10,19,124,142,266,2021-10-01
NE70,56,77,133,697,679,1376,2021-10-01
NE71,94,116,210,1177,1081,2258,2021-10-01
NE99,4,0,4,3,0,3,2021-10-01
NG1,1263,1091,2354,2077,1145,3222,2021-10-01
NG1,0,0,0,0,1,1,2021-10-01
NG2,4482,4764,9246,18556,15388,33944,2021-10-01
NG3,4264,5278,9542,14861,11401,26262,2021-10-01
NG4,2280,2957,5237,13834,11991,25825,2021-10-01
NG5,6265,8273,14538,27370,23299,50669,2021-10-01
NG6,3214,4342,7556,10538,8150,18688,2021-10-01
NG7,6369,5936,12305,10593,5670,16263,2021-10-01
NG8,5323,7276,12599,19068,15024,34092,2021-10-01
NG9,4379,4947,9326,24667,21371,46038,2021-10-01
NG10,2604,3142,5746,16366,14189,30555,2021-10-01
NG11,2512,3152,5664,12116,10090,22206,2021-10-01
NG12,1336,1609,2945,13377,12744,26121,2021-10-01
NG13,743,869,1612,8585,8242,16827,2021-10-01
NG14,618,778,1396,7565,7212,14777,2021-10-01
NG15,2074,2744,4818,15611,13769,29380,2021-10-01
NG16,2842,3629,6471,23198,20371,43569,2021-10-01
NG17,4056,4953,9009,24625,21030,45655,2021-10-01
NG18,2823,3068,5891,14608,12302,26910,2021-10-01
NG19,2784,3444,6228,18422,15683,34105,2021-10-01
NG20,1664,2213,3877,8936,7139,16075,2021-10-01
NG21,1024,1306,2330,8670,7830,16500,2021-10-01
NG22,1232,1470,2702,10460,9470,19930,2021-10-01
NG23,464,502,966,7634,7453,15087,2021-10-01
NG24,2627,3256,5883,16626,14067,30693,2021-10-01
NG25,323,358,681,3376,3392,6768,2021-10-01
NG31,2621,3302,5923,16182,13704,29886,2021-10-01
NG32,411,457,868,5513,5309,10822,2021-10-01
NG33,308,360,668,4107,3838,7945,2021-10-01
NG34,1694,1930,3624,16023,14908,30931,2021-10-01
NG36,0,0,0,1,0,1,2021-10-01
NG54,0,1,1,0,0,0,2021-10-01
NG56,0,0,0,1,0,1,2021-10-01
NN1,4411,3801,8212,10416,6398,16814,2021-10-01
NN2,3338,3486,6824,14045,11135,25180,2021-10-01
NN3,5609,6902,12511,27058,22581,49639,2021-10-01
NN4,2827,3384,6211,18498,16376,34874,2021-10-01
NN5,2773,3376,6149,15041,12347,27388,2021-10-01
NN6,1082,1192,2274,15005,14515,29520,2021-10-01
NN7,892,1028,1920,12048,11536,23584,2021-10-01
NN8,3985,4591,8576,18351,14634,32985,2021-10-01
NN9,1157,1389,2546,10936,9912,20848,2021-10-01
NN10,1876,2230,4106,14905,13349,28254,2021-10-01
NN11,1982,2527,4509,15457,13272,28729,2021-10-01
NN12,877,996,1873,10665,10034,20699,2021-10-01
NN13,706,853,1559,8487,7949,16436,2021-10-01
NN14,1517,1816,3333,17956,16923,34879,2021-10-01
NN15,1725,2149,3874,14750,13506,28256,2021-10-01
NN16,2456,2858,5314,10417,7709,18126,2021-10-01
NN17,2260,2598,4858,11079,8870,19949,2021-10-01
NN18,3196,3702,6898,12701,10050,22751,2021-10-01
NN28,1,0,1,0,0,0,2021-10-01
NN29,409,459,868,4502,4306,8808,2021-10-01
NO3,0,1,1,0,0,0,2021-10-01
NP0,0,0,0,0,1,1,2021-10-01
NP1,80,85,165,181,115,296,2021-10-01
NP1,0,0,0,0,1,1,2021-10-01
NP2,27,24,51,108,58,166,2021-10-01
NP3,31,38,69,96,57,153,2021-10-01
NP4,1977,2644,4621,15770,13979,29749,2021-10-01
NP5,11,11,22,38,28,66,2021-10-01
NP6,31,29,60,117,71,188,2021-10-01
NP7,985,1206,2191,10230,9814,20044,2021-10-01
NP8,164,208,372,2157,2085,4242,2021-10-01
NP9,64,41,105,148,67,215,2021-10-01
NP10,1066,1294,2360,9384,8971,18355,2021-10-01
NP11,1896,2393,4289,12576,10771,23347,2021-10-01
NP12,1578,2070,3648,11603,10174,21777,2021-10-01
NP13,1007,1387,2394,6409,5067,11476,2021-10-01
NP15,143,171,314,3267,3127,6394,2021-10-01
NP16,951,1127,2078,9121,8439,17560,2021-10-01
NP18,612,740,1352,6574,6228,12802,2021-10-01
NP19,4296,5017,9313,17458,13828,31286,2021-10-01
NP20,3929,4594,8523,16431,13149,29580,2021-10-01
NP21,0,0,0,1,0,1,2021-10-01
NP22,1219,1633,2852,7037,5809,12846,2021-10-01
NP23,1700,2243,3943,10865,8970,19835,2021-10-01
NP24,322,402,724,1416,1074,2490,2021-10-01
NP25,577,618,1195,6183,5866,12049,2021-10-01
NP26,859,1042,1901,8976,8313,17289,2021-10-01
NP42,0,0,0,1,0,1,2021-10-01
NP44,2654,3307,5961,16569,14527,31096,2021-10-01
NR0,0,0,0,0,1,1,2021-10-01
NR1,2188,2275,4463,8704,6663,15367,2021-10-01
NR2,1904,2169,4073,7775,6794,14569,2021-10-01
NR3,2876,3068,5944,10417,7991,18408,2021-10-01
NR4,1332,1558,2890,7168,6652,13820,2021-10-01
NR5,2198,2564,4762,8891,7432,16323,2021-10-01
NR6,986,1192,2178,9163,8271,17434,2021-10-01
NR7,1399,1651,3050,12532,11472,24004,2021-10-01
NR8,711,868,1579,8363,8030,16393,2021-10-01
NR9,535,636,1171,7445,7284,14729,2021-10-01
NR10,705,859,1564,9197,8774,17971,2021-10-01
NR11,602,735,1337,7300,7004,14304,2021-10-01
NR12,663,704,1367,8539,8002,16541,2021-10-01
NR13,830,901,1731,11059,10782,21841,2021-10-01
NR14,845,829,1674,10402,10218,20620,2021-10-01
NR15,463,564,1027,6370,6187,12557,2021-10-01
NR16,351,410,761,5217,5010,10227,2021-10-01
NR17,605,668,1273,6695,6215,12910,2021-10-01
NR18,761,856,1617,7566,7344,14910,2021-10-01
NR19,899,1083,1982,7287,6568,13855,2021-10-01
NR20,634,690,1324,7784,7415,15199,2021-10-01
NR21,570,693,1263,6266,5830,12096,2021-10-01
NR22,38,50,88,330,323,653,2021-10-01
NR23,122,141,263,1081,989,2070,2021-10-01
NR24,142,164,306,1758,1686,3444,2021-10-01
NR25,349,346,695,3275,3157,6432,2021-10-01
NR26,327,391,718,2941,2793,5734,2021-10-01
NR27,550,588,1138,4105,3776,7881,2021-10-01
NR28,700,788,1488,6365,6072,12437,2021-10-01
NR29,696,845,1541,8433,7837,16270,2021-10-01
NR30,2657,2727,5384,9143,6758,15901,2021-10-01
NR31,2843,3401,6244,17164,14641,31805,2021-10-01
NR32,2336,2538,4874,13535,11802,25337,2021-10-01
NR33,1907,2184,4091,13871,12479,26350,2021-10-01
NR34,771,941,1712,8578,7947,16525,2021-10-01
NR35,392,475,867,4237,3942,8179,2021-10-01
NW0,3,1,4,2,1,3,2021-10-01
NW1,7881,8591,16472,16081,10800,26881,2021-10-01
NW1,0,1,1,0,0,0,2021-10-01
NW2,12550,11133,23683,25524,16708,42232,2021-10-01
NW3,5374,6200,11574,19449,16390,35839,2021-10-01
NW4,4246,4299,8545,13447,10192,23639,2021-10-01
NW5,3712,4295,8007,8256,6582,14838,2021-10-01
NW5,0,1,1,0,0,0,2021-10-01
NW6,9433,9580,19013,22058,17062,39120,2021-10-01
NW7,2297,2726,5023,10857,9559,20416,2021-10-01
NW8,4377,5229,9606,12264,9425,21689,2021-10-01
NW9,11021,10883,21904,27673,18439,46112,2021-10-01
NW10,19023,17380,36403,30738,20175,50913,2021-10-01
NW11,3968,3843,7811,13871,12059,25930,2021-10-01
NW12,2,1,3,0,1,1,2021-10-01
NW13,0,1,1,2,1,3,2021-10-01
NW14,1,0,1,1,0,1,2021-10-01
NW15,0,0,0,2,0,2,2021-10-01
NW16,4,1,5,3,0,3,2021-10-01
NW17,0,0,0,2,1,3,2021-10-01
NW18,1,0,1,1,1,2,2021-10-01
NW19,0,1,1,1,1,2,2021-10-01
NW20,1,1,2,1,0,1,2021-10-01
NW21,1,0,1,0,0,0,2021-10-01
NW22,1,0,1,2,0,2,2021-10-01
NW24,1,0,1,0,0,0,2021-10-01
NW25,0,0,0,0,1,1,2021-10-01
NW26,1,1,2,0,0,0,2021-10-01
NW28,0,0,0,0,1,1,2021-10-01
NW41,1,0,1,0,0,0,2021-10-01
NW43,0,0,0,1,0,1,2021-10-01
NW44,2,0,2,0,0,0,2021-10-01
NW51,1,0,1,0,0,0,2021-10-01
NW70,1,0,1,0,0,0,2021-10-01
NW77,0,1,1,0,0,0,2021-10-01
NW96,0,0,0,1,0,1,2021-10-01
NW99,2,0,2,0,0,0,2021-10-01
OL0,1,0,1,0,0,0,2021-10-01
OL1,2349,2724,5073,6129,4428,10557,2021-10-01
OL1,1,0,1,0,0,0,2021-10-01
OL2,2265,2694,4959,14350,12664,27014,2021-10-01
OL3,591,574,1165,6053,5885,11938,2021-10-01
OL4,3204,3926,7130,14327,11346,25673,2021-10-01
OL5,595,772,1367,3999,3539,7538,2021-10-01
OL6,2358,2884,5242,9264,6857,16121,2021-10-01
OL7,1309,1721,3030,5377,4047,9424,2021-10-01
OL8,3978,4970,8948,11773,7863,19636,2021-10-01
OL9,3412,4002,7414,12943,9678,22621,2021-10-01
OL10,2095,2525,4620,9197,7675,16872,2021-10-01
OL11,3534,4377,7911,14798,11768,26566,2021-10-01
OL12,3031,3689,6720,15278,12920,28198,2021-10-01
OL13,945,1136,2081,5541,4851,10392,2021-10-01
OL14,885,1160,2045,5187,4785,9972,2021-10-01
OL15,677,781,1458,5445,4938,10383,2021-10-01
OL16,3004,3510,6514,12195,9741,21936,2021-10-01
OX0,1,0,1,0,0,0,2021-10-01
OX1,1884,1557,3441,6020,4736,10756,2021-10-01
OX2,3381,3598,6979,13256,12169,25425,2021-10-01
OX3,4052,4791,8843,13531,11178,24709,2021-10-01
OX4,6847,6892,13739,17732,13473,31205,2021-10-01
OX5,1586,1623,3209,9104,8186,17290,2021-10-01
OX6,32,24,56,62,55,117,2021-10-01
OX7,973,1171,2144,9435,9169,18604,2021-10-01
OX8,47,44,91,125,100,225,2021-10-01
OX9,644,710,1354,6001,5776,11777,2021-10-01
OX10,1237,1412,2649,10464,9959,20423,2021-10-01
OX11,1948,2442,4390,15563,13878,29441,2021-10-01
OX12,1201,1521,2722,10996,10117,21113,2021-10-01
OX13,565,747,1312,6160,5832,11992,2021-10-01
OX14,2344,2732,5076,16790,15043,31833,2021-10-01
OX15,704,777,1481,8573,8370,16943,2021-10-01
OX16,3444,4170,7614,17345,13854,31199,2021-10-01
OX17,511,647,1158,7506,7186,14692,2021-10-01
OX18,1028,1325,2353,9966,9127,19093,2021-10-01
OX20,224,273,497,1944,1985,3929,2021-10-01
OX22,1,0,1,0,0,0,2021-10-01
OX23,0,0,0,1,0,1,2021-10-01
OX25,441,578,1019,4466,4327,8793,2021-10-01
OX26,2065,2514,4579,13143,11478,24621,2021-10-01
OX27,262,338,600,2939,2913,5852,2021-10-01
OX28,1432,1695,3127,9740,8984,18724,2021-10-01
OX29,960,1160,2120,10288,10014,20302,2021-10-01
OX33,332,365,697,3141,2969,6110,2021-10-01
OX39,211,261,472,3346,3281,6627,2021-10-01
OX44,254,379,633,3364,3288,6652,2021-10-01
OX49,138,177,315,1714,1732,3446,2021-10-01
PA0,0,0,0,1,0,1,2021-10-01
PA1,1717,1750,3467,6917,5532,12449,2021-10-01
PA2,2443,3080,5523,13018,11540,24558,2021-10-01
PA3,2111,2519,4630,6811,5424,12235,2021-10-01
PA4,1519,1847,3366,8468,7403,15871,2021-10-01
PA5,1487,1906,3393,7004,6057,13061,2021-10-01
PA6,170,241,411,2638,2620,5258,2021-10-01
PA7,243,310,553,3512,3401,6913,2021-10-01
PA8,787,957,1744,5220,4802,10022,2021-10-01
PA9,63,85,148,753,694,1447,2021-10-01
PA10,155,200,355,1433,1383,2816,2021-10-01
PA11,242,279,521,2221,2205,4426,2021-10-01
PA12,164,185,349,1257,1221,2478,2021-10-01
PA13,166,169,335,1800,1829,3629,2021-10-01
PA14,1268,1531,2799,4645,3994,8639,2021-10-01
PA15,1442,1663,3105,4362,3521,7883,2021-10-01
PA16,2064,2289,4353,8899,8089,16988,2021-10-01
PA17,79,76,155,911,865,1776,2021-10-01
PA18,78,100,178,1007,972,1979,2021-10-01
PA19,557,645,1202,4001,3693,7694,2021-10-01
PA20,364,454,818,2038,1719,3757,2021-10-01
PA21,39,29,68,339,286,625,2021-10-01
PA22,17,6,23,135,145,280,2021-10-01
PA23,742,905,1647,4298,3973,8271,2021-10-01
PA24,21,21,42,215,168,383,2021-10-01
PA25,1,4,5,28,23,51,2021-10-01
PA26,8,5,13,56,46,102,2021-10-01
PA27,22,34,56,294,281,575,2021-10-01
PA28,402,484,886,2514,2160,4674,2021-10-01
PA29,109,101,210,900,795,1695,2021-10-01
PA30,77,64,141,481,482,963,2021-10-01
PA31,211,269,480,2017,1826,3843,2021-10-01
PA32,53,60,113,487,456,943,2021-10-01
PA33,35,39,74,298,268,566,2021-10-01
PA34,668,738,1406,3642,3226,6868,2021-10-01
PA35,56,78,134,597,559,1156,2021-10-01
PA36,1,1,2,21,15,36,2021-10-01
PA37,131,158,289,1216,1137,2353,2021-10-01
PA38,35,33,68,364,355,719,2021-10-01
PA39,3,0,3,1,2,3,2021-10-01
PA40,1,2,3,4,1,5,2021-10-01
PA41,10,12,22,59,59,118,2021-10-01
PA42,49,77,126,420,367,787,2021-10-01
PA43,56,63,119,304,279,583,2021-10-01
PA44,7,13,20,115,109,224,2021-10-01
PA45,10,7,17,59,47,106,2021-10-01
PA46,9,6,15,64,68,132,2021-10-01
PA47,6,8,14,67,61,128,2021-10-01
PA48,20,13,33,115,130,245,2021-10-01
PA49,6,14,20,69,67,136,2021-10-01
PA60,8,14,22,88,76,164,2021-10-01
PA61,6,13,19,58,56,114,2021-10-01
PA62,2,3,5,12,9,21,2021-10-01
PA63,1,0,1,2,2,4,2021-10-01
PA64,5,3,8,46,49,95,2021-10-01
PA65,10,9,19,94,97,191,2021-10-01
PA66,6,13,19,73,75,148,2021-10-01
PA67,17,15,32,104,100,204,2021-10-01
PA68,0,0,0,4,3,7,2021-10-01
PA69,2,1,3,9,9,18,2021-10-01
PA70,4,3,7,24,27,51,2021-10-01
PA71,1,0,1,24,15,39,2021-10-01
PA72,18,17,35,193,188,381,2021-10-01
PA73,5,3,8,29,25,54,2021-10-01
PA74,1,3,4,12,9,21,2021-10-01
PA75,80,73,153,574,567,1141,2021-10-01
PA76,4,5,9,60,63,123,2021-10-01
PA77,21,34,55,257,251,508,2021-10-01
PA78,11,12,23,67,68,135,2021-10-01
PA80,15,12,27,132,106,238,2021-10-01
PA81,2,6,8,12,8,20,2021-10-01
PA82,4,5,9,9,10,19,2021-10-01
PA83,0,0,0,1,1,2,2021-10-01
PA84,0,1,1,1,0,1,2021-10-01
PA85,3,2,5,2,4,6,2021-10-01
PA86,21,32,53,56,49,105,2021-10-01
PA87,25,34,59,37,27,64,2021-10-01
PA88,4,2,6,5,3,8,2021-10-01
PE1,5637,5769,11406,16171,10178,26349,2021-10-01
PE2,3383,4193,7576,17491,14333,31824,2021-10-01
PE3,2612,3345,5957,10277,7525,17802,2021-10-01
PE4,1703,2131,3834,10269,8818,19087,2021-10-01
PE5,39,39,78,632,604,1236,2021-10-01
PE6,1284,1726,3010,15197,14418,29615,2021-10-01
PE7,2068,2585,4653,17929,16339,34268,2021-10-01
PE8,649,779,1428,7146,6738,13884,2021-10-01
PE9,1372,1676,3048,12281,11929,24210,2021-10-01
PE10,893,1156,2049,9302,8860,18162,2021-10-01
PE11,2216,2498,4714,17216,14331,31547,2021-10-01
PE12,1399,1694,3093,16373,14603,30976,2021-10-01
PE13,2198,2311,4509,13057,10921,23978,2021-10-01
PE14,730,862,1592,9048,8306,17354,2021-10-01
PE15,1286,1598,2884,11219,10144,21363,2021-10-01
PE16,414,561,975,4184,3661,7845,2021-10-01
PE17,57,40,97,123,74,197,2021-10-01
PE18,50,76,126,93,69,162,2021-10-01
PE19,2114,2420,4534,17097,15777,32874,2021-10-01
PE20,577,649,1226,5918,5376,11294,2021-10-01
PE21,3101,3136,6237,14902,11868,26770,2021-10-01
PE22,559,621,1180,6854,6274,13128,2021-10-01
PE23,315,370,685,3459,3203,6662,2021-10-01
PE24,495,576,1071,4831,4074,8905,2021-10-01
PE25,1474,1601,3075,7242,5864,13106,2021-10-01
PE26,457,545,1002,4605,4219,8824,2021-10-01
PE27,1015,1204,2219,7749,6846,14595,2021-10-01
PE28,1700,1975,3675,19838,19145,38983,2021-10-01
PE29,2046,2489,4535,10617,8882,19499,2021-10-01
PE30,3125,3421,6546,14585,12491,27076,2021-10-01
PE31,529,593,1122,7633,7303,14936,2021-10-01
PE32,472,515,987,6376,6162,12538,2021-10-01
PE33,463,597,1060,6044,5689,11733,2021-10-01
PE34,503,588,1091,5695,5268,10963,2021-10-01
PE35,1,1,2,38,35,73,2021-10-01
PE36,236,284,520,2283,2154,4437,2021-10-01
PE37,417,533,950,4382,3913,8295,2021-10-01
PE38,570,656,1226,5934,5393,11327,2021-10-01
PE99,0,0,0,1,0,1,2021-10-01
PH1,2586,3225,5811,14604,12608,27212,2021-10-01
PH2,1692,1857,3549,12973,12063,25036,2021-10-01
PH3,285,338,623,2687,2630,5317,2021-10-01
PH4,41,52,93,358,365,723,2021-10-01
PH5,28,53,81,335,303,638,2021-10-01
PH6,85,91,176,991,1004,1995,2021-10-01
PH7,384,476,860,3319,3084,6403,2021-10-01
PH8,89,102,191,780,775,1555,2021-10-01
PH9,17,38,55,359,329,688,2021-10-01
PH10,477,548,1025,4256,3861,8117,2021-10-01
PH11,142,192,334,1352,1184,2536,2021-10-01
PH12,55,85,140,814,756,1570,2021-10-01
PH13,192,208,400,1593,1400,2993,2021-10-01
PH14,53,74,127,834,825,1659,2021-10-01
PH15,180,208,388,1414,1260,2674,2021-10-01
PH16,177,209,386,1541,1410,2951,2021-10-01
PH17,10,5,15,74,60,134,2021-10-01
PH18,30,35,65,304,269,573,2021-10-01
PH19,2,4,6,49,37,86,2021-10-01
PH20,67,82,149,616,552,1168,2021-10-01
PH21,90,111,201,838,756,1594,2021-10-01
PH22,208,255,463,1237,1124,2361,2021-10-01
PH23,27,34,61,335,319,654,2021-10-01
PH24,22,25,47,300,277,577,2021-10-01
PH25,27,31,58,362,362,724,2021-10-01
PH26,158,174,332,1463,1368,2831,2021-10-01
PH30,0,0,0,5,4,9,2021-10-01
PH31,20,27,47,228,243,471,2021-10-01
PH32,39,40,79,284,231,515,2021-10-01
PH33,724,928,1652,4207,3564,7771,2021-10-01
PH34,44,53,97,456,407,863,2021-10-01
PH35,30,23,53,134,112,246,2021-10-01
PH36,31,66,97,538,490,1028,2021-10-01
PH37,6,9,15,58,48,106,2021-10-01
PH38,10,12,22,77,75,152,2021-10-01
PH39,22,27,49,173,172,345,2021-10-01
PH40,20,19,39,123,102,225,2021-10-01
PH41,67,56,123,367,318,685,2021-10-01
PH42,4,7,11,42,34,76,2021-10-01
PH43,1,2,3,11,10,21,2021-10-01
PH44,3,1,4,4,6,10,2021-10-01
PH49,45,58,103,426,375,801,2021-10-01
PH50,46,86,132,328,250,578,2021-10-01
PL0,0,1,1,0,0,0,2021-10-01
PL1,2453,2479,4932,7113,4778,11891,2021-10-01
PL2,2468,2932,5400,9726,8125,17851,2021-10-01
PL3,1854,2287,4141,10639,9433,20072,2021-10-01
PL4,3319,2942,6261,8711,5988,14699,2021-10-01
PL5,2977,3962,6939,13338,11295,24633,2021-10-01
PL6,2121,2646,4767,15006,13534,28540,2021-10-01
PL7,1239,1531,2770,11465,10980,22445,2021-10-01
PL8,215,190,405,2540,2511,5051,2021-10-01
PL9,1150,1353,2503,11576,10990,22566,2021-10-01
PL10,155,197,352,1287,1211,2498,2021-10-01
PL11,543,710,1253,3837,3415,7252,2021-10-01
PL12,959,1080,2039,8216,7751,15967,2021-10-01
PL13,416,505,921,3847,3499,7346,2021-10-01
PL14,989,1248,2237,9175,8675,17850,2021-10-01
PL15,688,896,1584,8230,7716,15946,2021-10-01
PL16,52,68,120,857,793,1650,2021-10-01
PL17,375,405,780,4102,3793,7895,2021-10-01
PL18,186,249,435,2143,2065,4208,2021-10-01
PL19,692,705,1397,6307,6174,12481,2021-10-01
PL20,469,516,985,4674,4550,9224,2021-10-01
PL21,669,809,1478,7263,7180,14443,2021-10-01
PL22,136,153,289,1444,1463,2907,2021-10-01
PL23,146,145,291,1261,1207,2468,2021-10-01
PL24,463,606,1069,3794,3622,7416,2021-10-01
PL25,1337,1500,2837,9404,8575,17979,2021-10-01
PL26,1268,1359,2627,10730,9804,20534,2021-10-01
PL27,410,529,939,4737,4651,9388,2021-10-01
PL28,209,214,423,1599,1555,3154,2021-10-01
PL29,34,29,63,360,355,715,2021-10-01
PL30,279,301,580,4472,4278,8750,2021-10-01
PL31,879,1065,1944,5499,4845,10344,2021-10-01
PL32,155,226,381,1680,1608,3288,2021-10-01
PL33,89,72,161,753,730,1483,2021-10-01
PL34,75,82,157,729,671,1400,2021-10-01
PL35,40,39,79,407,402,809,2021-10-01
PO1,3096,3401,6497,7042,4684,11726,2021-10-01
PO2,3599,4397,7996,13104,9973,23077,2021-10-01
PO3,1313,1553,2866,6955,5846,12801,2021-10-01
PO4,3141,3478,6619,13266,10743,24009,2021-10-01
PO5,2864,2694,5558,7768,5445,13213,2021-10-01
PO6,2792,3346,6138,14136,12262,26398,2021-10-01
PO7,1796,2168,3964,16339,15302,31641,2021-10-01
PO8,1366,1616,2982,13888,13084,26972,2021-10-01
PO9,3303,4304,7607,16526,14657,31183,2021-10-01
PO10,702,843,1545,7430,7215,14645,2021-10-01
PO11,675,709,1384,7124,6712,13836,2021-10-01
PO12,2822,3218,6040,16056,14078,30134,2021-10-01
PO13,2047,2575,4622,12215,11245,23460,2021-10-01
PO14,1258,1384,2642,12506,12078,24584,2021-10-01
PO15,935,1016,1951,8781,8301,17082,2021-10-01
PO16,1324,1425,2749,12286,11310,23596,2021-10-01
PO17,253,241,494,2793,2578,5371,2021-10-01
PO18,507,560,1067,5932,5930,11862,2021-10-01
PO19,1889,2080,3969,10692,10216,20908,2021-10-01
PO20,1324,1428,2752,13714,13283,26997,2021-10-01
PO21,2374,2246,4620,14599,13051,27650,2021-10-01
PO22,1347,1487,2834,11718,11145,22863,2021-10-01
PO30,1638,1902,3540,10321,9589,19910,2021-10-01
PO31,715,840,1555,5348,5054,10402,2021-10-01
PO32,460,508,968,3104,2936,6040,2021-10-01
PO33,1832,2058,3890,10554,9676,20230,2021-10-01
PO34,61,85,146,897,887,1784,2021-10-01
PO35,147,132,279,1440,1391,2831,2021-10-01
PO36,844,986,1830,5912,5427,11339,2021-10-01
PO37,491,518,1009,3350,2980,6330,2021-10-01
PO38,609,677,1286,4815,4504,9319,2021-10-01
PO39,108,130,238,994,923,1917,2021-10-01
PO40,255,282,537,2107,2055,4162,2021-10-01
PO41,73,69,142,954,922,1876,2021-10-01
PR1,6259,6450,12709,20713,15430,36143,2021-10-01
PR2,4739,5542,10281,26630,22911,49541,2021-10-01
PR3,1067,1295,2362,16593,16006,32599,2021-10-01
PR4,2075,2526,4601,25327,23955,49282,2021-10-01
PR5,1808,2171,3979,14863,13374,28237,2021-10-01
PR6,1499,1718,3217,13456,12397,25853,2021-10-01
PR7,2406,2896,5302,22828,21130,43958,2021-10-01
PR8,2905,3380,6285,19461,17963,37424,2021-10-01
PR9,2168,2445,4613,15454,13768,29222,2021-10-01
PR21,0,0,0,1,0,1,2021-10-01
PR25,1488,1874,3362,11469,10608,22077,2021-10-01
PR26,538,548,1086,5189,5013,10202,2021-10-01
RG1,6284,5864,12148,14736,8953,23689,2021-10-01
RG2,3807,4509,8316,15211,11601,26812,2021-10-01
RG3,27,23,50,72,38,110,2021-10-01
RG4,1943,2389,4332,15248,14228,29476,2021-10-01
RG5,1249,1429,2678,10280,9545,19825,2021-10-01
RG6,2394,2539,4933,14373,12279,26652,2021-10-01
RG7,1287,1541,2828,13983,13564,27547,2021-10-01
RG8,833,782,1615,7947,7672,15619,2021-10-01
RG9,1125,1097,2222,9541,9437,18978,2021-10-01
RG10,697,695,1392,7642,7390,15032,2021-10-01
RG11,31,21,52,74,41,115,2021-10-01
RG12,3443,4199,7642,21471,18660,40131,2021-10-01
RG13,28,36,64,64,44,108,2021-10-01
RG14,2274,2540,4814,15129,13025,28154,2021-10-01
RG15,18,24,42,43,40,83,2021-10-01
RG16,17,19,36,83,43,126,2021-10-01
RG17,663,696,1359,5931,5683,11614,2021-10-01
RG18,811,916,1727,7392,6806,14198,2021-10-01
RG19,798,893,1691,6475,6036,12511,2021-10-01
RG20,670,805,1475,8055,7904,15959,2021-10-01
RG21,2408,2622,5030,10111,7730,17841,2021-10-01
RG22,2212,2911,5123,15139,13419,28558,2021-10-01
RG23,609,738,1347,5076,4709,9785,2021-10-01
RG24,1898,2371,4269,13590,12118,25708,2021-10-01
RG25,326,312,638,3659,3499,7158,2021-10-01
RG26,852,1064,1916,9175,8521,17696,2021-10-01
RG27,746,791,1537,9647,9560,19207,2021-10-01
RG28,258,300,558,2316,2160,4476,2021-10-01
RG29,218,290,508,2633,2555,5188,2021-10-01
RG30,4330,5036,9366,15920,12367,28287,2021-10-01
RG31,1327,1606,2933,10855,9982,20837,2021-10-01
RG34,0,0,0,0,1,1,2021-10-01
RG40,1283,1390,2673,12378,11907,24285,2021-10-01
RG41,1265,1436,2701,12146,11744,23890,2021-10-01
RG42,1273,1323,2596,11365,11046,22411,2021-10-01
RG43,0,0,0,1,0,1,2021-10-01
RG45,530,575,1105,5835,5706,11541,2021-10-01
RH1,2970,3485,6455,17803,16149,33952,2021-10-01
RH2,1202,1399,2601,10117,9740,19857,2021-10-01
RH3,139,139,278,1806,1811,3617,2021-10-01
RH4,798,920,1718,6010,5772,11782,2021-10-01
RH5,750,758,1508,6884,6594,13478,2021-10-01
RH6,1566,1785,3351,13083,12126,25209,2021-10-01
RH7,522,420,942,3826,3411,7237,2021-10-01
RH8,657,719,1376,6015,5970,11985,2021-10-01
RH9,204,239,443,2160,2216,4376,2021-10-01
RH10,4565,4817,9382,26921,22872,49793,2021-10-01
RH11,5107,5933,11040,20171,15879,36050,2021-10-01
RH12,2137,2477,4614,19550,18551,38101,2021-10-01
RH13,1515,1808,3323,15480,14857,30337,2021-10-01
RH14,605,662,1267,6683,6496,13179,2021-10-01
RH15,1643,1816,3459,12197,11568,23765,2021-10-01
RH16,1908,2165,4073,13767,13120,26887,2021-10-01
RH17,780,865,1645,8109,8043,16152,2021-10-01
RH18,300,310,610,1889,1913,3802,2021-10-01
RH19,1602,1833,3435,13813,12970,26783,2021-10-01
RH20,807,831,1638,10867,10828,21695,2021-10-01
RM1,1744,1938,3682,7556,6233,13789,2021-10-01
RM1,0,1,1,0,0,0,2021-10-01
RM2,711,819,1530,4966,4473,9439,2021-10-01
RM3,3476,4537,8013,14628,12261,26889,2021-10-01
RM4,165,190,355,1998,1874,3872,2021-10-01
RM5,1405,1778,3183,6838,6032,12870,2021-10-01
RM6,3861,4447,8308,11543,8460,20003,2021-10-01
RM7,2644,3171,5815,10188,8234,18422,2021-10-01
RM8,5651,6465,12116,13940,9620,23560,2021-10-01
RM9,4522,5467,9989,11293,7701,18994,2021-10-01
RM10,5080,6135,11215,11894,8241,20135,2021-10-01
RM11,1580,1894,3474,12241,11244,23485,2021-10-01
RM12,2102,2491,4593,12519,10957,23476,2021-10-01
RM13,2381,2860,5241,10779,8909,19688,2021-10-01
RM14,1145,1262,2407,10544,10039,20583,2021-10-01
RM15,2165,2605,4770,10912,8943,19855,2021-10-01
RM16,2396,2954,5350,15612,13756,29368,2021-10-01
RM17,2378,2966,5344,10368,7527,17895,2021-10-01
RM18,1717,2177,3894,5888,4648,10536,2021-10-01
RM19,601,812,1413,2662,1856,4518,2021-10-01
RM20,579,724,1303,2648,1771,4419,2021-10-01
S1,885,612,1497,1146,532,1678,2021-10-01
S2,4398,5085,9483,10658,7153,17811,2021-10-01
S3,2265,1885,4150,3733,1711,5444,2021-10-01
S4,1645,1608,3253,3366,1840,5206,2021-10-01
S5,5198,6799,11997,16075,11834,27909,2021-10-01
S6,3501,4119,7620,18675,15886,34561,2021-10-01
S6,0,0,0,0,1,1,2021-10-01
S7,1350,1274,2624,6032,5018,11050,2021-10-01
S7,0,0,0,1,0,1,2021-10-01
S8,2938,3439,6377,14668,12552,27220,2021-10-01
S9,2543,2944,5487,8310,5195,13505,2021-10-01
S10,2474,2380,4854,13080,11633,24713,2021-10-01
S11,1982,2016,3998,10780,9754,20534,2021-10-01
S12,1734,2374,4108,11669,9449,21118,2021-10-01
S13,1705,2271,3976,9708,7891,17599,2021-10-01
S14,893,1195,2088,2120,1440,3560,2021-10-01
S16,0,0,0,0,1,1,2021-10-01
S17,527,630,1157,6069,5947,12016,2021-10-01
S18,808,950,1758,9364,8931,18295,2021-10-01
S19,4,8,12,37,28,65,2021-10-01
S20,1263,1723,2986,10740,9316,20056,2021-10-01
S21,807,1118,1925,7362,6444,13806,2021-10-01
S22,0,1,1,0,1,1,2021-10-01
S24,0,0,0,0,1,1,2021-10-01
S25,920,1184,2104,7651,6759,14410,2021-10-01
S26,951,1348,2299,9492,8522,18014,2021-10-01
S30,29,22,51,111,104,215,2021-10-01
S31,20,27,47,70,28,98,2021-10-01
S32,166,189,355,2318,2327,4645,2021-10-01
S33,158,171,329,1911,1850,3761,2021-10-01
S35,1511,1914,3425,14957,13497,28454,2021-10-01
S36,1061,1314,2375,10759,9819,20578,2021-10-01
S37,1,0,1,1,0,1,2021-10-01
S40,1928,2315,4243,11751,10182,21933,2021-10-01
S41,1953,2511,4464,12311,10486,22797,2021-10-01
S42,1094,1463,2557,10989,9835,20824,2021-10-01
S43,2097,2732,4829,14053,11773,25826,2021-10-01
S44,1099,1403,2502,7840,6619,14459,2021-10-01
S45,655,810,1465,4938,4329,9267,2021-10-01
S46,0,0,0,1,0,1,2021-10-01
S49,0,0,0,1,0,1,2021-10-01
S54,0,0,0,1,0,1,2021-10-01
S60,2102,2717,4819,14171,11778,25949,2021-10-01
S61,2180,2721,4901,11171,8973,20144,2021-10-01
S62,1172,1579,2751,6367,5006,11373,2021-10-01
S63,2660,3414,6074,13447,10857,24304,2021-10-01
S64,1972,2389,4361,10188,8216,18404,2021-10-01
S65,2663,3212,5875,9983,7271,17254,2021-10-01
S66,2155,3006,5161,15833,13728,29561,2021-10-01
S70,2832,3291,6123,12735,9447,22182,2021-10-01
S71,2861,3428,6289,15622,12886,28508,2021-10-01
S72,1425,1913,3338,8691,7103,15794,2021-10-01
S73,1704,2126,3830,9544,7822,17366,2021-10-01
S74,923,1306,2229,5918,4923,10841,2021-10-01
S75,1718,2147,3865,16659,14936,31595,2021-10-01
S80,1995,2226,4221,10133,8180,18313,2021-10-01
S81,1533,1952,3485,14128,12734,26862,2021-10-01
SA1,4768,4789,9557,13898,9320,23218,2021-10-01
SA2,1869,1948,3817,12642,11455,24097,2021-10-01
SA3,893,913,1806,10256,10134,20390,2021-10-01
SA4,1692,2030,3722,16560,15920,32480,2021-10-01
SA5,2308,3109,5417,11042,9291,20333,2021-10-01
SA6,1793,2351,4144,11103,9745,20848,2021-10-01
SA7,634,826,1460,5505,5057,10562,2021-10-01
SA8,545,637,1182,4713,4407,9120,2021-10-01
SA9,587,735,1322,5509,5050,10559,2021-10-01
SA10,1119,1504,2623,11092,10029,21121,2021-10-01
SA11,1808,2377,4185,11811,9968,21779,2021-10-01
SA12,1889,2290,4179,10420,9245,19665,2021-10-01
SA13,1046,1366,2412,6570,5381,11951,2021-10-01
SA14,1277,1572,2849,12553,11732,24285,2021-10-01
SA15,1937,2283,4220,12477,10741,23218,2021-10-01
SA16,340,431,771,3081,2840,5921,2021-10-01
SA17,378,450,828,3596,3321,6917,2021-10-01
SA18,1316,1473,2789,10813,9893,20706,2021-10-01
SA19,297,361,658,3905,3685,7590,2021-10-01
SA20,132,155,287,1281,1165,2446,2021-10-01
SA23,0,0,0,0,1,1,2021-10-01
SA31,856,996,1852,5589,5317,10906,2021-10-01
SA32,168,199,367,3166,3103,6269,2021-10-01
SA33,321,404,725,5120,4796,9916,2021-10-01
SA34,143,145,288,2041,1937,3978,2021-10-01
SA35,18,25,43,358,321,679,2021-10-01
SA36,13,11,24,142,131,273,2021-10-01
SA37,38,42,80,574,531,1105,2021-10-01
SA38,157,173,330,1782,1675,3457,2021-10-01
SA39,80,81,161,1019,931,1950,2021-10-01
SA40,150,143,293,1104,1022,2126,2021-10-01
SA41,51,63,114,833,801,1634,2021-10-01
SA42,61,72,133,838,806,1644,2021-10-01
SA43,478,565,1043,4817,4501,9318,2021-10-01
SA44,328,384,712,4577,4400,8977,2021-10-01
SA45,72,55,127,613,564,1177,2021-10-01
SA46,92,115,207,965,882,1847,2021-10-01
SA47,48,42,90,423,389,812,2021-10-01
SA48,434,403,837,3322,3076,6398,2021-10-01
SA61,798,1036,1834,4751,4288,9039,2021-10-01
SA62,598,673,1271,8427,7977,16404,2021-10-01
SA63,32,29,61,515,505,1020,2021-10-01
SA64,98,130,228,869,763,1632,2021-10-01
SA65,165,214,379,1616,1432,3048,2021-10-01
SA66,94,81,175,1259,1273,2532,2021-10-01
SA67,217,283,500,2861,2787,5648,2021-10-01
SA68,88,143,231,1674,1605,3279,2021-10-01
SA69,100,132,232,1424,1340,2764,2021-10-01
SA70,374,446,820,3322,3050,6372,2021-10-01
SA71,456,537,993,4039,3607,7646,2021-10-01
SA72,590,663,1253,3502,3164,6666,2021-10-01
SA73,905,1173,2078,7308,6446,13754,2021-10-01
SA78,0,0,0,1,0,1,2021-10-01
SA99,1,0,1,0,0,0,2021-10-01
SE0,0,1,1,0,1,1,2021-10-01
SE1,9845,9752,19597,19356,12047,31403,2021-10-01
SE1,0,0,0,1,0,1,2021-10-01
SE2,3785,4349,8134,7801,5791,13592,2021-10-01
SE3,3146,3711,6857,11496,9890,21386,2021-10-01
SE4,3835,4044,7879,8329,7018,15347,2021-10-01
SE5,8185,8854,17039,12868,8982,21850,2021-10-01
SE6,7250,7933,15183,15697,12681,28378,2021-10-01
SE6,1,0,1,0,0,0,2021-10-01
SE7,2889,3366,6255,6429,4584,11013,2021-10-01
SE8,5023,5303,10326,8323,5775,14098,2021-10-01
SE9,5553,6524,12077,20825,17908,38733,2021-10-01
SE10,3247,3852,7099,10263,8120,18383,2021-10-01
SE11,3562,3754,7316,6566,4211,10777,2021-10-01
SE12,2707,3206,5913,8648,7409,16057,2021-10-01
SE13,6004,6258,12262,12696,10028,22724,2021-10-01
SE14,4246,4328,8574,6928,4915,11843,2021-10-01
SE15,12045,12144,24189,16993,12390,29383,2021-10-01
SE16,6401,7243,13644,14857,10326,25183,2021-10-01
SE17,6586,6722,13308,8602,5095,13697,2021-10-01
SE18,13190,13672,26862,21764,14747,36511,2021-10-01
SE19,3087,3652,6739,9145,7629,16774,2021-10-01
SE20,2877,3269,6146,6985,5985,12970,2021-10-01
SE21,1604,1755,3359,4927,4656,9583,2021-10-01
SE22,3465,3701,7166,9351,8190,17541,2021-10-01
SE23,3741,4304,8045,10248,8888,19136,2021-10-01
SE24,2105,2216,4321,5726,5068,10794,2021-10-01
SE25,4519,5141,9660,10623,8894,19517,2021-10-01
SE26,3443,4167,7610,8794,7525,16319,2021-10-01
SE27,2910,3071,5981,6297,5368,11665,2021-10-01
SE28,4067,5064,9131,7690,5575,13265,2021-10-01
SE29,1,3,4,2,0,2,2021-10-01
SE31,0,1,1,0,0,0,2021-10-01
SE33,0,1,1,0,0,0,2021-10-01
SE35,0,1,1,0,0,0,2021-10-01
SE37,0,1,1,0,0,0,2021-10-01
SE57,0,1,1,0,0,0,2021-10-01
SE59,0,0,0,1,0,1,2021-10-01
SE60,0,0,0,1,0,1,2021-10-01
SE72,1,0,1,0,0,0,2021-10-01
SE73,0,0,0,1,0,1,2021-10-01
SE74,0,1,1,1,0,1,2021-10-01
SE75,1,0,1,0,0,0,2021-10-01
SE77,1,1,2,0,0,0,2021-10-01
SE88,0,0,0,1,0,1,2021-10-01
SE91,0,1,1,0,0,0,2021-10-01
SG0,0,0,0,0,1,1,2021-10-01
SG1,3772,4328,8100,18672,15814,34486,2021-10-01
SG2,2452,2937,5389,15184,13455,28639,2021-10-01
SG3,254,322,576,2842,2724,5566,2021-10-01
SG4,1352,1518,2870,11258,10750,22008,2021-10-01
SG5,1534,1750,3284,12713,12144,24857,2021-10-01
SG6,1967,2335,4302,11805,10775,22580,2021-10-01
SG7,615,633,1248,5181,4991,10172,2021-10-01
SG8,1532,1735,3267,15740,14636,30376,2021-10-01
SG9,316,358,674,4906,4824,9730,2021-10-01
SG10,57,62,119,820,831,1651,2021-10-01
SG11,269,292,561,3573,3426,6999,2021-10-01
SG12,1359,1495,2854,11505,10824,22329,2021-10-01
SG13,796,829,1625,6589,6359,12948,2021-10-01
SG14,955,1063,2018,7628,7262,14890,2021-10-01
SG15,260,287,547,2216,2076,4292,2021-10-01
SG16,201,245,446,2582,2540,5122,2021-10-01
SG17,525,537,1062,5476,5246,10722,2021-10-01
SG18,1110,1315,2425,11169,10369,21538,2021-10-01
SG19,912,1184,2096,9981,9299,19280,2021-10-01
SK0,0,0,0,0,1,1,2021-10-01
SK1,825,1049,1874,3759,2958,6717,2021-10-01
SK2,1725,1955,3680,10379,9462,19841,2021-10-01
SK3,1990,2425,4415,8883,7757,16640,2021-10-01
SK4,2094,2193,4287,13097,11904,25001,2021-10-01
SK5,2350,2896,5246,9121,7570,16691,2021-10-01
SK6,2180,2492,4672,19160,17985,37145,2021-10-01
SK7,1671,1730,3401,16238,15806,32044,2021-10-01
SK8,2785,3024,5809,23060,22052,45112,2021-10-01
SK9,1618,1834,3452,15585,15029,30614,2021-10-01
SK10,1686,1812,3498,15722,15263,30985,2021-10-01
SK11,1884,2107,3991,13671,12356,26027,2021-10-01
SK12,642,661,1303,7844,7705,15549,2021-10-01
SK13,1672,2056,3728,11904,11005,22909,2021-10-01
SK14,3022,3656,6678,16314,14183,30497,2021-10-01
SK15,1737,1948,3685,9522,8348,17870,2021-10-01
SK16,1252,1479,2731,6490,5430,11920,2021-10-01
SK17,1360,1529,2889,11672,10403,22075,2021-10-01
SK22,567,665,1232,4665,4124,8789,2021-10-01
SK23,660,704,1364,7135,6647,13782,2021-10-01
SL0,492,536,1028,4867,4411,9278,2021-10-01
SL1,8084,8171,16255,26359,19277,45636,2021-10-01
SL2,5359,6115,11474,20289,15913,36202,2021-10-01
SL3,3258,4199,7457,18317,15168,33485,2021-10-01
SL4,2314,2733,5047,17234,15926,33160,2021-10-01
SL5,1276,1418,2694,10285,10450,20735,2021-10-01
SL6,4299,4845,9144,32338,29848,62186,2021-10-01
SL7,852,930,1782,8420,8493,16913,2021-10-01
SL8,235,224,459,2650,2657,5307,2021-10-01
SL9,978,1071,2049,9254,9369,18623,2021-10-01
SM1,3189,3809,6998,14231,11875,26106,2021-10-01
SM2,1756,2162,3918,10691,9727,20418,2021-10-01
SM3,1422,1578,3000,7904,7055,14959,2021-10-01
SM4,3694,3891,7585,13552,10457,24009,2021-10-01
SM5,2982,3590,6572,13484,12333,25817,2021-10-01
SM6,2796,3310,6106,13197,11790,24987,2021-10-01
SM7,711,745,1456,7194,7239,14433,2021-10-01
SN0,0,0,0,1,0,1,2021-10-01
SN1,3961,3687,7648,11203,7243,18446,2021-10-01
SN2,3332,4007,7339,14489,11114,25603,2021-10-01
SN3,3332,4204,7536,19123,16030,35153,2021-10-01
SN4,1151,1362,2513,11340,10723,22063,2021-10-01
SN5,1752,2352,4104,13458,11923,25381,2021-10-01
SN6,875,1006,1881,9076,8596,17672,2021-10-01
SN7,554,719,1273,5840,5516,11356,2021-10-01
SN8,1051,1131,2182,9476,9043,18519,2021-10-01
SN9,274,337,611,3236,3215,6451,2021-10-01
SN10,1304,1530,2834,11910,11278,23188,2021-10-01
SN11,991,1244,2235,9056,8514,17570,2021-10-01
SN12,1134,1232,2366,10443,9701,20144,2021-10-01
SN13,687,862,1549,6439,6324,12763,2021-10-01
SN14,1278,1401,2679,10661,9930,20591,2021-10-01
SN15,1751,1966,3717,14630,12446,27076,2021-10-01
SN16,464,511,975,5881,5635,11516,2021-10-01
SN20,0,0,0,1,0,1,2021-10-01
SN24,0,1,1,0,1,1,2021-10-01
SN25,1595,2113,3708,15556,13906,29462,2021-10-01
SN26,57,58,115,885,835,1720,2021-10-01
SN27,0,0,0,1,0,1,2021-10-01
SN31,0,0,0,0,1,1,2021-10-01
SN48,0,0,0,1,0,1,2021-10-01
SN66,0,1,1,0,0,0,2021-10-01
SO0,0,0,0,0,1,1,2021-10-01
SO1,47,40,87,125,50,175,2021-10-01
SO2,74,42,116,120,53,173,2021-10-01
SO3,30,20,50,113,69,182,2021-10-01
SO3,0,0,0,1,0,1,2021-10-01
SO4,31,28,59,110,87,197,2021-10-01
SO5,33,18,51,105,58,163,2021-10-01
SO6,0,0,0,1,0,1,2021-10-01
SO9,17,14,31,27,11,38,2021-10-01
SO14,3759,3144,6903,7881,4101,11982,2021-10-01
SO15,3387,3499,6886,13425,10106,23531,2021-10-01
SO16,4833,5894,10727,22527,18419,40946,2021-10-01
SO17,1662,1543,3205,5342,3699,9041,2021-10-01
SO18,2207,2601,4808,12674,10755,23429,2021-10-01
SO19,3725,4708,8433,18954,16097,35051,2021-10-01
SO20,307,312,619,3422,3253,6675,2021-10-01
SO21,681,747,1428,8043,7796,15839,2021-10-01
SO22,1659,1856,3515,9473,9037,18510,2021-10-01
SO23,1389,1432,2821,7331,6806,14137,2021-10-01
SO24,391,436,827,4705,4641,9346,2021-10-01
SO30,1038,1171,2209,12574,12230,24804,2021-10-01
SO31,1675,1816,3491,18547,17989,36536,2021-10-01
SO32,661,691,1352,9341,9268,18609,2021-10-01
SO33,0,0,0,1,1,2,2021-10-01
SO35,0,0,0,1,0,1,2021-10-01
SO40,1531,1739,3270,15690,14737,30427,2021-10-01
SO41,1053,1082,2135,12766,12972,25738,2021-10-01
SO42,169,188,357,2015,1977,3992,2021-10-01
SO43,139,144,283,1838,1800,3638,2021-10-01
SO45,1373,1675,3048,13079,12467,25546,2021-10-01
SO50,2480,2950,5430,18066,16518,34584,2021-10-01
SO51,953,1143,2096,11660,11522,23182,2021-10-01
SO52,174,239,413,2733,2635,5368,2021-10-01
SO53,1179,1304,2483,12333,12011,24344,2021-10-01
SP1,1237,1269,2506,7690,7138,14828,2021-10-01
SP2,1790,2002,3792,10411,9409,19820,2021-10-01
SP3,350,431,781,4727,4590,9317,2021-10-01
SP4,1756,2072,3828,14089,12047,26136,2021-10-01
SP5,631,700,1331,9314,9180,18494,2021-10-01
SP6,405,411,816,5910,5753,11663,2021-10-01
SP7,532,673,1205,5735,5628,11363,2021-10-01
SP8,498,561,1059,5532,5395,10927,2021-10-01
SP9,518,959,1477,3645,2815,6460,2021-10-01
SP10,2473,2976,5449,14039,11848,25887,2021-10-01
SP11,1137,1496,2633,12657,11791,24448,2021-10-01
SR1,622,489,1111,1203,488,1691,2021-10-01
SR2,2629,2767,5396,10023,7694,17717,2021-10-01
SR3,2246,2999,5245,12199,10052,22251,2021-10-01
SR4,3403,4166,7569,11543,8675,20218,2021-10-01
SR5,2715,3392,6107,9132,6797,15929,2021-10-01
SR6,1427,1596,3023,10631,9355,19986,2021-10-01
SR7,1746,2311,4057,9550,7693,17243,2021-10-01
SR8,2358,3150,5508,10621,8438,19059,2021-10-01
SS0,3622,3872,7494,13615,11278,24893,2021-10-01
SS1,2247,2396,4643,9102,7751,16853,2021-10-01
SS2,2940,3576,6516,11992,9994,21986,2021-10-01
SS3,1771,2105,3876,10070,9336,19406,2021-10-01
SS4,971,1174,2145,7969,7514,15483,2021-10-01
SS5,857,754,1611,8887,8457,17344,2021-10-01
SS6,1285,1437,2722,12009,11250,23259,2021-10-01
SS7,2032,2321,4353,19377,18048,37425,2021-10-01
SS8,2088,2688,4776,13996,12049,26045,2021-10-01
SS9,2382,2580,4962,18555,17339,35894,2021-10-01
SS11,740,867,1607,7379,6816,14195,2021-10-01
SS12,756,922,1678,7159,6605,13764,2021-10-01
SS13,1752,2334,4086,7687,6231,13918,2021-10-01
SS14,2366,3141,5507,8666,6820,15486,2021-10-01
SS15,2443,2974,5417,10731,9366,20097,2021-10-01
SS16,2234,2973,5207,10897,9049,19946,2021-10-01
SS17,1550,1864,3414,12503,11290,23793,2021-10-01
SS20,0,0,0,0,1,1,2021-10-01
SS31,0,0,0,1,0,1,2021-10-01
SS39,0,1,1,0,0,0,2021-10-01
SS50,0,0,0,1,0,1,2021-10-01
SS92,0,0,0,1,0,1,2021-10-01
SS95,1,0,1,0,0,0,2021-10-01
SS99,0,1,1,0,0,0,2021-10-01
ST0,0,0,0,1,0,1,2021-10-01
ST1,2959,3248,6207,9841,6527,16368,2021-10-01
ST2,2361,3036,5397,10503,8275,18778,2021-10-01
ST3,4204,5343,9547,21897,17540,39437,2021-10-01
ST4,4463,4772,9235,17907,13863,31770,2021-10-01
ST5,4691,5368,10059,26985,22936,49921,2021-10-01
ST6,4901,6247,11148,20384,15080,35464,2021-10-01
ST7,2261,2634,4895,20548,18823,39371,2021-10-01
ST8,702,896,1598,7553,6827,14380,2021-10-01
ST9,345,399,744,4872,4507,9379,2021-10-01
ST10,839,1051,1890,9750,8808,18558,2021-10-01
ST11,307,331,638,3916,3569,7485,2021-10-01
ST12,141,139,280,1536,1501,3037,2021-10-01
ST13,1135,1429,2564,10144,9150,19294,2021-10-01
ST14,858,1096,1954,7659,6830,14489,2021-10-01
ST15,772,937,1709,8569,7993,16562,2021-10-01
ST16,1922,2225,4147,11069,9275,20344,2021-10-01
ST17,1981,2389,4370,13651,12295,25946,2021-10-01
ST18,464,498,962,7378,6950,14328,2021-10-01
ST19,487,550,1037,6046,5760,11806,2021-10-01
ST20,181,235,416,2920,2728,5648,2021-10-01
ST21,129,180,309,2633,2545,5178,2021-10-01
SW0,0,1,1,1,2,3,2021-10-01
SW1,40,40,80,51,34,85,2021-10-01
SW1,94,82,176,310,165,475,2021-10-01
SW1,1,0,1,0,0,0,2021-10-01
SW1,0,0,0,0,1,1,2021-10-01
SW1,131,90,221,449,251,700,2021-10-01
SW1,66,68,134,367,197,564,2021-10-01
SW1,0,1,1,0,0,0,2021-10-01
SW1,0,0,0,1,2,3,2021-10-01
SW1,0,1,1,1,0,1,2021-10-01
SW1,1370,1630,3000,4105,2837,6942,2021-10-01
SW1,0,0,0,0,1,1,2021-10-01
SW1,2418,2771,5189,6913,5100,12013,2021-10-01
SW1,920,1032,1952,2587,2190,4777,2021-10-01
SW1,787,943,1730,2452,1925,4377,2021-10-01
SW1,88,59,147,352,161,513,2021-10-01
SW1,1,1,2,1,0,1,2021-10-01
SW2,7893,8338,16231,16269,12556,28825,2021-10-01
SW3,2234,2742,4976,8429,7299,15728,2021-10-01
SW4,5202,5264,10466,13703,10341,24044,2021-10-01
SW5,2357,2032,4389,5857,3866,9723,2021-10-01
SW6,6754,7689,14443,22191,19003,41194,2021-10-01
SW7,3032,2594,5626,8552,5857,14409,2021-10-01
SW8,5895,6083,11978,11331,7324,18655,2021-10-01
SW9,8067,8229,16296,13255,8611,21866,2021-10-01
SW10,2148,2457,4605,6450,5345,11795,2021-10-01
SW11,7491,8743,16234,24710,20172,44882,2021-10-01
SW12,2721,2950,5671,10917,9713,20630,2021-10-01
SW13,1166,1437,2603,6166,5903,12069,2021-10-01
SW14,1205,1354,2559,6418,6198,12616,2021-10-01
SW15,5972,6882,12854,22608,19145,41753,2021-10-01
SW16,11402,11021,22423,27522,21230,48752,2021-10-01
SW17,8963,8219,17182,20862,16804,37666,2021-10-01
SW18,5209,6189,11398,23330,20527,43857,2021-10-01
SW19,7413,8319,15732,31553,26774,58327,2021-10-01
SW20,2329,2669,4998,12182,10911,23093,2021-10-01
SY1,1701,2011,3712,8955,7407,16362,2021-10-01
SY2,940,1063,2003,6428,5916,12344,2021-10-01
SY3,1561,1805,3366,12378,11751,24129,2021-10-01
SY4,875,1027,1902,10107,9705,19812,2021-10-01
SY5,771,753,1524,8800,8424,17224,2021-10-01
SY6,192,217,409,2824,2708,5532,2021-10-01
SY7,355,418,773,4479,4194,8673,2021-10-01
SY8,615,753,1368,7172,6719,13891,2021-10-01
SY9,105,103,208,1120,1001,2121,2021-10-01
SY10,465,573,1038,6343,5930,12273,2021-10-01
SY11,1276,1475,2751,9446,8563,18009,2021-10-01
SY12,301,347,648,3311,3067,6378,2021-10-01
SY13,805,858,1663,7827,7082,14909,2021-10-01
SY14,178,237,415,2853,2803,5656,2021-10-01
SY15,139,145,284,2182,2134,4316,2021-10-01
SY16,851,938,1789,5518,4831,10349,2021-10-01
SY17,102,118,220,1517,1407,2924,2021-10-01
SY18,136,158,294,1744,1594,3338,2021-10-01
SY19,22,29,51,449,387,836,2021-10-01
SY20,264,308,572,2533,2339,4872,2021-10-01
SY21,640,794,1434,6407,5870,12277,2021-10-01
SY22,279,286,565,3691,3488,7179,2021-10-01
SY23,1443,1527,2970,8694,7766,16460,2021-10-01
SY24,185,218,403,1738,1620,3358,2021-10-01
SY25,148,182,330,1748,1615,3363,2021-10-01
TA1,2319,2643,4962,13983,12903,26886,2021-10-01
TA2,1372,1629,3001,10886,10184,21070,2021-10-01
TA3,412,411,823,6310,6218,12528,2021-10-01
TA4,624,693,1317,7895,7781,15676,2021-10-01
TA5,309,399,708,4770,4594,9364,2021-10-01
TA6,2944,3194,6138,17201,14392,31593,2021-10-01
TA7,470,505,975,6659,6456,13115,2021-10-01
TA8,630,720,1350,6553,5840,12393,2021-10-01
TA9,614,658,1272,5040,4531,9571,2021-10-01
TA10,326,314,640,4136,4100,8236,2021-10-01
TA11,270,325,595,4040,4043,8083,2021-10-01
TA12,182,227,409,2515,2451,4966,2021-10-01
TA13,120,141,261,1725,1717,3442,2021-10-01
TA14,97,130,227,1287,1237,2524,2021-10-01
TA15,19,28,47,269,273,542,2021-10-01
TA16,53,62,115,771,747,1518,2021-10-01
TA17,6,15,21,231,261,492,2021-10-01
TA18,323,419,742,4066,3832,7898,2021-10-01
TA19,310,415,725,4797,4728,9525,2021-10-01
TA20,874,906,1780,7912,7195,15107,2021-10-01
TA21,810,922,1732,7668,7246,14914,2021-10-01
TA22,69,77,146,1062,1088,2150,2021-10-01
TA23,268,301,569,2121,1976,4097,2021-10-01
TA24,734,913,1647,6927,6366,13293,2021-10-01
TD1,981,1211,2192,6300,5483,11783,2021-10-01
TD2,84,102,186,1086,1072,2158,2021-10-01
TD3,38,49,87,435,380,815,2021-10-01
TD4,92,97,189,894,869,1763,2021-10-01
TD5,381,462,843,4334,4255,8589,2021-10-01
TD6,267,337,604,3121,3081,6202,2021-10-01
TD7,341,372,713,2671,2519,5190,2021-10-01
TD8,236,311,547,2301,2123,4424,2021-10-01
TD9,834,1054,1888,6472,5585,12057,2021-10-01
TD10,32,55,87,438,412,850,2021-10-01
TD11,268,349,617,3013,2782,5795,2021-10-01
TD12,130,188,318,1722,1606,3328,2021-10-01
TD13,27,46,73,370,354,724,2021-10-01
TD14,257,360,617,2404,2109,4513,2021-10-01
TD15,865,1055,1920,6393,5657,12050,2021-10-01
TF1,2610,3072,5682,14039,11644,25683,2021-10-01
TF2,2260,2677,4937,13858,12110,25968,2021-10-01
TF3,2084,2604,4688,8277,6523,14800,2021-10-01
TF4,1132,1457,2589,7354,6611,13965,2021-10-01
TF5,195,226,421,2027,1954,3981,2021-10-01
TF6,163,169,332,2458,2268,4726,2021-10-01
TF7,1530,1935,3465,5289,4176,9465,2021-10-01
TF8,100,110,210,1261,1195,2456,2021-10-01
TF9,982,1207,2189,10136,8936,19072,2021-10-01
TF10,676,731,1407,7337,6887,14224,2021-10-01
TF11,420,462,882,4745,4497,9242,2021-10-01
TF12,210,244,454,2027,1921,3948,2021-10-01
TF13,121,145,266,1438,1465,2903,2021-10-01
TN1,902,1005,1907,4123,3289,7412,2021-10-01
TN2,1432,1756,3188,10623,9969,20592,2021-10-01
TN3,376,439,815,4779,4727,9506,2021-10-01
TN3,0,0,0,1,0,1,2021-10-01
TN4,1757,2020,3777,10949,10324,21273,2021-10-01
TN5,311,388,699,3599,3599,7198,2021-10-01
TN6,919,1131,2050,10306,9720,20026,2021-10-01
TN7,86,107,193,994,1005,1999,2021-10-01
TN8,584,696,1280,5355,5284,10639,2021-10-01
TN9,1166,1286,2452,6331,5783,12114,2021-10-01
TN10,865,988,1853,5790,5621,11411,2021-10-01
TN11,523,584,1107,5699,5656,11355,2021-10-01
TN12,1208,1438,2646,12185,11552,23737,2021-10-01
TN13,1140,1306,2446,9550,9406,18956,2021-10-01
TN14,561,627,1188,6594,6309,12903,2021-10-01
TN15,865,1015,1880,10370,10215,20585,2021-10-01
TN16,766,817,1583,7815,7589,15404,2021-10-01
TN17,623,752,1375,5510,5281,10791,2021-10-01
TN18,235,255,490,2642,2594,5236,2021-10-01
TN19,186,212,398,2146,2078,4224,2021-10-01
TN20,139,170,309,1549,1562,3111,2021-10-01
TN21,505,575,1080,6977,6798,13775,2021-10-01
TN22,1085,1218,2303,10971,10784,21755,2021-10-01
TN23,2864,3447,6311,14746,12589,27335,2021-10-01
TN24,2103,2504,4607,11745,10293,22038,2021-10-01
TN25,628,667,1295,7654,7407,15061,2021-10-01
TN26,383,420,803,5107,4878,9985,2021-10-01
TN27,426,525,951,5878,5745,11623,2021-10-01
TN28,343,406,749,3483,3179,6662,2021-10-01
TN29,565,662,1227,5228,4630,9858,2021-10-01
TN30,316,424,740,3909,3930,7839,2021-10-01
TN31,637,675,1312,5509,5234,10743,2021-10-01
TN32,211,205,416,2130,2024,4154,2021-10-01
TN33,583,588,1171,4854,4856,9710,2021-10-01
TN34,2420,2719,5139,9809,8370,18179,2021-10-01
TN35,1162,1349,2511,6155,5760,11915,2021-10-01
TN36,87,99,186,958,904,1862,2021-10-01
TN37,1528,1696,3224,6680,5529,12209,2021-10-01
TN38,2059,2377,4436,9275,8089,17364,2021-10-01
TN39,1173,1386,2559,9778,9349,19127,2021-10-01
TN40,947,1127,2074,6005,5742,11747,2021-10-01
TQ1,2143,2326,4469,11111,9606,20717,2021-10-01
TQ2,2248,2609,4857,11953,10670,22623,2021-10-01
TQ3,1789,2029,3818,10975,10042,21017,2021-10-01
TQ4,940,1096,2036,7444,6710,14154,2021-10-01
TQ5,933,1062,1995,7098,6411,13509,2021-10-01
TQ6,355,451,806,3016,2752,5768,2021-10-01
TQ7,654,746,1400,6646,6570,13216,2021-10-01
TQ8,75,73,148,717,660,1377,2021-10-01
TQ9,983,1030,2013,7311,7471,14782,2021-10-01
TQ10,136,186,322,1598,1574,3172,2021-10-01
TQ11,225,265,490,1592,1506,3098,2021-10-01
TQ12,2446,2819,5265,21250,20255,41505,2021-10-01
TQ13,929,937,1866,9579,9633,19212,2021-10-01
TQ14,902,1029,1931,7288,6964,14252,2021-10-01
TR1,1337,1571,2908,7498,7227,14725,2021-10-01
TR2,361,436,797,4155,4041,8196,2021-10-01
TR3,436,438,874,5153,5071,10224,2021-10-01
TR4,459,479,938,5025,4885,9910,2021-10-01
TR5,183,159,342,1630,1663,3293,2021-10-01
TR6,163,197,360,1562,1451,3013,2021-10-01
TR7,1353,1423,2776,8103,7317,15420,2021-10-01
TR8,355,395,750,4262,4087,8349,2021-10-01
TR9,339,421,760,3186,2921,6107,2021-10-01
TR10,573,660,1233,3547,3290,6837,2021-10-01
TR11,1484,1664,3148,10132,9873,20005,2021-10-01
TR12,349,333,682,3802,3569,7371,2021-10-01
TR13,792,939,1731,7664,7404,15068,2021-10-01
TR14,1538,1546,3084,9440,8457,17897,2021-10-01
TR15,1171,1245,2416,7438,6750,14188,2021-10-01
TR16,594,691,1285,6443,6111,12554,2021-10-01
TR17,76,84,160,583,556,1139,2021-10-01
TR18,1289,1442,2731,6324,5707,12031,2021-10-01
TR19,446,467,913,3350,3252,6602,2021-10-01
TR20,336,360,696,3934,3760,7694,2021-10-01
TR21,84,100,184,560,465,1025,2021-10-01
TR22,8,5,13,21,18,39,2021-10-01
TR23,3,8,11,31,24,55,2021-10-01
TR24,4,7,11,38,26,64,2021-10-01
TR25,3,5,8,53,39,92,2021-10-01
TR26,630,669,1299,4023,3760,7783,2021-10-01
TR27,690,803,1493,5899,5449,11348,2021-10-01
TS1,2892,2064,4956,3178,1278,4456,2021-10-01
TS2,137,154,291,233,125,358,2021-10-01
TS3,2826,3455,6281,6582,4755,11337,2021-10-01
TS4,1694,2053,3747,4628,3445,8073,2021-10-01
TS5,2385,2965,5350,13666,11577,25243,2021-10-01
TS6,1939,2615,4554,9124,7422,16546,2021-10-01
TS7,788,1016,1804,8638,7890,16528,2021-10-01
TS8,1066,1430,2496,7516,6962,14478,2021-10-01
TS9,325,423,748,5302,5145,10447,2021-10-01
TS10,2155,2700,4855,12287,10462,22749,2021-10-01
TS11,436,549,985,4286,3874,8160,2021-10-01
TS12,1117,1352,2469,7886,6908,14794,2021-10-01
TS13,602,740,1342,3290,2589,5879,2021-10-01
TS14,662,878,1540,6913,6337,13250,2021-10-01
TS15,437,445,882,5888,5611,11499,2021-10-01
TS16,352,478,830,4007,3821,7828,2021-10-01
TS17,2303,2837,5140,15490,13793,29283,2021-10-01
TS18,1682,1812,3494,8078,6651,14729,2021-10-01
TS19,2269,3042,5311,10897,9570,20467,2021-10-01
TS20,1121,1394,2515,6641,5753,12394,2021-10-01
TS21,410,524,934,5176,4768,9944,2021-10-01
TS22,230,270,500,4144,3863,8007,2021-10-01
TS23,1705,2163,3868,9147,7863,17010,2021-10-01
TS24,1665,2107,3772,6008,4610,10618,2021-10-01
TS25,2208,2818,5026,11868,10087,21955,2021-10-01
TS26,1341,1472,2813,8527,7683,16210,2021-10-01
TS27,489,624,1113,4338,3942,8280,2021-10-01
TS28,281,331,612,1796,1585,3381,2021-10-01
TS29,315,438,753,2041,1665,3706,2021-10-01
TS90,0,0,0,1,0,1,2021-10-01
TW0,0,0,0,0,1,1,2021-10-01
TW1,1798,2066,3864,10271,9476,19747,2021-10-01
TW2,2038,2327,4365,11205,10352,21557,2021-10-01
TW2,0,0,0,1,0,1,2021-10-01
TW3,9853,7500,17353,15116,9175,24291,2021-10-01
TW4,6516,5423,11939,10339,6215,16554,2021-10-01
TW5,5853,4901,10754,11826,7693,19519,2021-10-01
TW6,6,2,8,13,12,25,2021-10-01
TW7,3989,4537,8526,14564,11491,26055,2021-10-01
TW8,2367,2678,5045,8101,6236,14337,2021-10-01
TW9,1694,2027,3721,9022,8156,17178,2021-10-01
TW10,1615,1860,3475,7699,6974,14673,2021-10-01
TW11,1534,1810,3344,8921,8536,17457,2021-10-01
TW12,1462,1710,3172,8687,8238,16925,2021-10-01
TW13,3960,4467,8427,12796,9279,22075,2021-10-01
TW14,3546,3931,7477,10474,7335,17809,2021-10-01
TW15,1460,1599,3059,11130,9915,21045,2021-10-01
TW16,1166,1422,2588,8287,7484,15771,2021-10-01
TW17,587,620,1207,5801,5618,11419,2021-10-01
TW18,1534,1549,3083,10318,9284,19602,2021-10-01
TW19,1248,1406,2654,7058,5737,12795,2021-10-01
TW20,1756,1793,3549,8711,7608,16319,2021-10-01
UB1,11198,8225,19423,14111,8098,22209,2021-10-01
UB1,0,0,0,0,1,1,2021-10-01
UB2,8600,6533,15133,11940,7116,19056,2021-10-01
UB3,8643,8299,16942,18695,11838,30533,2021-10-01
UB4,5438,5335,10773,14269,10267,24536,2021-10-01
UB5,5613,6757,12370,16227,11754,27981,2021-10-01
UB6,7130,6745,13875,21037,14100,35137,2021-10-01
UB7,3550,4112,7662,12008,8564,20572,2021-10-01
UB8,3313,3472,6785,11679,8961,20640,2021-10-01
UB9,789,887,1676,6131,5555,11686,2021-10-01
UB10,2422,2791,5213,13926,12080,26006,2021-10-01
UB11,1,1,2,11,3,14,2021-10-01
UNKNOWNNA,1831,1435,3266,20198,13610,33808,2021-10-01
W1,39,29,68,49,32,81,2021-10-01
W1,104,31,135,93,39,132,2021-10-01
W1,70,74,144,311,173,484,2021-10-01
W1,17,9,26,21,7,28,2021-10-01
W1,221,119,340,382,148,530,2021-10-01
W1,2,0,2,2,1,3,2021-10-01
W1,191,160,351,540,258,798,2021-10-01
W1,251,253,504,1011,753,1764,2021-10-01
W1,930,827,1757,2289,1471,3760,2021-10-01
W1,204,171,375,693,418,1111,2021-10-01
W1,407,423,830,1058,646,1704,2021-10-01
W1,67,51,118,69,55,124,2021-10-01
W1,53,64,117,92,52,144,2021-10-01
W1,0,1,1,0,0,0,2021-10-01
W1,65,65,130,86,36,122,2021-10-01
W1,60,14,74,47,6,53,2021-10-01
W1,50,40,90,141,60,201,2021-10-01
W1,516,366,882,1115,559,1674,2021-10-01
W1,556,581,1137,1766,1169,2935,2021-10-01
W1,87,60,147,98,45,143,2021-10-01
W1,459,499,958,1131,687,1818,2021-10-01
W1,53,20,73,83,41,124,2021-10-01
W1,60,54,114,102,57,159,2021-10-01
W2,7836,7183,15019,16849,10909,27758,2021-10-01
W2,1,0,1,0,0,0,2021-10-01
W3,7867,7629,15496,21805,15386,37191,2021-10-01
W4,3998,4570,8568,17466,15210,32676,2021-10-01
W5,5193,5390,10583,21210,17069,38279,2021-10-01
W6,4359,4332,8691,11531,9149,20680,2021-10-01
W7,3486,3716,7202,10005,8187,18192,2021-10-01
W8,2297,2738,5035,8068,6905,14973,2021-10-01
W9,4863,5307,10170,12488,9264,21752,2021-10-01
W10,4929,5584,10513,9156,6971,16127,2021-10-01
W11,4017,4504,8521,9973,8134,18107,2021-10-01
W12,7514,7549,15063,14652,10492,25144,2021-10-01
W13,3709,3688,7397,12514,10001,22515,2021-10-01
W14,4913,5335,10248,12643,9824,22467,2021-10-01
W15,4,1,5,7,5,12,2021-10-01
W16,5,1,6,0,2,2,2021-10-01
W17,8,7,15,7,6,13,2021-10-01
W18,2,2,4,1,0,1,2021-10-01
W19,2,6,8,6,2,8,2021-10-01
W21,0,3,3,0,0,0,2021-10-01
W22,3,1,4,5,0,5,2021-10-01
W23,0,1,1,0,0,0,2021-10-01
W26,0,1,1,0,1,1,2021-10-01
W27,0,0,0,1,0,1,2021-10-01
W28,0,1,1,0,0,0,2021-10-01
W30,0,0,0,1,0,1,2021-10-01
W32,1,0,1,0,0,0,2021-10-01
W38,0,0,0,1,0,1,2021-10-01
W40,0,0,0,0,1,1,2021-10-01
W43,0,0,0,0,1,1,2021-10-01
WA1,1245,1329,2574,8327,7153,15480,2021-10-01
WA2,2916,3354,6270,13221,10871,24092,2021-10-01
WA3,2010,2508,4518,17926,16474,34400,2021-10-01
WA4,2021,2188,4209,18775,17501,36276,2021-10-01
WA5,2970,3582,6552,22742,20302,43044,2021-10-01
WA6,670,742,1412,7831,7508,15339,2021-10-01
WA7,4526,5581,10107,20790,17491,38281,2021-10-01
WA8,3802,4739,8541,21975,18571,40546,2021-10-01
WA9,3502,4505,8007,15955,12842,28797,2021-10-01
WA10,2386,2774,5160,13093,11017,24110,2021-10-01
WA11,1857,2435,4292,14311,12562,26873,2021-10-01
WA12,1362,1722,3084,8407,7235,15642,2021-10-01
WA13,378,467,845,5241,5137,10378,2021-10-01
WA14,1666,1697,3363,11511,10703,22214,2021-10-01
WA15,2060,2116,4176,16585,15586,32171,2021-10-01
WA16,908,919,1827,9656,9348,19004,2021-10-01
WC1,19,25,44,30,17,47,2021-10-01
WC1,106,103,209,288,133,421,2021-10-01
WC1,208,222,430,356,221,577,2021-10-01
WC1,247,252,499,463,295,758,2021-10-01
WC1,0,1,1,0,0,0,2021-10-01
WC1,1021,971,1992,1776,960,2736,2021-10-01
WC1,0,1,1,1,0,1,2021-10-01
WC1,855,809,1664,1824,1131,2955,2021-10-01
WC1,0,0,0,1,0,1,2021-10-01
WC1,1,0,1,0,0,0,2021-10-01
WC1,59,45,104,173,103,276,2021-10-01
WC1,1,0,1,0,0,0,2021-10-01
WC1,62,42,104,93,48,141,2021-10-01
WC1,1058,1014,2072,1887,1167,3054,2021-10-01
WC1,0,0,0,1,0,1,2021-10-01
WC1,2,1,3,0,0,0,2021-10-01
WC2,7,3,10,13,3,16,2021-10-01
WC2,21,19,40,101,59,160,2021-10-01
WC2,208,170,378,463,279,742,2021-10-01
WC2,80,63,143,225,122,347,2021-10-01
WC2,421,319,740,800,374,1174,2021-10-01
WC2,96,59,155,247,119,366,2021-10-01
WC2,45,39,84,145,84,229,2021-10-01
WC2,0,0,0,0,1,1,2021-10-01
WC2,0,0,0,0,1,1,2021-10-01
WC4,1,0,1,0,0,0,2021-10-01
WC12,1,0,1,0,0,0,2021-10-01
WC13,0,2,2,2,0,2,2021-10-01
WC14,3,1,4,0,1,1,2021-10-01
WC18,1,0,1,0,0,0,2021-10-01
WC19,1,1,2,0,0,0,2021-10-01
WC23,0,0,0,2,0,2,2021-10-01
WC24,2,0,2,5,1,6,2021-10-01
WC26,0,0,0,1,0,1,2021-10-01
WC28,1,0,1,0,2,2,2021-10-01
WC44,0,0,0,1,0,1,2021-10-01
WC78,1,0,1,0,0,0,2021-10-01
WD1,59,50,109,124,61,185,2021-10-01
WD2,98,70,168,194,81,275,2021-10-01
WD3,1931,2051,3982,16476,16128,32604,2021-10-01
WD4,412,409,821,4651,4461,9112,2021-10-01
WD5,542,563,1105,4354,4246,8600,2021-10-01
WD6,2938,3403,6341,15067,12807,27874,2021-10-01
WD7,552,614,1166,5300,5210,10510,2021-10-01
WD17,1354,1468,2822,6921,5669,12590,2021-10-01
WD18,2954,3390,6344,9121,6444,15565,2021-10-01
WD19,1861,2138,3999,10472,9435,19907,2021-10-01
WD22,0,0,0,0,1,1,2021-10-01
WD23,1412,1613,3025,10317,10209,20526,2021-10-01
WD24,1962,2177,4139,8535,6737,15272,2021-10-01
WD25,1808,2128,3936,10896,9904,20800,2021-10-01
WF0,0,0,0,1,0,1,2021-10-01
WF1,2881,3344,6225,12297,9158,21455,2021-10-01
WF2,3160,3954,7114,17443,14695,32138,2021-10-01
WF3,1409,1922,3331,12234,11241,23475,2021-10-01
WF4,1971,2424,4395,16264,14483,30747,2021-10-01
WF5,986,1240,2226,7510,6894,14404,2021-10-01
WF6,1255,1648,2903,7519,6090,13609,2021-10-01
WF7,1086,1583,2669,7621,6595,14216,2021-10-01
WF8,1794,2378,4172,12137,10506,22643,2021-10-01
WF9,2644,3500,6144,13212,10421,23633,2021-10-01
WF10,3090,4128,7218,16233,13141,29374,2021-10-01
WF11,1063,1396,2459,5741,4703,10444,2021-10-01
WF12,2286,3037,5323,11315,8863,20178,2021-10-01
WF13,2498,3105,5603,8004,5332,13336,2021-10-01
WF14,773,1026,1799,7288,6754,14042,2021-10-01
WF15,915,1155,2070,6002,5313,11315,2021-10-01
WF16,825,1045,1870,3937,2948,6885,2021-10-01
WF17,2959,4004,6963,13711,10332,24043,2021-10-01
WF21,0,0,0,1,0,1,2021-10-01
WN0,0,0,0,1,0,1,2021-10-01
WN1,1262,1326,2588,6751,5357,12108,2021-10-01
WN2,2785,3535,6320,17730,14899,32629,2021-10-01
WN3,1579,2029,3608,10670,8959,19629,2021-10-01
WN4,1300,1598,2898,10167,8890,19057,2021-10-01
WN5,2438,3018,5456,14717,12247,26964,2021-10-01
WN6,1769,2092,3861,15221,13806,29027,2021-10-01
WN7,3008,3695,6703,16211,13146,29357,2021-10-01
WN8,3451,4189,7640,15304,12587,27891,2021-10-01
WR0,0,0,0,1,0,1,2021-10-01
WR1,842,779,1621,3339,2478,5817,2021-10-01
WR2,1384,1504,2888,10993,10026,21019,2021-10-01
WR3,910,1024,1934,8160,7473,15633,2021-10-01
WR4,1753,2124,3877,8571,7280,15851,2021-10-01
WR5,1626,2064,3690,12479,11284,23763,2021-10-01
WR6,352,353,705,5611,5460,11071,2021-10-01
WR7,130,133,263,2440,2430,4870,2021-10-01
WR8,245,247,492,3525,3433,6958,2021-10-01
WR9,1417,1615,3032,12559,12055,24614,2021-10-01
WR10,563,772,1335,7850,7533,15383,2021-10-01
WR11,1961,2266,4227,17974,15913,33887,2021-10-01
WR12,179,211,390,2525,2505,5030,2021-10-01
WR13,235,232,467,3759,3719,7478,2021-10-01
WR14,1803,2128,3931,12428,11688,24116,2021-10-01
WR15,270,274,544,2969,2715,5684,2021-10-01
WS0,0,0,0,0,1,1,2021-10-01
WS1,2847,3282,6129,7703,4809,12512,2021-10-01
WS2,3725,4964,8689,11030,7284,18314,2021-10-01
WS3,3794,4842,8636,15577,12246,27823,2021-10-01
WS4,991,1143,2134,5994,5124,11118,2021-10-01
WS5,1183,1728,2911,7657,6527,14184,2021-10-01
WS6,638,781,1419,6488,5771,12259,2021-10-01
WS7,1095,1344,2439,11375,10218,21593,2021-10-01
WS8,917,1061,1978,5383,4652,10035,2021-10-01
WS9,1039,1262,2301,9742,8866,18608,2021-10-01
WS10,3792,4972,8764,14146,10453,24599,2021-10-01
WS11,2048,2603,4651,15368,13370,28738,2021-10-01
WS12,1377,1877,3254,13357,11899,25256,2021-10-01
WS13,1318,1529,2847,10218,9289,19507,2021-10-01
WS14,623,668,1291,6778,6567,13345,2021-10-01
WS15,1714,2076,3790,14181,12560,26741,2021-10-01
WV0,0,2,2,1,0,1,2021-10-01
WV1,2194,2132,4326,4391,2668,7059,2021-10-01
WV2,2458,2579,5037,4911,3228,8139,2021-10-01
WV3,2330,2579,4909,10014,8154,18168,2021-10-01
WV4,2119,2667,4786,12024,9979,22003,2021-10-01
WV5,479,578,1057,5972,5560,11532,2021-10-01
WV6,3000,3406,6406,15789,13499,29288,2021-10-01
WV7,393,283,676,2293,2095,4388,2021-10-01
WV8,789,1075,1864,5513,5121,10634,2021-10-01
WV9,314,396,710,2606,2336,4942,2021-10-01
WV10,5049,6488,11537,17026,13504,30530,2021-10-01
WV11,2206,2825,5031,11629,9265,20894,2021-10-01
WV12,1369,1830,3199,8641,7161,15802,2021-10-01
WV13,1733,2205,3938,6591,5034,11625,2021-10-01
WV14,3665,4676,8341,15074,11753,26827,2021-10-01
WV15,313,342,655,3469,3091,6560,2021-10-01
WV16,567,674,1241,6928,6359,13287,2021-10-01
YL55,0,0,0,0,1,1,2021-10-01
YO0,0,0,0,1,0,1,2021-10-01
YO1,430,399,829,1391,1097,2488,2021-10-01
YO1,0,0,0,1,0,1,2021-10-01
YO2,32,34,66,58,21,79,2021-10-01
YO3,34,27,61,73,47,120,2021-10-01
YO3,0,0,0,0,1,1,2021-10-01
YO4,11,10,21,85,64,149,2021-10-01
YO5,8,8,16,27,17,44,2021-10-01
YO6,18,27,45,100,53,153,2021-10-01
YO7,666,827,1493,8229,7673,15902,2021-10-01
YO8,1971,2594,4565,17578,15716,33294,2021-10-01
YO9,2,0,2,0,0,0,2021-10-01
YO10,1673,1983,3656,6884,5928,12812,2021-10-01
YO11,1583,1744,3327,7419,5969,13388,2021-10-01
YO12,2469,2885,5354,12867,11090,23957,2021-10-01
YO13,271,341,612,4192,4133,8325,2021-10-01
YO14,443,559,1002,4205,3799,8004,2021-10-01
YO15,798,850,1648,4650,3732,8382,2021-10-01
YO16,1265,1609,2874,8442,7051,15493,2021-10-01
YO17,912,1006,1918,8683,7900,16583,2021-10-01
YO18,360,466,826,4520,4264,8784,2021-10-01
YO19,419,509,928,5101,4839,9940,2021-10-01
YO20,0,0,0,0,2,2,2021-10-01
YO21,583,635,1218,5266,4828,10094,2021-10-01
YO22,402,450,852,3180,2870,6050,2021-10-01
YO23,879,1029,1908,7014,6887,13901,2021-10-01
YO24,1816,2320,4136,9812,9026,18838,2021-10-01
YO25,1121,1379,2500,13381,12417,25798,2021-10-01
YO26,1564,1907,3471,10784,9925,20709,2021-10-01
YO29,0,0,0,1,0,1,2021-10-01
YO30,1561,1835,3396,8823,7948,16771,2021-10-01
YO31,1714,2073,3787,8540,7542,16082,2021-10-01
YO32,1049,1313,2362,10368,10088,20456,2021-10-01
YO34,1,0,1,1,0,1,2021-10-01
YO35,0,0,0,0,1,1,2021-10-01
YO41,271,352,623,4499,4376,8875,2021-10-01
YO42,499,640,1139,6261,6045,12306,2021-10-01
YO43,388,455,843,5089,4821,9910,2021-10-01
YO45,0,0,0,0,1,1,2021-10-01
YO51,163,208,371,2587,2529,5116,2021-10-01
YO60,112,127,239,1944,1915,3859,2021-10-01
YO61,386,508,894,5814,5746,11560,2021-10-01
YO62,413,423,836,4744,4585,9329,2021-10-01
YO69,0,0,0,1,0,1,2021-10-01
ZE0,0,0,0,0,1,1,2021-10-01
ZE1,443,534,977,2726,2311,5037,2021-10-01
ZE2,595,756,1351,5466,4886,10352,2021-10-01
ZE3,21,23,44,162,142,304,2021-10-01
TotalNA,4289229,4837014,9126243,21957511,18977873,40935384,2021-10-01
AA78,0,0,0,0,1,1,2020-09-01
AB1,69,76,145,184,124,308,2020-09-01
AB2,24,32,56,99,53,152,2020-09-01
AB3,6,9,15,32,37,69,2020-09-01
AB4,3,3,6,27,22,49,2020-09-01
AB5,1,3,4,12,16,28,2020-09-01
AB9,29,18,47,64,11,75,2020-09-01
AB10,1568,1599,3167,7366,6001,13367,2020-09-01
AB11,1945,2035,3980,6320,4341,10661,2020-09-01
AB12,1224,1556,2780,10461,9411,19872,2020-09-01
AB13,114,126,240,1428,1420,2848,2020-09-01
AB14,216,263,479,1943,1798,3741,2020-09-01
AB15,1489,1938,3427,15580,14690,30270,2020-09-01
AB16,2290,2910,5200,8157,6312,14469,2020-09-01
AB18,0,0,0,0,1,1,2020-09-01
AB21,930,1123,2053,9265,8259,17524,2020-09-01
AB22,595,759,1354,6175,5706,11881,2020-09-01
AB23,446,478,924,4726,4351,9077,2020-09-01
AB24,3172,3200,6372,9214,5844,15058,2020-09-01
AB25,1539,1452,2991,5076,3709,8785,2020-09-01
AB28,0,0,0,1,0,1,2020-09-01
AB29,0,1,1,0,0,0,2020-09-01
AB30,211,249,460,2977,2758,5735,2020-09-01
AB31,465,519,984,6411,6094,12505,2020-09-01
AB32,457,545,1002,5603,5412,11015,2020-09-01
AB33,132,172,304,2332,2108,4440,2020-09-01
AB34,169,203,372,2182,2104,4286,2020-09-01
AB35,99,108,207,991,901,1892,2020-09-01
AB36,20,21,41,228,212,440,2020-09-01
AB37,38,47,85,532,450,982,2020-09-01
AB38,126,181,307,1708,1538,3246,2020-09-01
AB39,682,767,1449,6756,6450,13206,2020-09-01
AB41,590,840,1430,8438,8028,16466,2020-09-01
AB42,1553,1796,3349,12359,10928,23287,2020-09-01
AB43,1076,1279,2355,8145,7217,15362,2020-09-01
AB44,186,235,421,1339,1188,2527,2020-09-01
AB45,433,512,945,4049,3676,7725,2020-09-01
AB51,1063,1293,2356,14051,13224,27275,2020-09-01
AB52,135,182,317,2080,1918,3998,2020-09-01
AB53,345,434,779,4751,4189,8940,2020-09-01
AB54,387,508,895,4210,3760,7970,2020-09-01
AB55,286,435,721,3411,2960,6371,2020-09-01
AB56,657,734,1391,5117,4701,9818,2020-09-01
AL1,2110,2276,4386,14190,12732,26922,2020-09-01
AL2,972,1126,2098,9595,9063,18658,2020-09-01
AL3,1256,1432,2688,11020,10630,21650,2020-09-01
AL4,1058,1244,2302,10709,10496,21205,2020-09-01
AL5,1232,1303,2535,12217,11920,24137,2020-09-01
AL6,390,395,785,5153,5073,10226,2020-09-01
AL7,2133,2529,4662,12315,11127,23442,2020-09-01
AL8,590,726,1316,4985,4795,9780,2020-09-01
AL9,471,522,993,4879,4540,9419,2020-09-01
AL10,3902,3225,7127,11532,8104,19636,2020-09-01
B0,2,0,2,0,0,0,2020-09-01
B1,998,867,1865,2241,1275,3516,2020-09-01
B2,81,62,143,102,54,156,2020-09-01
B3,207,197,404,674,438,1112,2020-09-01
B4,301,168,469,306,109,415,2020-09-01
B5,1363,1480,2843,3066,1854,4920,2020-09-01
B5,0,0,0,1,1,2,2020-09-01
B6,2824,3099,5923,4749,2430,7179,2020-09-01
B7,1102,1471,2573,1840,1106,2946,2020-09-01
B8,5179,5940,11119,10463,5781,16244,2020-09-01
B9,2950,3672,6622,6020,3423,9443,2020-09-01
B10,3408,3822,7230,6440,3351,9791,2020-09-01
B11,5773,6337,12110,11526,6351,17877,2020-09-01
B12,2868,2899,5767,4685,2440,7125,2020-09-01
B13,3040,3651,6691,12363,9620,21983,2020-09-01
B14,3267,4045,7312,13034,10872,23906,2020-09-01
B15,1660,1723,3383,5062,3869,8931,2020-09-01
B16,2997,3100,6097,6415,3963,10378,2020-09-01
B17,1906,2189,4095,8461,7114,15575,2020-09-01
B18,2183,2669,4852,3735,2347,6082,2020-09-01
B19,3290,3612,6902,4674,2468,7142,2020-09-01
B20,4057,4544,8601,10341,7194,17535,2020-09-01
B21,5082,5072,10154,7418,4193,11611,2020-09-01
B23,4223,5193,9416,12944,9773,22717,2020-09-01
B24,2327,2830,5157,8949,6906,15855,2020-09-01
B25,1555,1997,3552,4787,3261,8048,2020-09-01
B26,2131,2661,4792,11267,8894,20161,2020-09-01
B27,2276,2698,4974,7656,5544,13200,2020-09-01
B28,1872,2402,4274,10952,8999,19951,2020-09-01
B29,3365,3884,7249,9491,7573,17064,2020-09-01
B30,1982,2367,4349,8964,8162,17126,2020-09-01
B31,4323,5587,9910,17072,14388,31460,2020-09-01
B32,3002,4283,7285,11284,9129,20413,2020-09-01
B33,3087,4115,7202,9958,7307,17265,2020-09-01
B34,1406,1883,3289,5913,4671,10584,2020-09-01
B35,875,1175,2050,2391,2055,4446,2020-09-01
B36,2494,3374,5868,11453,9300,20753,2020-09-01
B37,2987,3809,6796,10555,8602,19157,2020-09-01
B38,1636,2086,3722,5996,5144,11140,2020-09-01
B41,1,0,1,1,0,1,2020-09-01
B42,1721,2067,3788,7865,6581,14446,2020-09-01
B43,1474,1912,3386,10533,9106,19639,2020-09-01
B44,2899,3872,6771,10818,8578,19396,2020-09-01
B45,1964,2530,4494,10589,9210,19799,2020-09-01
B46,441,471,912,5072,4700,9772,2020-09-01
B47,268,304,572,3960,3918,7878,2020-09-01
B48,199,177,376,2341,2218,4559,2020-09-01
B49,334,440,774,4156,3949,8105,2020-09-01
B50,200,226,426,2587,2433,5020,2020-09-01
B60,987,1115,2102,10412,9798,20210,2020-09-01
B61,1086,1292,2378,9351,8740,18091,2020-09-01
B62,1059,1291,2350,9067,8107,17174,2020-09-01
B63,1781,2288,4069,12592,10898,23490,2020-09-01
B64,1056,1413,2469,5477,4402,9879,2020-09-01
B65,1566,2142,3708,7632,6033,13665,2020-09-01
B66,3261,3547,6808,5909,3529,9438,2020-09-01
B67,3230,3756,6986,8879,6175,15054,2020-09-01
B68,2373,3076,5449,10163,7925,18088,2020-09-01
B69,2182,2910,5092,9033,6869,15902,2020-09-01
B70,3078,3737,6815,8458,5242,13700,2020-09-01
B71,2437,3107,5544,9485,7086,16571,2020-09-01
B72,435,432,867,3810,3380,7190,2020-09-01
B73,987,1100,2087,8805,8070,16875,2020-09-01
B74,933,1126,2059,12870,12112,24982,2020-09-01
B75,1167,1453,2620,9791,9362,19153,2020-09-01
B76,990,921,1911,9107,7948,17055,2020-09-01
B77,2858,4006,6864,20026,17024,37050,2020-09-01
B78,1018,1221,2239,9190,8113,17303,2020-09-01
B79,1059,1315,2374,8526,7277,15803,2020-09-01
B80,257,278,535,2777,2596,5373,2020-09-01
B85,0,0,0,1,0,1,2020-09-01
B90,1839,2114,3953,18160,17028,35188,2020-09-01
B91,1313,1457,2770,13455,12716,26171,2020-09-01
B92,1771,2074,3845,13828,12254,26082,2020-09-01
B93,565,621,1186,7873,7786,15659,2020-09-01
B94,154,190,344,3301,3150,6451,2020-09-01
B95,195,203,398,2559,2496,5055,2020-09-01
B96,106,149,255,2226,2117,4343,2020-09-01
B97,1389,1667,3056,12318,10942,23260,2020-09-01
B98,2984,3877,6861,17236,14175,31411,2020-09-01
BA0,0,0,0,1,1,2,2020-09-01
BA1,2534,2896,5430,13950,12637,26587,2020-09-01
BA2,4207,4576,8783,23758,21674,45432,2020-09-01
BA3,1445,1458,2903,13893,12924,26817,2020-09-01
BA4,655,781,1436,7187,6575,13762,2020-09-01
BA5,748,785,1533,7121,6929,14050,2020-09-01
BA6,677,673,1350,5174,5101,10275,2020-09-01
BA7,118,150,268,1396,1455,2851,2020-09-01
BA8,140,171,311,1739,1642,3381,2020-09-01
BA9,265,342,607,3194,2944,6138,2020-09-01
BA10,155,190,345,1286,1302,2588,2020-09-01
BA11,1443,1766,3209,12466,11925,24391,2020-09-01
BA12,1188,1452,2640,11238,10312,21550,2020-09-01
BA13,855,984,1839,7767,7281,15048,2020-09-01
BA14,2478,2687,5165,18254,16819,35073,2020-09-01
BA15,504,597,1101,5143,5201,10344,2020-09-01
BA16,635,674,1309,4809,4455,9264,2020-09-01
BA20,524,587,1111,4284,3636,7920,2020-09-01
BA21,1761,2224,3985,12316,10598,22914,2020-09-01
BA22,492,543,1035,7381,6982,14363,2020-09-01
BB0,0,0,0,0,1,1,2020-09-01
BB1,4573,6086,10659,21297,15594,36891,2020-09-01
BB2,4015,4903,8918,19141,15089,34230,2020-09-01
BB3,1951,2426,4377,11527,9698,21225,2020-09-01
BB4,1941,2486,4427,14995,13458,28453,2020-09-01
BB5,3875,4766,8641,19807,16183,35990,2020-09-01
BB6,704,816,1520,5359,4753,10112,2020-09-01
BB7,1160,1248,2408,13351,12769,26120,2020-09-01
BB8,1179,1385,2564,8053,7165,15218,2020-09-01
BB9,2935,3571,6506,14529,10925,25454,2020-09-01
BB10,2324,2811,5135,12630,10074,22704,2020-09-01
BB11,1656,2056,3712,7185,5636,12821,2020-09-01
BB12,1826,2140,3966,12330,10625,22955,2020-09-01
BB18,666,844,1510,6298,5557,11855,2020-09-01
BD0,0,0,0,1,0,1,2020-09-01
BD1,677,441,1118,978,413,1391,2020-09-01
BD2,1958,2524,4482,9611,7804,17415,2020-09-01
BD3,3565,4084,7649,8131,4637,12768,2020-09-01
BD4,2476,3313,5789,8311,6374,14685,2020-09-01
BD5,3016,3573,6589,7326,4157,11483,2020-09-01
BD6,1950,2634,4584,9241,7604,16845,2020-09-01
BD7,3641,3732,7373,9235,5598,14833,2020-09-01
BD8,2981,3561,6542,8081,4775,12856,2020-09-01
BD9,2180,2976,5156,8260,5849,14109,2020-09-01
BD10,1473,1906,3379,8845,7925,16770,2020-09-01
BD11,429,553,982,4068,3880,7948,2020-09-01
BD12,875,1184,2059,5773,4944,10717,2020-09-01
BD13,1205,1433,2638,9481,8632,18113,2020-09-01
BD14,435,599,1034,2769,2399,5168,2020-09-01
BD15,925,1232,2157,5388,4583,9971,2020-09-01
BD16,1090,1265,2355,9321,8613,17934,2020-09-01
BD17,738,848,1586,6766,6191,12957,2020-09-01
BD18,1763,2236,3999,8611,7063,15674,2020-09-01
BD19,988,1179,2167,7983,7196,15179,2020-09-01
BD20,1297,1633,2930,13915,12937,26852,2020-09-01
BD21,1953,2624,4577,7202,5097,12299,2020-09-01
BD22,1463,1898,3361,10439,9302,19741,2020-09-01
BD23,1097,1246,2343,11536,10832,22368,2020-09-01
BD24,188,234,422,2088,1934,4022,2020-09-01
BD25,0,0,0,1,0,1,2020-09-01
BD99,0,0,0,0,1,1,2020-09-01
BH0,0,0,0,0,1,1,2020-09-01
BH1,2158,2011,4169,7073,4732,11805,2020-09-01
BH2,916,748,1664,3317,2152,5469,2020-09-01
BH2,0,0,0,1,0,1,2020-09-01
BH3,317,336,653,2151,1820,3971,2020-09-01
BH4,514,527,1041,3758,3187,6945,2020-09-01
BH5,760,754,1514,3913,3090,7003,2020-09-01
BH6,1035,1149,2184,8496,8318,16814,2020-09-01
BH7,710,746,1456,4240,3875,8115,2020-09-01
BH8,2021,2050,4071,9723,8173,17896,2020-09-01
BH9,1735,1796,3531,10109,9228,19337,2020-09-01
BH10,875,1020,1895,7378,6859,14237,2020-09-01
BH11,1091,1298,2389,7093,6446,13539,2020-09-01
BH12,1934,2190,4124,12631,11164,23795,2020-09-01
BH13,159,229,388,3383,3213,6596,2020-09-01
BH14,1043,1034,2077,9539,8905,18444,2020-09-01
BH15,1705,1865,3570,12449,11133,23582,2020-09-01
BH16,611,804,1415,6028,5812,11840,2020-09-01
BH17,912,1202,2114,8463,8006,16469,2020-09-01
BH18,285,255,540,5018,4835,9853,2020-09-01
BH19,466,570,1036,4320,3923,8243,2020-09-01
BH20,1021,839,1860,8526,7411,15937,2020-09-01
BH21,1049,1215,2264,16581,16625,33206,2020-09-01
BH22,702,698,1400,11231,10743,21974,2020-09-01
BH23,1986,2072,4058,20851,20410,41261,2020-09-01
BH24,771,736,1507,9913,9708,19621,2020-09-01
BH25,870,968,1838,9717,9594,19311,2020-09-01
BH31,322,315,637,5326,5376,10702,2020-09-01
BL0,686,809,1495,6454,6268,12722,2020-09-01
BL1,4539,5097,9636,21427,16702,38129,2020-09-01
BL2,2950,3493,6443,15225,12964,28189,2020-09-01
BL3,5162,6045,11207,20662,14561,35223,2020-09-01
BL4,2382,3079,5461,10690,8306,18996,2020-09-01
BL5,1146,1269,2415,10107,9336,19443,2020-09-01
BL6,1382,1575,2957,11416,10457,21873,2020-09-01
BL7,420,488,908,6177,5960,12137,2020-09-01
BL8,1532,1820,3352,13440,12354,25794,2020-09-01
BL9,3543,4217,7760,16457,13221,29678,2020-09-01
BN1,7178,6911,14089,25975,21720,47695,2020-09-01
BN2,7978,8447,16425,27451,22130,49581,2020-09-01
BN3,6349,6471,12820,27838,23958,51796,2020-09-01
BN4,2,1,3,12,7,19,2020-09-01
BN5,214,270,484,3212,3210,6422,2020-09-01
BN6,697,733,1430,7044,7118,14162,2020-09-01
BN7,1308,1534,2842,6862,6719,13581,2020-09-01
BN8,569,595,1164,6392,6337,12729,2020-09-01
BN9,869,1118,1987,4530,3899,8429,2020-09-01
BN10,1061,1219,2280,7018,6227,13245,2020-09-01
BN11,2221,2407,4628,10978,9431,20409,2020-09-01
BN12,873,1008,1881,8241,8023,16264,2020-09-01
BN13,1298,1426,2724,10793,10315,21108,2020-09-01
BN14,1570,1714,3284,11262,10702,21964,2020-09-01
BN15,1369,1593,2962,10012,8962,18974,2020-09-01
BN16,941,1057,1998,11020,11155,22175,2020-09-01
BN17,1700,2081,3781,11055,9821,20876,2020-09-01
BN18,568,530,1098,5354,5143,10497,2020-09-01
BN20,878,1069,1947,7746,7618,15364,2020-09-01
BN21,1748,1879,3627,8379,6957,15336,2020-09-01
BN22,2096,2573,4669,10815,9738,20553,2020-09-01
BN23,1382,1748,3130,10129,9091,19220,2020-09-01
BN24,313,355,668,3995,3887,7882,2020-09-01
BN25,1005,1258,2263,8844,8394,17238,2020-09-01
BN26,460,526,986,4766,4563,9329,2020-09-01
BN27,1183,1394,2577,11385,11011,22396,2020-09-01
BN32,1,0,1,0,0,0,2020-09-01
BN40,0,0,0,1,0,1,2020-09-01
BN41,1555,1726,3281,6709,6289,12998,2020-09-01
BN42,583,680,1263,3644,3277,6921,2020-09-01
BN43,1279,1328,2607,8398,7948,16346,2020-09-01
BN44,341,397,738,4011,4001,8012,2020-09-01
BN45,27,20,47,265,255,520,2020-09-01
BR0,0,0,0,1,0,1,2020-09-01
BR1,4637,5534,10171,19958,17893,37851,2020-09-01
BR2,2736,2954,5690,17520,16537,34057,2020-09-01
BR3,2855,3362,6217,18132,16858,34990,2020-09-01
BR4,1011,909,1920,7504,7228,14732,2020-09-01
BR5,3075,3905,6980,15799,14627,30426,2020-09-01
BR6,2239,2551,4790,17864,17060,34924,2020-09-01
BR7,746,908,1654,7109,6815,13924,2020-09-01
BR8,1142,1462,2604,8382,7578,15960,2020-09-01
BS0,0,0,0,1,0,1,2020-09-01
BS1,1157,1010,2167,3730,2198,5928,2020-09-01
BS2,1913,1995,3908,4714,3158,7872,2020-09-01
BS3,2591,2891,5482,12896,10865,23761,2020-09-01
BS4,3336,4206,7542,16635,13735,30370,2020-09-01
BS5,5287,5572,10859,17493,13151,30644,2020-09-01
BS6,2144,2266,4410,10610,9557,20167,2020-09-01
BS7,2915,3082,5997,13683,11243,24926,2020-09-01
BS8,1533,1555,3088,8360,7259,15619,2020-09-01
BS9,1352,1379,2731,11974,11285,23259,2020-09-01
BS10,1986,2629,4615,9560,7948,17508,2020-09-01
BS11,1330,1598,2928,6056,4806,10862,2020-09-01
BS12,18,12,30,103,49,152,2020-09-01
BS13,2107,2849,4956,9440,7665,17105,2020-09-01
BS14,1419,1623,3042,10591,9561,20152,2020-09-01
BS15,2145,2489,4634,17714,15745,33459,2020-09-01
BS16,4105,4469,8574,28949,25882,54831,2020-09-01
BS17,16,17,33,86,60,146,2020-09-01
BS18,15,14,29,75,58,133,2020-09-01
BS19,4,6,10,43,34,77,2020-09-01
BS20,1003,1195,2198,12543,11787,24330,2020-09-01
BS21,790,1017,1807,9039,8653,17692,2020-09-01
BS22,1491,1885,3376,14277,12946,27223,2020-09-01
BS23,2365,2704,5069,11860,9332,21192,2020-09-01
BS24,779,1015,1794,8728,8159,16887,2020-09-01
BS25,178,171,349,2648,2505,5153,2020-09-01
BS26,147,160,307,2033,2002,4035,2020-09-01
BS27,230,240,470,2937,2874,5811,2020-09-01
BS28,83,77,160,1437,1397,2834,2020-09-01
BS29,83,98,181,1142,1029,2171,2020-09-01
BS30,927,1099,2026,11531,10985,22516,2020-09-01
BS31,789,964,1753,8349,7866,16215,2020-09-01
BS32,1081,1143,2224,9310,8419,17729,2020-09-01
BS34,1778,2018,3796,12276,10426,22702,2020-09-01
BS35,780,871,1651,9465,8785,18250,2020-09-01
BS36,505,503,1008,6461,6241,12702,2020-09-01
BS37,1471,1824,3295,15226,13949,29175,2020-09-01
BS38,0,0,0,1,0,1,2020-09-01
BS39,464,527,991,6606,6250,12856,2020-09-01
BS40,309,330,639,5501,5416,10917,2020-09-01
BS41,173,214,387,2409,2312,4721,2020-09-01
BS45,0,0,0,1,1,2,2020-09-01
BS48,769,870,1639,9185,8868,18053,2020-09-01
BS49,402,436,838,4677,4585,9262,2020-09-01
BS53,0,0,0,1,0,1,2020-09-01
BS57,0,0,0,1,0,1,2020-09-01
BS67,0,0,0,0,1,1,2020-09-01
BS94,0,1,1,0,0,0,2020-09-01
BS99,1,0,1,0,0,0,2020-09-01
CA0,0,0,0,1,1,2,2020-09-01
CA1,1518,1856,3374,7565,6047,13612,2020-09-01
CA2,2094,2803,4897,12885,10655,23540,2020-09-01
CA3,512,594,1106,5224,4719,9943,2020-09-01
CA4,187,259,446,3950,3847,7797,2020-09-01
CA5,203,206,409,2969,2885,5854,2020-09-01
CA6,283,338,621,3789,3350,7139,2020-09-01
CA7,712,916,1628,8687,7997,16684,2020-09-01
CA8,300,424,724,4090,3769,7859,2020-09-01
CA9,69,108,177,855,760,1615,2020-09-01
CA10,363,444,807,5926,5529,11455,2020-09-01
CA11,870,1076,1946,8261,7520,15781,2020-09-01
CA12,321,351,672,3002,2699,5701,2020-09-01
CA13,487,629,1116,5982,5613,11595,2020-09-01
CA14,1632,2218,3850,12384,10424,22808,2020-09-01
CA15,725,978,1703,5551,4673,10224,2020-09-01
CA16,145,174,319,2540,2391,4931,2020-09-01
CA17,132,174,306,1993,1760,3753,2020-09-01
CA18,10,4,14,119,115,234,2020-09-01
CA19,24,28,52,450,427,877,2020-09-01
CA20,82,97,179,1342,1185,2527,2020-09-01
CA21,23,19,42,311,283,594,2020-09-01
CA22,452,568,1020,3123,2597,5720,2020-09-01
CA23,55,67,122,566,479,1045,2020-09-01
CA24,30,57,87,401,316,717,2020-09-01
CA25,303,417,720,1889,1603,3492,2020-09-01
CA26,145,207,352,1309,1151,2460,2020-09-01
CA27,45,66,111,653,561,1214,2020-09-01
CA28,1453,1753,3206,9635,7947,17582,2020-09-01
CB1,4003,4179,8182,16123,13786,29909,2020-09-01
CB2,1634,1746,3380,7536,6624,14160,2020-09-01
CB3,1172,1353,2525,6367,5747,12114,2020-09-01
CB4,3862,4131,7993,15872,13100,28972,2020-09-01
CB5,1127,1243,2370,4824,4009,8833,2020-09-01
CB6,1384,1678,3062,14568,13340,27908,2020-09-01
CB7,1138,1283,2421,10272,9389,19661,2020-09-01
CB8,1580,1693,3273,12365,11222,23587,2020-09-01
CB9,1622,2149,3771,11359,9786,21145,2020-09-01
CB10,559,681,1240,5772,5443,11215,2020-09-01
CB11,710,795,1505,7244,6875,14119,2020-09-01
CB12,0,0,0,1,1,2,2020-09-01
CB19,0,0,0,1,0,1,2020-09-01
CB21,461,498,959,5335,4990,10325,2020-09-01
CB22,784,789,1573,8240,7637,15877,2020-09-01
CB23,1148,1342,2490,11524,10905,22429,2020-09-01
CB24,1124,1218,2342,11715,10760,22475,2020-09-01
CB25,524,541,1065,6116,5692,11808,2020-09-01
CF0,1,0,1,0,0,0,2020-09-01
CF1,85,68,153,144,52,196,2020-09-01
CF2,47,43,90,124,45,169,2020-09-01
CF3,2796,3571,6367,13730,12579,26309,2020-09-01
CF4,46,37,83,144,106,250,2020-09-01
CF5,4132,4962,9094,21079,19286,40365,2020-09-01
CF6,84,74,158,130,63,193,2020-09-01
CF7,13,8,21,60,47,107,2020-09-01
CF8,52,42,94,139,103,242,2020-09-01
CF9,0,0,0,1,0,1,2020-09-01
CF10,1529,1302,2831,4123,2474,6597,2020-09-01
CF11,3598,3434,7032,11384,8109,19493,2020-09-01
CF14,3340,3686,7026,26104,24730,50834,2020-09-01
CF15,589,692,1281,6956,6919,13875,2020-09-01
CF16,0,0,0,0,1,1,2020-09-01
CF18,0,1,1,0,0,0,2020-09-01
CF23,2485,2950,5435,15695,14814,30509,2020-09-01
CF24,5512,4800,10312,11966,8298,20264,2020-09-01
CF31,2011,2433,4444,15834,14498,30332,2020-09-01
CF32,1445,1838,3283,10739,9306,20045,2020-09-01
CF33,790,1017,1807,4936,4268,9204,2020-09-01
CF34,1056,1397,2453,6641,5332,11973,2020-09-01
CF35,509,612,1121,7132,6653,13785,2020-09-01
CF36,547,674,1221,6120,5726,11846,2020-09-01
CF37,2329,2535,4864,12171,9844,22015,2020-09-01
CF38,770,1009,1779,8659,8189,16848,2020-09-01
CF39,1432,2014,3446,9597,7938,17535,2020-09-01
CF40,1086,1498,2584,6484,5173,11657,2020-09-01
CF41,529,728,1257,3514,2735,6249,2020-09-01
CF42,722,954,1676,4241,3401,7642,2020-09-01
CF43,717,1012,1729,3691,2737,6428,2020-09-01
CF44,2048,2819,4867,13466,11037,24503,2020-09-01
CF45,1220,1539,2759,6072,4776,10848,2020-09-01
CF46,632,872,1504,5118,4522,9640,2020-09-01
CF47,1365,1918,3283,6695,5126,11821,2020-09-01
CF48,1439,1902,3341,8910,7399,16309,2020-09-01
CF61,496,582,1078,3675,3491,7166,2020-09-01
CF62,2077,2480,4557,14719,14039,28758,2020-09-01
CF63,1492,1729,3221,6553,5854,12407,2020-09-01
CF64,1604,1789,3393,13462,13046,26508,2020-09-01
CF71,222,235,457,3902,3872,7774,2020-09-01
CF72,897,1113,2010,9965,9554,19519,2020-09-01
CF81,990,1330,2320,5135,3896,9031,2020-09-01
CF82,979,1221,2200,6949,6053,13002,2020-09-01
CF83,2811,3507,6318,17926,15979,33905,2020-09-01
CH1,2253,2480,4733,9419,7576,16995,2020-09-01
CH2,1670,2018,3688,12564,11243,23807,2020-09-01
CH3,1262,1395,2657,13981,13295,27276,2020-09-01
CH4,1623,2048,3671,12351,11416,23767,2020-09-01
CH5,2223,2684,4907,14968,12821,27789,2020-09-01
CH6,940,1232,2172,5821,4959,10780,2020-09-01
CH6,0,0,0,1,0,1,2020-09-01
CH7,1777,2301,4078,18933,17831,36764,2020-09-01
CH8,944,1227,2171,7650,6684,14334,2020-09-01
CH9,1,0,1,1,0,1,2020-09-01
CH14,0,0,0,1,0,1,2020-09-01
CH24,0,0,0,1,0,1,2020-09-01
CH41,1866,2136,4002,4571,3285,7856,2020-09-01
CH42,2693,3077,5770,8645,7071,15716,2020-09-01
CH43,2252,2447,4699,12743,11314,24057,2020-09-01
CH44,2448,2826,5274,8224,6582,14806,2020-09-01
CH45,1780,1977,3757,10475,9539,20014,2020-09-01
CH46,1559,1862,3421,8242,7312,15554,2020-09-01
CH47,438,511,949,4097,3994,8091,2020-09-01
CH48,604,625,1229,5755,5714,11469,2020-09-01
CH49,1471,1828,3299,10050,9602,19652,2020-09-01
CH60,349,323,672,5303,5313,10616,2020-09-01
CH61,587,669,1256,6535,6376,12911,2020-09-01
CH62,1643,1904,3547,10093,9169,19262,2020-09-01
CH63,1214,1401,2615,10809,10473,21282,2020-09-01
CH64,628,705,1333,7533,7203,14736,2020-09-01
CH65,2016,2453,4469,9003,7521,16524,2020-09-01
CH66,1526,1860,3386,13064,12084,25148,2020-09-01
CM0,622,766,1388,6922,6187,13109,2020-09-01
CM1,3415,3885,7300,24126,21660,45786,2020-09-01
CM2,2634,3095,5729,22680,20454,43134,2020-09-01
CM3,1696,2015,3711,22420,21312,43732,2020-09-01
CM4,347,372,719,4354,4273,8627,2020-09-01
CM5,354,394,748,4577,4373,8950,2020-09-01
CM6,785,907,1692,11404,11022,22426,2020-09-01
CM7,2316,2878,5194,18187,15860,34047,2020-09-01
CM8,1612,2052,3664,12017,10787,22804,2020-09-01
CM9,1250,1550,2800,13492,12459,25951,2020-09-01
CM11,695,803,1498,7882,7375,15257,2020-09-01
CM12,752,741,1493,8144,7826,15970,2020-09-01
CM13,982,1138,2120,10033,9296,19329,2020-09-01
CM14,1010,1246,2256,7943,7188,15131,2020-09-01
CM15,839,979,1818,9340,9090,18430,2020-09-01
CM16,877,971,1848,9178,8657,17835,2020-09-01
CM17,961,1238,2199,9077,8493,17570,2020-09-01
CM18,1843,2234,4077,8686,7043,15729,2020-09-01
CM19,1498,1730,3228,7750,6151,13901,2020-09-01
CM20,2023,2376,4399,8146,6213,14359,2020-09-01
CM21,379,436,815,4623,4238,8861,2020-09-01
CM22,491,533,1024,6485,6072,12557,2020-09-01
CM23,1901,2137,4038,15931,14676,30607,2020-09-01
CM24,297,354,651,3186,2987,6173,2020-09-01
CM77,460,612,1072,6033,5848,11881,2020-09-01
CO0,1,1,2,0,0,0,2020-09-01
CO1,1399,1580,2979,5446,4208,9654,2020-09-01
CO1,0,0,0,0,1,1,2020-09-01
CO2,2294,2898,5192,12919,10977,23896,2020-09-01
CO3,1491,1614,3105,11680,10765,22445,2020-09-01
CO4,3106,3652,6758,16981,14457,31438,2020-09-01
CO5,880,1050,1930,11570,10871,22441,2020-09-01
CO6,839,1025,1864,11396,10952,22348,2020-09-01
CO7,1256,1386,2642,13597,12637,26234,2020-09-01
CO8,76,75,151,956,925,1881,2020-09-01
CO9,948,1084,2032,10226,9404,19630,2020-09-01
CO10,1961,2290,4251,18449,17004,35453,2020-09-01
CO11,414,542,956,5269,5011,10280,2020-09-01
CO12,1109,1416,2525,8106,6852,14958,2020-09-01
CO13,395,492,887,4925,4596,9521,2020-09-01
CO14,270,371,641,2417,2029,4446,2020-09-01
CO15,2348,2794,5142,15114,12634,27748,2020-09-01
CO16,1141,1289,2430,9708,8679,18387,2020-09-01
CR0,18236,20336,38572,51279,40383,91662,2020-09-01
CR1,5,6,11,8,1,9,2020-09-01
CR2,3219,3686,6905,18060,16306,34366,2020-09-01
CR3,1357,1602,2959,11145,10708,21853,2020-09-01
CR4,8875,8689,17564,21070,14515,35585,2020-09-01
CR5,1478,1765,3243,11498,11001,22499,2020-09-01
CR6,389,425,814,3974,3811,7785,2020-09-01
CR7,7228,7124,14352,14535,10645,25180,2020-09-01
CR8,2013,2258,4271,12420,11487,23907,2020-09-01
CR9,56,40,96,59,21,80,2020-09-01
CT0,0,0,0,0,1,1,2020-09-01
CT1,2383,2574,4957,8087,6576,14663,2020-09-01
CT2,1909,2080,3989,8619,7484,16103,2020-09-01
CT3,856,1011,1867,7331,6845,14176,2020-09-01
CT4,638,684,1322,6888,6791,13679,2020-09-01
CT5,1419,1591,3010,12279,11804,24083,2020-09-01
CT6,1702,1939,3641,14492,13545,28037,2020-09-01
CT7,415,512,927,4557,4212,8769,2020-09-01
CT8,443,475,918,2637,2486,5123,2020-09-01
CT9,3469,3791,7260,13762,11521,25283,2020-09-01
CT10,1326,1438,2764,9003,8460,17463,2020-09-01
CT11,2293,2495,4788,9472,8098,17570,2020-09-01
CT12,1183,1399,2582,6302,5505,11807,2020-09-01
CT13,378,435,813,3385,3122,6507,2020-09-01
CT14,1694,2006,3700,12627,11359,23986,2020-09-01
CT15,477,622,1099,5339,4840,10179,2020-09-01
CT16,1347,1445,2792,6823,5495,12318,2020-09-01
CT17,1595,1788,3383,6593,5362,11955,2020-09-01
CT18,513,533,1046,5724,5405,11129,2020-09-01
CT19,1971,2306,4277,9147,7789,16936,2020-09-01
CT20,1543,1787,3330,8058,6227,14285,2020-09-01
CT21,656,733,1389,6627,6360,12987,2020-09-01
CV1,4890,3768,8658,7027,3028,10055,2020-09-01
CV2,5947,7327,13274,20491,15217,35708,2020-09-01
CV3,4651,5652,10303,23664,18740,42404,2020-09-01
CV4,2438,2827,5265,10218,8001,18219,2020-09-01
CV5,2467,2797,5264,17249,14800,32049,2020-09-01
CV6,8159,9719,17878,29100,21205,50305,2020-09-01
CV7,1161,1447,2608,11273,10330,21603,2020-09-01
CV8,1125,1239,2364,12372,11750,24122,2020-09-01
CV9,914,1154,2068,8354,7266,15620,2020-09-01
CV10,2636,3668,6304,18877,16066,34943,2020-09-01
CV11,2048,2500,4548,14656,12078,26734,2020-09-01
CV12,1507,2037,3544,11109,9498,20607,2020-09-01
CV13,274,328,602,4613,4299,8912,2020-09-01
CV18,0,0,0,0,1,1,2020-09-01
CV19,0,0,0,1,0,1,2020-09-01
CV21,2486,2981,5467,13889,10405,24294,2020-09-01
CV22,1634,1907,3541,14148,12594,26742,2020-09-01
CV23,722,836,1558,9861,9103,18964,2020-09-01
CV27,0,0,0,1,0,1,2020-09-01
CV31,2123,2331,4454,10634,8450,19084,2020-09-01
CV32,1589,1792,3381,11848,10294,22142,2020-09-01
CV33,231,257,488,3021,2922,5943,2020-09-01
CV34,1490,1802,3292,12351,11159,23510,2020-09-01
CV35,663,821,1484,10843,10585,21428,2020-09-01
CV36,290,348,638,4048,3867,7915,2020-09-01
CV37,1814,2142,3956,16870,16050,32920,2020-09-01
CV42,0,0,0,1,0,1,2020-09-01
CV47,593,700,1293,7520,7090,14610,2020-09-01
CW1,2632,3046,5678,13900,11601,25501,2020-09-01
CW2,2309,2434,4743,14840,12636,27476,2020-09-01
CW3,259,333,592,3747,3612,7359,2020-09-01
CW4,262,302,564,4178,4231,8409,2020-09-01
CW5,1035,1102,2137,11997,11496,23493,2020-09-01
CW6,296,372,668,5564,5471,11035,2020-09-01
CW7,1879,2304,4183,11374,9925,21299,2020-09-01
CW8,1300,1551,2851,15186,14403,29589,2020-09-01
CW9,1364,1505,2869,13261,11995,25256,2020-09-01
CW10,485,603,1088,6065,5670,11735,2020-09-01
CW11,832,882,1714,10074,9732,19806,2020-09-01
CW12,1111,1244,2355,12214,11454,23668,2020-09-01
DA0,1,1,2,0,0,0,2020-09-01
DA1,4104,5070,9174,20956,17501,38457,2020-09-01
DA2,1110,1402,2512,8589,7900,16489,2020-09-01
DA3,601,616,1217,6837,6643,13480,2020-09-01
DA4,352,385,737,3795,3531,7326,2020-09-01
DA5,902,977,1879,8025,7593,15618,2020-09-01
DA6,600,732,1332,3752,3294,7046,2020-09-01
DA7,1775,2142,3917,12797,11600,24397,2020-09-01
DA8,3270,4020,7290,10977,9195,20172,2020-09-01
DA9,748,885,1633,5222,4576,9798,2020-09-01
DA10,522,691,1213,3146,2590,5736,2020-09-01
DA11,2868,3345,6213,13502,10560,24062,2020-09-01
DA12,3370,3844,7214,16726,13933,30659,2020-09-01
DA13,358,447,805,6061,5791,11852,2020-09-01
DA14,1207,1513,2720,7615,7187,14802,2020-09-01
DA15,1325,1586,2911,10698,9770,20468,2020-09-01
DA16,2322,2933,5255,13055,11177,24232,2020-09-01
DA17,1654,2011,3665,6006,4847,10853,2020-09-01
DA18,771,947,1718,1363,936,2299,2020-09-01
DD1,1147,1012,2159,2237,1484,3721,2020-09-01
DD2,2690,3287,5977,12621,11105,23726,2020-09-01
DD3,2756,3134,5890,10858,8654,19512,2020-09-01
DD4,3307,3972,7279,12404,10370,22774,2020-09-01
DD5,1062,1215,2277,12095,11725,23820,2020-09-01
DD6,396,513,909,3425,3359,6784,2020-09-01
DD7,469,607,1076,4685,4324,9009,2020-09-01
DD8,1107,1458,2565,10542,9495,20037,2020-09-01
DD9,509,671,1180,3982,3548,7530,2020-09-01
DD10,937,1151,2088,7717,6923,14640,2020-09-01
DD11,1379,1685,3064,9692,8352,18044,2020-09-01
DE1,1477,1291,2768,4003,2250,6253,2020-09-01
DE2,22,17,39,58,23,81,2020-09-01
DE3,568,750,1318,6835,6344,13179,2020-09-01
DE4,1202,1507,2709,13125,12133,25258,2020-09-01
DE5,842,1183,2025,8121,7258,15379,2020-09-01
DE6,775,897,1672,10424,9720,20144,2020-09-01
DE7,2438,3224,5662,17578,14836,32414,2020-09-01
DE11,1937,2497,4434,16633,14739,31372,2020-09-01
DE12,709,893,1602,8519,7729,16248,2020-09-01
DE13,1429,1796,3225,15895,14668,30563,2020-09-01
DE14,2409,2700,5109,10669,7482,18151,2020-09-01
DE15,1261,1529,2790,8421,6979,15400,2020-09-01
DE19,0,0,0,1,1,2,2020-09-01
DE21,3063,4018,7081,19578,16645,36223,2020-09-01
DE22,2732,3166,5898,15506,13120,28626,2020-09-01
DE23,5321,5589,10910,18889,13969,32858,2020-09-01
DE24,3968,5304,9272,17778,13760,31538,2020-09-01
DE44,0,0,0,0,1,1,2020-09-01
DE45,237,287,524,3263,3161,6424,2020-09-01
DE51,0,0,0,1,0,1,2020-09-01
DE55,2152,2755,4907,18867,16318,35185,2020-09-01
DE56,1338,1627,2965,14961,13925,28886,2020-09-01
DE65,697,860,1557,9206,8708,17914,2020-09-01
DE66,0,0,0,0,1,1,2020-09-01
DE72,625,840,1465,8050,7535,15585,2020-09-01
DE73,615,810,1425,7770,7328,15098,2020-09-01
DE74,450,507,957,4723,4157,8880,2020-09-01
DE75,892,1073,1965,6394,5521,11915,2020-09-01
DG1,1201,1380,2581,9866,9030,18896,2020-09-01
DG2,1337,1742,3079,7616,6777,14393,2020-09-01
DG3,171,238,409,1769,1684,3453,2020-09-01
DG4,211,313,524,1462,1121,2583,2020-09-01
DG5,224,256,480,1907,1783,3690,2020-09-01
DG6,269,293,562,1874,1782,3656,2020-09-01
DG7,452,528,980,4619,4417,9036,2020-09-01
DG8,473,631,1104,4716,4269,8985,2020-09-01
DG9,802,969,1771,5501,4837,10338,2020-09-01
DG10,168,204,372,1482,1306,2788,2020-09-01
DG11,486,611,1097,5013,4519,9532,2020-09-01
DG12,675,806,1481,4277,3712,7989,2020-09-01
DG13,115,134,249,1060,947,2007,2020-09-01
DG14,39,43,82,556,496,1052,2020-09-01
DG16,154,208,362,1388,1244,2632,2020-09-01
DH1,2179,2409,4588,13574,12142,25716,2020-09-01
DH2,1368,2023,3391,10595,8958,19553,2020-09-01
DH3,1297,1725,3022,8925,7567,16492,2020-09-01
DH4,1713,2154,3867,11810,10059,21869,2020-09-01
DH5,1041,1574,2615,6787,5396,12183,2020-09-01
DH6,1536,2191,3727,12042,10313,22355,2020-09-01
DH7,1874,2686,4560,14458,12545,27003,2020-09-01
DH8,1796,2380,4176,13582,11790,25372,2020-09-01
DH9,2031,2742,4773,11707,9341,21048,2020-09-01
DH10,0,0,0,1,0,1,2020-09-01
DL1,2982,4017,6999,15030,11590,26620,2020-09-01
DL2,476,587,1063,7192,7066,14258,2020-09-01
DL3,2382,2848,5230,14784,12761,27545,2020-09-01
DL4,614,800,1414,3095,2345,5440,2020-09-01
DL5,1556,2028,3584,9888,8520,18408,2020-09-01
DL6,550,671,1221,5842,5381,11223,2020-09-01
DL7,377,502,879,5907,5780,11687,2020-09-01
DL8,411,541,952,7736,7331,15067,2020-09-01
DL9,2437,1277,3714,5295,3513,8808,2020-09-01
DL10,624,804,1428,7003,6686,13689,2020-09-01
DL11,116,127,243,2165,2062,4227,2020-09-01
DL12,359,479,838,4700,4313,9013,2020-09-01
DL13,422,560,982,5409,4740,10149,2020-09-01
DL14,1753,2370,4123,12603,10674,23277,2020-09-01
DL15,949,1334,2283,7687,6533,14220,2020-09-01
DL16,893,1195,2088,7601,6541,14142,2020-09-01
DL17,921,1303,2224,6029,4775,10804,2020-09-01
DN0,1,0,1,1,0,1,2020-09-01
DN1,1272,1045,2317,2623,1077,3700,2020-09-01
DN2,1777,2145,3922,7871,5873,13744,2020-09-01
DN3,1162,1577,2739,10934,9521,20455,2020-09-01
DN4,3199,3805,7004,18256,14465,32721,2020-09-01
DN5,1993,2635,4628,13483,11576,25059,2020-09-01
DN6,1903,2518,4421,10012,8052,18064,2020-09-01
DN7,1141,1604,2745,7582,6208,13790,2020-09-01
DN8,1012,1395,2407,6091,4703,10794,2020-09-01
DN9,615,749,1364,8491,8110,16601,2020-09-01
DN10,334,427,761,5159,4815,9974,2020-09-01
DN11,1414,1896,3310,9976,8616,18592,2020-09-01
DN12,1608,2134,3742,7258,5602,12860,2020-09-01
DN14,2075,2869,4944,17343,14503,31846,2020-09-01
DN15,2670,2721,5391,11999,9164,21163,2020-09-01
DN16,1700,2067,3767,10437,8793,19230,2020-09-01
DN17,1782,2268,4050,12889,11163,24052,2020-09-01
DN18,534,729,1263,4583,3826,8409,2020-09-01
DN19,174,221,395,2525,2276,4801,2020-09-01
DN20,610,754,1364,7443,6587,14030,2020-09-01
DN21,1764,2344,4108,13604,11965,25569,2020-09-01
DN22,1389,1777,3166,13354,12107,25461,2020-09-01
DN24,0,0,0,0,1,1,2020-09-01
DN31,861,1032,1893,2449,1543,3992,2020-09-01
DN32,2519,2775,5294,7637,5528,13165,2020-09-01
DN33,1310,1541,2851,6412,5432,11844,2020-09-01
DN34,1158,1481,2639,6343,5114,11457,2020-09-01
DN35,1993,2419,4412,10840,8939,19779,2020-09-01
DN36,560,721,1281,8077,7509,15586,2020-09-01
DN37,928,1110,2038,7926,7141,15067,2020-09-01
DN38,80,110,190,1148,1055,2203,2020-09-01
DN39,95,115,210,1140,996,2136,2020-09-01
DN40,683,921,1604,4617,3524,8141,2020-09-01
DN41,154,192,346,2555,2450,5005,2020-09-01
DT0,0,0,0,0,1,1,2020-09-01
DT1,872,1060,1932,7328,6931,14259,2020-09-01
DT2,699,760,1459,10507,10289,20796,2020-09-01
DT3,882,1029,1911,9423,8802,18225,2020-09-01
DT4,2176,2370,4546,12906,11170,24076,2020-09-01
DT5,714,860,1574,4339,3785,8124,2020-09-01
DT6,777,873,1650,8439,8316,16755,2020-09-01
DT7,234,246,480,2156,2077,4233,2020-09-01
DT8,162,220,382,2411,2356,4767,2020-09-01
DT9,709,823,1532,8156,8124,16280,2020-09-01
DT10,317,383,700,4799,4568,9367,2020-09-01
DT11,1224,1228,2452,12057,10896,22953,2020-09-01
DY1,2242,2751,4993,10651,8473,19124,2020-09-01
DY2,2582,3278,5860,10695,7905,18600,2020-09-01
DY3,1408,1734,3142,12234,10672,22906,2020-09-01
DY4,3209,4253,7462,13263,9858,23121,2020-09-01
DY5,2279,3077,5356,13736,11164,24900,2020-09-01
DY6,839,1086,1925,10797,9908,20705,2020-09-01
DY7,192,214,406,3196,3107,6303,2020-09-01
DY8,2098,2512,4610,18209,16418,34627,2020-09-01
DY9,1418,1741,3159,10964,9700,20664,2020-09-01
DY10,1739,2085,3824,13054,11650,24704,2020-09-01
DY11,1456,1789,3245,11365,9906,21271,2020-09-01
DY12,352,446,798,4995,4633,9628,2020-09-01
DY13,820,1034,1854,8785,7982,16767,2020-09-01
DY14,219,212,431,3638,3341,6979,2020-09-01
E1,11870,9161,21031,18261,9276,27537,2020-09-01
E1,0,1,1,0,0,0,2020-09-01
E1,1,0,1,0,0,0,2020-09-01
E1,1169,1295,2464,4773,3133,7906,2020-09-01
E2,6047,6003,12050,12449,7713,20162,2020-09-01
E2,0,1,1,0,0,0,2020-09-01
E2,0,0,0,0,1,1,2020-09-01
E3,7436,7557,14993,16221,10599,26820,2020-09-01
E4,4970,5582,10552,22749,19106,41855,2020-09-01
E5,7773,7859,15632,12449,8553,21002,2020-09-01
E6,18087,14000,32087,24273,12802,37075,2020-09-01
E7,13350,9271,22621,16271,8528,24799,2020-09-01
E8,5923,6359,12282,11072,7991,19063,2020-09-01
E9,6038,6689,12727,9859,7254,17113,2020-09-01
E10,8341,6987,15328,14814,8698,23512,2020-09-01
E11,7284,6924,14208,18916,13819,32735,2020-09-01
E12,9993,7317,17310,12480,6586,19066,2020-09-01
E13,10689,8298,18987,13769,7385,21154,2020-09-01
E14,10866,11281,22147,26691,15884,42575,2020-09-01
E15,10111,8923,19034,15999,9054,25053,2020-09-01
E16,8047,8469,16516,15852,9593,25445,2020-09-01
E17,16245,15026,31271,34771,23437,58208,2020-09-01
E18,1490,1627,3117,7275,6209,13484,2020-09-01
E19,1,0,1,1,0,1,2020-09-01
E20,482,570,1052,1731,1121,2852,2020-09-01
EC1,16,6,22,19,6,25,2020-09-01
EC1,84,69,153,355,208,563,2020-09-01
EC1,2,0,2,1,0,1,2020-09-01
EC1,0,0,0,0,1,1,2020-09-01
EC1,113,102,215,461,259,720,2020-09-01
EC1,321,349,670,709,376,1085,2020-09-01
EC1,2,2,4,4,0,4,2020-09-01
EC1,1,0,1,0,0,0,2020-09-01
EC1,585,672,1257,1532,1031,2563,2020-09-01
EC1,0,0,0,1,0,1,2020-09-01
EC1,2,1,3,0,0,0,2020-09-01
EC1,1667,1713,3380,3813,2258,6071,2020-09-01
EC1,399,418,817,1064,640,1704,2020-09-01
EC1,0,0,0,1,0,1,2020-09-01
EC2,1,1,2,6,2,8,2020-09-01
EC2,132,115,247,580,308,888,2020-09-01
EC2,0,1,1,2,0,2,2020-09-01
EC2,24,8,32,156,31,187,2020-09-01
EC2,4,3,7,29,6,35,2020-09-01
EC2,0,0,0,4,2,6,2020-09-01
EC2,1,1,2,43,17,60,2020-09-01
EC2,0,0,0,1,0,1,2020-09-01
EC2,4,5,9,94,26,120,2020-09-01
EC2,204,197,401,1441,985,2426,2020-09-01
EC3,0,1,1,1,0,1,2020-09-01
EC3,7,5,12,66,9,75,2020-09-01
EC3,5,4,9,21,7,28,2020-09-01
EC3,33,26,59,153,61,214,2020-09-01
EC3,1,0,1,1,1,2,2020-09-01
EC3,20,13,33,60,29,89,2020-09-01
EC3,4,1,5,53,15,68,2020-09-01
EC3,1,0,1,0,0,0,2020-09-01
EC4,2,1,3,3,1,4,2020-09-01
EC4,52,26,78,141,85,226,2020-09-01
EC4,0,0,0,1,0,1,2020-09-01
EC4,0,0,0,1,0,1,2020-09-01
EC4,17,15,32,132,56,188,2020-09-01
EC4,7,2,9,68,20,88,2020-09-01
EC4,0,0,0,9,4,13,2020-09-01
EC4,6,5,11,43,12,55,2020-09-01
EC4,1,0,1,0,0,0,2020-09-01
EC4,29,29,58,187,99,286,2020-09-01
EC4,0,0,0,1,0,1,2020-09-01
EC4,24,17,41,123,69,192,2020-09-01
EC8,0,1,1,0,0,0,2020-09-01
EC10,1,0,1,0,0,0,2020-09-01
EC11,0,1,1,0,0,0,2020-09-01
EC12,0,0,0,1,0,1,2020-09-01
EC14,1,2,3,3,0,3,2020-09-01
EC15,0,0,0,1,0,1,2020-09-01
EC16,0,0,0,1,0,1,2020-09-01
EC17,1,0,1,1,2,3,2020-09-01
EC19,0,1,1,0,0,0,2020-09-01
EC24,0,0,0,0,1,1,2020-09-01
EC27,0,0,0,3,0,3,2020-09-01
EC28,0,0,0,1,0,1,2020-09-01
EC31,0,0,0,0,1,1,2020-09-01
EC34,1,0,1,0,0,0,2020-09-01
EC47,0,0,0,4,0,4,2020-09-01
EC77,1,0,1,0,0,0,2020-09-01
EH0,1,5,6,1,3,4,2020-09-01
EH1,587,538,1125,1441,1008,2449,2020-09-01
EH1,0,1,1,0,0,0,2020-09-01
EH2,118,107,225,432,248,680,2020-09-01
EH3,1910,1945,3855,7403,6296,13699,2020-09-01
EH3,0,0,0,1,0,1,2020-09-01
EH4,3924,4398,8322,17894,15960,33854,2020-09-01
EH5,1618,1906,3524,6420,5390,11810,2020-09-01
EH6,3440,3643,7083,12182,9822,22004,2020-09-01
EH7,2910,3138,6048,10213,8058,18271,2020-09-01
EH8,1895,1981,3876,5761,4625,10386,2020-09-01
EH9,1413,1561,2974,6296,5905,12201,2020-09-01
EH10,2029,1950,3979,12853,11450,24303,2020-09-01
EH11,3873,3886,7759,10206,7603,17809,2020-09-01
EH12,2019,2493,4512,14046,13005,27051,2020-09-01
EH13,959,1045,2004,4756,4329,9085,2020-09-01
EH14,2769,3009,5778,13201,11285,24486,2020-09-01
EH15,1406,1624,3030,6873,6287,13160,2020-09-01
EH16,2565,3004,5569,9334,7707,17041,2020-09-01
EH17,1494,1930,3424,6276,5106,11382,2020-09-01
EH18,102,144,246,825,809,1634,2020-09-01
EH19,697,929,1626,5260,4897,10157,2020-09-01
EH20,365,516,881,2325,1958,4283,2020-09-01
EH21,1587,1894,3481,8319,7428,15747,2020-09-01
EH22,1879,2398,4277,10889,9586,20475,2020-09-01
EH23,495,672,1167,3284,2924,6208,2020-09-01
EH24,81,132,213,732,705,1437,2020-09-01
EH25,160,212,372,1240,1169,2409,2020-09-01
EH26,898,1182,2080,5994,5397,11391,2020-09-01
EH27,150,159,309,1076,1004,2080,2020-09-01
EH28,149,203,352,1304,1153,2457,2020-09-01
EH29,206,296,502,1918,1807,3725,2020-09-01
EH30,467,668,1135,3749,3453,7202,2020-09-01
EH31,86,92,178,1041,1033,2074,2020-09-01
EH32,957,1214,2171,6913,6251,13164,2020-09-01
EH33,700,887,1587,4712,4228,8940,2020-09-01
EH34,68,88,156,1018,1013,2031,2020-09-01
EH35,87,147,234,850,742,1592,2020-09-01
EH36,12,9,21,166,165,331,2020-09-01
EH37,49,85,134,636,601,1237,2020-09-01
EH38,15,12,27,172,185,357,2020-09-01
EH39,362,497,859,3784,3653,7437,2020-09-01
EH40,68,91,159,830,812,1642,2020-09-01
EH41,523,659,1182,4817,4538,9355,2020-09-01
EH42,501,645,1146,4179,3939,8118,2020-09-01
EH43,47,65,112,276,259,535,2020-09-01
EH44,126,166,292,1263,1171,2434,2020-09-01
EH45,478,575,1053,4037,3878,7915,2020-09-01
EH46,129,150,279,1467,1481,2948,2020-09-01
EH47,1482,2085,3567,9185,7704,16889,2020-09-01
EH48,1838,2362,4200,13371,11687,25058,2020-09-01
EH49,678,867,1545,5990,5650,11640,2020-09-01
EH51,723,901,1624,5122,4552,9674,2020-09-01
EH52,1001,1357,2358,7234,6268,13502,2020-09-01
EH53,496,605,1101,4236,3853,8089,2020-09-01
EH54,3748,4748,8496,18168,15628,33796,2020-09-01
EH55,433,544,977,3080,2614,5694,2020-09-01
EN0,0,0,0,0,1,1,2020-09-01
EN1,3794,4616,8410,15364,13317,28681,2020-09-01
EN2,1755,2254,4009,10843,9821,20664,2020-09-01
EN3,6275,8047,14322,17561,13408,30969,2020-09-01
EN4,1654,1901,3555,9982,8996,18978,2020-09-01
EN5,2699,3316,6015,14227,12812,27039,2020-09-01
EN6,1346,1520,2866,11456,10910,22366,2020-09-01
EN7,899,978,1877,8588,8175,16763,2020-09-01
EN8,2444,2875,5319,13660,11393,25053,2020-09-01
EN9,1199,1372,2571,9641,8555,18196,2020-09-01
EN10,770,891,1661,6783,6375,13158,2020-09-01
EN11,1089,1170,2259,8500,7504,16004,2020-09-01
EX0,0,0,0,1,0,1,2020-09-01
EX1,1377,1583,2960,7623,6878,14501,2020-09-01
EX2,2251,2733,4984,14939,13564,28503,2020-09-01
EX3,173,165,338,1895,1935,3830,2020-09-01
EX4,3498,3898,7396,15892,13333,29225,2020-09-01
EX5,699,801,1500,9485,9268,18753,2020-09-01
EX6,413,433,846,6056,5835,11891,2020-09-01
EX7,642,761,1403,5067,4694,9761,2020-09-01
EX8,1792,2080,3872,13606,12536,26142,2020-09-01
EX9,169,228,397,2718,2722,5440,2020-09-01
EX10,548,691,1239,6499,6566,13065,2020-09-01
EX11,248,298,546,3492,3542,7034,2020-09-01
EX12,273,413,686,3634,3463,7097,2020-09-01
EX13,423,495,918,4982,4805,9787,2020-09-01
EX14,689,847,1536,8357,7790,16147,2020-09-01
EX15,805,887,1692,8862,8374,17236,2020-09-01
EX16,1361,1599,2960,12195,11320,23515,2020-09-01
EX17,770,882,1652,7593,7224,14817,2020-09-01
EX18,110,96,206,1346,1295,2641,2020-09-01
EX19,75,107,182,1544,1452,2996,2020-09-01
EX20,737,923,1660,8357,7765,16122,2020-09-01
EX21,118,111,229,1897,1792,3689,2020-09-01
EX22,331,403,734,4668,4215,8883,2020-09-01
EX23,619,660,1279,6189,5851,12040,2020-09-01
EX24,106,132,238,1480,1488,2968,2020-09-01
EX31,947,1171,2118,10166,9568,19734,2020-09-01
EX32,1361,1589,2950,8198,7280,15478,2020-09-01
EX33,342,425,767,3956,3706,7662,2020-09-01
EX34,950,1099,2049,6249,5385,11634,2020-09-01
EX35,77,74,151,679,613,1292,2020-09-01
EX36,313,378,691,3683,3384,7067,2020-09-01
EX37,82,92,174,1634,1530,3164,2020-09-01
EX38,331,373,704,3161,2924,6085,2020-09-01
EX39,1589,1919,3508,14332,13305,27637,2020-09-01
FK1,1505,1911,3416,9660,8266,17926,2020-09-01
FK1,0,0,0,0,1,1,2020-09-01
FK2,2294,2893,5187,17284,15460,32744,2020-09-01
FK3,1022,1279,2301,5350,4390,9740,2020-09-01
FK4,585,820,1405,4738,4266,9004,2020-09-01
FK5,792,1076,1868,7237,6816,14053,2020-09-01
FK6,677,866,1543,4923,4264,9187,2020-09-01
FK7,1583,2183,3766,10207,9387,19594,2020-09-01
FK8,1139,1242,2381,6120,5462,11582,2020-09-01
FK9,623,796,1419,4359,4024,8383,2020-09-01
FK10,2047,2632,4679,12388,10979,23367,2020-09-01
FK11,110,124,234,1014,1018,2032,2020-09-01
FK12,240,308,548,1742,1588,3330,2020-09-01
FK13,303,366,669,2160,1844,4004,2020-09-01
FK14,195,201,396,1804,1785,3589,2020-09-01
FK15,468,549,1017,4047,3967,8014,2020-09-01
FK16,81,108,189,915,885,1800,2020-09-01
FK17,154,176,330,1368,1270,2638,2020-09-01
FK18,4,8,12,102,82,184,2020-09-01
FK19,24,29,53,256,210,466,2020-09-01
FK20,30,44,74,163,116,279,2020-09-01
FK21,43,53,96,400,333,733,2020-09-01
FY0,0,0,0,2,2,4,2020-09-01
FY1,3718,3767,7485,9117,5821,14938,2020-09-01
FY2,1483,1617,3100,8031,6897,14928,2020-09-01
FY3,2312,2783,5095,10043,8565,18608,2020-09-01
FY4,2735,3403,6138,14544,12247,26791,2020-09-01
FY5,1761,1975,3736,16362,14944,31306,2020-09-01
FY6,826,946,1772,11249,10636,21885,2020-09-01
FY7,1930,2149,4079,7853,6358,14211,2020-09-01
FY8,1874,2093,3967,16820,15648,32468,2020-09-01
G1,640,430,1070,1524,806,2330,2020-09-01
G2,332,237,569,594,279,873,2020-09-01
G2,0,1,1,0,0,0,2020-09-01
G3,2002,1697,3699,4949,3265,8214,2020-09-01
G4,1399,1035,2434,2636,1443,4079,2020-09-01
G5,1498,1266,2764,3186,2026,5212,2020-09-01
G6,0,3,3,3,0,3,2020-09-01
G7,1,0,1,4,2,6,2020-09-01
G8,0,0,0,2,0,2,2020-09-01
G9,0,0,0,3,0,3,2020-09-01
G10,0,2,2,0,0,0,2020-09-01
G11,1654,1705,3359,6034,5348,11382,2020-09-01
G12,1791,1690,3481,8169,7357,15526,2020-09-01
G13,2409,2719,5128,9682,8371,18053,2020-09-01
G14,1598,1796,3394,5069,4194,9263,2020-09-01
G15,1818,2055,3873,3954,3234,7188,2020-09-01
G16,2,1,3,0,0,0,2020-09-01
G17,0,0,0,0,1,1,2020-09-01
G18,0,1,1,0,1,1,2020-09-01
G19,1,0,1,0,0,0,2020-09-01
G20,3244,3437,6681,7749,5997,13746,2020-09-01
G21,3405,3695,7100,6547,4402,10949,2020-09-01
G22,1983,2299,4282,4044,2859,6903,2020-09-01
G23,592,757,1349,2090,1777,3867,2020-09-01
G24,1,0,1,0,0,0,2020-09-01
G25,0,2,2,1,0,1,2020-09-01
G26,0,0,0,1,0,1,2020-09-01
G29,0,0,0,1,0,1,2020-09-01
G30,3,0,3,1,0,1,2020-09-01
G31,2893,3033,5926,5906,4161,10067,2020-09-01
G32,2706,3362,6068,10696,8433,19129,2020-09-01
G33,3619,4301,7920,12605,10505,23110,2020-09-01
G34,1096,1311,2407,1731,1233,2964,2020-09-01
G35,1,1,2,0,0,0,2020-09-01
G36,0,2,2,2,0,2,2020-09-01
G38,0,0,0,1,0,1,2020-09-01
G39,0,0,0,0,1,1,2020-09-01
G40,1370,1593,2963,3114,2031,5145,2020-09-01
G41,2813,2943,5756,10676,8842,19518,2020-09-01
G42,3928,3303,7231,8211,5613,13824,2020-09-01
G43,1318,1431,2749,5419,4681,10100,2020-09-01
G44,1825,2245,4070,9153,8281,17434,2020-09-01
G45,1771,2015,3786,3305,2274,5579,2020-09-01
G46,1767,1977,3744,8465,7846,16311,2020-09-01
G47,1,1,2,1,0,1,2020-09-01
G48,2,0,2,2,1,3,2020-09-01
G49,0,0,0,3,0,3,2020-09-01
G50,2,0,2,1,1,2,2020-09-01
G51,3035,3009,6044,5821,3801,9622,2020-09-01
G52,2317,2878,5195,7970,6655,14625,2020-09-01
G53,2956,3509,6465,9740,8306,18046,2020-09-01
G54,1,0,1,2,0,2,2020-09-01
G55,0,2,2,1,1,2,2020-09-01
G56,1,1,2,1,0,1,2020-09-01
G57,0,1,1,0,0,0,2020-09-01
G58,0,0,0,1,0,1,2020-09-01
G60,275,293,568,1934,1839,3773,2020-09-01
G61,1104,1171,2275,11036,10975,22011,2020-09-01
G62,610,663,1273,4959,4937,9896,2020-09-01
G63,340,384,724,3814,3955,7769,2020-09-01
G64,1178,1500,2678,9585,9197,18782,2020-09-01
G65,820,1015,1835,4570,3877,8447,2020-09-01
G66,1969,2437,4406,13851,12812,26663,2020-09-01
G67,2734,3321,6055,10281,8286,18567,2020-09-01
G68,813,933,1746,7216,6862,14078,2020-09-01
G69,1819,2298,4117,12345,11187,23532,2020-09-01
G70,0,0,0,1,1,2,2020-09-01
G71,1500,1908,3408,10691,10027,20718,2020-09-01
G72,2960,3650,6610,16864,14912,31776,2020-09-01
G73,2275,2654,4929,9771,8504,18275,2020-09-01
G74,1960,2384,4344,13178,11653,24831,2020-09-01
G75,2418,3115,5533,13470,11911,25381,2020-09-01
G76,992,1136,2128,8003,8028,16031,2020-09-01
G77,898,1063,1961,9847,10071,19918,2020-09-01
G78,1442,1803,3245,7790,7031,14821,2020-09-01
G80,1,0,1,0,0,0,2020-09-01
G81,3012,3736,6748,11072,9282,20354,2020-09-01
G82,1621,2014,3635,8624,7692,16316,2020-09-01
G83,1505,1986,3491,7999,7030,15029,2020-09-01
G84,1199,1449,2648,7775,7081,14856,2020-09-01
GL0,0,0,0,0,1,1,2020-09-01
GL1,3286,3445,6731,11085,7914,18999,2020-09-01
GL1,0,0,0,0,1,1,2020-09-01
GL2,2062,2555,4617,22097,20691,42788,2020-09-01
GL3,1321,1713,3034,12488,11525,24013,2020-09-01
GL4,2485,3080,5565,16941,15143,32084,2020-09-01
GL5,1550,1655,3205,11437,10744,22181,2020-09-01
GL6,845,959,1804,9921,9808,19729,2020-09-01
GL7,1731,1980,3711,17302,16540,33842,2020-09-01
GL8,282,368,650,3530,3514,7044,2020-09-01
GL9,54,66,120,1092,1062,2154,2020-09-01
GL10,607,604,1211,5653,5208,10861,2020-09-01
GL11,639,806,1445,7241,6818,14059,2020-09-01
GL12,521,494,1015,6169,5834,12003,2020-09-01
GL13,155,177,332,2524,2270,4794,2020-09-01
GL14,733,865,1598,5735,5012,10747,2020-09-01
GL15,744,930,1674,8362,7657,16019,2020-09-01
GL16,488,643,1131,5284,4941,10225,2020-09-01
GL17,375,515,890,4652,4307,8959,2020-09-01
GL18,283,378,661,3334,3023,6357,2020-09-01
GL19,237,211,448,3660,3549,7209,2020-09-01
GL20,1116,1251,2367,11178,10330,21508,2020-09-01
GL50,1308,1555,2863,7549,6280,13829,2020-09-01
GL51,2863,3500,6363,18201,15701,33902,2020-09-01
GL52,2137,2389,4526,17221,16389,33610,2020-09-01
GL53,851,867,1718,7762,7614,15376,2020-09-01
GL54,808,906,1714,9884,9599,19483,2020-09-01
GL55,189,188,377,2294,2340,4634,2020-09-01
GL56,335,392,727,3762,3765,7527,2020-09-01
GU0,0,0,0,0,1,1,2020-09-01
GU1,2095,2194,4289,11481,9973,21454,2020-09-01
GU2,2268,2364,4632,10394,8625,19019,2020-09-01
GU3,417,425,842,4692,4559,9251,2020-09-01
GU4,600,630,1230,6574,6471,13045,2020-09-01
GU5,365,451,816,4341,4477,8818,2020-09-01
GU6,582,570,1152,5944,5960,11904,2020-09-01
GU7,1136,1238,2374,8690,8403,17093,2020-09-01
GU8,626,664,1290,7048,7038,14086,2020-09-01
GU9,1226,1476,2702,11375,11018,22393,2020-09-01
GU10,705,789,1494,9751,9631,19382,2020-09-01
GU11,1871,2128,3999,8848,6874,15722,2020-09-01
GU12,1589,2002,3591,12257,10845,23102,2020-09-01
GU13,734,14,748,368,28,396,2020-09-01
GU14,3100,3570,6670,21308,18706,40014,2020-09-01
GU15,1941,2091,4032,14130,12622,26752,2020-09-01
GU16,1081,1006,2087,9722,8952,18674,2020-09-01
GU17,746,500,1246,5227,4168,9395,2020-09-01
GU18,156,186,342,2957,2936,5893,2020-09-01
GU19,238,222,460,2457,2357,4814,2020-09-01
GU20,128,139,267,1926,1899,3825,2020-09-01
GU21,3059,3323,6382,19156,16854,36010,2020-09-01
GU22,1946,2283,4229,14310,12678,26988,2020-09-01
GU23,234,249,483,2852,2791,5643,2020-09-01
GU24,879,802,1681,7190,6937,14127,2020-09-01
GU25,398,422,820,2793,2821,5614,2020-09-01
GU26,270,263,533,3108,3035,6143,2020-09-01
GU27,754,876,1630,6873,6663,13536,2020-09-01
GU28,262,267,529,2669,2605,5274,2020-09-01
GU29,315,441,756,3790,3933,7723,2020-09-01
GU30,391,445,836,3984,3952,7936,2020-09-01
GU31,404,458,862,4560,4455,9015,2020-09-01
GU32,529,622,1151,4623,4392,9015,2020-09-01
GU33,286,347,633,3310,3229,6539,2020-09-01
GU34,1178,1399,2577,12848,12306,25154,2020-09-01
GU35,1030,1204,2234,9651,8706,18357,2020-09-01
GU46,402,464,866,6119,5846,11965,2020-09-01
GU47,676,776,1452,7679,7249,14928,2020-09-01
GU51,826,794,1620,9773,9251,19024,2020-09-01
GU52,466,551,1017,7145,7083,14228,2020-09-01
HA0,13030,10640,23670,18503,11308,29811,2020-09-01
HA1,5056,5235,10291,15103,11040,26143,2020-09-01
HA2,6311,6887,13198,21784,16611,38395,2020-09-01
HA3,9120,8687,17807,29586,21517,51103,2020-09-01
HA4,2868,3310,6178,19665,17688,37353,2020-09-01
HA5,2718,3028,5746,17973,16639,34612,2020-09-01
HA6,1309,1597,2906,9451,8800,18251,2020-09-01
HA7,3258,3480,6738,15563,12918,28481,2020-09-01
HA8,9157,8836,17993,27515,20128,47643,2020-09-01
HA9,10380,8468,18848,19456,12406,31862,2020-09-01
HD1,2660,2349,5009,6098,3679,9777,2020-09-01
HD2,2102,2727,4829,9195,7586,16781,2020-09-01
HD3,1469,2009,3478,10590,9674,20264,2020-09-01
HD4,1820,2341,4161,9432,7853,17285,2020-09-01
HD5,1788,2357,4145,9769,8345,18114,2020-09-01
HD6,1355,1561,2916,9262,8374,17636,2020-09-01
HD7,1000,1299,2299,8301,7580,15881,2020-09-01
HD8,1013,1256,2269,12663,12118,24781,2020-09-01
HD9,1353,1606,2959,13452,12553,26005,2020-09-01
HG1,1724,2015,3739,12287,11221,23508,2020-09-01
HG2,1480,1645,3125,11821,11373,23194,2020-09-01
HG3,950,1046,1996,10809,10538,21347,2020-09-01
HG4,968,1235,2203,9535,8878,18413,2020-09-01
HG5,673,751,1424,7164,6798,13962,2020-09-01
HP1,1333,1521,2854,9578,8766,18344,2020-09-01
HP2,2458,3046,5504,14811,12578,27389,2020-09-01
HP2,0,0,0,1,0,1,2020-09-01
HP3,1609,1926,3535,12768,11471,24239,2020-09-01
HP4,921,927,1848,9566,9399,18965,2020-09-01
HP5,1340,1559,2899,9940,9083,19023,2020-09-01
HP6,660,663,1323,5752,5659,11411,2020-09-01
HP7,442,499,941,4305,4122,8427,2020-09-01
HP8,239,256,495,2928,3008,5936,2020-09-01
HP9,660,737,1397,7115,7171,14286,2020-09-01
HP10,625,707,1332,7912,7853,15765,2020-09-01
HP11,1094,1210,2304,5749,4600,10349,2020-09-01
HP12,1575,1886,3461,8200,6399,14599,2020-09-01
HP13,2635,3205,5840,16047,13514,29561,2020-09-01
HP14,612,630,1242,7266,6939,14205,2020-09-01
HP15,501,554,1055,7057,6929,13986,2020-09-01
HP16,368,408,776,4879,4887,9766,2020-09-01
HP17,350,360,710,4286,4176,8462,2020-09-01
HP18,629,757,1386,7849,7572,15421,2020-09-01
HP19,1428,1841,3269,9044,7673,16717,2020-09-01
HP20,1034,1220,2254,5424,4373,9797,2020-09-01
HP21,1909,2391,4300,12243,10514,22757,2020-09-01
HP22,873,894,1767,11180,11091,22271,2020-09-01
HP23,668,752,1420,7009,6767,13776,2020-09-01
HP25,0,0,0,0,1,1,2020-09-01
HP27,405,426,831,5141,5003,10144,2020-09-01
HR1,1351,1530,2881,12330,11446,23776,2020-09-01
HR2,1883,2342,4225,13699,12195,25894,2020-09-01
HR3,184,221,405,3110,3035,6145,2020-09-01
HR4,1308,1536,2844,10916,9982,20898,2020-09-01
HR5,161,171,332,1849,1652,3501,2020-09-01
HR6,824,993,1817,7815,7103,14918,2020-09-01
HR7,223,253,476,2923,2605,5528,2020-09-01
HR8,482,589,1071,5496,5206,10702,2020-09-01
HR9,721,845,1566,8408,7833,16241,2020-09-01
HS1,315,342,657,1477,1305,2782,2020-09-01
HS2,536,684,1220,5133,4525,9658,2020-09-01
HS3,53,67,120,487,375,862,2020-09-01
HS4,16,17,33,98,77,175,2020-09-01
HS5,10,13,23,96,87,183,2020-09-01
HS6,55,96,151,627,543,1170,2020-09-01
HS7,70,102,172,461,393,854,2020-09-01
HS8,85,109,194,691,581,1272,2020-09-01
HS9,76,54,130,431,398,829,2020-09-01
HU1,399,280,679,1002,463,1465,2020-09-01
HU2,463,450,913,1051,433,1484,2020-09-01
HU3,3410,3320,6730,7249,4031,11280,2020-09-01
HU4,1526,1890,3416,7538,6055,13593,2020-09-01
HU5,3874,3971,7845,14250,10998,25248,2020-09-01
HU6,2875,3457,6332,8688,6255,14943,2020-09-01
HU7,3214,3902,7116,13813,11137,24950,2020-09-01
HU8,2303,2850,5153,10813,8521,19334,2020-09-01
HU9,3432,4225,7657,10710,7532,18242,2020-09-01
HU10,628,720,1348,7443,7120,14563,2020-09-01
HU11,356,437,793,5066,4547,9613,2020-09-01
HU12,935,1181,2116,9819,8749,18568,2020-09-01
HU13,676,883,1559,5508,4884,10392,2020-09-01
HU14,231,241,472,3443,3392,6835,2020-09-01
HU15,681,860,1541,9389,8930,18319,2020-09-01
HU16,584,729,1313,5985,5522,11507,2020-09-01
HU17,1856,1993,3849,16598,15389,31987,2020-09-01
HU18,397,485,882,3255,2843,6098,2020-09-01
HU19,450,536,986,2404,1672,4076,2020-09-01
HU20,25,25,50,359,361,720,2020-09-01
HU23,1,0,1,0,0,0,2020-09-01
HU30,1,0,1,0,0,0,2020-09-01
HU41,1,0,1,0,0,0,2020-09-01
HU44,0,0,0,0,1,1,2020-09-01
HX0,0,0,0,0,1,1,2020-09-01
HX1,2091,2618,4709,6734,4256,10990,2020-09-01
HX2,2176,2833,5009,12547,10633,23180,2020-09-01
HX3,2374,3101,5475,15966,13904,29870,2020-09-01
HX4,439,607,1046,4520,4267,8787,2020-09-01
HX5,569,739,1308,3409,2872,6281,2020-09-01
HX6,973,1216,2189,6729,5902,12631,2020-09-01
HX7,733,831,1564,4580,4555,9135,2020-09-01
IG1,11768,10052,21820,22012,13062,35074,2020-09-01
IG2,3364,3384,6748,10137,7364,17501,2020-09-01
IG3,5508,5098,10606,13265,8583,21848,2020-09-01
IG4,970,1033,2003,3732,2786,6518,2020-09-01
IG5,1397,1589,2986,6421,5288,11709,2020-09-01
IG6,2509,2902,5411,10550,8272,18822,2020-09-01
IG7,1398,1679,3077,8243,7276,15519,2020-09-01
IG8,2474,2858,5332,13861,12256,26117,2020-09-01
IG9,578,637,1215,5041,4792,9833,2020-09-01
IG10,1620,1960,3580,11915,11277,23192,2020-09-01
IG11,9371,9148,18519,18038,10865,28903,2020-09-01
IP1,2726,2899,5625,13291,10324,23615,2020-09-01
IP2,2061,2456,4517,10280,7926,18206,2020-09-01
IP3,1865,2320,4185,11739,9437,21176,2020-09-01
IP4,2076,2218,4294,13267,11139,24406,2020-09-01
IP5,564,658,1222,7443,7158,14601,2020-09-01
IP6,432,520,952,7046,6647,13693,2020-09-01
IP7,487,629,1116,6397,5898,12295,2020-09-01
IP8,303,374,677,4507,4141,8648,2020-09-01
IP9,314,363,677,4604,4401,9005,2020-09-01
IP10,75,90,165,1463,1420,2883,2020-09-01
IP11,1180,1520,2700,11853,10196,22049,2020-09-01
IP12,894,957,1851,9670,9257,18927,2020-09-01
IP13,583,638,1221,7626,7563,15189,2020-09-01
IP14,1251,1584,2835,15895,14515,30410,2020-09-01
IP15,80,96,176,876,907,1783,2020-09-01
IP16,332,360,692,2491,2208,4699,2020-09-01
IP17,428,522,950,4757,4640,9397,2020-09-01
IP18,124,148,272,1423,1427,2850,2020-09-01
IP19,298,344,642,4041,3759,7800,2020-09-01
IP20,259,278,537,3267,3036,6303,2020-09-01
IP21,265,317,582,4632,4367,8999,2020-09-01
IP22,824,865,1689,8740,8149,16889,2020-09-01
IP23,210,282,492,2998,2767,5765,2020-09-01
IP24,1830,2265,4095,9376,7523,16899,2020-09-01
IP25,686,802,1488,7338,6590,13928,2020-09-01
IP26,308,365,673,3405,3230,6635,2020-09-01
IP27,930,1109,2039,6135,5444,11579,2020-09-01
IP28,1101,1332,2433,9189,8919,18108,2020-09-01
IP29,233,282,515,3739,3624,7363,2020-09-01
IP30,400,475,875,5764,5488,11252,2020-09-01
IP31,551,716,1267,8284,7866,16150,2020-09-01
IP32,799,997,1796,5764,5307,11071,2020-09-01
IP33,1138,1359,2497,8223,7291,15514,2020-09-01
IV1,187,163,350,1026,947,1973,2020-09-01
IV2,2386,2909,5295,17968,16482,34450,2020-09-01
IV3,1501,1688,3189,6038,4926,10964,2020-09-01
IV3,0,0,0,0,1,1,2020-09-01
IV4,169,200,369,1823,1669,3492,2020-09-01
IV5,50,55,105,538,518,1056,2020-09-01
IV6,172,217,389,1799,1714,3513,2020-09-01
IV7,188,248,436,2376,2230,4606,2020-09-01
IV8,33,27,60,368,383,751,2020-09-01
IV9,58,55,113,460,455,915,2020-09-01
IV10,109,125,234,1084,1034,2118,2020-09-01
IV11,52,58,110,323,315,638,2020-09-01
IV12,622,798,1420,4656,4300,8956,2020-09-01
IV13,12,19,31,274,227,501,2020-09-01
IV14,59,99,158,845,759,1604,2020-09-01
IV15,344,379,723,1958,1735,3693,2020-09-01
IV16,62,76,138,705,647,1352,2020-09-01
IV17,380,462,842,2114,1837,3951,2020-09-01
IV18,310,384,694,2043,1708,3751,2020-09-01
IV19,235,269,504,1684,1533,3217,2020-09-01
IV20,136,183,319,1160,1044,2204,2020-09-01
IV21,51,55,106,452,394,846,2020-09-01
IV22,54,72,126,612,531,1143,2020-09-01
IV23,35,43,78,362,315,677,2020-09-01
IV24,44,67,111,567,510,1077,2020-09-01
IV25,84,112,196,971,935,1906,2020-09-01
IV26,106,126,232,713,690,1403,2020-09-01
IV27,158,164,322,1429,1224,2653,2020-09-01
IV28,17,13,30,191,197,388,2020-09-01
IV30,1642,1973,3615,12325,11099,23424,2020-09-01
IV31,333,431,764,2564,2283,4847,2020-09-01
IV32,199,194,393,1832,1740,3572,2020-09-01
IV33,1,0,1,1,1,2,2020-09-01
IV34,0,0,0,0,1,1,2020-09-01
IV36,710,949,1659,5945,5364,11309,2020-09-01
IV40,125,167,292,956,866,1822,2020-09-01
IV41,30,21,51,136,119,255,2020-09-01
IV42,18,22,40,195,181,376,2020-09-01
IV43,14,12,26,117,99,216,2020-09-01
IV44,10,11,21,108,97,205,2020-09-01
IV45,15,5,20,117,108,225,2020-09-01
IV46,5,5,10,37,31,68,2020-09-01
IV47,17,22,39,256,212,468,2020-09-01
IV48,0,3,3,36,30,66,2020-09-01
IV49,66,62,128,449,386,835,2020-09-01
IV51,216,280,496,2012,1791,3803,2020-09-01
IV52,18,25,43,122,126,248,2020-09-01
IV53,7,3,10,66,54,120,2020-09-01
IV54,48,74,122,552,476,1028,2020-09-01
IV55,40,49,89,526,484,1010,2020-09-01
IV56,10,5,15,152,125,277,2020-09-01
IV62,0,0,0,1,0,1,2020-09-01
IV63,120,130,250,1013,944,1957,2020-09-01
KA1,1474,1871,3345,9737,8549,18286,2020-09-01
KA2,305,386,691,2511,2283,4794,2020-09-01
KA3,1888,2576,4464,13343,12131,25474,2020-09-01
KA4,264,334,598,1896,1761,3657,2020-09-01
KA5,401,587,988,3519,3001,6520,2020-09-01
KA6,968,1244,2212,6486,5625,12111,2020-09-01
KA7,1256,1473,2729,10282,9805,20087,2020-09-01
KA8,1264,1698,2962,5473,4289,9762,2020-09-01
KA9,657,763,1420,5850,5485,11335,2020-09-01
KA10,667,800,1467,6017,5733,11750,2020-09-01
KA11,1151,1555,2706,7143,6307,13450,2020-09-01
KA12,1141,1574,2715,5481,4474,9955,2020-09-01
KA13,1019,1310,2329,5492,4802,10294,2020-09-01
KA14,31,24,55,187,164,351,2020-09-01
KA15,317,399,716,2577,2281,4858,2020-09-01
KA16,192,188,380,1119,870,1989,2020-09-01
KA17,167,218,385,1505,1295,2800,2020-09-01
KA18,1050,1436,2486,6955,5697,12652,2020-09-01
KA19,354,469,823,2633,2340,4973,2020-09-01
KA20,696,858,1554,2619,2150,4769,2020-09-01
KA21,862,956,1818,3762,3261,7023,2020-09-01
KA22,684,970,1654,3395,2977,6372,2020-09-01
KA23,207,259,466,2013,1955,3968,2020-09-01
KA24,314,433,747,2015,1837,3852,2020-09-01
KA25,430,559,989,2210,1842,4052,2020-09-01
KA26,530,671,1201,3655,3103,6758,2020-09-01
KA27,239,305,544,1831,1739,3570,2020-09-01
KA28,47,73,120,433,360,793,2020-09-01
KA29,62,81,143,615,593,1208,2020-09-01
KA30,471,628,1099,4082,3684,7766,2020-09-01
KT1,1993,2123,4116,7629,6174,13803,2020-09-01
KT2,2379,2821,5200,11909,10815,22724,2020-09-01
KT3,3385,3702,7087,15807,13529,29336,2020-09-01
KT4,1617,1811,3428,11585,10681,22266,2020-09-01
KT5,1407,1465,2872,7642,6668,14310,2020-09-01
KT6,2144,2479,4623,11844,10491,22335,2020-09-01
KT7,470,507,977,4102,4111,8213,2020-09-01
KT8,1082,1189,2271,7958,7658,15616,2020-09-01
KT9,1394,1539,2933,7880,7064,14944,2020-09-01
KT10,996,997,1993,9256,9281,18537,2020-09-01
KT11,951,972,1923,7104,7219,14323,2020-09-01
KT12,1862,2055,3917,15242,14770,30012,2020-09-01
KT13,1047,1181,2228,10268,10006,20274,2020-09-01
KT14,642,653,1295,5406,5240,10646,2020-09-01
KT15,1316,1455,2771,11480,10728,22208,2020-09-01
KT16,892,1040,1932,7819,7331,15150,2020-09-01
KT17,1221,1210,2431,9737,8994,18731,2020-09-01
KT18,756,883,1639,6515,6525,13040,2020-09-01
KT19,2151,2454,4605,13464,12529,25993,2020-09-01
KT20,713,908,1621,8657,8482,17139,2020-09-01
KT21,454,557,1011,5459,5461,10920,2020-09-01
KT22,1176,1185,2361,10109,9634,19743,2020-09-01
KT23,375,352,727,4490,4472,8962,2020-09-01
KT24,278,276,554,3895,3971,7866,2020-09-01
KW1,459,538,997,3826,3310,7136,2020-09-01
KW2,5,2,7,33,26,59,2020-09-01
KW3,34,43,77,395,354,749,2020-09-01
KW5,7,14,21,127,111,238,2020-09-01
KW6,15,8,23,161,116,277,2020-09-01
KW7,2,5,7,47,36,83,2020-09-01
KW8,26,40,66,315,268,583,2020-09-01
KW9,64,99,163,646,558,1204,2020-09-01
KW10,74,87,161,618,534,1152,2020-09-01
KW11,7,8,15,52,42,94,2020-09-01
KW12,47,63,110,640,591,1231,2020-09-01
KW13,2,4,6,35,30,65,2020-09-01
KW14,638,725,1363,4349,3700,8049,2020-09-01
KW15,436,516,952,2902,2673,5575,2020-09-01
KW16,159,229,388,1323,1234,2557,2020-09-01
KW17,389,434,823,3558,3241,6799,2020-09-01
KY1,1409,1787,3196,8395,6952,15347,2020-09-01
KY2,1574,2089,3663,10229,9051,19280,2020-09-01
KY3,541,661,1202,3911,3578,7489,2020-09-01
KY4,1178,1599,2777,7557,6322,13879,2020-09-01
KY5,1098,1561,2659,6469,5259,11728,2020-09-01
KY6,1080,1375,2455,6208,5425,11633,2020-09-01
KY7,1530,1844,3374,9215,8086,17301,2020-09-01
KY8,1890,2446,4336,11398,9803,21201,2020-09-01
KY9,73,72,145,719,744,1463,2020-09-01
KY10,408,501,909,3288,3108,6396,2020-09-01
KY11,3361,4080,7441,21627,19397,41024,2020-09-01
KY12,1937,2270,4207,14189,12772,26961,2020-09-01
KY13,381,430,811,4678,4633,9311,2020-09-01
KY14,228,310,538,2626,2420,5046,2020-09-01
KY15,786,1034,1820,8008,7554,15562,2020-09-01
KY16,1190,1373,2563,6253,5770,12023,2020-09-01
L1,706,601,1307,1501,865,2366,2020-09-01
L2,106,61,167,271,128,399,2020-09-01
L3,1172,1101,2273,3465,2188,5653,2020-09-01
L4,4143,5033,9176,9747,6733,16480,2020-09-01
L5,1526,1859,3385,3240,1979,5219,2020-09-01
L6,3006,2975,5981,5233,2991,8224,2020-09-01
L7,2678,2397,5075,3856,2002,5858,2020-09-01
L8,4596,4632,9228,7324,4505,11829,2020-09-01
L9,2450,3151,5601,9141,7059,16200,2020-09-01
L10,918,1313,2231,5020,4180,9200,2020-09-01
L11,2567,3520,6087,7280,5496,12776,2020-09-01
L12,1693,2213,3906,10726,9617,20343,2020-09-01
L13,2860,3364,6224,8135,5928,14063,2020-09-01
L14,2190,3093,5283,7645,6274,13919,2020-09-01
L15,2586,2690,5276,7159,5465,12624,2020-09-01
L16,717,853,1570,5339,4908,10247,2020-09-01
L17,1656,1748,3404,7125,6060,13185,2020-09-01
L18,1336,1595,2931,8849,8131,16980,2020-09-01
L19,1579,1861,3440,7674,6680,14354,2020-09-01
L20,3296,3901,7197,8385,5860,14245,2020-09-01
L21,2036,2646,4682,6849,5285,12134,2020-09-01
L22,983,1096,2079,4437,3740,8177,2020-09-01
L23,1633,1939,3572,10981,10169,21150,2020-09-01
L24,1371,1912,3283,4677,3492,8169,2020-09-01
L25,2050,2433,4483,11649,10142,21791,2020-09-01
L26,1076,1335,2411,5137,4559,9696,2020-09-01
L27,550,811,1361,1773,1336,3109,2020-09-01
L28,658,870,1528,1698,1095,2793,2020-09-01
L29,24,23,47,211,199,410,2020-09-01
L30,1538,2043,3581,5659,4486,10145,2020-09-01
L31,1290,1439,2729,11370,10421,21791,2020-09-01
L32,1802,2352,4154,5835,4427,10262,2020-09-01
L33,1592,2163,3755,5083,3915,8998,2020-09-01
L34,692,779,1471,4679,3948,8627,2020-09-01
L35,1732,2419,4151,10481,8730,19211,2020-09-01
L36,3208,4329,7537,12479,10252,22731,2020-09-01
L37,865,982,1847,9024,8808,17832,2020-09-01
L38,94,90,184,1037,1048,2085,2020-09-01
L39,1093,1189,2282,9896,9401,19297,2020-09-01
L40,592,634,1226,7610,7138,14748,2020-09-01
L41,111,127,238,99,51,150,2020-09-01
L42,58,42,100,72,31,103,2020-09-01
L43,86,124,210,143,114,257,2020-09-01
L44,47,30,77,64,23,87,2020-09-01
L45,21,24,45,56,36,92,2020-09-01
L46,17,25,42,67,32,99,2020-09-01
L47,15,12,27,37,29,66,2020-09-01
L48,12,13,25,50,38,88,2020-09-01
L49,23,32,55,58,46,104,2020-09-01
L52,0,1,1,0,0,0,2020-09-01
L60,6,17,23,90,83,173,2020-09-01
L61,13,12,25,40,47,87,2020-09-01
L62,28,28,56,64,44,108,2020-09-01
L63,18,18,36,77,42,119,2020-09-01
L64,27,21,48,106,97,203,2020-09-01
L65,23,24,47,56,28,84,2020-09-01
L66,25,29,54,116,95,211,2020-09-01
L67,0,1,1,0,0,0,2020-09-01
L69,18,5,23,28,6,34,2020-09-01
L71,0,1,1,0,0,0,2020-09-01
LA0,0,0,0,0,1,1,2020-09-01
LA1,3480,4031,7511,14936,12671,27607,2020-09-01
LA2,651,765,1416,8453,8120,16573,2020-09-01
LA3,1476,1671,3147,8959,7797,16756,2020-09-01
LA4,1506,1770,3276,8597,7275,15872,2020-09-01
LA5,515,639,1154,6339,6125,12464,2020-09-01
LA6,313,394,707,5465,5440,10905,2020-09-01
LA7,139,160,299,2015,1948,3963,2020-09-01
LA8,192,228,420,3812,3671,7483,2020-09-01
LA9,1234,1481,2715,11430,10530,21960,2020-09-01
LA10,112,106,218,1381,1325,2706,2020-09-01
LA11,251,294,545,3997,3895,7892,2020-09-01
LA12,695,832,1527,7812,7164,14976,2020-09-01
LA13,1049,1264,2313,6714,5872,12586,2020-09-01
LA14,2594,3034,5628,11576,9263,20839,2020-09-01
LA15,339,460,799,2751,2428,5179,2020-09-01
LA16,105,139,244,1326,1166,2492,2020-09-01
LA17,20,39,59,498,463,961,2020-09-01
LA18,363,463,826,2850,2361,5211,2020-09-01
LA19,17,42,59,417,387,804,2020-09-01
LA20,19,35,54,526,495,1021,2020-09-01
LA21,31,43,74,411,375,786,2020-09-01
LA22,234,245,479,1808,1642,3450,2020-09-01
LA23,441,449,890,3285,2947,6232,2020-09-01
LD0,0,0,0,1,0,1,2020-09-01
LD1,360,451,811,4414,4007,8421,2020-09-01
LD2,145,177,322,2161,2028,4189,2020-09-01
LD3,772,813,1585,7473,6894,14367,2020-09-01
LD4,19,21,40,302,294,596,2020-09-01
LD5,28,42,70,439,395,834,2020-09-01
LD6,80,121,201,1067,962,2029,2020-09-01
LD7,126,174,300,1847,1631,3478,2020-09-01
LD8,104,128,232,1785,1703,3488,2020-09-01
LE1,1878,1698,3576,2845,1404,4249,2020-09-01
LE2,9628,10612,20240,35191,27831,63022,2020-09-01
LE3,8426,9594,18020,32685,24614,57299,2020-09-01
LE4,9799,11761,21560,32317,23879,56196,2020-09-01
LE5,9197,10373,19570,28295,20716,49011,2020-09-01
LE6,344,453,797,4756,4411,9167,2020-09-01
LE7,1397,1776,3173,19255,18044,37299,2020-09-01
LE8,1074,1393,2467,14954,14406,29360,2020-09-01
LE9,1875,2369,4244,22643,20838,43481,2020-09-01
LE10,1839,2194,4033,19667,17659,37326,2020-09-01
LE11,4031,4080,8111,19349,14908,34257,2020-09-01
LE12,2121,2598,4719,25639,24149,49788,2020-09-01
LE13,1121,1430,2551,9846,8653,18499,2020-09-01
LE14,427,531,958,7383,7064,14447,2020-09-01
LE15,1060,1363,2423,12973,12286,25259,2020-09-01
LE16,1270,1456,2726,14003,13383,27386,2020-09-01
LE17,611,706,1317,9025,8413,17438,2020-09-01
LE18,1455,1915,3370,11651,10175,21826,2020-09-01
LE19,480,662,1142,5921,5585,11506,2020-09-01
LE61,0,0,0,1,0,1,2020-09-01
LE62,0,1,1,0,0,0,2020-09-01
LE65,559,656,1215,6247,5757,12004,2020-09-01
LE67,2322,2970,5292,23524,20793,44317,2020-09-01
LL1,2,1,3,7,5,12,2020-09-01
LL2,0,0,0,3,0,3,2020-09-01
LL10,0,0,0,1,0,1,2020-09-01
LL11,1909,2423,4332,13257,11324,24581,2020-09-01
LL12,1235,1401,2636,10399,9481,19880,2020-09-01
LL13,2343,2684,5027,10853,8847,19700,2020-09-01
LL14,1724,2512,4236,10914,9069,19983,2020-09-01
LL15,389,455,844,3958,3758,7716,2020-09-01
LL16,665,822,1487,5549,5135,10684,2020-09-01
LL17,182,236,418,2123,2027,4150,2020-09-01
LL18,2632,3253,5885,13749,11822,25571,2020-09-01
LL19,980,1263,2243,7110,6311,13421,2020-09-01
LL20,371,361,732,3138,2758,5896,2020-09-01
LL21,206,261,467,2569,2310,4879,2020-09-01
LL22,687,877,1564,6860,6217,13077,2020-09-01
LL23,139,139,278,1557,1341,2898,2020-09-01
LL24,54,77,131,854,715,1569,2020-09-01
LL25,25,12,37,187,175,362,2020-09-01
LL26,182,240,422,1598,1385,2983,2020-09-01
LL27,33,51,84,318,273,591,2020-09-01
LL28,505,641,1146,5016,4821,9837,2020-09-01
LL29,1242,1446,2688,6732,5946,12678,2020-09-01
LL30,1141,1367,2508,7212,6400,13612,2020-09-01
LL31,402,499,901,3584,3435,7019,2020-09-01
LL32,295,378,673,2448,2294,4742,2020-09-01
LL33,197,229,426,1366,1257,2623,2020-09-01
LL34,194,287,481,1526,1405,2931,2020-09-01
LL35,21,30,51,293,243,536,2020-09-01
LL36,149,210,359,1647,1436,3083,2020-09-01
LL37,15,19,34,243,188,431,2020-09-01
LL38,17,39,56,276,216,492,2020-09-01
LL39,8,16,24,85,71,156,2020-09-01
LL40,162,193,355,1557,1377,2934,2020-09-01
LL41,320,438,758,2092,1712,3804,2020-09-01
LL42,139,175,314,772,633,1405,2020-09-01
LL43,14,16,30,210,187,397,2020-09-01
LL44,23,37,60,366,365,731,2020-09-01
LL45,29,16,45,245,222,467,2020-09-01
LL46,56,57,113,660,607,1267,2020-09-01
LL47,15,31,46,232,196,428,2020-09-01
LL48,101,119,220,886,801,1687,2020-09-01
LL49,224,211,435,1485,1246,2731,2020-09-01
LL51,26,28,54,340,287,627,2020-09-01
LL52,79,97,176,992,941,1933,2020-09-01
LL53,503,582,1085,6034,5548,11582,2020-09-01
LL54,464,510,974,4078,3698,7776,2020-09-01
LL55,1037,1248,2285,7222,6503,13725,2020-09-01
LL56,104,93,197,837,784,1621,2020-09-01
LL57,1834,1856,3690,7457,6341,13798,2020-09-01
LL58,147,194,341,1393,1245,2638,2020-09-01
LL59,273,254,527,2034,1941,3975,2020-09-01
LL60,103,114,217,1185,1103,2288,2020-09-01
LL61,207,226,433,2274,2182,4456,2020-09-01
LL62,62,50,112,713,659,1372,2020-09-01
LL63,49,58,107,501,438,939,2020-09-01
LL64,34,28,62,304,267,571,2020-09-01
LL65,1282,1512,2794,8149,7110,15259,2020-09-01
LL66,6,8,14,108,100,208,2020-09-01
LL67,50,76,126,498,445,943,2020-09-01
LL68,254,319,573,2258,1960,4218,2020-09-01
LL69,25,34,59,287,229,516,2020-09-01
LL70,9,12,21,111,112,223,2020-09-01
LL71,69,77,146,695,646,1341,2020-09-01
LL72,35,46,81,260,233,493,2020-09-01
LL73,1,2,3,92,92,184,2020-09-01
LL74,75,67,142,961,929,1890,2020-09-01
LL75,54,49,103,536,515,1051,2020-09-01
LL76,11,12,23,122,112,234,2020-09-01
LL77,280,385,665,2497,2343,4840,2020-09-01
LL78,15,18,33,196,208,404,2020-09-01
LN1,1285,1453,2738,9659,8461,18120,2020-09-01
LN2,2272,2699,4971,13253,11504,24757,2020-09-01
LN3,302,359,661,3892,3569,7461,2020-09-01
LN4,1320,1644,2964,15207,13883,29090,2020-09-01
LN5,2021,2176,4197,11284,9325,20609,2020-09-01
LN6,2613,3228,5841,21441,19367,40808,2020-09-01
LN7,206,247,453,2575,2370,4945,2020-09-01
LN8,567,696,1263,7016,6387,13403,2020-09-01
LN9,342,392,734,3846,3503,7349,2020-09-01
LN10,145,172,317,2473,2303,4776,2020-09-01
LN11,1097,1350,2447,10906,10143,21049,2020-09-01
LN12,581,697,1278,4861,3924,8785,2020-09-01
LN13,324,355,679,3162,2910,6072,2020-09-01
LS0,0,1,1,0,0,0,2020-09-01
LS1,301,315,616,864,505,1369,2020-09-01
LS2,974,812,1786,1369,661,2030,2020-09-01
LS3,354,347,701,538,287,825,2020-09-01
LS4,844,843,1687,2216,1585,3801,2020-09-01
LS5,625,774,1399,2374,1873,4247,2020-09-01
LS6,3423,3290,6713,8639,6416,15055,2020-09-01
LS7,3160,3658,6818,8508,6799,15307,2020-09-01
LS8,4743,5158,9901,14961,11687,26648,2020-09-01
LS9,4636,5325,9961,9311,5212,14523,2020-09-01
LS10,3032,4079,7111,10397,7520,17917,2020-09-01
LS11,4061,4518,8579,9260,5437,14697,2020-09-01
LS12,3360,4013,7373,12203,8918,21121,2020-09-01
LS13,2609,3524,6133,10899,8711,19610,2020-09-01
LS14,2758,3707,6465,10525,8435,18960,2020-09-01
LS15,1866,2292,4158,12586,10861,23447,2020-09-01
LS16,1776,2157,3933,13021,12184,25205,2020-09-01
LS17,1814,2432,4246,16832,15693,32525,2020-09-01
LS18,1300,1100,2400,8178,7111,15289,2020-09-01
LS19,831,1041,1872,7348,6861,14209,2020-09-01
LS20,526,567,1093,4765,4576,9341,2020-09-01
LS21,720,880,1600,6892,6522,13414,2020-09-01
LS22,492,594,1086,6494,6353,12847,2020-09-01
LS23,288,317,605,3422,3411,6833,2020-09-01
LS24,376,478,854,4722,4454,9176,2020-09-01
LS25,1571,2156,3727,15581,14168,29749,2020-09-01
LS26,1330,1855,3185,10964,9819,20783,2020-09-01
LS27,1875,2547,4422,12919,10844,23763,2020-09-01
LS28,1789,2422,4211,14263,12905,27168,2020-09-01
LS29,1105,1188,2293,12593,12451,25044,2020-09-01
LS42,0,0,0,0,1,1,2020-09-01
LS70,0,0,0,1,0,1,2020-09-01
LU1,6499,5706,12205,15065,9386,24451,2020-09-01
LU2,4317,5026,9343,21883,17416,39299,2020-09-01
LU3,5260,6494,11754,21831,16165,37996,2020-09-01
LU4,5341,6552,11893,17943,12128,30071,2020-09-01
LU5,2233,2792,5025,15043,12404,27447,2020-09-01
LU6,1352,1690,3042,13510,11927,25437,2020-09-01
LU7,2149,2578,4727,23115,21088,44203,2020-09-01
M0,18,7,25,23,12,35,2020-09-01
M1,1063,769,1832,2529,1270,3799,2020-09-01
M2,16,11,27,52,28,80,2020-09-01
M3,1235,1082,2317,3883,2240,6123,2020-09-01
M4,1115,948,2063,3743,2415,6158,2020-09-01
M4,0,0,0,1,0,1,2020-09-01
M5,1930,1990,3920,4917,3179,8096,2020-09-01
M6,3466,3440,6906,9634,6839,16473,2020-09-01
M7,3550,3077,6627,8319,5525,13844,2020-09-01
M8,4958,4539,9497,10106,5749,15855,2020-09-01
M9,4274,5198,9472,11285,8292,19577,2020-09-01
M10,82,67,149,63,21,84,2020-09-01
M11,2725,3282,6007,5803,3874,9677,2020-09-01
M12,3196,2714,5910,4891,2655,7546,2020-09-01
M13,3957,3218,7175,5936,3088,9024,2020-09-01
M14,6395,5478,11873,10684,6492,17176,2020-09-01
M15,2713,2151,4864,5497,3058,8555,2020-09-01
M16,3911,4196,8107,11301,8378,19679,2020-09-01
M17,3,5,8,14,4,18,2020-09-01
M18,2798,3239,6037,6199,4125,10324,2020-09-01
M19,4018,4045,8063,11324,8342,19666,2020-09-01
M20,3472,3766,7238,15724,13777,29501,2020-09-01
M21,2225,2494,4719,9903,8835,18738,2020-09-01
M22,3872,4734,8606,12242,9571,21813,2020-09-01
M23,2564,3168,5732,9411,7817,17228,2020-09-01
M24,3410,4104,7514,15762,12860,28622,2020-09-01
M25,1981,2239,4220,10953,9531,20484,2020-09-01
M26,2116,2651,4767,12089,10395,22484,2020-09-01
M27,2458,2942,5400,13711,11805,25516,2020-09-01
M28,1932,2247,4179,15258,14008,29266,2020-09-01
M29,1019,1207,2226,8753,7946,16699,2020-09-01
M30,2873,3283,6156,12014,9337,21351,2020-09-01
M31,718,886,1604,2506,2158,4664,2020-09-01
M32,2136,2541,4677,9454,8186,17640,2020-09-01
M33,3015,3378,6393,22335,20608,42943,2020-09-01
M34,2647,3199,5846,16360,14014,30374,2020-09-01
M35,1316,1579,2895,6883,5797,12680,2020-09-01
M38,1189,1582,2771,3700,2768,6468,2020-09-01
M39,0,1,1,1,0,1,2020-09-01
M40,4491,5328,9819,12006,8592,20598,2020-09-01
M41,1927,2213,4140,15104,14142,29246,2020-09-01
M43,1464,2051,3515,7791,6276,14067,2020-09-01
M44,1117,1434,2551,6751,5678,12429,2020-09-01
M45,1335,1664,2999,7866,7115,14981,2020-09-01
M46,1168,1454,2622,7561,6305,13866,2020-09-01
M47,1,0,1,0,0,0,2020-09-01
M50,339,338,677,1532,918,2450,2020-09-01
M51,0,0,0,1,0,1,2020-09-01
M52,0,0,0,1,0,1,2020-09-01
M54,0,0,0,1,0,1,2020-09-01
M60,38,16,54,61,14,75,2020-09-01
M61,0,0,0,1,1,2,2020-09-01
M70,2,0,2,5,1,6,2020-09-01
M73,0,0,0,1,0,1,2020-09-01
M74,0,0,0,2,0,2,2020-09-01
M87,0,1,1,0,0,0,2020-09-01
M90,1,0,1,1,0,1,2020-09-01
ME1,1836,2261,4097,11243,9733,20976,2020-09-01
ME2,2273,2899,5172,15079,12988,28067,2020-09-01
ME3,1100,1336,2436,11512,10558,22070,2020-09-01
ME4,2928,3168,6096,10104,7290,17394,2020-09-01
ME5,2508,3371,5879,19192,16883,36075,2020-09-01
ME6,503,655,1158,4024,3678,7702,2020-09-01
ME7,3939,4903,8842,16964,13531,30495,2020-09-01
ME8,2197,2687,4884,18651,16901,35552,2020-09-01
ME9,828,946,1774,9071,8350,17421,2020-09-01
ME10,2754,3280,6034,17491,15124,32615,2020-09-01
ME11,287,355,642,1214,979,2193,2020-09-01
ME12,2200,2838,5038,13941,11570,25511,2020-09-01
ME13,1364,1646,3010,10145,9373,19518,2020-09-01
ME14,1535,1716,3251,12349,10605,22954,2020-09-01
ME15,2714,3239,5953,18514,15789,34303,2020-09-01
ME16,1572,1980,3552,12101,10461,22562,2020-09-01
ME17,803,915,1718,10490,9676,20166,2020-09-01
ME18,234,251,485,2936,2757,5693,2020-09-01
ME19,752,918,1670,9388,9214,18602,2020-09-01
ME20,836,965,1801,8130,7641,15771,2020-09-01
ME21,0,0,0,1,0,1,2020-09-01
ME22,0,0,0,1,0,1,2020-09-01
ME24,0,1,1,3,5,8,2020-09-01
ME30,0,0,0,1,0,1,2020-09-01
ME37,0,0,0,0,1,1,2020-09-01
ME38,0,0,0,1,0,1,2020-09-01
ME50,0,0,0,1,0,1,2020-09-01
MK1,67,64,131,302,162,464,2020-09-01
MK2,1432,1858,3290,5015,3755,8770,2020-09-01
MK3,1440,1863,3303,9257,8232,17489,2020-09-01
MK4,1179,1503,2682,8193,7692,15885,2020-09-01
MK5,945,1076,2021,5665,5170,10835,2020-09-01
MK6,3607,4185,7792,9123,6258,15381,2020-09-01
MK7,805,964,1769,5681,5121,10802,2020-09-01
MK8,752,991,1743,5084,4506,9590,2020-09-01
MK9,531,468,999,1369,678,2047,2020-09-01
MK10,1043,1331,2374,7154,6516,13670,2020-09-01
MK11,549,728,1277,3420,3088,6508,2020-09-01
MK12,1170,1408,2578,4801,3700,8501,2020-09-01
MK13,1613,1845,3458,6789,5374,12163,2020-09-01
MK14,1825,2162,3987,7648,5905,13553,2020-09-01
MK15,406,446,852,2803,2647,5450,2020-09-01
MK16,754,887,1641,7323,6845,14168,2020-09-01
MK17,537,606,1143,7869,7712,15581,2020-09-01
MK18,1536,1616,3152,12947,12436,25383,2020-09-01
MK19,390,461,851,4897,4637,9534,2020-09-01
MK20,0,1,1,0,0,0,2020-09-01
MK34,1,0,1,1,0,1,2020-09-01
MK40,3031,2973,6004,12087,9092,21179,2020-09-01
MK41,2370,2711,5081,15454,14116,29570,2020-09-01
MK42,3504,4704,8208,17697,14222,31919,2020-09-01
MK43,1449,1464,2913,15434,14843,30277,2020-09-01
MK44,479,490,969,6804,6643,13447,2020-09-01
MK45,1545,1711,3256,19000,18009,37009,2020-09-01
MK46,274,338,612,3646,3524,7170,2020-09-01
ML1,3303,4286,7589,18650,15523,34173,2020-09-01
ML2,2344,2902,5246,12448,10330,22778,2020-09-01
ML3,3056,3859,6915,17607,14851,32458,2020-09-01
ML4,1519,2008,3527,6805,5503,12308,2020-09-01
ML5,3014,3815,6829,14420,11820,26240,2020-09-01
ML6,3057,3975,7032,18265,15518,33783,2020-09-01
ML7,772,1033,1805,5062,4212,9274,2020-09-01
ML8,700,1006,1706,7180,6583,13763,2020-09-01
ML9,1247,1689,2936,8090,7020,15110,2020-09-01
ML10,422,495,917,4370,4201,8571,2020-09-01
ML11,1372,1918,3290,12620,11188,23808,2020-09-01
ML12,236,411,647,3589,3282,6871,2020-09-01
N0,1,0,1,1,0,1,2020-09-01
N1,11143,12264,23407,26012,18852,44864,2020-09-01
N1,86,132,218,268,191,459,2020-09-01
N1,0,1,1,0,1,1,2020-09-01
N1,0,1,1,0,0,0,2020-09-01
N1,1,0,1,0,0,0,2020-09-01
N1,0,0,0,0,1,1,2020-09-01
N2,2333,2527,4860,9098,8122,17220,2020-09-01
N2,0,0,0,0,1,1,2020-09-01
N3,2565,2826,5391,11618,9949,21567,2020-09-01
N4,7713,7395,15108,15819,11068,26887,2020-09-01
N5,2623,2919,5542,7739,6235,13974,2020-09-01
N6,1546,1843,3389,7137,6367,13504,2020-09-01
N7,6374,6711,13085,13399,9301,22700,2020-09-01
N8,4995,4963,9958,13388,10662,24050,2020-09-01
N9,7313,8459,15772,15657,11043,26700,2020-09-01
N10,2651,3021,5672,9377,8302,17679,2020-09-01
N11,3208,3485,6693,10859,8272,19131,2020-09-01
N12,2874,3177,6051,12474,10446,22920,2020-09-01
N13,3513,3533,7046,12324,9387,21711,2020-09-01
N14,2208,2583,4791,12156,10156,22312,2020-09-01
N15,8612,7651,16263,13674,7964,21638,2020-09-01
N16,9634,8908,18542,17901,11985,29886,2020-09-01
N17,12699,12465,25164,19030,11687,30717,2020-09-01
N18,5122,5653,10775,9836,6559,16395,2020-09-01
N19,4446,5092,9538,10001,7741,17742,2020-09-01
N20,1432,1586,3018,8069,7411,15480,2020-09-01
N21,1362,1547,2909,9076,8323,17399,2020-09-01
N22,6849,6518,13367,14720,9710,24430,2020-09-01
NE1,913,668,1581,1859,813,2672,2020-09-01
NE2,1622,1418,3040,5542,4066,9608,2020-09-01
NE2,0,0,0,1,0,1,2020-09-01
NE3,3058,3784,6842,17801,15445,33246,2020-09-01
NE4,5357,4556,9913,9347,4982,14329,2020-09-01
NE5,3195,4367,7562,14483,11151,25634,2020-09-01
NE6,4589,5228,9817,11847,8296,20143,2020-09-01
NE7,842,1059,1901,5250,4459,9709,2020-09-01
NE8,3300,3240,6540,8282,4912,13194,2020-09-01
NE9,2265,2951,5216,11131,8843,19974,2020-09-01
NE10,2386,3174,5560,9969,7309,17278,2020-09-01
NE11,961,1300,2261,5135,3996,9131,2020-09-01
NE12,2005,2700,4705,11523,9816,21339,2020-09-01
NE13,624,761,1385,6492,6120,12612,2020-09-01
NE15,2248,2888,5136,10218,8029,18247,2020-09-01
NE16,1020,1445,2465,8774,7655,16429,2020-09-01
NE17,263,348,611,1483,1224,2707,2020-09-01
NE18,24,27,51,391,378,769,2020-09-01
NE19,40,73,113,868,825,1693,2020-09-01
NE20,339,363,702,5088,5029,10117,2020-09-01
NE21,968,1317,2285,5668,4540,10208,2020-09-01
NE22,874,1073,1947,6051,5291,11342,2020-09-01
NE23,1868,2643,4511,13547,11629,25176,2020-09-01
NE24,2143,2972,5115,12555,10444,22999,2020-09-01
NE25,1255,1565,2820,10889,10152,21041,2020-09-01
NE26,895,959,1854,6858,6455,13313,2020-09-01
NE27,707,1002,1709,4997,4458,9455,2020-09-01
NE28,3200,4284,7484,13483,10529,24012,2020-09-01
NE29,2565,3209,5774,10284,8295,18579,2020-09-01
NE30,926,1086,2012,7848,7289,15137,2020-09-01
NE31,1334,1714,3048,6662,5417,12079,2020-09-01
NE32,1675,2188,3863,7384,5792,13176,2020-09-01
NE33,2298,2204,4502,7970,5652,13622,2020-09-01
NE34,3262,4212,7474,15599,12751,28350,2020-09-01
NE35,372,492,864,2076,1707,3783,2020-09-01
NE36,254,306,560,2451,2352,4803,2020-09-01
NE37,1407,1951,3358,5880,4617,10497,2020-09-01
NE38,1847,2485,4332,10813,9126,19939,2020-09-01
NE39,363,512,875,3057,2648,5705,2020-09-01
NE40,689,1001,1690,5338,4680,10018,2020-09-01
NE41,75,68,143,896,829,1725,2020-09-01
NE42,580,840,1420,4292,3920,8212,2020-09-01
NE43,121,141,262,1784,1758,3542,2020-09-01
NE44,25,27,52,426,439,865,2020-09-01
NE45,106,148,254,1420,1391,2811,2020-09-01
NE46,606,748,1354,5601,5326,10927,2020-09-01
NE47,250,300,550,3099,2953,6052,2020-09-01
NE48,123,167,290,1738,1543,3281,2020-09-01
NE49,152,252,404,1573,1267,2840,2020-09-01
NE55,0,0,0,1,0,1,2020-09-01
NE61,1164,1594,2758,12646,11727,24373,2020-09-01
NE62,416,574,990,3201,2703,5904,2020-09-01
NE63,1720,2247,3967,8726,6949,15675,2020-09-01
NE64,348,498,846,1874,1457,3331,2020-09-01
NE65,662,883,1545,7866,7287,15153,2020-09-01
NE66,566,779,1345,6586,6083,12669,2020-09-01
NE67,23,19,42,375,379,754,2020-09-01
NE68,56,57,113,695,635,1330,2020-09-01
NE69,9,11,20,135,144,279,2020-09-01
NE70,55,76,131,704,666,1370,2020-09-01
NE71,88,113,201,1149,1060,2209,2020-09-01
NE99,4,0,4,4,0,4,2020-09-01
NG1,1134,991,2125,2145,1161,3306,2020-09-01
NG1,0,0,0,0,1,1,2020-09-01
NG2,4084,4473,8557,18487,15357,33844,2020-09-01
NG3,4006,5051,9057,14853,11443,26296,2020-09-01
NG4,2167,2812,4979,13882,11982,25864,2020-09-01
NG5,5883,7840,13723,27600,23418,51018,2020-09-01
NG6,3049,4164,7213,10556,8195,18751,2020-09-01
NG7,5991,5537,11528,10582,5665,16247,2020-09-01
NG8,5026,6830,11856,19047,14880,33927,2020-09-01
NG9,4071,4687,8758,24891,21377,46268,2020-09-01
NG10,2468,3040,5508,16512,14284,30796,2020-09-01
NG11,2352,3039,5391,12205,10119,22324,2020-09-01
NG12,1239,1519,2758,13190,12509,25699,2020-09-01
NG13,671,798,1469,8408,8106,16514,2020-09-01
NG14,597,736,1333,7496,7071,14567,2020-09-01
NG15,1908,2602,4510,15593,13629,29222,2020-09-01
NG16,2672,3530,6202,23413,20347,43760,2020-09-01
NG17,3787,4708,8495,24808,20921,45729,2020-09-01
NG18,2638,2855,5493,14440,12129,26569,2020-09-01
NG19,2596,3284,5880,18493,15577,34070,2020-09-01
NG20,1550,2113,3663,8854,7000,15854,2020-09-01
NG21,963,1245,2208,8541,7644,16185,2020-09-01
NG22,1113,1441,2554,10474,9415,19889,2020-09-01
NG23,440,483,923,7540,7357,14897,2020-09-01
NG24,2456,3060,5516,16433,13853,30286,2020-09-01
NG25,294,343,637,3348,3318,6666,2020-09-01
NG31,2477,3133,5610,16171,13511,29682,2020-09-01
NG32,386,419,805,5530,5234,10764,2020-09-01
NG33,295,347,642,4078,3838,7916,2020-09-01
NG34,1583,1812,3395,15960,14763,30723,2020-09-01
NG36,0,0,0,1,0,1,2020-09-01
NG54,0,1,1,0,0,0,2020-09-01
NG56,0,0,0,1,0,1,2020-09-01
NN1,3943,3472,7415,10457,6519,16976,2020-09-01
NN2,3005,3160,6165,13853,10952,24805,2020-09-01
NN3,5303,6432,11735,27120,22532,49652,2020-09-01
NN4,2546,3024,5570,18409,16378,34787,2020-09-01
NN5,2546,3085,5631,15070,12286,27356,2020-09-01
NN6,1017,1119,2136,14890,14345,29235,2020-09-01
NN7,836,987,1823,12047,11505,23552,2020-09-01
NN8,3686,4261,7947,18130,14520,32650,2020-09-01
NN9,1036,1282,2318,10864,9806,20670,2020-09-01
NN10,1667,2063,3730,14991,13409,28400,2020-09-01
NN11,1881,2365,4246,15341,13151,28492,2020-09-01
NN12,795,924,1719,10409,9726,20135,2020-09-01
NN13,644,803,1447,8428,7889,16317,2020-09-01
NN14,1383,1694,3077,17893,16718,34611,2020-09-01
NN15,1563,1938,3501,14658,13311,27969,2020-09-01
NN16,2258,2610,4868,10329,7780,18109,2020-09-01
NN17,2069,2438,4507,10816,8672,19488,2020-09-01
NN18,2839,3504,6343,12579,9916,22495,2020-09-01
NN28,1,0,1,0,0,0,2020-09-01
NN29,373,427,800,4512,4270,8782,2020-09-01
NO3,0,1,1,0,0,0,2020-09-01
NP0,0,0,0,0,1,1,2020-09-01
NP1,84,92,176,201,132,333,2020-09-01
NP1,0,0,0,0,1,1,2020-09-01
NP2,31,26,57,115,67,182,2020-09-01
NP2,0,0,0,1,0,1,2020-09-01
NP3,36,39,75,109,60,169,2020-09-01
NP4,1881,2585,4466,15858,13927,29785,2020-09-01
NP5,11,13,24,44,36,80,2020-09-01
NP6,32,33,65,140,77,217,2020-09-01
NP7,931,1152,2083,10197,9628,19825,2020-09-01
NP8,140,198,338,2142,2089,4231,2020-09-01
NP9,70,41,111,160,70,230,2020-09-01
NP10,965,1206,2171,9297,8796,18093,2020-09-01
NP11,1788,2335,4123,12615,10667,23282,2020-09-01
NP12,1507,1987,3494,11456,10057,21513,2020-09-01
NP13,956,1380,2336,6447,5042,11489,2020-09-01
NP15,139,168,307,3222,3099,6321,2020-09-01
NP16,892,1060,1952,9068,8375,17443,2020-09-01
NP18,585,700,1285,6514,6149,12663,2020-09-01
NP19,4053,4792,8845,17348,13674,31022,2020-09-01
NP20,3678,4339,8017,16535,13128,29663,2020-09-01
NP21,0,0,0,1,0,1,2020-09-01
NP22,1183,1576,2759,7040,5743,12783,2020-09-01
NP23,1615,2197,3812,10893,8864,19757,2020-09-01
NP24,317,386,703,1443,1079,2522,2020-09-01
NP25,547,576,1123,6112,5764,11876,2020-09-01
NP26,798,1014,1812,8926,8142,17068,2020-09-01
NP42,0,0,0,1,0,1,2020-09-01
NP44,2516,3181,5697,16603,14348,30951,2020-09-01
NR0,0,0,0,0,1,1,2020-09-01
NR1,2009,2130,4139,8673,6690,15363,2020-09-01
NR2,1769,2005,3774,7873,6873,14746,2020-09-01
NR3,2690,2953,5643,10506,7999,18505,2020-09-01
NR4,1220,1438,2658,7171,6616,13787,2020-09-01
NR5,2026,2413,4439,8891,7390,16281,2020-09-01
NR6,923,1136,2059,9170,8223,17393,2020-09-01
NR7,1273,1532,2805,12466,11341,23807,2020-09-01
NR8,682,802,1484,8404,8061,16465,2020-09-01
NR9,499,583,1082,7328,7090,14418,2020-09-01
NR10,644,783,1427,9089,8711,17800,2020-09-01
NR11,555,680,1235,7312,6963,14275,2020-09-01
NR12,619,694,1313,8467,7916,16383,2020-09-01
NR13,752,863,1615,10982,10588,21570,2020-09-01
NR14,768,768,1536,10252,9994,20246,2020-09-01
NR15,451,543,994,6292,6126,12418,2020-09-01
NR16,323,398,721,5140,4933,10073,2020-09-01
NR17,561,645,1206,6567,6029,12596,2020-09-01
NR18,664,797,1461,7355,7111,14466,2020-09-01
NR19,824,1005,1829,7261,6522,13783,2020-09-01
NR20,573,646,1219,7716,7279,14995,2020-09-01
NR21,529,644,1173,6195,5712,11907,2020-09-01
NR22,35,50,85,327,314,641,2020-09-01
NR23,123,135,258,1091,998,2089,2020-09-01
NR24,130,142,272,1733,1641,3374,2020-09-01
NR25,316,321,637,3263,3081,6344,2020-09-01
NR26,303,375,678,2915,2744,5659,2020-09-01
NR27,533,563,1096,4081,3748,7829,2020-09-01
NR28,658,744,1402,6368,5964,12332,2020-09-01
NR29,639,789,1428,8327,7652,15979,2020-09-01
NR30,2467,2603,5070,9154,6697,15851,2020-09-01
NR31,2653,3198,5851,17111,14513,31624,2020-09-01
NR32,2203,2414,4617,13509,11676,25185,2020-09-01
NR33,1798,2073,3871,13938,12452,26390,2020-09-01
NR34,722,903,1625,8599,7886,16485,2020-09-01
NR35,370,443,813,4241,3910,8151,2020-09-01
NW0,3,1,4,3,1,4,2020-09-01
NW1,7549,8203,15752,16347,10961,27308,2020-09-01
NW1,0,1,1,0,0,0,2020-09-01
NW2,11974,10594,22568,25806,16898,42704,2020-09-01
NW3,5082,5984,11066,19646,16584,36230,2020-09-01
NW4,4021,4033,8054,13404,10176,23580,2020-09-01
NW5,3567,4065,7632,8345,6661,15006,2020-09-01
NW5,0,1,1,0,0,0,2020-09-01
NW6,9059,9082,18141,22199,17067,39266,2020-09-01
NW7,2135,2559,4694,10811,9533,20344,2020-09-01
NW8,4185,5008,9193,12387,9492,21879,2020-09-01
NW9,10224,10114,20338,27639,18367,46006,2020-09-01
NW10,18348,16663,35011,31017,20203,51220,2020-09-01
NW11,3810,3662,7472,14024,12138,26162,2020-09-01
NW12,3,1,4,0,1,1,2020-09-01
NW13,0,1,1,2,1,3,2020-09-01
NW14,1,0,1,1,0,1,2020-09-01
NW15,0,0,0,2,0,2,2020-09-01
NW16,4,1,5,3,0,3,2020-09-01
NW17,0,0,0,2,1,3,2020-09-01
NW18,1,0,1,1,1,2,2020-09-01
NW19,0,1,1,1,1,2,2020-09-01
NW20,1,1,2,1,0,1,2020-09-01
NW21,1,0,1,0,0,0,2020-09-01
NW22,1,0,1,2,0,2,2020-09-01
NW24,1,0,1,0,0,0,2020-09-01
NW25,0,0,0,0,1,1,2020-09-01
NW26,1,1,2,0,0,0,2020-09-01
NW28,0,0,0,0,1,1,2020-09-01
NW41,1,0,1,0,0,0,2020-09-01
NW43,0,0,0,1,0,1,2020-09-01
NW44,2,0,2,0,0,0,2020-09-01
NW51,1,0,1,0,0,0,2020-09-01
NW70,1,0,1,0,0,0,2020-09-01
NW77,0,1,1,0,0,0,2020-09-01
NW96,0,0,0,1,0,1,2020-09-01
NW99,2,0,2,0,0,0,2020-09-01
OL0,1,0,1,0,0,0,2020-09-01
OL1,2155,2513,4668,6087,4409,10496,2020-09-01
OL1,1,0,1,0,0,0,2020-09-01
OL2,2092,2598,4690,14479,12733,27212,2020-09-01
OL3,563,546,1109,6035,5819,11854,2020-09-01
OL4,3049,3665,6714,14358,11249,25607,2020-09-01
OL5,565,703,1268,3990,3504,7494,2020-09-01
OL6,2257,2698,4955,9207,6909,16116,2020-09-01
OL7,1225,1594,2819,5399,4046,9445,2020-09-01
OL8,3748,4639,8387,11676,7804,19480,2020-09-01
OL9,3194,3736,6930,12880,9593,22473,2020-09-01
OL10,1955,2405,4360,9248,7685,16933,2020-09-01
OL11,3281,4048,7329,14757,11702,26459,2020-09-01
OL12,2855,3497,6352,15365,12904,28269,2020-09-01
OL13,867,1108,1975,5606,4838,10444,2020-09-01
OL14,849,1133,1982,5241,4697,9938,2020-09-01
OL15,633,753,1386,5490,4922,10412,2020-09-01
OL16,2742,3274,6016,12196,9678,21874,2020-09-01
OX0,1,1,2,0,0,0,2020-09-01
OX1,1779,1456,3235,6086,4780,10866,2020-09-01
OX2,3181,3403,6584,13306,12154,25460,2020-09-01
OX3,3681,4424,8105,13462,11193,24655,2020-09-01
OX4,6363,6472,12835,17874,13565,31439,2020-09-01
OX5,1493,1529,3022,9132,8163,17295,2020-09-01
OX6,32,25,57,68,58,126,2020-09-01
OX7,890,1115,2005,9467,9119,18586,2020-09-01
OX8,47,46,93,151,118,269,2020-09-01
OX9,597,664,1261,5969,5707,11676,2020-09-01
OX10,1171,1349,2520,10319,9729,20048,2020-09-01
OX11,1723,2246,3969,15228,13548,28776,2020-09-01
OX12,1115,1350,2465,10653,9768,20421,2020-09-01
OX13,523,670,1193,5971,5641,11612,2020-09-01
OX14,2227,2595,4822,16822,15064,31886,2020-09-01
OX15,641,710,1351,8401,8276,16677,2020-09-01
OX16,3133,3875,7008,16904,13458,30362,2020-09-01
OX17,493,613,1106,7435,7200,14635,2020-09-01
OX18,931,1234,2165,9769,8987,18756,2020-09-01
OX20,205,251,456,1923,1949,3872,2020-09-01
OX23,0,0,0,1,0,1,2020-09-01
OX25,379,534,913,4274,4107,8381,2020-09-01
OX26,1910,2386,4296,12920,11239,24159,2020-09-01
OX27,248,312,560,2905,2870,5775,2020-09-01
OX28,1335,1583,2918,9796,8968,18764,2020-09-01
OX29,905,1047,1952,9881,9488,19369,2020-09-01
OX33,301,333,634,3120,2971,6091,2020-09-01
OX39,188,244,432,3307,3181,6488,2020-09-01
OX44,233,365,598,3326,3194,6520,2020-09-01
OX49,134,157,291,1700,1724,3424,2020-09-01
PA0,0,0,0,1,0,1,2020-09-01
PA1,1619,1678,3297,6905,5542,12447,2020-09-01
PA2,2304,2990,5294,13070,11468,24538,2020-09-01
PA3,2038,2456,4494,6862,5343,12205,2020-09-01
PA4,1420,1796,3216,8448,7409,15857,2020-09-01
PA5,1434,1849,3283,6941,5867,12808,2020-09-01
PA6,156,215,371,2657,2636,5293,2020-09-01
PA7,231,284,515,3253,3143,6396,2020-09-01
PA8,771,952,1723,5236,4783,10019,2020-09-01
PA9,60,84,144,739,693,1432,2020-09-01
PA10,148,204,352,1443,1383,2826,2020-09-01
PA11,223,270,493,2233,2178,4411,2020-09-01
PA12,141,192,333,1246,1210,2456,2020-09-01
PA13,147,160,307,1768,1831,3599,2020-09-01
PA14,1239,1541,2780,4730,4004,8734,2020-09-01
PA15,1401,1648,3049,4397,3494,7891,2020-09-01
PA16,2011,2253,4264,8921,7997,16918,2020-09-01
PA17,88,84,172,883,839,1722,2020-09-01
PA18,79,106,185,1018,988,2006,2020-09-01
PA19,551,640,1191,4041,3681,7722,2020-09-01
PA20,332,438,770,2058,1692,3750,2020-09-01
PA21,44,29,73,328,287,615,2020-09-01
PA22,16,6,22,136,137,273,2020-09-01
PA23,733,899,1632,4271,3956,8227,2020-09-01
PA24,20,20,40,219,163,382,2020-09-01
PA25,2,4,6,27,25,52,2020-09-01
PA26,9,6,15,54,44,98,2020-09-01
PA27,18,34,52,290,287,577,2020-09-01
PA28,400,454,854,2505,2156,4661,2020-09-01
PA29,98,99,197,894,781,1675,2020-09-01
PA30,67,66,133,486,482,968,2020-09-01
PA31,204,254,458,2028,1820,3848,2020-09-01
PA32,45,65,110,476,433,909,2020-09-01
PA33,40,37,77,302,264,566,2020-09-01
PA34,645,715,1360,3695,3256,6951,2020-09-01
PA35,49,79,128,583,548,1131,2020-09-01
PA36,2,1,3,20,15,35,2020-09-01
PA37,139,152,291,1181,1113,2294,2020-09-01
PA38,32,33,65,357,349,706,2020-09-01
PA39,3,0,3,2,4,6,2020-09-01
PA40,1,2,3,5,2,7,2020-09-01
PA41,10,11,21,60,56,116,2020-09-01
PA42,48,76,124,418,351,769,2020-09-01
PA43,52,60,112,297,274,571,2020-09-01
PA44,5,12,17,121,111,232,2020-09-01
PA45,10,7,17,62,46,108,2020-09-01
PA46,7,9,16,64,68,132,2020-09-01
PA47,5,8,13,64,59,123,2020-09-01
PA48,22,14,36,114,125,239,2020-09-01
PA49,7,11,18,74,69,143,2020-09-01
PA60,8,14,22,89,74,163,2020-09-01
PA61,5,13,18,57,55,112,2020-09-01
PA62,2,3,5,11,8,19,2020-09-01
PA63,1,0,1,3,2,5,2020-09-01
PA64,3,3,6,47,51,98,2020-09-01
PA65,10,9,19,87,90,177,2020-09-01
PA66,7,9,16,74,73,147,2020-09-01
PA67,17,16,33,100,93,193,2020-09-01
PA68,0,0,0,5,3,8,2020-09-01
PA69,1,1,2,9,8,17,2020-09-01
PA70,3,3,6,26,29,55,2020-09-01
PA71,1,0,1,24,14,38,2020-09-01
PA72,18,18,36,197,184,381,2020-09-01
PA73,3,2,5,24,21,45,2020-09-01
PA74,0,3,3,15,11,26,2020-09-01
PA75,75,80,155,567,557,1124,2020-09-01
PA76,6,5,11,58,66,124,2020-09-01
PA77,21,33,54,251,256,507,2020-09-01
PA78,10,12,22,73,72,145,2020-09-01
PA80,15,13,28,124,95,219,2020-09-01
PA81,3,6,9,13,8,21,2020-09-01
PA82,5,5,10,11,11,22,2020-09-01
PA83,0,0,0,1,1,2,2020-09-01
PA84,0,1,1,1,0,1,2020-09-01
PA85,3,3,6,2,5,7,2020-09-01
PA86,21,33,54,62,63,125,2020-09-01
PA87,26,36,62,39,32,71,2020-09-01
PA88,4,2,6,7,4,11,2020-09-01
PE1,5286,5333,10619,16042,10122,26164,2020-09-01
PE2,3131,3935,7066,17431,14310,31741,2020-09-01
PE3,2442,3162,5604,10324,7546,17870,2020-09-01
PE4,1585,2051,3636,10307,8840,19147,2020-09-01
PE5,35,42,77,625,600,1225,2020-09-01
PE6,1191,1557,2748,15080,14265,29345,2020-09-01
PE7,1840,2391,4231,17618,15921,33539,2020-09-01
PE8,621,743,1364,7110,6647,13757,2020-09-01
PE9,1285,1585,2870,12261,11799,24060,2020-09-01
PE10,825,1049,1874,9284,8742,18026,2020-09-01
PE11,2013,2288,4301,16872,14024,30896,2020-09-01
PE12,1341,1649,2990,16151,14279,30430,2020-09-01
PE13,2046,2191,4237,12972,10783,23755,2020-09-01
PE14,694,822,1516,8935,8215,17150,2020-09-01
PE15,1191,1510,2701,11112,9979,21091,2020-09-01
PE16,385,512,897,4196,3672,7868,2020-09-01
PE17,58,43,101,135,84,219,2020-09-01
PE18,50,77,127,102,82,184,2020-09-01
PE19,1942,2263,4205,17129,15703,32832,2020-09-01
PE20,526,623,1149,5765,5236,11001,2020-09-01
PE21,2876,2916,5792,14638,11641,26279,2020-09-01
PE22,529,605,1134,6830,6212,13042,2020-09-01
PE23,297,336,633,3442,3173,6615,2020-09-01
PE24,486,578,1064,4751,4009,8760,2020-09-01
PE25,1414,1547,2961,7307,5889,13196,2020-09-01
PE26,412,537,949,4588,4138,8726,2020-09-01
PE27,941,1144,2085,7759,6860,14619,2020-09-01
PE28,1550,1856,3406,19380,18658,38038,2020-09-01
PE29,1879,2309,4188,10470,8840,19310,2020-09-01
PE30,2888,3219,6107,14584,12444,27028,2020-09-01
PE31,496,573,1069,7606,7266,14872,2020-09-01
PE32,445,497,942,6354,6063,12417,2020-09-01
PE33,456,562,1018,6001,5608,11609,2020-09-01
PE34,466,573,1039,5627,5188,10815,2020-09-01
PE35,2,1,3,36,35,71,2020-09-01
PE36,245,266,511,2254,2123,4377,2020-09-01
PE37,377,521,898,4213,3811,8024,2020-09-01
PE38,519,629,1148,5909,5279,11188,2020-09-01
PE99,0,0,0,1,0,1,2020-09-01
PH1,2476,3214,5690,14538,12413,26951,2020-09-01
PH2,1630,1815,3445,12809,11876,24685,2020-09-01
PH3,253,308,561,2607,2512,5119,2020-09-01
PH4,38,51,89,359,361,720,2020-09-01
PH5,21,57,78,328,300,628,2020-09-01
PH6,80,92,172,994,974,1968,2020-09-01
PH7,388,474,862,3290,3046,6336,2020-09-01
PH8,90,99,189,783,761,1544,2020-09-01
PH9,17,38,55,359,335,694,2020-09-01
PH10,462,530,992,4206,3840,8046,2020-09-01
PH11,140,190,330,1336,1156,2492,2020-09-01
PH12,51,75,126,801,715,1516,2020-09-01
PH13,186,212,398,1603,1395,2998,2020-09-01
PH14,48,71,119,829,820,1649,2020-09-01
PH15,167,207,374,1392,1219,2611,2020-09-01
PH16,170,194,364,1516,1385,2901,2020-09-01
PH17,10,5,15,72,66,138,2020-09-01
PH18,27,40,67,307,256,563,2020-09-01
PH19,1,4,5,42,36,78,2020-09-01
PH20,61,83,144,607,556,1163,2020-09-01
PH21,92,105,197,844,760,1604,2020-09-01
PH22,200,253,453,1234,1120,2354,2020-09-01
PH23,27,32,59,315,320,635,2020-09-01
PH24,19,25,44,303,282,585,2020-09-01
PH25,27,29,56,370,358,728,2020-09-01
PH26,160,168,328,1456,1331,2787,2020-09-01
PH30,0,0,0,6,4,10,2020-09-01
PH31,21,22,43,229,241,470,2020-09-01
PH32,35,42,77,276,236,512,2020-09-01
PH33,701,911,1612,4228,3564,7792,2020-09-01
PH34,33,48,81,438,403,841,2020-09-01
PH35,28,20,48,135,110,245,2020-09-01
PH36,34,58,92,526,491,1017,2020-09-01
PH37,5,12,17,63,49,112,2020-09-01
PH38,10,11,21,79,79,158,2020-09-01
PH39,23,22,45,169,168,337,2020-09-01
PH40,21,21,42,126,102,228,2020-09-01
PH41,69,59,128,355,312,667,2020-09-01
PH42,2,7,9,40,33,73,2020-09-01
PH43,1,2,3,8,8,16,2020-09-01
PH44,3,0,3,4,6,10,2020-09-01
PH49,41,60,101,427,370,797,2020-09-01
PH50,48,82,130,315,234,549,2020-09-01
PL0,0,1,1,0,0,0,2020-09-01
PL1,2329,2352,4681,7097,4671,11768,2020-09-01
PL2,2351,2806,5157,9840,8115,17955,2020-09-01
PL3,1797,2192,3989,10605,9404,20009,2020-09-01
PL4,3074,2719,5793,8622,5913,14535,2020-09-01
PL5,2850,3815,6665,13436,11266,24702,2020-09-01
PL6,1992,2537,4529,15085,13498,28583,2020-09-01
PL7,1182,1483,2665,11536,10976,22512,2020-09-01
PL8,202,175,377,2458,2476,4934,2020-09-01
PL9,1051,1284,2335,11350,10720,22070,2020-09-01
PL10,153,189,342,1289,1190,2479,2020-09-01
PL11,523,683,1206,3839,3413,7252,2020-09-01
PL12,903,1047,1950,8283,7750,16033,2020-09-01
PL13,384,470,854,3806,3440,7246,2020-09-01
PL14,934,1231,2165,9085,8542,17627,2020-09-01
PL15,635,816,1451,8050,7533,15583,2020-09-01
PL16,51,61,112,840,790,1630,2020-09-01
PL17,343,364,707,4027,3704,7731,2020-09-01
PL18,172,237,409,2076,1989,4065,2020-09-01
PL19,623,676,1299,6215,6033,12248,2020-09-01
PL20,431,500,931,4681,4550,9231,2020-09-01
PL21,629,726,1355,7112,7012,14124,2020-09-01
PL22,136,154,290,1419,1435,2854,2020-09-01
PL23,133,152,285,1216,1183,2399,2020-09-01
PL24,439,577,1016,3799,3599,7398,2020-09-01
PL25,1270,1407,2677,9350,8523,17873,2020-09-01
PL26,1181,1276,2457,10684,9657,20341,2020-09-01
PL27,403,494,897,4667,4574,9241,2020-09-01
PL28,204,206,410,1562,1509,3071,2020-09-01
PL29,36,26,62,356,362,718,2020-09-01
PL30,275,289,564,4408,4220,8628,2020-09-01
PL31,821,972,1793,5433,4769,10202,2020-09-01
PL32,147,209,356,1676,1593,3269,2020-09-01
PL33,83,69,152,753,726,1479,2020-09-01
PL34,69,82,151,703,663,1366,2020-09-01
PL35,32,36,68,414,396,810,2020-09-01
PO1,2883,3270,6153,7004,4611,11615,2020-09-01
PO2,3463,4209,7672,13252,10117,23369,2020-09-01
PO3,1275,1468,2743,6997,5916,12913,2020-09-01
PO4,2955,3335,6290,13201,10614,23815,2020-09-01
PO5,2715,2605,5320,7777,5410,13187,2020-09-01
PO6,2709,3214,5923,14185,12226,26411,2020-09-01
PO7,1686,2076,3762,16245,15159,31404,2020-09-01
PO8,1271,1556,2827,13892,12987,26879,2020-09-01
PO9,3178,4161,7339,16485,14480,30965,2020-09-01
PO10,678,793,1471,7312,7038,14350,2020-09-01
PO11,664,716,1380,7123,6656,13779,2020-09-01
PO12,2690,3147,5837,16101,14008,30109,2020-09-01
PO13,2005,2562,4567,12154,11156,23310,2020-09-01
PO14,1217,1358,2575,12572,12031,24603,2020-09-01
PO15,885,946,1831,8614,8061,16675,2020-09-01
PO16,1270,1370,2640,12276,11276,23552,2020-09-01
PO17,237,235,472,2785,2581,5366,2020-09-01
PO18,482,537,1019,5831,5742,11573,2020-09-01
PO19,1776,1980,3756,10561,10114,20675,2020-09-01
PO20,1249,1390,2639,13523,12975,26498,2020-09-01
PO21,2186,2174,4360,14554,12957,27511,2020-09-01
PO22,1215,1414,2629,11703,11084,22787,2020-09-01
PO30,1567,1793,3360,10215,9490,19705,2020-09-01
PO31,685,789,1474,5380,5044,10424,2020-09-01
PO32,446,495,941,3090,2896,5986,2020-09-01
PO33,1742,2005,3747,10539,9594,20133,2020-09-01
PO34,63,74,137,902,899,1801,2020-09-01
PO35,153,130,283,1431,1375,2806,2020-09-01
PO36,841,974,1815,5914,5386,11300,2020-09-01
PO37,470,497,967,3393,2989,6382,2020-09-01
PO38,593,667,1260,4763,4449,9212,2020-09-01
PO39,99,122,221,986,914,1900,2020-09-01
PO40,256,267,523,2111,2040,4151,2020-09-01
PO41,71,64,135,935,919,1854,2020-09-01
PR1,5729,6040,11769,20712,15427,36139,2020-09-01
PR2,4372,5262,9634,26736,22972,49708,2020-09-01
PR3,980,1208,2188,16108,15397,31505,2020-09-01
PR4,1931,2422,4353,24784,23235,48019,2020-09-01
PR5,1692,2108,3800,14995,13392,28387,2020-09-01
PR6,1412,1629,3041,13478,12389,25867,2020-09-01
PR7,2148,2682,4830,22801,20962,43763,2020-09-01
PR8,2760,3253,6013,19389,17757,37146,2020-09-01
PR9,1997,2305,4302,15426,13701,29127,2020-09-01
PR25,1408,1760,3168,11333,10383,21716,2020-09-01
PR26,488,536,1024,5173,4948,10121,2020-09-01
RG1,5850,5533,11383,14692,9003,23695,2020-09-01
RG2,3576,4165,7741,14765,11210,25975,2020-09-01
RG3,28,23,51,81,45,126,2020-09-01
RG4,1815,2244,4059,15311,14242,29553,2020-09-01
RG5,1170,1318,2488,10307,9590,19897,2020-09-01
RG6,2194,2334,4528,14518,12458,26976,2020-09-01
RG7,1194,1391,2585,13772,13251,27023,2020-09-01
RG8,777,701,1478,7879,7635,15514,2020-09-01
RG9,1065,1019,2084,9458,9384,18842,2020-09-01
RG10,631,659,1290,7622,7351,14973,2020-09-01
RG11,32,24,56,79,46,125,2020-09-01
RG12,3212,3941,7153,21459,18605,40064,2020-09-01
RG13,28,38,66,67,50,117,2020-09-01
RG14,2122,2430,4552,14996,12878,27874,2020-09-01
RG15,18,24,42,56,48,104,2020-09-01
RG16,18,20,38,87,52,139,2020-09-01
RG17,632,692,1324,5933,5616,11549,2020-09-01
RG18,761,831,1592,7332,6813,14145,2020-09-01
RG19,779,818,1597,6440,6037,12477,2020-09-01
RG20,631,745,1376,8101,7893,15994,2020-09-01
RG21,2185,2449,4634,10081,7754,17835,2020-09-01
RG22,2127,2707,4834,15347,13483,28830,2020-09-01
RG23,554,696,1250,5029,4540,9569,2020-09-01
RG24,1736,2200,3936,13373,11867,25240,2020-09-01
RG25,318,307,625,3600,3403,7003,2020-09-01
RG26,804,1011,1815,9059,8397,17456,2020-09-01
RG27,703,731,1434,9485,9418,18903,2020-09-01
RG28,243,293,536,2322,2136,4458,2020-09-01
RG29,194,281,475,2660,2544,5204,2020-09-01
RG30,4122,4703,8825,15932,12455,28387,2020-09-01
RG31,1241,1546,2787,10946,9979,20925,2020-09-01
RG34,0,0,0,0,1,1,2020-09-01
RG40,1141,1222,2363,12252,11751,24003,2020-09-01
RG41,1129,1272,2401,12048,11632,23680,2020-09-01
RG42,1171,1208,2379,11117,10679,21796,2020-09-01
RG43,0,0,0,1,0,1,2020-09-01
RG45,488,517,1005,5749,5638,11387,2020-09-01
RH1,2714,3201,5915,17867,16255,34122,2020-09-01
RH2,1109,1273,2382,10084,9695,19779,2020-09-01
RH3,135,130,265,1791,1806,3597,2020-09-01
RH4,729,859,1588,6045,5743,11788,2020-09-01
RH5,677,711,1388,6874,6591,13465,2020-09-01
RH6,1440,1662,3102,12949,11963,24912,2020-09-01
RH7,504,396,900,3858,3361,7219,2020-09-01
RH8,628,686,1314,5992,5958,11950,2020-09-01
RH9,189,224,413,2184,2208,4392,2020-09-01
RH10,4161,4403,8564,26790,22627,49417,2020-09-01
RH11,4756,5623,10379,20159,15639,35798,2020-09-01
RH12,1960,2314,4274,19284,18275,37559,2020-09-01
RH13,1403,1658,3061,15424,14685,30109,2020-09-01
RH14,549,597,1146,6556,6322,12878,2020-09-01
RH15,1518,1700,3218,12208,11470,23678,2020-09-01
RH16,1691,1989,3680,13639,12975,26614,2020-09-01
RH17,696,798,1494,7975,7890,15865,2020-09-01
RH18,289,302,591,1918,1918,3836,2020-09-01
RH19,1514,1719,3233,13856,13017,26873,2020-09-01
RH20,735,760,1495,10802,10635,21437,2020-09-01
RM1,1564,1808,3372,7627,6307,13934,2020-09-01
RM2,647,756,1403,5017,4550,9567,2020-09-01
RM3,3193,4220,7413,14794,12361,27155,2020-09-01
RM4,150,155,305,1984,1864,3848,2020-09-01
RM5,1278,1621,2899,6934,6109,13043,2020-09-01
RM6,3544,4084,7628,11645,8685,20330,2020-09-01
RM7,2451,2989,5440,10288,8309,18597,2020-09-01
RM8,5215,6010,11225,13902,9711,23613,2020-09-01
RM9,4191,5143,9334,11372,7775,19147,2020-09-01
RM10,4763,5679,10442,11914,8281,20195,2020-09-01
RM11,1493,1742,3235,12320,11356,23676,2020-09-01
RM12,1937,2328,4265,12698,11086,23784,2020-09-01
RM13,2173,2581,4754,10757,8945,19702,2020-09-01
RM14,1053,1161,2214,10598,9962,20560,2020-09-01
RM15,1993,2416,4409,10876,8953,19829,2020-09-01
RM16,2181,2689,4870,15757,13792,29549,2020-09-01
RM17,2163,2787,4950,10473,7675,18148,2020-09-01
RM18,1558,2023,3581,5926,4655,10581,2020-09-01
RM19,563,771,1334,2669,1870,4539,2020-09-01
RM20,521,677,1198,2582,1692,4274,2020-09-01
S1,712,507,1219,1101,502,1603,2020-09-01
S2,4087,4740,8827,10469,7009,17478,2020-09-01
S3,2060,1716,3776,3634,1649,5283,2020-09-01
S4,1488,1474,2962,3368,1838,5206,2020-09-01
S5,4921,6422,11343,16090,11805,27895,2020-09-01
S6,3313,3969,7282,18814,15854,34668,2020-09-01
S6,0,0,0,0,1,1,2020-09-01
S7,1279,1191,2470,6012,5020,11032,2020-09-01
S7,0,0,0,1,0,1,2020-09-01
S8,2748,3279,6027,14695,12572,27267,2020-09-01
S8,0,0,0,1,0,1,2020-09-01
S9,2364,2764,5128,8317,5239,13556,2020-09-01
S10,2298,2280,4578,13152,11615,24767,2020-09-01
S11,1834,1865,3699,10663,9809,20472,2020-09-01
S12,1646,2278,3924,11764,9423,21187,2020-09-01
S13,1595,2152,3747,9760,7857,17617,2020-09-01
S14,851,1124,1975,2163,1429,3592,2020-09-01
S16,0,0,0,0,1,1,2020-09-01
S17,505,594,1099,6044,5927,11971,2020-09-01
S18,771,896,1667,9383,8865,18248,2020-09-01
S19,4,8,12,42,30,72,2020-09-01
S20,1199,1672,2871,10846,9338,20184,2020-09-01
S21,776,1108,1884,7406,6432,13838,2020-09-01
S22,0,1,1,0,1,1,2020-09-01
S24,0,0,0,0,1,1,2020-09-01
S25,857,1160,2017,7621,6717,14338,2020-09-01
S26,894,1280,2174,9517,8438,17955,2020-09-01
S29,0,0,0,1,0,1,2020-09-01
S30,30,24,54,130,113,243,2020-09-01
S31,21,28,49,76,30,106,2020-09-01
S32,153,186,339,2310,2281,4591,2020-09-01
S33,148,168,316,1920,1840,3760,2020-09-01
S35,1391,1839,3230,15031,13455,28486,2020-09-01
S36,1023,1257,2280,10767,9748,20515,2020-09-01
S37,1,0,1,1,0,1,2020-09-01
S40,1812,2188,4000,11859,10173,22032,2020-09-01
S41,1889,2385,4274,12252,10393,22645,2020-09-01
S42,1063,1392,2455,10831,9613,20444,2020-09-01
S43,1964,2677,4641,14039,11703,25742,2020-09-01
S44,1025,1363,2388,7764,6461,14225,2020-09-01
S45,600,797,1397,4853,4196,9049,2020-09-01
S46,0,0,0,2,0,2,2020-09-01
S49,0,0,0,1,0,1,2020-09-01
S54,0,0,0,1,0,1,2020-09-01
S60,1890,2564,4454,13972,11532,25504,2020-09-01
S61,2099,2625,4724,11201,8932,20133,2020-09-01
S62,1122,1541,2663,6306,4973,11279,2020-09-01
S63,2541,3291,5832,13371,10728,24099,2020-09-01
S64,1856,2287,4143,10210,8179,18389,2020-09-01
S65,2584,3066,5650,9998,7207,17205,2020-09-01
S66,2093,2889,4982,15927,13653,29580,2020-09-01
S68,0,0,0,0,1,1,2020-09-01
S70,2692,3151,5843,12829,9381,22210,2020-09-01
S71,2688,3321,6009,15570,12681,28251,2020-09-01
S72,1388,1839,3227,8655,6963,15618,2020-09-01
S73,1614,2045,3659,9512,7679,17191,2020-09-01
S74,882,1288,2170,5967,4864,10831,2020-09-01
S75,1629,2085,3714,16678,14863,31541,2020-09-01
S80,1839,2148,3987,10116,8063,18179,2020-09-01
S81,1432,1890,3322,13972,12481,26453,2020-09-01
SA1,4523,4514,9037,13566,9090,22656,2020-09-01
SA2,1783,1839,3622,12629,11321,23950,2020-09-01
SA3,848,876,1724,10139,10034,20173,2020-09-01
SA4,1560,1978,3538,16479,15763,32242,2020-09-01
SA5,2222,3013,5235,11140,9195,20335,2020-09-01
SA6,1669,2322,3991,11171,9629,20800,2020-09-01
SA7,586,780,1366,5514,5022,10536,2020-09-01
SA8,487,624,1111,4709,4343,9052,2020-09-01
SA9,569,713,1282,5528,5024,10552,2020-09-01
SA10,1052,1454,2506,11124,9930,21054,2020-09-01
SA11,1721,2344,4065,11884,9892,21776,2020-09-01
SA12,1808,2184,3992,10448,9225,19673,2020-09-01
SA13,1002,1293,2295,6560,5340,11900,2020-09-01
SA14,1207,1536,2743,12407,11530,23937,2020-09-01
SA15,1866,2180,4046,12513,10641,23154,2020-09-01
SA16,330,407,737,3104,2808,5912,2020-09-01
SA17,362,421,783,3509,3195,6704,2020-09-01
SA18,1264,1431,2695,10797,9797,20594,2020-09-01
SA19,293,353,646,3862,3648,7510,2020-09-01
SA20,121,143,264,1281,1149,2430,2020-09-01
SA31,832,949,1781,5553,5216,10769,2020-09-01
SA32,161,208,369,3103,3064,6167,2020-09-01
SA33,318,404,722,5011,4731,9742,2020-09-01
SA34,142,140,282,2045,1906,3951,2020-09-01
SA35,14,28,42,357,309,666,2020-09-01
SA36,13,8,21,135,128,263,2020-09-01
SA37,33,39,72,577,522,1099,2020-09-01
SA38,149,174,323,1782,1672,3454,2020-09-01
SA39,70,82,152,999,931,1930,2020-09-01
SA40,141,130,271,1100,1004,2104,2020-09-01
SA41,52,57,109,823,783,1606,2020-09-01
SA42,60,68,128,808,791,1599,2020-09-01
SA43,476,558,1034,4772,4408,9180,2020-09-01
SA44,314,368,682,4527,4338,8865,2020-09-01
SA45,69,55,124,617,563,1180,2020-09-01
SA46,89,104,193,970,872,1842,2020-09-01
SA47,43,43,86,409,385,794,2020-09-01
SA48,397,362,759,3296,3047,6343,2020-09-01
SA61,771,991,1762,4656,4188,8844,2020-09-01
SA62,583,671,1254,8369,7901,16270,2020-09-01
SA63,30,35,65,513,496,1009,2020-09-01
SA64,93,123,216,858,729,1587,2020-09-01
SA65,158,207,365,1582,1404,2986,2020-09-01
SA66,86,87,173,1251,1246,2497,2020-09-01
SA67,214,289,503,2853,2714,5567,2020-09-01
SA68,84,136,220,1651,1570,3221,2020-09-01
SA69,98,122,220,1429,1328,2757,2020-09-01
SA70,372,450,822,3352,3017,6369,2020-09-01
SA71,461,550,1011,4032,3591,7623,2020-09-01
SA72,559,617,1176,3468,3101,6569,2020-09-01
SA73,886,1137,2023,7234,6370,13604,2020-09-01
SA99,1,0,1,0,0,0,2020-09-01
SE0,0,1,1,0,1,1,2020-09-01
SE1,9263,9250,18513,19581,12164,31745,2020-09-01
SE1,0,0,0,2,0,2,2020-09-01
SE2,3581,4138,7719,7926,5883,13809,2020-09-01
SE3,2938,3513,6451,11664,9986,21650,2020-09-01
SE4,3671,3960,7631,8492,7058,15550,2020-09-01
SE5,7781,8521,16302,13126,9122,22248,2020-09-01
SE6,6966,7684,14650,15888,12814,28702,2020-09-01
SE6,1,0,1,0,0,0,2020-09-01
SE7,2759,3219,5978,6431,4635,11066,2020-09-01
SE8,4703,5085,9788,8362,5740,14102,2020-09-01
SE9,5242,6169,11411,21021,18012,39033,2020-09-01
SE10,2940,3474,6414,10098,7973,18071,2020-09-01
SE11,3413,3541,6954,6663,4258,10921,2020-09-01
SE12,2602,3015,5617,8750,7428,16178,2020-09-01
SE13,5728,5942,11670,12821,10087,22908,2020-09-01
SE14,4089,4194,8283,6979,4887,11866,2020-09-01
SE15,11621,11733,23354,17121,12493,29614,2020-09-01
SE16,6018,6810,12828,14837,10333,25170,2020-09-01
SE17,6313,6535,12848,8614,5083,13697,2020-09-01
SE18,12498,12945,25443,21888,14907,36795,2020-09-01
SE19,2934,3526,6460,9259,7715,16974,2020-09-01
SE20,2755,3100,5855,7116,5950,13066,2020-09-01
SE21,1541,1652,3193,4987,4711,9698,2020-09-01
SE22,3325,3600,6925,9499,8283,17782,2020-09-01
SE23,3601,4138,7739,10421,9004,19425,2020-09-01
SE24,2032,2114,4146,5755,5098,10853,2020-09-01
SE25,4292,4896,9188,10808,8984,19792,2020-09-01
SE26,3328,4007,7335,8934,7558,16492,2020-09-01
SE27,2802,2961,5763,6508,5410,11918,2020-09-01
SE28,3866,4798,8664,7818,5647,13465,2020-09-01
SE29,1,3,4,2,0,2,2020-09-01
SE31,0,1,1,0,0,0,2020-09-01
SE33,0,1,1,0,0,0,2020-09-01
SE35,0,1,1,0,0,0,2020-09-01
SE37,0,1,1,0,0,0,2020-09-01
SE50,0,0,0,1,0,1,2020-09-01
SE57,0,1,1,0,0,0,2020-09-01
SE59,0,0,0,1,0,1,2020-09-01
SE60,0,0,0,1,0,1,2020-09-01
SE72,1,0,1,0,0,0,2020-09-01
SE73,0,0,0,1,0,1,2020-09-01
SE74,0,1,1,1,0,1,2020-09-01
SE75,1,0,1,0,0,0,2020-09-01
SE77,1,1,2,0,0,0,2020-09-01
SE88,0,0,0,1,0,1,2020-09-01
SE91,0,1,1,0,0,0,2020-09-01
SE99,0,0,0,0,1,1,2020-09-01
SG0,0,0,0,0,1,1,2020-09-01
SG1,3459,3990,7449,18791,15870,34661,2020-09-01
SG2,2242,2795,5037,15375,13590,28965,2020-09-01
SG3,249,297,546,2836,2712,5548,2020-09-01
SG4,1244,1442,2686,11297,10765,22062,2020-09-01
SG5,1420,1632,3052,12726,12059,24785,2020-09-01
SG6,1856,2201,4057,11960,10854,22814,2020-09-01
SG7,558,594,1152,5178,4984,10162,2020-09-01
SG8,1422,1614,3036,15576,14442,30018,2020-09-01
SG9,287,317,604,4851,4768,9619,2020-09-01
SG10,47,59,106,820,817,1637,2020-09-01
SG11,269,257,526,3506,3374,6880,2020-09-01
SG12,1270,1391,2661,11574,10778,22352,2020-09-01
SG13,751,785,1536,6609,6375,12984,2020-09-01
SG14,870,1006,1876,7689,7202,14891,2020-09-01
SG15,242,269,511,2190,2060,4250,2020-09-01
SG16,185,224,409,2511,2438,4949,2020-09-01
SG17,503,525,1028,5433,5128,10561,2020-09-01
SG18,1026,1302,2328,11114,10174,21288,2020-09-01
SG19,837,1104,1941,9907,9181,19088,2020-09-01
SK0,0,0,0,0,1,1,2020-09-01
SK1,783,961,1744,3818,2986,6804,2020-09-01
SK2,1564,1829,3393,10424,9498,19922,2020-09-01
SK3,1854,2282,4136,8954,7777,16731,2020-09-01
SK4,2024,2084,4108,13247,12051,25298,2020-09-01
SK5,2183,2780,4963,9209,7563,16772,2020-09-01
SK6,2040,2391,4431,19188,17820,37008,2020-09-01
SK7,1540,1640,3180,16259,15809,32068,2020-09-01
SK8,2552,2871,5423,23215,22042,45257,2020-09-01
SK9,1480,1673,3153,15498,14896,30394,2020-09-01
SK10,1600,1666,3266,15627,15160,30787,2020-09-01
SK11,1784,2030,3814,13662,12286,25948,2020-09-01
SK12,599,612,1211,7788,7656,15444,2020-09-01
SK13,1551,1965,3516,11942,10932,22874,2020-09-01
SK14,2852,3455,6307,16350,13999,30349,2020-09-01
SK15,1639,1860,3499,9649,8390,18039,2020-09-01
SK16,1182,1392,2574,6512,5440,11952,2020-09-01
SK17,1280,1449,2729,11617,10311,21928,2020-09-01
SK22,515,608,1123,4697,4183,8880,2020-09-01
SK23,612,665,1277,7156,6602,13758,2020-09-01
SL0,454,494,948,4879,4456,9335,2020-09-01
SL1,7529,7557,15086,26523,19448,45971,2020-09-01
SL2,4869,5663,10532,20329,15992,36321,2020-09-01
SL3,3012,3869,6881,18444,15418,33862,2020-09-01
SL4,2158,2548,4706,17315,15983,33298,2020-09-01
SL5,1181,1282,2463,10193,10375,20568,2020-09-01
SL6,3998,4483,8481,32525,29890,62415,2020-09-01
SL7,768,844,1612,8433,8480,16913,2020-09-01
SL8,214,209,423,2683,2693,5376,2020-09-01
SL9,924,946,1870,9234,9304,18538,2020-09-01
SM1,2948,3495,6443,14388,11979,26367,2020-09-01
SM2,1597,1975,3572,10900,9876,20776,2020-09-01
SM3,1275,1438,2713,7995,7209,15204,2020-09-01
SM4,3449,3657,7106,13787,10510,24297,2020-09-01
SM5,2754,3345,6099,13687,12483,26170,2020-09-01
SM6,2592,3088,5680,13290,11845,25135,2020-09-01
SM7,651,678,1329,7267,7318,14585,2020-09-01
SN0,0,0,0,1,0,1,2020-09-01
SN1,3615,3246,6861,11083,7229,18312,2020-09-01
SN2,3102,3782,6884,14544,11146,25690,2020-09-01
SN3,3146,3962,7108,19122,16024,35146,2020-09-01
SN4,1095,1305,2400,11389,10635,22024,2020-09-01
SN5,1640,2237,3877,13609,11931,25540,2020-09-01
SN6,846,973,1819,8959,8413,17372,2020-09-01
SN7,499,655,1154,5778,5369,11147,2020-09-01
SN8,980,1098,2078,9465,9023,18488,2020-09-01
SN9,261,319,580,3219,3195,6414,2020-09-01
SN10,1244,1477,2721,11889,11201,23090,2020-09-01
SN11,922,1165,2087,8922,8364,17286,2020-09-01
SN12,1054,1167,2221,10322,9566,19888,2020-09-01
SN13,647,797,1444,6378,6176,12554,2020-09-01
SN14,1180,1339,2519,10607,9848,20455,2020-09-01
SN15,1649,1844,3493,14425,12308,26733,2020-09-01
SN16,416,442,858,5864,5621,11485,2020-09-01
SN20,0,0,0,1,0,1,2020-09-01
SN24,0,1,1,0,1,1,2020-09-01
SN25,1476,1857,3333,15365,13766,29131,2020-09-01
SN26,48,56,104,873,790,1663,2020-09-01
SN27,0,0,0,1,0,1,2020-09-01
SN31,0,0,0,0,1,1,2020-09-01
SN34,0,0,0,0,1,1,2020-09-01
SN48,0,0,0,1,0,1,2020-09-01
SN66,0,1,1,0,0,0,2020-09-01
SO0,0,0,0,0,1,1,2020-09-01
SO1,51,41,92,143,57,200,2020-09-01
SO2,77,43,120,138,61,199,2020-09-01
SO3,31,22,53,121,79,200,2020-09-01
SO3,0,0,0,1,1,2,2020-09-01
SO4,33,28,61,127,101,228,2020-09-01
SO5,33,19,52,123,65,188,2020-09-01
SO6,0,0,0,2,0,2,2020-09-01
SO9,17,14,31,28,11,39,2020-09-01
SO14,3462,2826,6288,7719,3977,11696,2020-09-01
SO15,3114,3231,6345,13340,10148,23488,2020-09-01
SO16,4594,5602,10196,22528,18362,40890,2020-09-01
SO17,1549,1450,2999,5316,3686,9002,2020-09-01
SO18,2123,2469,4592,12749,10820,23569,2020-09-01
SO19,3522,4499,8021,19004,16093,35097,2020-09-01
SO20,298,300,598,3412,3204,6616,2020-09-01
SO21,634,760,1394,7979,7684,15663,2020-09-01
SO22,1535,1747,3282,9364,8924,18288,2020-09-01
SO23,1304,1375,2679,7290,6798,14088,2020-09-01
SO24,371,415,786,4635,4587,9222,2020-09-01
SO30,1004,1128,2132,12565,12200,24765,2020-09-01
SO31,1574,1700,3274,18442,17801,36243,2020-09-01
SO32,598,644,1242,9039,8988,18027,2020-09-01
SO33,0,0,0,1,1,2,2020-09-01
SO40,1454,1657,3111,15785,14825,30610,2020-09-01
SO41,1016,1012,2028,12657,12818,25475,2020-09-01
SO42,158,163,321,1993,1952,3945,2020-09-01
SO43,130,130,260,1832,1765,3597,2020-09-01
SO45,1325,1631,2956,13128,12419,25547,2020-09-01
SO50,2301,2774,5075,17896,16234,34130,2020-09-01
SO51,880,1077,1957,11552,11359,22911,2020-09-01
SO52,185,240,425,2736,2594,5330,2020-09-01
SO53,1125,1269,2394,12363,12016,24379,2020-09-01
SP1,1140,1176,2316,7681,7131,14812,2020-09-01
SP2,1696,1911,3607,10380,9328,19708,2020-09-01
SP3,339,434,773,4685,4544,9229,2020-09-01
SP4,1645,1916,3561,13729,11691,25420,2020-09-01
SP5,604,683,1287,9224,9124,18348,2020-09-01
SP6,379,406,785,5865,5674,11539,2020-09-01
SP7,485,655,1140,5668,5526,11194,2020-09-01
SP8,473,551,1024,5511,5359,10870,2020-09-01
SP9,494,910,1404,3599,2790,6389,2020-09-01
SP10,2325,2896,5221,14104,11874,25978,2020-09-01
SP11,1044,1324,2368,12183,11348,23531,2020-09-01
SR1,588,453,1041,1225,495,1720,2020-09-01
SR2,2456,2618,5074,10003,7680,17683,2020-09-01
SR3,2126,2877,5003,12292,10040,22332,2020-09-01
SR4,3145,3941,7086,11679,8731,20410,2020-09-01
SR5,2610,3216,5826,9243,6802,16045,2020-09-01
SR6,1314,1528,2842,10605,9277,19882,2020-09-01
SR7,1654,2248,3902,9546,7645,17191,2020-09-01
SR8,2237,3022,5259,10686,8445,19131,2020-09-01
SS0,3438,3702,7140,13719,11258,24977,2020-09-01
SS1,2088,2300,4388,9123,7753,16876,2020-09-01
SS2,2758,3368,6126,12039,10084,22123,2020-09-01
SS3,1684,1971,3655,10120,9253,19373,2020-09-01
SS4,895,1104,1999,7956,7462,15418,2020-09-01
SS5,808,739,1547,8889,8374,17263,2020-09-01
SS6,1186,1363,2549,12079,11236,23315,2020-09-01
SS7,1918,2193,4111,19491,18047,37538,2020-09-01
SS8,1948,2616,4564,14155,12024,26179,2020-09-01
SS9,2228,2491,4719,18716,17293,36009,2020-09-01
SS11,708,826,1534,7394,6708,14102,2020-09-01
SS12,719,855,1574,7193,6585,13778,2020-09-01
SS13,1670,2212,3882,7775,6293,14068,2020-09-01
SS14,2198,2995,5193,8759,6899,15658,2020-09-01
SS15,2281,2811,5092,10837,9419,20256,2020-09-01
SS16,2035,2789,4824,10935,9030,19965,2020-09-01
SS17,1419,1786,3205,12668,11327,23995,2020-09-01
SS20,0,0,0,0,1,1,2020-09-01
SS30,0,0,0,0,1,1,2020-09-01
SS31,0,0,0,1,0,1,2020-09-01
SS39,0,1,1,0,0,0,2020-09-01
SS50,0,0,0,1,0,1,2020-09-01
SS92,0,0,0,1,0,1,2020-09-01
SS95,1,0,1,0,0,0,2020-09-01
SS99,0,1,1,0,0,0,2020-09-01
ST0,0,0,0,1,0,1,2020-09-01
ST1,2716,3003,5719,9730,6520,16250,2020-09-01
ST2,2206,2905,5111,10519,8238,18757,2020-09-01
ST3,3964,5026,8990,22016,17641,39657,2020-09-01
ST4,4155,4529,8684,17895,13873,31768,2020-09-01
ST5,4439,5121,9560,27054,22911,49965,2020-09-01
ST6,4570,5806,10376,20546,15159,35705,2020-09-01
ST7,2079,2559,4638,20463,18600,39063,2020-09-01
ST8,650,869,1519,7571,6858,14429,2020-09-01
ST9,306,350,656,4875,4515,9390,2020-09-01
ST10,754,975,1729,9774,8799,18573,2020-09-01
ST11,291,317,608,3922,3557,7479,2020-09-01
ST12,129,127,256,1507,1464,2971,2020-09-01
ST13,1075,1344,2419,10102,9127,19229,2020-09-01
ST14,812,1024,1836,7575,6723,14298,2020-09-01
ST15,711,875,1586,8521,7950,16471,2020-09-01
ST16,1820,2103,3923,10912,9156,20068,2020-09-01
ST17,1857,2283,4140,13735,12306,26041,2020-09-01
ST18,435,457,892,7312,6826,14138,2020-09-01
ST19,470,539,1009,5987,5729,11716,2020-09-01
ST20,182,214,396,2924,2720,5644,2020-09-01
ST21,123,175,298,2559,2471,5030,2020-09-01
SW0,1,1,2,1,2,3,2020-09-01
SW1,39,40,79,60,40,100,2020-09-01
SW1,97,85,182,335,172,507,2020-09-01
SW1,1,0,1,0,1,1,2020-09-01
SW1,0,0,0,0,1,1,2020-09-01
SW1,127,93,220,457,250,707,2020-09-01
SW1,64,64,128,360,203,563,2020-09-01
SW1,0,1,1,0,0,0,2020-09-01
SW1,0,0,0,1,2,3,2020-09-01
SW1,0,1,1,1,0,1,2020-09-01
SW1,1283,1545,2828,4144,2851,6995,2020-09-01
SW1,0,0,0,0,1,1,2020-09-01
SW1,2297,2660,4957,6973,5151,12124,2020-09-01
SW1,875,986,1861,2663,2192,4855,2020-09-01
SW1,746,927,1673,2447,1981,4428,2020-09-01
SW1,82,59,141,354,164,518,2020-09-01
SW1,1,1,2,1,0,1,2020-09-01
SW2,7547,8059,15606,16438,12553,28991,2020-09-01
SW3,2191,2654,4845,8529,7339,15868,2020-09-01
SW4,4956,5048,10004,13744,10374,24118,2020-09-01
SW5,2290,1969,4259,5892,3858,9750,2020-09-01
SW6,6314,7190,13504,22167,18856,41023,2020-09-01
SW7,2978,2493,5471,8648,5912,14560,2020-09-01
SW8,5590,5820,11410,11381,7336,18717,2020-09-01
SW9,7779,7885,15664,13287,8563,21850,2020-09-01
SW10,2057,2333,4390,6561,5395,11956,2020-09-01
SW11,7023,8217,15240,24594,20001,44595,2020-09-01
SW12,2619,2832,5451,11017,9681,20698,2020-09-01
SW13,1094,1350,2444,6202,5894,12096,2020-09-01
SW14,1125,1253,2378,6538,6286,12824,2020-09-01
SW15,5582,6469,12051,22709,19237,41946,2020-09-01
SW16,10811,10509,21320,27881,21489,49370,2020-09-01
SW17,8605,7857,16462,21060,16777,37837,2020-09-01
SW18,4898,5807,10705,23295,20471,43766,2020-09-01
SW19,6994,7792,14786,31664,26961,58625,2020-09-01
SW20,2181,2434,4615,12221,10930,23151,2020-09-01
SY1,1606,1899,3505,8984,7456,16440,2020-09-01
SY2,872,1019,1891,6344,5684,12028,2020-09-01
SY3,1443,1679,3122,12355,11668,24023,2020-09-01
SY4,829,975,1804,10005,9568,19573,2020-09-01
SY5,711,721,1432,8612,8214,16826,2020-09-01
SY6,194,196,390,2801,2675,5476,2020-09-01
SY7,323,409,732,4445,4113,8558,2020-09-01
SY8,586,715,1301,7170,6656,13826,2020-09-01
SY9,89,105,194,1110,983,2093,2020-09-01
SY10,415,530,945,6282,5848,12130,2020-09-01
SY11,1187,1422,2609,9322,8394,17716,2020-09-01
SY12,284,328,612,3266,3012,6278,2020-09-01
SY13,740,824,1564,7787,7056,14843,2020-09-01
SY14,155,212,367,2768,2724,5492,2020-09-01
SY15,123,142,265,2160,2067,4227,2020-09-01
SY16,818,921,1739,5511,4828,10339,2020-09-01
SY17,81,113,194,1513,1381,2894,2020-09-01
SY18,133,142,275,1768,1577,3345,2020-09-01
SY19,27,24,51,442,388,830,2020-09-01
SY20,257,311,568,2504,2314,4818,2020-09-01
SY21,574,770,1344,6349,5796,12145,2020-09-01
SY22,266,268,534,3661,3400,7061,2020-09-01
SY23,1333,1487,2820,8627,7637,16264,2020-09-01
SY24,173,203,376,1737,1596,3333,2020-09-01
SY25,140,180,320,1729,1598,3327,2020-09-01
TA1,2106,2411,4517,14008,12912,26920,2020-09-01
TA2,1259,1492,2751,10805,10044,20849,2020-09-01
TA3,363,403,766,6274,6145,12419,2020-09-01
TA4,580,659,1239,7780,7668,15448,2020-09-01
TA5,293,360,653,4654,4462,9116,2020-09-01
TA6,2725,3002,5727,16972,14258,31230,2020-09-01
TA7,442,462,904,6622,6386,13008,2020-09-01
TA8,602,685,1287,6489,5797,12286,2020-09-01
TA9,553,646,1199,5016,4490,9506,2020-09-01
TA10,317,292,609,4074,3997,8071,2020-09-01
TA11,257,311,568,3892,3867,7759,2020-09-01
TA12,172,215,387,2479,2412,4891,2020-09-01
TA13,99,132,231,1666,1671,3337,2020-09-01
TA14,90,124,214,1273,1177,2450,2020-09-01
TA15,17,24,41,271,273,544,2020-09-01
TA16,53,65,118,779,733,1512,2020-09-01
TA17,11,13,24,233,254,487,2020-09-01
TA18,321,406,727,4068,3794,7862,2020-09-01
TA19,302,385,687,4754,4655,9409,2020-09-01
TA20,790,848,1638,7834,7056,14890,2020-09-01
TA21,733,862,1595,7631,7166,14797,2020-09-01
TA22,59,86,145,1058,1065,2123,2020-09-01
TA23,247,297,544,2140,1967,4107,2020-09-01
TA24,698,863,1561,6836,6228,13064,2020-09-01
TD1,924,1191,2115,6290,5406,11696,2020-09-01
TD2,74,98,172,1075,1050,2125,2020-09-01
TD3,36,47,83,435,377,812,2020-09-01
TD4,89,94,183,893,844,1737,2020-09-01
TD5,369,443,812,4298,4219,8517,2020-09-01
TD6,248,326,574,3139,3061,6200,2020-09-01
TD7,326,373,699,2660,2497,5157,2020-09-01
TD8,231,290,521,2277,2092,4369,2020-09-01
TD9,782,1000,1782,6497,5538,12035,2020-09-01
TD10,30,50,80,437,413,850,2020-09-01
TD11,250,323,573,2993,2719,5712,2020-09-01
TD12,116,180,296,1698,1614,3312,2020-09-01
TD13,28,44,72,372,355,727,2020-09-01
TD14,232,345,577,2386,2113,4499,2020-09-01
TD15,784,1018,1802,6435,5611,12046,2020-09-01
TF1,2412,2820,5232,13830,11491,25321,2020-09-01
TF2,2085,2503,4588,13742,11985,25727,2020-09-01
TF3,1946,2445,4391,8207,6517,14724,2020-09-01
TF4,1017,1353,2370,7323,6526,13849,2020-09-01
TF5,193,204,397,2010,1965,3975,2020-09-01
TF6,146,168,314,2373,2152,4525,2020-09-01
TF7,1453,1807,3260,5350,4202,9552,2020-09-01
TF8,96,96,192,1209,1135,2344,2020-09-01
TF9,919,1121,2040,10051,8854,18905,2020-09-01
TF10,635,649,1284,7264,6774,14038,2020-09-01
TF11,386,424,810,4629,4355,8984,2020-09-01
TF12,208,231,439,2053,1912,3965,2020-09-01
TF13,117,137,254,1434,1423,2857,2020-09-01
TN0,0,0,0,1,0,1,2020-09-01
TN1,824,939,1763,4077,3315,7392,2020-09-01
TN2,1323,1648,2971,10556,9842,20398,2020-09-01
TN3,342,400,742,4763,4663,9426,2020-09-01
TN3,0,0,0,1,0,1,2020-09-01
TN4,1592,1901,3493,11017,10296,21313,2020-09-01
TN5,287,347,634,3537,3542,7079,2020-09-01
TN6,835,1046,1881,10199,9618,19817,2020-09-01
TN7,74,95,169,987,1015,2002,2020-09-01
TN8,521,638,1159,5264,5138,10402,2020-09-01
TN9,1092,1204,2296,6408,5825,12233,2020-09-01
TN10,809,925,1734,5869,5624,11493,2020-09-01
TN11,468,547,1015,5709,5598,11307,2020-09-01
TN12,1082,1337,2419,11886,11267,23153,2020-09-01
TN13,1037,1155,2192,9576,9380,18956,2020-09-01
TN14,546,562,1108,6545,6246,12791,2020-09-01
TN15,825,918,1743,10426,10228,20654,2020-09-01
TN16,702,761,1463,7885,7637,15522,2020-09-01
TN17,588,679,1267,5486,5262,10748,2020-09-01
TN18,218,256,474,2615,2545,5160,2020-09-01
TN19,153,195,348,2145,2070,4215,2020-09-01
TN20,133,146,279,1543,1558,3101,2020-09-01
TN21,477,545,1022,6820,6601,13421,2020-09-01
TN22,1023,1179,2202,10905,10658,21563,2020-09-01
TN23,2604,3148,5752,14590,12479,27069,2020-09-01
TN24,1932,2332,4264,11717,10267,21984,2020-09-01
TN25,559,590,1149,7535,7194,14729,2020-09-01
TN26,360,392,752,5035,4793,9828,2020-09-01
TN27,390,466,856,5723,5541,11264,2020-09-01
TN28,331,402,733,3445,3104,6549,2020-09-01
TN29,538,651,1189,5237,4591,9828,2020-09-01
TN30,302,386,688,3846,3822,7668,2020-09-01
TN31,583,647,1230,5546,5189,10735,2020-09-01
TN32,199,215,414,2128,2020,4148,2020-09-01
TN33,544,550,1094,4875,4822,9697,2020-09-01
TN34,2288,2572,4860,9955,8406,18361,2020-09-01
TN35,1090,1302,2392,6172,5743,11915,2020-09-01
TN36,81,95,176,947,911,1858,2020-09-01
TN37,1442,1619,3061,6722,5556,12278,2020-09-01
TN38,1956,2272,4228,9280,8084,17364,2020-09-01
TN39,1113,1317,2430,9686,9226,18912,2020-09-01
TN40,896,1094,1990,5988,5648,11636,2020-09-01
TQ1,2032,2185,4217,11178,9585,20763,2020-09-01
TQ2,2082,2433,4515,12020,10732,22752,2020-09-01
TQ3,1663,1878,3541,11010,10041,21051,2020-09-01
TQ4,867,994,1861,7436,6726,14162,2020-09-01
TQ5,862,1018,1880,7141,6400,13541,2020-09-01
TQ6,326,424,750,2995,2701,5696,2020-09-01
TQ7,585,701,1286,6589,6478,13067,2020-09-01
TQ8,72,69,141,715,655,1370,2020-09-01
TQ9,894,982,1876,7218,7381,14599,2020-09-01
TQ10,124,177,301,1572,1556,3128,2020-09-01
TQ11,189,260,449,1564,1480,3044,2020-09-01
TQ12,2244,2609,4853,21163,20037,41200,2020-09-01
TQ13,836,866,1702,9447,9495,18942,2020-09-01
TQ14,854,979,1833,7287,6878,14165,2020-09-01
TR1,1232,1454,2686,7492,7162,14654,2020-09-01
TR2,336,413,749,4070,3971,8041,2020-09-01
TR3,395,423,818,5079,5039,10118,2020-09-01
TR4,404,453,857,4936,4791,9727,2020-09-01
TR5,164,148,312,1622,1635,3257,2020-09-01
TR6,157,184,341,1538,1421,2959,2020-09-01
TR7,1297,1384,2681,8107,7287,15394,2020-09-01
TR8,332,366,698,4085,3852,7937,2020-09-01
TR9,307,410,717,3157,2875,6032,2020-09-01
TR10,556,618,1174,3568,3305,6873,2020-09-01
TR11,1394,1566,2960,10047,9596,19643,2020-09-01
TR12,312,330,642,3752,3521,7273,2020-09-01
TR13,721,883,1604,7644,7343,14987,2020-09-01
TR14,1412,1487,2899,9395,8293,17688,2020-09-01
TR15,1077,1159,2236,7374,6625,13999,2020-09-01
TR16,583,639,1222,6296,6032,12328,2020-09-01
TR17,64,80,144,574,543,1117,2020-09-01
TR18,1228,1393,2621,6357,5672,12029,2020-09-01
TR19,402,455,857,3328,3243,6571,2020-09-01
TR20,314,353,667,3869,3708,7577,2020-09-01
TR21,75,93,168,566,458,1024,2020-09-01
TR22,7,4,11,22,20,42,2020-09-01
TR23,2,7,9,31,24,55,2020-09-01
TR24,5,8,13,41,25,66,2020-09-01
TR25,2,4,6,51,38,89,2020-09-01
TR26,604,639,1243,3985,3726,7711,2020-09-01
TR27,640,754,1394,5776,5391,11167,2020-09-01
TS1,2569,1943,4512,3160,1318,4478,2020-09-01
TS2,140,146,286,223,127,350,2020-09-01
TS3,2684,3336,6020,6726,4763,11489,2020-09-01
TS4,1560,1888,3448,4644,3449,8093,2020-09-01
TS5,2215,2779,4994,13685,11604,25289,2020-09-01
TS6,1871,2532,4403,9269,7468,16737,2020-09-01
TS7,733,967,1700,8633,7804,16437,2020-09-01
TS8,994,1355,2349,7480,6844,14324,2020-09-01
TS9,305,404,709,5267,5042,10309,2020-09-01
TS10,2048,2558,4606,12275,10440,22715,2020-09-01
TS11,398,533,931,4339,3883,8222,2020-09-01
TS12,1038,1276,2314,7928,6922,14850,2020-09-01
TS13,563,726,1289,3327,2565,5892,2020-09-01
TS14,616,852,1468,6909,6272,13181,2020-09-01
TS15,392,422,814,5788,5422,11210,2020-09-01
TS16,339,434,773,4004,3838,7842,2020-09-01
TS17,2101,2666,4767,15522,13712,29234,2020-09-01
TS18,1597,1733,3330,8101,6675,14776,2020-09-01
TS19,2131,2922,5053,11018,9558,20576,2020-09-01
TS20,1070,1318,2388,6630,5694,12324,2020-09-01
TS21,385,459,844,5083,4660,9743,2020-09-01
TS22,206,263,469,3962,3675,7637,2020-09-01
TS23,1628,2088,3716,9301,7914,17215,2020-09-01
TS24,1604,1991,3595,6043,4573,10616,2020-09-01
TS25,2099,2652,4751,11907,10078,21985,2020-09-01
TS26,1237,1399,2636,8522,7650,16172,2020-09-01
TS27,461,614,1075,4351,3945,8296,2020-09-01
TS28,265,307,572,1781,1569,3350,2020-09-01
TS29,307,401,708,2062,1665,3727,2020-09-01
TS90,0,0,0,1,0,1,2020-09-01
TW0,0,0,0,0,1,1,2020-09-01
TW1,1618,1900,3518,10323,9533,19856,2020-09-01
TW2,1899,2141,4040,11329,10431,21760,2020-09-01
TW2,0,0,0,1,0,1,2020-09-01
TW3,9035,6839,15874,15066,9219,24285,2020-09-01
TW4,6160,5110,11270,10398,6307,16705,2020-09-01
TW5,5440,4620,10060,11937,7785,19722,2020-09-01
TW6,8,2,10,19,12,31,2020-09-01
TW7,3742,4240,7982,14686,11592,26278,2020-09-01
TW8,2242,2520,4762,8098,6154,14252,2020-09-01
TW9,1600,1929,3529,9109,8248,17357,2020-09-01
TW10,1508,1762,3270,7811,6993,14804,2020-09-01
TW11,1434,1673,3107,9039,8621,17660,2020-09-01
TW12,1374,1597,2971,8720,8339,17059,2020-09-01
TW13,3641,4152,7793,12954,9442,22396,2020-09-01
TW14,3300,3626,6926,10547,7448,17995,2020-09-01
TW15,1299,1451,2750,11215,9949,21164,2020-09-01
TW16,1042,1274,2316,8497,7556,16053,2020-09-01
TW17,545,590,1135,5861,5657,11518,2020-09-01
TW18,1377,1409,2786,10322,9227,19549,2020-09-01
TW19,1150,1312,2462,7050,5799,12849,2020-09-01
TW20,1633,1662,3295,8753,7521,16274,2020-09-01
UB1,10643,7736,18379,14308,8256,22564,2020-09-01
UB1,0,0,0,0,1,1,2020-09-01
UB2,8077,6056,14133,11869,7187,19056,2020-09-01
UB3,7852,7544,15396,18823,12090,30913,2020-09-01
UB4,4982,4894,9876,14481,10506,24987,2020-09-01
UB5,5320,6344,11664,16383,11821,28204,2020-09-01
UB6,6628,6358,12986,21173,14137,35310,2020-09-01
UB7,3325,3780,7105,12027,8517,20544,2020-09-01
UB8,3037,3210,6247,11719,9001,20720,2020-09-01
UB9,754,804,1558,6089,5561,11650,2020-09-01
UB10,2200,2578,4778,13931,12132,26063,2020-09-01
UB11,1,1,2,12,3,15,2020-09-01
UNKNOWNNA,1720,1382,3102,22163,15077,37240,2020-09-01
W1,38,29,67,54,33,87,2020-09-01
W1,106,32,138,103,42,145,2020-09-01
W1,71,73,144,302,168,470,2020-09-01
W1,16,7,23,20,7,27,2020-09-01
W1,216,114,330,391,154,545,2020-09-01
W1,2,0,2,2,1,3,2020-09-01
W1,185,154,339,543,261,804,2020-09-01
W1,252,239,491,1053,779,1832,2020-09-01
W1,879,781,1660,2298,1477,3775,2020-09-01
W1,202,153,355,722,440,1162,2020-09-01
W1,391,406,797,1077,660,1737,2020-09-01
W1,71,53,124,73,58,131,2020-09-01
W1,55,66,121,100,53,153,2020-09-01
W1,0,1,1,0,0,0,2020-09-01
W1,67,66,133,91,38,129,2020-09-01
W1,62,14,76,53,7,60,2020-09-01
W1,47,41,88,147,60,207,2020-09-01
W1,486,357,843,1135,597,1732,2020-09-01
W1,533,549,1082,1769,1194,2963,2020-09-01
W1,90,61,151,99,49,148,2020-09-01
W1,439,482,921,1138,686,1824,2020-09-01
W1,55,20,75,90,44,134,2020-09-01
W1,62,55,117,108,58,166,2020-09-01
W2,7584,6945,14529,16912,10950,27862,2020-09-01
W2,1,0,1,0,0,0,2020-09-01
W3,7443,7170,14613,21628,15311,36939,2020-09-01
W4,3784,4351,8135,17596,15322,32918,2020-09-01
W5,4894,5112,10006,21281,17169,38450,2020-09-01
W6,4165,4084,8249,11551,9157,20708,2020-09-01
W7,3345,3556,6901,10151,8317,18468,2020-09-01
W8,2197,2601,4798,8164,6949,15113,2020-09-01
W9,4691,5045,9736,12563,9332,21895,2020-09-01
W10,4777,5401,10178,9289,6993,16282,2020-09-01
W11,3913,4381,8294,10133,8233,18366,2020-09-01
W12,7188,7229,14417,14639,10510,25149,2020-09-01
W13,3551,3524,7075,12641,10016,22657,2020-09-01
W14,4707,5102,9809,12740,9876,22616,2020-09-01
W15,4,1,5,7,5,12,2020-09-01
W16,5,1,6,0,2,2,2020-09-01
W17,8,7,15,10,9,19,2020-09-01
W18,4,2,6,1,1,2,2020-09-01
W19,2,6,8,6,2,8,2020-09-01
W21,0,3,3,0,0,0,2020-09-01
W22,3,1,4,5,0,5,2020-09-01
W23,0,1,1,0,0,0,2020-09-01
W26,0,1,1,0,1,1,2020-09-01
W27,0,0,0,1,0,1,2020-09-01
W28,0,1,1,0,0,0,2020-09-01
W30,0,0,0,1,0,1,2020-09-01
W32,1,0,1,0,0,0,2020-09-01
W38,0,0,0,1,0,1,2020-09-01
W40,0,0,0,0,1,1,2020-09-01
W43,0,0,0,0,1,1,2020-09-01
WA1,1148,1250,2398,8364,7193,15557,2020-09-01
WA2,2745,3182,5927,13304,10886,24190,2020-09-01
WA3,1855,2380,4235,17698,16210,33908,2020-09-01
WA4,1872,2065,3937,18710,17425,36135,2020-09-01
WA5,2746,3368,6114,22679,20163,42842,2020-09-01
WA6,627,702,1329,7803,7397,15200,2020-09-01
WA7,4350,5449,9799,20792,17387,38179,2020-09-01
WA8,3627,4656,8283,22001,18481,40482,2020-09-01
WA9,3285,4260,7545,15860,12522,28382,2020-09-01
WA10,2286,2656,4942,13065,10975,24040,2020-09-01
WA11,1763,2318,4081,14366,12520,26886,2020-09-01
WA12,1254,1640,2894,8358,7139,15497,2020-09-01
WA13,369,438,807,5210,5081,10291,2020-09-01
WA14,1548,1545,3093,11556,10733,22289,2020-09-01
WA15,1900,1988,3888,16735,15577,32312,2020-09-01
WA16,850,880,1730,9615,9241,18856,2020-09-01
WC1,19,26,45,33,19,52,2020-09-01
WC1,106,100,206,300,131,431,2020-09-01
WC1,199,221,420,363,234,597,2020-09-01
WC1,236,245,481,471,307,778,2020-09-01
WC1,0,1,1,0,0,0,2020-09-01
WC1,992,930,1922,1800,993,2793,2020-09-01
WC1,0,1,1,1,0,1,2020-09-01
WC1,810,813,1623,1816,1137,2953,2020-09-01
WC1,0,0,0,1,0,1,2020-09-01
WC1,1,0,1,0,0,0,2020-09-01
WC1,56,41,97,184,101,285,2020-09-01
WC1,1,0,1,0,0,0,2020-09-01
WC1,60,44,104,98,49,147,2020-09-01
WC1,1035,968,2003,1917,1199,3116,2020-09-01
WC1,0,0,0,1,0,1,2020-09-01
WC1,2,1,3,0,0,0,2020-09-01
WC2,7,3,10,15,5,20,2020-09-01
WC2,18,14,32,91,53,144,2020-09-01
WC2,204,167,371,474,266,740,2020-09-01
WC2,74,58,132,225,117,342,2020-09-01
WC2,412,312,724,807,379,1186,2020-09-01
WC2,91,56,147,248,118,366,2020-09-01
WC2,44,33,77,135,82,217,2020-09-01
WC2,0,0,0,0,1,1,2020-09-01
WC2,0,0,0,0,1,1,2020-09-01
WC4,1,0,1,0,0,0,2020-09-01
WC12,1,0,1,0,0,0,2020-09-01
WC13,0,2,2,2,0,2,2020-09-01
WC14,3,1,4,0,2,2,2020-09-01
WC18,1,0,1,0,0,0,2020-09-01
WC19,1,1,2,0,0,0,2020-09-01
WC23,0,0,0,2,0,2,2020-09-01
WC24,2,0,2,5,1,6,2020-09-01
WC28,1,0,1,0,2,2,2020-09-01
WC44,0,0,0,1,0,1,2020-09-01
WC78,1,0,1,0,0,0,2020-09-01
WD1,60,51,111,135,70,205,2020-09-01
WD2,98,73,171,208,86,294,2020-09-01
WD3,1777,1911,3688,16609,16204,32813,2020-09-01
WD4,385,385,770,4673,4482,9155,2020-09-01
WD5,507,522,1029,4397,4295,8692,2020-09-01
WD6,2721,3164,5885,15102,12803,27905,2020-09-01
WD7,493,593,1086,5267,5203,10470,2020-09-01
WD17,1228,1298,2526,6956,5673,12629,2020-09-01
WD18,2700,3071,5771,9210,6487,15697,2020-09-01
WD19,1681,1979,3660,10423,9425,19848,2020-09-01
WD23,1291,1523,2814,10396,10222,20618,2020-09-01
WD24,1821,2013,3834,8673,6774,15447,2020-09-01
WD25,1664,2015,3679,10985,9898,20883,2020-09-01
WF0,0,0,0,1,0,1,2020-09-01
WF1,2682,3087,5769,12136,8925,21061,2020-09-01
WF2,3003,3793,6796,17388,14562,31950,2020-09-01
WF3,1320,1835,3155,12342,11175,23517,2020-09-01
WF4,1804,2349,4153,16295,14374,30669,2020-09-01
WF5,917,1183,2100,7588,6852,14440,2020-09-01
WF6,1205,1585,2790,7455,6062,13517,2020-09-01
WF7,1045,1522,2567,7555,6466,14021,2020-09-01
WF8,1712,2266,3978,11980,10319,22299,2020-09-01
WF9,2535,3327,5862,13180,10306,23486,2020-09-01
WF10,2909,3961,6870,16130,12918,29048,2020-09-01
WF11,1037,1356,2393,5741,4636,10377,2020-09-01
WF12,2142,2876,5018,11326,8776,20102,2020-09-01
WF13,2329,2938,5267,7990,5324,13314,2020-09-01
WF14,709,985,1694,7280,6664,13944,2020-09-01
WF15,857,1127,1984,6028,5341,11369,2020-09-01
WF16,746,987,1733,3938,2932,6870,2020-09-01
WF17,2784,3754,6538,13775,10250,24025,2020-09-01
WF21,0,0,0,1,0,1,2020-09-01
WN1,1143,1254,2397,6790,5317,12107,2020-09-01
WN2,2602,3361,5963,17766,14759,32525,2020-09-01
WN3,1477,1944,3421,10815,9010,19825,2020-09-01
WN4,1240,1549,2789,10255,8837,19092,2020-09-01
WN5,2325,2881,5206,14873,12173,27046,2020-09-01
WN6,1632,1977,3609,15025,13636,28661,2020-09-01
WN7,2857,3437,6294,16024,12903,28927,2020-09-01
WN8,3324,3995,7319,15174,12440,27614,2020-09-01
WR1,799,713,1512,3340,2486,5826,2020-09-01
WR2,1301,1445,2746,10848,9830,20678,2020-09-01
WR3,870,981,1851,8136,7414,15550,2020-09-01
WR4,1636,2029,3665,8629,7355,15984,2020-09-01
WR5,1502,1897,3399,12290,11048,23338,2020-09-01
WR6,333,330,663,5582,5401,10983,2020-09-01
WR7,120,130,250,2463,2396,4859,2020-09-01
WR8,222,234,456,3509,3348,6857,2020-09-01
WR9,1329,1531,2860,12390,11781,24171,2020-09-01
WR10,515,718,1233,7690,7374,15064,2020-09-01
WR11,1831,2156,3987,17737,15656,33393,2020-09-01
WR12,157,205,362,2493,2427,4920,2020-09-01
WR13,219,225,444,3678,3627,7305,2020-09-01
WR14,1705,2019,3724,12446,11628,24074,2020-09-01
WR15,253,251,504,2937,2701,5638,2020-09-01
WS0,0,0,0,0,1,1,2020-09-01
WS1,2591,3035,5626,7741,4817,12558,2020-09-01
WS2,3443,4631,8074,11077,7307,18384,2020-09-01
WS3,3598,4532,8130,15626,12289,27915,2020-09-01
WS4,928,1111,2039,6053,5135,11188,2020-09-01
WS5,1084,1598,2682,7693,6520,14213,2020-09-01
WS6,588,758,1346,6630,5820,12450,2020-09-01
WS7,963,1287,2250,11368,10165,21533,2020-09-01
WS8,863,1028,1891,5431,4610,10041,2020-09-01
WS9,957,1208,2165,9761,8773,18534,2020-09-01
WS10,3523,4676,8199,14166,10427,24593,2020-09-01
WS11,1930,2497,4427,15302,13198,28500,2020-09-01
WS12,1302,1753,3055,13303,11745,25048,2020-09-01
WS13,1219,1403,2622,10011,9031,19042,2020-09-01
WS14,567,625,1192,6875,6586,13461,2020-09-01
WS15,1599,1990,3589,14198,12545,26743,2020-09-01
WV0,0,2,2,0,0,0,2020-09-01
WV1,2048,1987,4035,4361,2649,7010,2020-09-01
WV2,2145,2305,4450,4795,3111,7906,2020-09-01
WV3,2152,2412,4564,10011,8110,18121,2020-09-01
WV4,1927,2481,4408,12069,9989,22058,2020-09-01
WV5,435,568,1003,5946,5529,11475,2020-09-01
WV6,2852,3208,6060,15842,13551,29393,2020-09-01
WV7,392,269,661,2238,2032,4270,2020-09-01
WV8,732,1054,1786,5523,5080,10603,2020-09-01
WV9,301,368,669,2594,2358,4952,2020-09-01
WV10,4686,6055,10741,17064,13413,30477,2020-09-01
WV11,2054,2694,4748,11625,9266,20891,2020-09-01
WV12,1323,1768,3091,8703,7170,15873,2020-09-01
WV13,1609,2061,3670,6629,5085,11714,2020-09-01
WV14,3357,4381,7738,14905,11579,26484,2020-09-01
WV15,282,330,612,3464,3058,6522,2020-09-01
WV16,548,651,1199,6930,6283,13213,2020-09-01
YL55,0,0,0,0,1,1,2020-09-01
YO0,0,0,0,1,0,1,2020-09-01
YO1,376,380,756,1438,1077,2515,2020-09-01
YO1,0,0,0,1,0,1,2020-09-01
YO2,33,35,68,70,24,94,2020-09-01
YO3,34,27,61,84,51,135,2020-09-01
YO3,0,0,0,0,1,1,2020-09-01
YO4,12,13,25,93,71,164,2020-09-01
YO5,8,9,17,32,18,50,2020-09-01
YO6,18,27,45,109,60,169,2020-09-01
YO7,651,789,1440,8004,7405,15409,2020-09-01
YO8,1919,2457,4376,17324,15424,32748,2020-09-01
YO9,2,0,2,0,0,0,2020-09-01
YO10,1556,1881,3437,6994,5923,12917,2020-09-01
YO11,1470,1695,3165,7437,5849,13286,2020-09-01
YO12,2271,2731,5002,12923,11115,24038,2020-09-01
YO13,250,305,555,4175,4084,8259,2020-09-01
YO14,421,540,961,4253,3812,8065,2020-09-01
YO15,757,817,1574,4725,3783,8508,2020-09-01
YO16,1158,1531,2689,8476,7009,15485,2020-09-01
YO17,812,929,1741,8649,7786,16435,2020-09-01
YO18,327,406,733,4435,4199,8634,2020-09-01
YO19,388,450,838,5039,4762,9801,2020-09-01
YO20,0,0,0,0,1,1,2020-09-01
YO21,538,615,1153,5270,4764,10034,2020-09-01
YO22,386,438,824,3180,2853,6033,2020-09-01
YO23,830,992,1822,7073,6909,13982,2020-09-01
YO24,1767,2228,3995,9855,8993,18848,2020-09-01
YO25,1044,1303,2347,13214,12176,25390,2020-09-01
YO26,1511,1827,3338,10751,9825,20576,2020-09-01
YO29,0,0,0,1,0,1,2020-09-01
YO30,1458,1725,3183,8906,7993,16899,2020-09-01
YO31,1608,1981,3589,8572,7550,16122,2020-09-01
YO32,986,1277,2263,10407,10158,20565,2020-09-01
YO34,1,0,1,1,0,1,2020-09-01
YO35,0,0,0,0,1,1,2020-09-01
YO41,249,348,597,4465,4328,8793,2020-09-01
YO42,463,597,1060,6066,5872,11938,2020-09-01
YO43,347,427,774,5012,4731,9743,2020-09-01
YO45,0,0,0,0,1,1,2020-09-01
YO51,155,191,346,2421,2356,4777,2020-09-01
YO60,107,119,226,1937,1928,3865,2020-09-01
YO61,368,470,838,5690,5626,11316,2020-09-01
YO62,362,401,763,4693,4511,9204,2020-09-01
YO69,0,0,0,1,0,1,2020-09-01
ZE0,0,0,0,0,1,1,2020-09-01
ZE1,434,536,970,2697,2265,4962,2020-09-01
ZE2,587,777,1364,5409,4854,10263,2020-09-01
ZE3,20,22,42,166,131,297,2020-09-01
TotalNA,4021805,4574412,8596217,21934580,18863943,40798523,2020-09-01
